$hessian                                                                        
        0.5113728931  -0.0312708235   0.0095712046  -0.0990529158  -0.0567123730
        0.0166837054   0.0054245049   0.0084762159  -0.0021219934  -0.0230472456
       -0.0227803464   0.0033628146   0.0002898950  -0.0013311768   0.0000629232
       -0.2301936012   0.0052115333  -0.0997241875  -0.0500127256  -0.0006985388
        0.0343689252  -0.1077322545   0.1014643754   0.0353535638  -0.0026655887
       -0.0052403269   0.0028033970   0.0008563506   0.0008341570   0.0001117421
       -0.0004882319   0.0030152453   0.0009052931   0.0002703780   0.0004180738
       -0.0003286441  -0.0060038930  -0.0008922747  -0.0019573488   0.0010730085
       -0.0003608687   0.0010982902  -0.0000905739  -0.0001328719  -0.0001896855
       -0.0312708235   0.4776603259   0.0137194326  -0.0547693989  -0.1520902503
        0.0260127592  -0.0107946826  -0.0296377205   0.0033728473  -0.0070425788
       -0.0012067974  -0.0009044487   0.0008765483  -0.0005186526  -0.0003992909
        0.0052928709  -0.0423007679   0.0017579527  -0.0007411702  -0.0437771667
        0.0091425257   0.1017056621  -0.2000047357  -0.0559750376  -0.0045842646
       -0.0056456663   0.0038726645  -0.0009227747   0.0007354331   0.0002169126
        0.0018699455  -0.0051282045  -0.0017823746  -0.0005524684   0.0009552554
        0.0008007630   0.0001869893   0.0005084904   0.0000816102   0.0006562264
        0.0003103824   0.0001382399   0.0000899192   0.0001400745  -0.0000545555
        0.0095712046   0.0137194326   0.5211518312   0.0160537253   0.0258714671
       -0.0758708990  -0.0039666375  -0.0073592440   0.0023245807  -0.0056799890
       -0.0081240585   0.0022537769   0.0003154818  -0.0001287263   0.0004551444
       -0.0996376602   0.0021095109  -0.0977526959   0.0348976344   0.0091086411
       -0.2781878346   0.0358432016  -0.0564028583  -0.0649883482   0.0166010462
        0.0257505974  -0.0109487976  -0.0001656433   0.0002561853   0.0001591579
        0.0004393836  -0.0022519730  -0.0000359704  -0.0005162146  -0.0010766573
        0.0007354969  -0.0029226488  -0.0006985768  -0.0000299806  -0.0007533544
       -0.0009253295   0.0008778135  -0.0000795297   0.0001515893  -0.0001432753
       -0.0990529158  -0.0547693989   0.0160537253   0.4613533134  -0.0008121454
       -0.0113653200  -0.0908219193   0.0488570635   0.0217183001  -0.1502574323
       -0.0005996174  -0.0411050684  -0.0269196282   0.0151227260  -0.0012684458
       -0.0187788692  -0.0238792822   0.0048446884  -0.0036523673  -0.0054196760
        0.0042562367   0.0075496043   0.0103330745  -0.0032974682  -0.0445677976
       -0.0011191242   0.0141318315  -0.0177248685   0.0246857370   0.0091764027
        0.0060283236  -0.0114227532  -0.0048463442  -0.0017479406   0.0027574783
        0.0037585540  -0.0205582613  -0.0047303024  -0.0081066379  -0.0023391651
        0.0008619982  -0.0041852950   0.0014899239   0.0001342221   0.0002348410
       -0.0567123730  -0.1520902503   0.0258714671  -0.0008121454   0.4817235387
       -0.0015611431   0.0495584327  -0.1496999871  -0.0385546208  -0.0023275403
       -0.0581008744   0.0034504502   0.0323274036  -0.0123954520   0.0036492186
       -0.0030567237  -0.0020596229  -0.0001060319  -0.0028758958  -0.0041538812
        0.0049147422  -0.0116530213  -0.0265379714   0.0048863956  -0.0008561502
       -0.0431300263   0.0165822964   0.0049350726  -0.0046345779  -0.0010421687
        0.0095519578  -0.0261814336  -0.0088336289   0.0009288202  -0.0008230440
       -0.0039423739  -0.0235712438  -0.0027794414  -0.0089674904   0.0050262604
        0.0001958838   0.0035741086  -0.0004628538   0.0006671397   0.0000787791
        0.0166837054   0.0260127592  -0.0758708990  -0.0113653200  -0.0015611431
        0.5302222882   0.0222428747  -0.0391411460  -0.0849785290  -0.0460161621
        0.0060704558  -0.0874160267   0.0139823844  -0.0069803866   0.0036807788
       -0.0076202733  -0.0110873785   0.0027376102   0.0170462129   0.0261957534
       -0.0118786508  -0.0042061936  -0.0072204623   0.0021302018   0.0128842843
        0.0170996520  -0.2557726021  -0.0048480675   0.0084760288   0.0039499596
       -0.0032820359   0.0052043740   0.0025423947   0.0151353928  -0.0256814816
       -0.0165525120   0.0042776190   0.0006040491   0.0021845514  -0.0274919593
        0.0021503153  -0.0171259899   0.0025775383  -0.0001413895   0.0021474248
        0.0054245049  -0.0107946826  -0.0039666375  -0.0908219193   0.0495584327
        0.0222428747   0.5123376575   0.0260076248   0.0118122981  -0.0168030089
        0.0212370347   0.0082521456  -0.0081239873   0.0044311678  -0.0010728509
        0.0007060323  -0.0008667913  -0.0000481826   0.0004004405  -0.0002515899
       -0.0004239044  -0.0011648393  -0.0032030278   0.0004958857  -0.0015244861
        0.0040831962   0.0029817363  -0.2480993122   0.0122947824  -0.0854561175
       -0.1078379984  -0.1020907429   0.0313858703  -0.0451611921  -0.0017038506
        0.0132656414   0.0003329414   0.0013504904   0.0003585746   0.0003960693
        0.0001602721   0.0005691990  -0.0000609023  -0.0002123159  -0.0003965327
        0.0084762159  -0.0296377205  -0.0073592440   0.0488570635  -0.1496999871
       -0.0391411460   0.0260076248   0.4794331221  -0.0205247596   0.0077595484
       -0.0066101448  -0.0015865709   0.0007139744   0.0003038862   0.0005565369
        0.0007821445   0.0007031041  -0.0000546125   0.0007823151   0.0009543759
       -0.0008692198  -0.0024735296  -0.0050725575   0.0007740892   0.0017524630
       -0.0020740152  -0.0026748155   0.0118417019  -0.0432605907   0.0063016241
       -0.1012589175  -0.2015457375   0.0506278350  -0.0017406752  -0.0444905788
        0.0140639505  -0.0011621714   0.0008371778  -0.0001990914  -0.0004329165
        0.0001386650  -0.0001083199   0.0000951584   0.0000210011   0.0001937438
       -0.0021219934   0.0033728473   0.0023245807   0.0217183001  -0.0385546208
       -0.0849785290   0.0118122981  -0.0205247596   0.5147551309  -0.0028261268
        0.0056048493   0.0031800180  -0.0028749791   0.0018229638   0.0003157020
       -0.0000249647  -0.0000919499   0.0000031831  -0.0002851012   0.0012220010
        0.0008982168   0.0003387619   0.0015721100   0.0004523608   0.0152571604
       -0.0255798090  -0.0153065373  -0.0857185990   0.0063916742  -0.0799944939
        0.0315959151   0.0506886977  -0.0606416321   0.0137956844   0.0132870861
       -0.2818876776   0.0000082617   0.0002707336   0.0002089050  -0.0006064158
        0.0005270891   0.0005923906  -0.0000682017  -0.0000089127   0.0000783821
       -0.0230472456  -0.0070425788  -0.0056799890  -0.1502574323  -0.0023275403
       -0.0460161621  -0.0168030089   0.0077595484  -0.0028261268   0.4317833739
        0.0195437884  -0.0104416048  -0.0960495422   0.0779618311   0.0371684649
       -0.0020196341  -0.0025003415   0.0006593516   0.0005774701   0.0004041607
       -0.0003632802   0.0001406565   0.0010999744   0.0001056410  -0.0034081353
        0.0008980568  -0.0033976571  -0.0007062197   0.0012660449   0.0006258286
        0.0005448568  -0.0009060464  -0.0000890198   0.0004386541  -0.0005529557
       -0.0004626245  -0.0949667346  -0.0913920425   0.0187277756  -0.0425413623
       -0.0050191416   0.0073790985  -0.0036856966   0.0008072421   0.0046103041
       -0.0227803464  -0.0012067974  -0.0081240585  -0.0005996174  -0.0581008744
        0.0060704558   0.0212370347  -0.0066101448   0.0056048493   0.0195437884
        0.4718839271  -0.0280247750   0.0747820773  -0.1679347563  -0.0488639474
       -0.0039605184  -0.0045192602   0.0009023481  -0.0002997824   0.0003926742
       -0.0003936185  -0.0006350511  -0.0006474211  -0.0008451383   0.0034734999
        0.0006121493   0.0012849592   0.0025702017  -0.0032371065  -0.0013998653
        0.0014484233  -0.0003487977   0.0003456694   0.0001895274   0.0004408810
        0.0004852939  -0.0892049553  -0.1794821403   0.0340370672  -0.0037970467
       -0.0526136448   0.0442297776  -0.0019672347   0.0013713117  -0.0053090175
        0.0033628146  -0.0009044487   0.0022537769  -0.0411050684   0.0034504502
       -0.0874160267   0.0082521456  -0.0015865709   0.0031800180  -0.0104416048
       -0.0280247750   0.5261570334   0.0192088263  -0.0245909989  -0.0931983975
        0.0009019649   0.0008180895   0.0004753857   0.0014126479   0.0003162505
        0.0003717430  -0.0002006585  -0.0005047578   0.0002874192  -0.0294430244
        0.0022156453  -0.0185089413   0.0016479376  -0.0018123910  -0.0000149654
        0.0003065676   0.0000822601   0.0001187100   0.0012507276  -0.0006174923
        0.0004566011   0.0188990720   0.0336471279  -0.0549767693   0.0048290662
        0.0491485952  -0.2612478714   0.0211185858  -0.0316369843  -0.0179377156
        0.0002898950   0.0008765483   0.0003154818  -0.0269196282   0.0323274036
        0.0139823844  -0.0081239873   0.0007139744  -0.0028749791  -0.0960495422
        0.0747820773   0.0192088263   0.1386879843  -0.1341390671  -0.0467447837
        0.0003376417   0.0005737199  -0.0001903852  -0.0000603910   0.0003575021
        0.0001726734   0.0003740891   0.0003424958   0.0000120316   0.0021694380
       -0.0005396092   0.0009988093  -0.0014389730   0.0020500488   0.0006340588
        0.0002426190  -0.0001917020  -0.0001048038   0.0001146806  -0.0002428839
       -0.0002252310   0.0079938224   0.0031263838  -0.0025888432  -0.0027539471
        0.0042585529   0.0062008051  -0.0148637011   0.0157045552   0.0112039555
       -0.0013311768  -0.0005186526  -0.0001287263   0.0151227260  -0.0123954520
       -0.0069803866   0.0044311678   0.0003038862   0.0018229638   0.0779618311
       -0.1679347563  -0.0245909989  -0.1341390671   0.2625002206   0.0047852970
        0.0000256246   0.0004180583   0.0000369040   0.0001507319  -0.0000489206
       -0.0001587501  -0.0001138262   0.0015272235   0.0005291724  -0.0019108334
        0.0002463425   0.0001948525   0.0012019204  -0.0009286707  -0.0002853574
       -0.0003553235   0.0009764858  -0.0001306310  -0.0003351296   0.0001538046
        0.0002708887   0.0190965924  -0.0447356454  -0.0169294622   0.0014891988
        0.0011074336  -0.0054249264   0.0187055636  -0.0406713576   0.0469891604
        0.0000629232  -0.0003992909   0.0004551444  -0.0012684458   0.0036492186
        0.0036807788  -0.0010728509   0.0005565369   0.0003157020   0.0371684649
       -0.0488639474  -0.0931983975  -0.0467447837   0.0047852970   0.5352596482
        0.0000327192   0.0002196971  -0.0000345125  -0.0000658270  -0.0001591929
       -0.0000453341  -0.0000306217   0.0006694205   0.0001644609  -0.0010384935
        0.0007202148   0.0018411035  -0.0000059839   0.0000703895   0.0002182176
       -0.0002169088   0.0001452205  -0.0000995935  -0.0002813588   0.0001471738
        0.0002142720  -0.0007095487  -0.0068143296   0.0033625121   0.0195395835
       -0.0283514186  -0.0211153657  -0.0053688681   0.0736250106  -0.4310186362
       -0.2301936012   0.0052928709  -0.0996376602  -0.0187788692  -0.0030567237
       -0.0076202733   0.0007060323   0.0007821445  -0.0000249647  -0.0020196341
       -0.0039605184   0.0009019649   0.0003376417   0.0000256246   0.0000327192
        0.2673311571  -0.0034777818   0.1157135331   0.0023147018   0.0003990912
       -0.0004614367  -0.0194564184   0.0038792428  -0.0090859811   0.0001810735
        0.0004487115   0.0000320667   0.0005276305  -0.0003388614   0.0000653273
        0.0000628379   0.0003209518   0.0000524966  -0.0001308112  -0.0000139205
        0.0000138472  -0.0011861776  -0.0001800526  -0.0002922589   0.0002680344
       -0.0000487093   0.0004406712   0.0000364026  -0.0000720697  -0.0001300514
        0.0052115333  -0.0423007679   0.0021095109  -0.0238792822  -0.0020596229
       -0.0110873785  -0.0008667913   0.0007031041  -0.0000919499  -0.0025003415
       -0.0045192602   0.0008180895   0.0005737199   0.0004180583   0.0002196971
       -0.0034777818   0.0493121692  -0.0034448134   0.0008336300   0.0007163545
        0.0001315559   0.0250121629  -0.0021646749   0.0119917891   0.0001146895
        0.0007243142  -0.0004227819   0.0002897281  -0.0005921020   0.0000549160
        0.0001444155   0.0002109072   0.0000567616   0.0000403029  -0.0000652378
        0.0000177449  -0.0015022331  -0.0001397562  -0.0004482808   0.0001138822
       -0.0001686779   0.0001175230  -0.0001076345  -0.0000748076  -0.0000223835
       -0.0997241875   0.0017579527  -0.0977526959   0.0048446884  -0.0001060319
        0.0027376102  -0.0000481826  -0.0000546125   0.0000031831   0.0006593516
        0.0009023481   0.0004753857  -0.0001903852   0.0000369040  -0.0000345125
        0.1157135331  -0.0034448134   0.1096875996  -0.0300027696   0.0015828448
       -0.0205492336   0.0074011809  -0.0005087386   0.0043101971   0.0007117386
        0.0000684339   0.0006111346   0.0001515138  -0.0003394495   0.0002541131
        0.0001521142   0.0000590800  -0.0000435755  -0.0001457521   0.0000654271
       -0.0001813358   0.0002521265  -0.0000298980   0.0002768803   0.0001987931
        0.0000338855   0.0001771726   0.0000262369  -0.0000233321   0.0000280770
       -0.0500127256  -0.0007411702   0.0348976344  -0.0036523673  -0.0028758958
        0.0170462129   0.0004004405   0.0007823151  -0.0002851012   0.0005774701
       -0.0002997824   0.0014126479  -0.0000603910   0.0001507319  -0.0000658270
        0.0023147018   0.0008336300  -0.0300027696   0.0548640113   0.0034917922
       -0.0417486748  -0.0028269718   0.0016373754   0.0187562542  -0.0014030518
       -0.0030489361   0.0012520113  -0.0001024073   0.0000064369  -0.0002007774
       -0.0000663009   0.0002215308  -0.0000043887   0.0002544200  -0.0001012903
       -0.0001566757   0.0001761908   0.0001912302  -0.0002345892  -0.0004699855
       -0.0002411044  -0.0004299257   0.0000069666  -0.0000068633  -0.0002360316
       -0.0006985388  -0.0437771667   0.0091086411  -0.0054196760  -0.0041538812
        0.0261957534  -0.0002515899   0.0009543759   0.0012220010   0.0004041607
        0.0003926742   0.0003162505   0.0003575021  -0.0000489206  -0.0001591929
        0.0003990912   0.0007163545   0.0015828448   0.0034917922   0.0508852827
       -0.0124991249   0.0048824593  -0.0005104714  -0.0270589733  -0.0032840750
       -0.0043387008   0.0021632806   0.0001011966  -0.0000926269   0.0000447729
        0.0001067326   0.0003210177  -0.0001424478  -0.0001256276  -0.0005328543
       -0.0005091948   0.0002424546   0.0001040819  -0.0000663021  -0.0001953067
        0.0002088273  -0.0001945231  -0.0000105752  -0.0001279922  -0.0000037854
        0.0343689252   0.0091425257  -0.2781878346   0.0042562367   0.0049147422
       -0.0118786508  -0.0004239044  -0.0008692198   0.0008982168  -0.0003632802
       -0.0003936185   0.0003717430   0.0001726734  -0.0001587501  -0.0000453341
       -0.0004614367   0.0001315559  -0.0205492336  -0.0417486748  -0.0124991249
        0.3219388725   0.0030992485  -0.0023101616  -0.0138398807   0.0015110241
        0.0020665765   0.0000303298  -0.0000835230   0.0000999303  -0.0002657161
       -0.0001507891  -0.0003873582   0.0000943454  -0.0000467968   0.0003461294
        0.0006061439  -0.0002950513  -0.0001179657   0.0001745619   0.0003278548
        0.0000113023   0.0005187330  -0.0001625063   0.0000234364   0.0001337034
       -0.1077322545   0.1017056621   0.0358432016   0.0075496043  -0.0116530213
       -0.0042061936  -0.0011648393  -0.0024735296   0.0003387619   0.0001406565
       -0.0006350511  -0.0002006585   0.0003740891  -0.0001138262  -0.0000306217
       -0.0194564184   0.0250121629   0.0074011809  -0.0028269718   0.0048824593
        0.0030992485   0.1227682845  -0.1157715469  -0.0422692087   0.0002169507
        0.0001069684  -0.0002219811   0.0000377438  -0.0001427448   0.0001169838
        0.0003887770  -0.0008293287  -0.0002216864  -0.0000729251  -0.0000517259
       -0.0000972867   0.0001208279   0.0003182920   0.0001101112   0.0000148916
        0.0000034026   0.0000300799  -0.0003584165  -0.0003581729   0.0003080689
        0.1014643754  -0.2000047357  -0.0564028583   0.0103330745  -0.0265379714
       -0.0072204623  -0.0032030278  -0.0050725575   0.0015721100   0.0010999744
       -0.0006474211  -0.0005047578   0.0003424958   0.0015272235   0.0006694205
        0.0038792428  -0.0021646749  -0.0005087386   0.0016373754  -0.0005104714
       -0.0023101616  -0.1157715469   0.2342136305   0.0648611351   0.0003718518
        0.0003973819  -0.0000327787  -0.0003850121   0.0002715862  -0.0000022996
        0.0005498848  -0.0015234806  -0.0005266535  -0.0001340490   0.0002145018
        0.0003599188   0.0005757806   0.0003221116  -0.0000684317  -0.0000718574
       -0.0001116558  -0.0001147615  -0.0006885623  -0.0003734670   0.0002293192
        0.0353535638  -0.0559750376  -0.0649883482  -0.0032974682   0.0048863956
        0.0021302018   0.0004958857   0.0007740892   0.0004523608   0.0001056410
       -0.0008451383   0.0002874192   0.0000120316   0.0005291724   0.0001644609
       -0.0090859811   0.0119917891   0.0043101971   0.0187562542  -0.0270589733
       -0.0138398807  -0.0422692087   0.0648611351   0.0716144326  -0.0002099746
        0.0003852717   0.0001672507  -0.0000008434   0.0000004489  -0.0001049799
       -0.0000528450   0.0002031173   0.0002954248   0.0000306582   0.0001731328
        0.0001592049   0.0000121947   0.0000796376  -0.0001956067   0.0000200256
       -0.0002224277  -0.0002652931   0.0001300661   0.0002173874  -0.0001868442
       -0.0026655887  -0.0045842646   0.0166010462  -0.0445677976  -0.0008561502
        0.0128842843  -0.0015244861   0.0017524630   0.0152571604  -0.0034081353
        0.0034734999  -0.0294430244   0.0021694380  -0.0019108334  -0.0010384935
        0.0001810735   0.0001146895   0.0007117386  -0.0014030518  -0.0032840750
        0.0015110241   0.0002169507   0.0003718518  -0.0002099746   0.0559631934
        0.0014802191  -0.0161255479   0.0001682106  -0.0002462659   0.0005583187
        0.0003043536  -0.0004139678  -0.0003710666  -0.0009856737   0.0026895958
        0.0016697984   0.0008566288   0.0003530112  -0.0002748065  -0.0051397442
        0.0006708597  -0.0026741026  -0.0001653713   0.0003893669   0.0009436455
       -0.0052403269  -0.0056456663   0.0257505974  -0.0011191242  -0.0431300263
        0.0170996520   0.0040831962  -0.0020740152  -0.0255798090   0.0008980568
        0.0006121493   0.0022156453  -0.0005396092   0.0002463425   0.0007202148
        0.0004487115   0.0007243142   0.0000684339  -0.0030489361  -0.0043387008
        0.0020665765   0.0001069684   0.0003973819   0.0003852717   0.0014802191
        0.0555525377  -0.0188520001  -0.0004367551   0.0006011321   0.0000064739
       -0.0001217509   0.0006307733  -0.0004899288   0.0026373218  -0.0039677966
       -0.0028875494  -0.0001792116   0.0000122026  -0.0004121135   0.0005190908
        0.0003314730   0.0001246163   0.0005121491   0.0000478986  -0.0002160810
        0.0028033970   0.0038726645  -0.0109487976   0.0141318315   0.0165822964
       -0.2557726021   0.0029817363  -0.0026748155  -0.0153065373  -0.0033976571
        0.0012849592  -0.0185089413   0.0009988093   0.0001948525   0.0018411035
        0.0000320667  -0.0004227819   0.0006111346   0.0012520113   0.0021632806
        0.0000303298  -0.0002219811  -0.0000327787   0.0001672507  -0.0161255479
       -0.0188520001   0.2985144834   0.0000410875   0.0003767031   0.0004608680
       -0.0004136367   0.0001486984   0.0003390613   0.0015815269  -0.0027666770
       -0.0006748276   0.0004357369  -0.0001214079   0.0002179027  -0.0031914475
       -0.0002564782  -0.0010412526  -0.0009079331   0.0005034846   0.0000708244
        0.0008563506  -0.0009227747  -0.0001656433  -0.0177248685   0.0049350726
       -0.0048480675  -0.2480993122   0.0118417019  -0.0857185990  -0.0007062197
        0.0025702017   0.0016479376  -0.0014389730   0.0012019204  -0.0000059839
        0.0005276305   0.0002897281   0.0001515138  -0.0001024073   0.0001011966
       -0.0000835230   0.0000377438  -0.0003850121  -0.0000008434   0.0001682106
       -0.0004367551   0.0000410875   0.2873600510  -0.0163605584   0.0988047414
       -0.0208082637  -0.0024967641  -0.0075934203  -0.0006584451  -0.0002300965
       -0.0023421032   0.0004435367   0.0001542333   0.0000041172   0.0001516906
       -0.0001312408   0.0002266175  -0.0000067245  -0.0001308530  -0.0001178314
        0.0008341570   0.0007354331   0.0002561853   0.0246857370  -0.0046345779
        0.0084760288   0.0122947824  -0.0432605907   0.0063916742   0.0012660449
       -0.0032371065  -0.0018123910   0.0020500488  -0.0009286707   0.0000703895
       -0.0003388614  -0.0005921020  -0.0003394495   0.0000064369  -0.0000926269
        0.0000999303  -0.0001427448   0.0002715862   0.0000004489  -0.0002462659
        0.0006011321   0.0003767031  -0.0163605584   0.0507987130  -0.0054858128
       -0.0263095711  -0.0002974822  -0.0097614478   0.0023238104   0.0006589204
        0.0018330439   0.0000061036  -0.0000913348  -0.0000995438  -0.0000530704
        0.0000259203  -0.0000851047  -0.0000160488   0.0000427865   0.0000793456
        0.0001117421   0.0002169126   0.0001591579   0.0091764027  -0.0010421687
        0.0039499596  -0.0854561175   0.0063016241  -0.0799944939   0.0006258286
       -0.0013998653  -0.0000149654   0.0006340588  -0.0002853574   0.0002182176
        0.0000653273   0.0000549160   0.0002541131  -0.0002007774   0.0000447729
       -0.0002657161   0.0001169838  -0.0000022996  -0.0001049799   0.0005583187
        0.0000064739   0.0004608680   0.0988047414  -0.0054858128   0.0894725632
        0.0072264455   0.0000701379   0.0034169196  -0.0318904374   0.0016782856
       -0.0176614295   0.0000551508   0.0000317314  -0.0001208523   0.0002101576
       -0.0001743705   0.0001479865  -0.0000378250  -0.0000149800   0.0000826518
       -0.0004882319   0.0018699455   0.0004393836   0.0060283236   0.0095519578
       -0.0032820359  -0.1078379984  -0.1012589175   0.0315959151   0.0005448568
        0.0014484233   0.0003065676   0.0002426190  -0.0003553235  -0.0002169088
        0.0000628379   0.0001444155   0.0001521142  -0.0000663009   0.0001067326
       -0.0001507891   0.0003887770   0.0005498848  -0.0000528450   0.0003043536
       -0.0001217509  -0.0004136367  -0.0208082637  -0.0263095711   0.0072264455
        0.1235493897   0.1171161736  -0.0376114453  -0.0014388128  -0.0029003721
        0.0018938762  -0.0004051332   0.0002823752   0.0000629297  -0.0001006590
       -0.0001202378   0.0000208501   0.0000242423  -0.0000037353   0.0000295788
        0.0030152453  -0.0051282045  -0.0022519730  -0.0114227532  -0.0261814336
        0.0052043740  -0.1020907429  -0.2015457375   0.0506886977  -0.0009060464
       -0.0003487977   0.0000822601  -0.0001917020   0.0009764858   0.0001452205
        0.0003209518   0.0002109072   0.0000590800   0.0002215308   0.0003210177
       -0.0003873582  -0.0008293287  -0.0015234806   0.0002031173  -0.0004139678
        0.0006307733   0.0001486984  -0.0024967641  -0.0002974822   0.0000701379
        0.1171161736   0.2362205645  -0.0574617025  -0.0032376968  -0.0034990719
        0.0035563696   0.0011127493   0.0003540568  -0.0000753784  -0.0000514252
       -0.0000255378   0.0000120665  -0.0001462237  -0.0001640596   0.0000063902
        0.0009052931  -0.0017823746  -0.0000359704  -0.0048463442  -0.0088336289
        0.0025423947   0.0313858703   0.0506278350  -0.0606416321  -0.0000890198
        0.0003456694   0.0001187100  -0.0001048038  -0.0001306310  -0.0000995935
        0.0000524966   0.0000567616  -0.0000435755  -0.0000043887  -0.0001424478
        0.0000943454  -0.0002216864  -0.0005266535   0.0002954248  -0.0003710666
       -0.0004899288   0.0003390613  -0.0075934203  -0.0097614478   0.0034169196
       -0.0376114453  -0.0574617025   0.0665819146   0.0186539532   0.0280084081
       -0.0126655348  -0.0002629523   0.0000116723   0.0002509787   0.0000894914
        0.0001149907  -0.0001654499   0.0000180228  -0.0000365223   0.0000120071
        0.0002703780  -0.0005524684  -0.0005162146  -0.0017479406   0.0009288202
        0.0151353928  -0.0451611921  -0.0017406752   0.0137956844   0.0004386541
        0.0001895274   0.0012507276   0.0001146806  -0.0003351296  -0.0002813588
       -0.0001308112   0.0000403029  -0.0001457521   0.0002544200  -0.0001256276
       -0.0000467968  -0.0000729251  -0.0001340490   0.0000306582  -0.0009856737
        0.0026373218   0.0015815269  -0.0006584451   0.0023238104  -0.0318904374
       -0.0014388128  -0.0032376968   0.0186539532   0.0494061585  -0.0002541003
       -0.0172724335  -0.0001173452  -0.0001646816   0.0001014858  -0.0002247817
        0.0004568174  -0.0002370368   0.0000536364  -0.0000321716  -0.0001593989
        0.0004180738   0.0009552554  -0.0010766573   0.0027574783  -0.0008230440
       -0.0256814816  -0.0017038506  -0.0444905788   0.0132870861  -0.0005529557
        0.0004408810  -0.0006174923  -0.0002428839   0.0001538046   0.0001471738
       -0.0000139205  -0.0000652378   0.0000654271  -0.0001012903  -0.0005328543
        0.0003461294  -0.0000517259   0.0002145018   0.0001731328   0.0026895958
       -0.0039677966  -0.0027666770  -0.0002300965   0.0006589204   0.0016782856
       -0.0029003721  -0.0034990719   0.0280084081  -0.0002541003   0.0511277341
       -0.0140042911  -0.0000550645  -0.0000786547   0.0001849154   0.0002737237
       -0.0000959831   0.0001426370  -0.0000326114   0.0000021237   0.0001134041
       -0.0003286441   0.0008007630   0.0007354969   0.0037585540  -0.0039423739
       -0.0165525120   0.0132656414   0.0140639505  -0.2818876776  -0.0004626245
        0.0004852939   0.0004566011  -0.0002252310   0.0002708887   0.0002142720
        0.0000138472   0.0000177449  -0.0001813358  -0.0001566757  -0.0005091948
        0.0006061439  -0.0000972867   0.0003599188   0.0001592049   0.0016697984
       -0.0028875494  -0.0006748276  -0.0023421032   0.0018330439  -0.0176614295
        0.0018938762   0.0035563696  -0.0126655348  -0.0172724335  -0.0140042911
        0.3269966826   0.0001448938   0.0001207022  -0.0001646036   0.0003095685
       -0.0002473527   0.0005233594  -0.0001711809   0.0000820864   0.0000961600
       -0.0060038930   0.0001869893  -0.0029226488  -0.0205582613  -0.0235712438
        0.0042776190   0.0003329414  -0.0011621714   0.0000082617  -0.0949667346
       -0.0892049553   0.0188990720   0.0079938224   0.0190965924  -0.0007095487
       -0.0011861776  -0.0015022331   0.0002521265   0.0001761908   0.0002424546
       -0.0002950513   0.0001208279   0.0005757806   0.0000121947   0.0008566288
       -0.0001792116   0.0004357369   0.0004435367   0.0000061036   0.0000551508
       -0.0004051332   0.0011127493  -0.0002629523  -0.0001173452  -0.0000550645
        0.0001448938   0.1129872310   0.0974817342  -0.0213834576  -0.0004140929
       -0.0032558963   0.0014953586   0.0007404587   0.0002283720  -0.0000067552
       -0.0008922747   0.0005084904  -0.0006985768  -0.0047303024  -0.0027794414
        0.0006040491   0.0013504904   0.0008371778   0.0002707336  -0.0913920425
       -0.1794821403   0.0336471279   0.0031263838  -0.0447356454  -0.0068143296
       -0.0001800526  -0.0001397562  -0.0000298980   0.0001912302   0.0001040819
       -0.0001179657   0.0003182920   0.0003221116   0.0000796376   0.0003530112
        0.0000122026  -0.0001214079   0.0001542333  -0.0000913348   0.0000317314
        0.0002823752   0.0003540568   0.0000116723  -0.0001646816  -0.0000786547
        0.0001207022   0.0974817342   0.2321636634  -0.0324813634  -0.0058394889
       -0.0077908820   0.0051956748  -0.0000589077   0.0007960702   0.0003022123
       -0.0019573488   0.0000816102  -0.0000299806  -0.0081066379  -0.0089674904
        0.0021845514   0.0003585746  -0.0001990914   0.0002089050   0.0187277756
        0.0340370672  -0.0549767693  -0.0025888432  -0.0169294622   0.0033625121
       -0.0002922589  -0.0004482808   0.0002768803  -0.0002345892  -0.0000663021
        0.0001745619   0.0001101112  -0.0000684317  -0.0001956067  -0.0002748065
       -0.0004121135   0.0002179027   0.0000041172  -0.0000995438  -0.0001208523
        0.0000629297  -0.0000753784   0.0002509787   0.0001014858   0.0001849154
       -0.0001646036  -0.0213834576  -0.0324813634   0.0578001862   0.0164992694
        0.0272673883  -0.0096521146  -0.0010263214  -0.0018235234   0.0006634489
        0.0010730085   0.0006562264  -0.0007533544  -0.0023391651   0.0050262604
       -0.0274919593   0.0003960693  -0.0004329165  -0.0006064158  -0.0425413623
       -0.0037970467   0.0048290662  -0.0027539471   0.0014891988   0.0195395835
        0.0002680344   0.0001138822   0.0001987931  -0.0004699855  -0.0001953067
        0.0003278548   0.0000148916  -0.0000718574   0.0000200256  -0.0051397442
        0.0005190908  -0.0031914475   0.0001516906  -0.0000530704   0.0002101576
       -0.0001006590  -0.0000514252   0.0000894914  -0.0002247817   0.0002737237
        0.0003095685  -0.0004140929  -0.0058394889   0.0164992694   0.0529930560
       -0.0004872838  -0.0121119717  -0.0009130127   0.0028500132   0.0021313386
       -0.0003608687   0.0003103824  -0.0009253295   0.0008619982   0.0001958838
        0.0021503153   0.0001602721   0.0001386650   0.0005270891  -0.0050191416
       -0.0526136448   0.0491485952   0.0042585529   0.0011074336  -0.0283514186
       -0.0000487093  -0.0001686779   0.0000338855  -0.0002411044   0.0002088273
        0.0000113023   0.0000034026  -0.0001116558  -0.0002224277   0.0006708597
        0.0003314730  -0.0002564782  -0.0001312408   0.0000259203  -0.0001743705
       -0.0001202378  -0.0000255378   0.0001149907   0.0004568174  -0.0000959831
       -0.0002473527  -0.0032558963  -0.0077908820   0.0272673883  -0.0004872838
        0.0614415848  -0.0449048883   0.0032525797  -0.0029537888  -0.0041713008
        0.0010982902   0.0001382399   0.0008778135  -0.0041852950   0.0035741086
       -0.0171259899   0.0005691990  -0.0001083199   0.0005923906   0.0073790985
        0.0442297776  -0.2612478714   0.0062008051  -0.0054249264  -0.0211153657
        0.0004406712   0.0001175230   0.0001771726  -0.0004299257  -0.0001945231
        0.0005187330   0.0000300799  -0.0001147615  -0.0002652931  -0.0026741026
        0.0001246163  -0.0010412526   0.0002266175  -0.0000851047   0.0001479865
        0.0000208501   0.0000120665  -0.0001654499  -0.0002370368   0.0001426370
        0.0005233594   0.0014953586   0.0051956748  -0.0096521146  -0.0121119717
       -0.0449048883   0.3089582036   0.0021773619  -0.0027021196  -0.0011823220
       -0.0000905739   0.0000899192  -0.0000795297   0.0014899239  -0.0004628538
        0.0025775383  -0.0000609023   0.0000951584  -0.0000682017  -0.0036856966
       -0.0019672347   0.0211185858  -0.0148637011   0.0187055636  -0.0053688681
        0.0000364026  -0.0001076345   0.0000262369   0.0000069666  -0.0000105752
       -0.0001625063  -0.0003584165  -0.0006885623   0.0001300661  -0.0001653713
        0.0005121491  -0.0009079331  -0.0000067245  -0.0000160488  -0.0000378250
        0.0000242423  -0.0001462237   0.0000180228   0.0000536364  -0.0000326114
       -0.0001711809   0.0007404587  -0.0000589077  -0.0010263214  -0.0009130127
        0.0032525797   0.0021773619   0.0177927684  -0.0191647180  -0.0182254456
       -0.0001328719   0.0001400745   0.0001515893   0.0001342221   0.0006671397
       -0.0001413895  -0.0002123159   0.0000210011  -0.0000089127   0.0008072421
        0.0013713117  -0.0316369843   0.0157045552  -0.0406713576   0.0736250106
       -0.0000720697  -0.0000748076  -0.0000233321  -0.0000068633  -0.0001279922
        0.0000234364  -0.0003581729  -0.0003734670   0.0002173874   0.0003893669
        0.0000478986   0.0005034846  -0.0001308530   0.0000427865  -0.0000149800
       -0.0000037353  -0.0001640596  -0.0000365223  -0.0000321716   0.0000021237
        0.0000820864   0.0002283720   0.0007960702  -0.0018235234   0.0028500132
       -0.0029537888  -0.0027021196  -0.0191647180   0.0412770666  -0.0382152309
       -0.0001896855  -0.0000545555  -0.0001432753   0.0002348410   0.0000787791
        0.0021474248  -0.0003965327   0.0001937438   0.0000783821   0.0046103041
       -0.0053090175  -0.0179377156   0.0112039555   0.0469891604  -0.4310186362
       -0.0001300514  -0.0000223835   0.0000280770  -0.0002360316  -0.0000037854
        0.0001337034   0.0003080689   0.0002293192  -0.0001868442   0.0009436455
       -0.0002160810   0.0000708244  -0.0001178314   0.0000793456   0.0000826518
        0.0000295788   0.0000063902   0.0000120071  -0.0001593989   0.0001134041
        0.0000961600  -0.0000067552   0.0003022123   0.0006634489   0.0021313386
       -0.0041713008  -0.0011823220  -0.0182254456  -0.0382152309   0.4471561137
