$hessian                                                                        
        0.5273704474   0.0022247254   0.0097821428  -0.0609545582  -0.0015058781
        0.0025764966  -0.0015170826  -0.0134100050  -0.0153808385   0.0015666258
       -0.0012856980  -0.0006510562  -0.0160661596   0.0281370624   0.0236089137
        0.0006497724   0.0006498821   0.0005758270  -0.2532577628   0.0826247455
        0.0114344992  -0.1434224977  -0.1187365039   0.0045602067  -0.0523077534
        0.0243117589  -0.0353801297  -0.0027948755  -0.0037031827  -0.0008424896
        0.0004208238   0.0004560276  -0.0004887188   0.0005204128  -0.0006776908
       -0.0006047602   0.0003381536   0.0002039486  -0.0005110352   0.0001517153
        0.0002283299   0.0006070994   0.0002625067  -0.0001446625  -0.0001706321
       -0.0007152045   0.0005785087   0.0003590309   0.0000800516   0.0000311477
        0.0002912661  -0.0003246151   0.0000174843   0.0002341780
        0.0022247254   0.5031482866  -0.0416475697  -0.0005508719  -0.0944011105
       -0.0499534035  -0.0042444692  -0.0175105386  -0.0192475924  -0.0012955047
        0.0054935773   0.0107723405   0.0157837194  -0.0178421042  -0.0169833378
        0.0000969848   0.0003361992   0.0007412112   0.0823499488  -0.0743894175
       -0.0030909767  -0.1173732866  -0.1823534880   0.0066147020   0.0240965835
       -0.1200795040   0.1100989502  -0.0029544692  -0.0035266657  -0.0008631928
        0.0005446751   0.0005011773  -0.0008517803   0.0007138565   0.0002523978
       -0.0001658754   0.0002222817  -0.0010137057   0.0034946410   0.0002874824
        0.0006883282   0.0011635957  -0.0003432004   0.0002493603   0.0002128256
        0.0004295240   0.0005705474  -0.0002076265  -0.0001790254  -0.0001129971
       -0.0001096800   0.0001910456  -0.0000103428   0.0000227690
        0.0097821428  -0.0416475697   0.4647118424   0.0021983152  -0.0489118455
       -0.1404593112  -0.0019080781  -0.0054689822  -0.0039585037   0.0006770155
       -0.0107385190  -0.0306727248   0.0080131287  -0.0080441588  -0.0015750203
       -0.0003742762   0.0002606005   0.0009672615   0.0112661604  -0.0033214661
       -0.0427656159   0.0049750319   0.0070645194  -0.0434559450  -0.0356475392
        0.1096955661  -0.1995134403  -0.0001084019  -0.0003008567   0.0005039770
        0.0006464316   0.0006594287   0.0006557065   0.0003140414   0.0002505296
       -0.0000283423  -0.0005859094   0.0024571178  -0.0052556600  -0.0001195509
       -0.0013795428   0.0008761238   0.0003028809  -0.0005662786   0.0000463230
        0.0007919460  -0.0000301035   0.0000009961  -0.0001876494   0.0000055232
        0.0000513977  -0.0000356895   0.0000160375  -0.0001290644
       -0.0609545582  -0.0005508719   0.0021983152   0.4381438866   0.0289407118
       -0.0000016962  -0.1173315549  -0.0623305975  -0.0000515510  -0.0609527452
       -0.0005833515  -0.0021346879  -0.1273479176   0.0468098828  -0.0000033588
       -0.0392582556   0.0067370803  -0.0000117694  -0.0063042682   0.0158713653
        0.0214236912   0.0008550013  -0.0130950276  -0.0163267881   0.0005836322
       -0.0030754573  -0.0047022853   0.0008281433  -0.0009370741  -0.0016094130
        0.0008159255  -0.0009515730   0.0016109730  -0.0230932492  -0.0159297619
       -0.0000162493   0.0005815815  -0.0030915659   0.0047256177   0.0008402701
       -0.0131114872   0.0163129820  -0.0062859158   0.0158913215  -0.0214144385
        0.0018137772   0.0010226874   0.0010734515  -0.0047472847  -0.0026377732
        0.0000002297   0.0018135317   0.0010214921  -0.0010730227
       -0.0015058781  -0.0944011105  -0.0489118455   0.0289407118   0.4816097825
        0.0000007321  -0.0597206281  -0.1246617014  -0.0000533170  -0.0015424369
       -0.0945039480   0.0489613922   0.0612992012  -0.1292691317   0.0000022825
       -0.0063046445   0.0180208726   0.0000017462   0.0038498873  -0.0073114074
       -0.0091631965  -0.0012347458  -0.0164266428  -0.0185988943  -0.0009894969
        0.0083537568   0.0128859988  -0.0139999521  -0.0165816509  -0.0039182176
       -0.0140215637  -0.0166068160   0.0038934935   0.0090751959   0.0074179126
        0.0000073328  -0.0009770934   0.0083543758  -0.0128524847  -0.0012509719
       -0.0164492391   0.0185856794   0.0038442267  -0.0073210960   0.0091602539
       -0.0011167985   0.0003468480  -0.0010856538  -0.0032256331  -0.0009153481
       -0.0000004904  -0.0011193797   0.0003445437   0.0010851883
        0.0025764966  -0.0499534035  -0.1404593112  -0.0000016962   0.0000007321
        0.4639210294  -0.0000507520  -0.0000534586  -0.0645171147  -0.0025112139
        0.0500015491  -0.1403731513  -0.0000027423   0.0000057369  -0.0479187457
       -0.0000118461  -0.0000002687  -0.0050758434   0.0017159938  -0.0022682093
       -0.0020721582  -0.0018317728  -0.0026387913  -0.0009481696   0.0020042354
       -0.0117723463  -0.0272696281  -0.0173479702  -0.0193056497  -0.0025670545
        0.0173347224   0.0192900260  -0.0025289056  -0.0000027826  -0.0000011750
       -0.0001662713  -0.0019812378   0.0118042277  -0.0272678636   0.0018317083
        0.0026119852  -0.0009117554  -0.0017166464   0.0022775695  -0.0020823978
       -0.0016254128   0.0004117658  -0.0000453023  -0.0000060433  -0.0000009234
        0.0003299585   0.0016269600  -0.0004093664  -0.0000473153
       -0.0015170826  -0.0042444692  -0.0019080781  -0.1173315549  -0.0597206281
       -0.0000507520   0.4991474515  -0.0468763931  -0.0000337578  -0.0015303376
       -0.0042604869   0.0019054106  -0.0421344035  -0.0176729394  -0.0000216203
       -0.0053818205   0.0024991466  -0.0000049182   0.0004798323   0.0007410779
        0.0006534079   0.0004781318   0.0003677053   0.0001128910   0.0000033516
        0.0002974073   0.0002625366  -0.0458342177   0.0158050280   0.0214824107
       -0.0458057777   0.0157566130  -0.0213627328  -0.2395599113   0.0966954339
       -0.0000094421   0.0000031388   0.0002971527  -0.0002628335   0.0004778668
        0.0003649940  -0.0001091742   0.0004799469   0.0007418502  -0.0006529929
       -0.0002951948  -0.0000467189   0.0000866340  -0.0013847661  -0.0006981584
       -0.0000001323  -0.0002946531  -0.0000466148  -0.0000868566
       -0.0134100050  -0.0175105386  -0.0054689822  -0.0623305975  -0.1246617014
       -0.0000534586  -0.0468763931   0.4877992963  -0.0000365136  -0.0134291023
       -0.0175344737   0.0054445209   0.0083273383   0.0096857300   0.0000049801
        0.0028614560  -0.0008046045   0.0000014138  -0.0009225531   0.0001629111
        0.0004454890  -0.0003871200  -0.0024121706  -0.0032914316   0.0000426484
        0.0005657113   0.0007947021   0.0157758360  -0.1225904239  -0.1132241566
        0.0157269254  -0.1228423506   0.1133268683   0.0952788110  -0.0884073723
        0.0000049232   0.0000430684   0.0005657167  -0.0007945059  -0.0003906648
       -0.0024190235   0.0032925460  -0.0009231783   0.0001635284  -0.0004466143
        0.0000428050  -0.0000052645   0.0000266355   0.0005278812   0.0002505416
        0.0000000911   0.0000428446  -0.0000055117  -0.0000265072
       -0.0153808385  -0.0192475924  -0.0039585037  -0.0000515510  -0.0000533170
       -0.0645171147  -0.0000337578  -0.0000365136   0.5286467402   0.0153694741
        0.0192297535  -0.0039196053  -0.0000138942  -0.0000030683   0.0025681081
       -0.0000003652   0.0000001535   0.0006786587  -0.0008284173   0.0000971130
        0.0005755777  -0.0005693271  -0.0037793896  -0.0038865032  -0.0004703462
       -0.0006833747   0.0006355588   0.0212874880  -0.1129285663  -0.2057508458
       -0.0211678212   0.1130317627  -0.2055291603  -0.0000103802   0.0000054939
       -0.0428888490   0.0004698577   0.0006835426   0.0006353051   0.0005726050
        0.0037807323  -0.0038792258   0.0008275477  -0.0000968063   0.0005753952
        0.0001971811  -0.0000168379  -0.0000203766  -0.0000001161  -0.0000001377
        0.0000551241  -0.0001973387   0.0000170524  -0.0000202836
        0.0015666258  -0.0012955047   0.0006770155  -0.0609527452  -0.0015424369
       -0.0025112139  -0.0015303376  -0.0134291023   0.0153694741   0.5273877583
        0.0022049561  -0.0097254180  -0.0160369537   0.0281519519  -0.0235951036
        0.0006478925   0.0006497174  -0.0005751239   0.0002627317  -0.0001452580
        0.0001707303   0.0001519668   0.0002277940  -0.0006073748   0.0003373931
        0.0002055570   0.0005161147   0.0004212670   0.0004561654   0.0004890089
       -0.0027957815  -0.0037038021   0.0008362477   0.0005200278  -0.0006778219
        0.0006043523  -0.0523760425   0.0243814581   0.0355481039  -0.1433868518
       -0.1187208636  -0.0047685043  -0.2532589809   0.0826091924  -0.0115438807
       -0.0003241720   0.0000173445  -0.0002337650   0.0000798444   0.0000315004
       -0.0002915252  -0.0007136421   0.0005791522  -0.0003591380
       -0.0012856980   0.0054935773  -0.0107385190  -0.0005833515  -0.0945039480
        0.0500015491  -0.0042604869  -0.0175344737   0.0192297535   0.0022049561
        0.5030694506   0.0416822307   0.0157684772  -0.0178628689   0.0169854839
        0.0000969180   0.0003373682  -0.0007446396  -0.0003427098   0.0002491249
       -0.0002129171   0.0002881236   0.0006879902  -0.0011634479   0.0002245933
       -0.0010081214  -0.0034901327   0.0005446697   0.0005011475   0.0008523874
       -0.0029553709  -0.0035275519   0.0008571638   0.0007137766   0.0002524732
        0.0001664884   0.0241664813  -0.1198560397  -0.1099927865  -0.1173599039
       -0.1823687448  -0.0068599519   0.0823350307  -0.0743756489   0.0031325212
        0.0001904548  -0.0000099759  -0.0000243662  -0.0001793482  -0.0001135594
        0.0001097249   0.0004333878   0.0005698006   0.0002094581
       -0.0006510562   0.0107723405  -0.0306727248  -0.0021346879   0.0489613922
       -0.1403731513   0.0019054106   0.0054445209  -0.0039196053  -0.0097254180
        0.0416822307   0.4647833675  -0.0080098103   0.0080493403  -0.0015817500
        0.0003756336  -0.0002594340   0.0009669787  -0.0003031829   0.0005666050
        0.0000467574   0.0001192227   0.0013793390   0.0008760057   0.0005903768
       -0.0024529496  -0.0052604741  -0.0006462111  -0.0006593530   0.0006559424
        0.0001028649   0.0002937736   0.0005058788  -0.0003128873  -0.0002508946
       -0.0000283121   0.0358141530  -0.1095888418  -0.1996643255  -0.0051814572
       -0.0073098799  -0.0434796898  -0.0113748463   0.0033627089  -0.0427793341
        0.0000357971  -0.0000161164  -0.0001293888   0.0001878351  -0.0000055481
        0.0000518736  -0.0007917364   0.0000307663   0.0000019517
       -0.0160661596   0.0157837194   0.0080131287  -0.1273479176   0.0612992012
       -0.0000027423  -0.0421344035   0.0083273383  -0.0000138942  -0.0160369537
        0.0157684772  -0.0080098103   0.4408642458   0.0208395633   0.0000312295
       -0.1655370458  -0.0783083572  -0.0000110698  -0.0005151373   0.0025960586
        0.0031967312  -0.0000709806   0.0003937751  -0.0001335821   0.0003889678
       -0.0008228682  -0.0003713195   0.0012622610   0.0008825344  -0.0004426264
        0.0012622222   0.0008826540   0.0004441961  -0.0056627524  -0.0038812029
       -0.0000038161   0.0003884142  -0.0008230651   0.0003689203  -0.0000711417
        0.0003933938   0.0001346519  -0.0005105610   0.0025954283  -0.0031896091
       -0.0170317449  -0.0179268740  -0.0114421420  -0.0361190050  -0.0100622761
       -0.0000105119  -0.0170623080  -0.0179375001   0.0114422659
        0.0281370624  -0.0178421042  -0.0080441588   0.0468098828  -0.1292691317
        0.0000057369  -0.0176729394   0.0096857300  -0.0000030683   0.0281519519
       -0.0178628689   0.0080493403   0.0208395633   0.3199719284   0.0000093040
       -0.0625361402  -0.1344610762  -0.0000104633   0.0007853992  -0.0040096856
       -0.0051063153  -0.0004033653   0.0005499636   0.0008910678  -0.0005444253
        0.0011179401   0.0009769236   0.0003040758   0.0007668726   0.0004629353
        0.0003046881   0.0007678070  -0.0004621548  -0.0047622365  -0.0019167302
       -0.0000028958  -0.0005439677   0.0011197471  -0.0009778810  -0.0004024882
        0.0005503544  -0.0008904846   0.0007825119  -0.0040176690   0.0051071471
       -0.0281201579  -0.0184032894  -0.0069227218   0.0169767060   0.0116386281
        0.0000010186  -0.0281061208  -0.0183864161   0.0069166701
        0.0236089137  -0.0169833378  -0.0015750203  -0.0000033588   0.0000022825
       -0.0479187457  -0.0000216203   0.0000049801   0.0025681081  -0.0235951036
        0.0169854839  -0.0015817500   0.0000312295   0.0000093040   0.0898283464
       -0.0000118010  -0.0000084671  -0.0469897755   0.0017493086  -0.0042197289
       -0.0043339107  -0.0000641920   0.0004913076   0.0005341890   0.0000781557
        0.0006461766   0.0025817081   0.0005292631   0.0008130988   0.0004811411
       -0.0005282720  -0.0008118743   0.0004780697  -0.0000028247  -0.0000015972
        0.0002593206  -0.0000802629  -0.0006489133   0.0025802945   0.0000633237
       -0.0004896053   0.0005321356  -0.0017443879   0.0042219848  -0.0043293980
       -0.0242087898  -0.0151537749   0.0028585087  -0.0000144824  -0.0000076608
        0.0011515913   0.0242149011   0.0151503412   0.0028751872
        0.0006497724   0.0000969848  -0.0003742762  -0.0392582556  -0.0063046445
       -0.0000118461  -0.0053818205   0.0028614560  -0.0000003652   0.0006478925
        0.0000969180   0.0003756336  -0.1655370458  -0.0625361402  -0.0000118010
        0.4423518254  -0.0455709652  -0.0000048971   0.0000305477  -0.0006022312
       -0.0003746096  -0.0008295960  -0.0005451152   0.0003083413  -0.0000536683
        0.0002362843   0.0000458389  -0.0002220650   0.0002511630   0.0001306244
       -0.0002218647   0.0002513888  -0.0001304875  -0.0012433918  -0.0013952172
       -0.0000015139  -0.0000526060   0.0002373922  -0.0000448824  -0.0008290561
       -0.0005443425  -0.0003102861   0.0000296140  -0.0006027778   0.0003749107
       -0.0399780167  -0.0039202332  -0.0094390204  -0.1501089646   0.1219754276
       -0.0000923916  -0.0399933010  -0.0039853476   0.0095610283
        0.0006498821   0.0003361992   0.0002606005   0.0067370803   0.0180208726
       -0.0000002687   0.0024991466  -0.0008046045   0.0000001535   0.0006497174
        0.0003373682  -0.0002594340  -0.0783083572  -0.1344610762  -0.0000084671
       -0.0455709652   0.4979053647  -0.0000101928   0.0005181867  -0.0000489731
       -0.0003401099   0.0006191943  -0.0005304121   0.0000147118   0.0001520201
        0.0001398321  -0.0001271412  -0.0002477009   0.0000748888   0.0001647281
       -0.0002474415   0.0000752808  -0.0001649093   0.0008652696   0.0003021317
        0.0000003057   0.0001524316   0.0001398221   0.0001275033   0.0006191609
       -0.0005294684  -0.0000154012   0.0005177674  -0.0000488620   0.0003394506
       -0.0031392463  -0.1072669103  -0.0958557534   0.1167402176  -0.1665427500
        0.0000984624  -0.0032063636  -0.1070987036   0.0957757617
        0.0005758270   0.0007412112   0.0009672615  -0.0000117694   0.0000017462
       -0.0050758434  -0.0000049182   0.0000014138   0.0006786587  -0.0005751239
       -0.0007446396   0.0009669787  -0.0000110698  -0.0000104633  -0.0469897755
       -0.0000048971  -0.0000101928   0.4795627742   0.0000597199  -0.0001865779
       -0.0002787412   0.0004851661  -0.0005656215   0.0002337682   0.0003080700
        0.0001508736  -0.0005831867  -0.0002000587  -0.0001591114  -0.0001429085
        0.0002000630   0.0001592971  -0.0001422850  -0.0000014115  -0.0000009486
        0.0002355910  -0.0003087325  -0.0001507928  -0.0005839353  -0.0004835782
        0.0005643861   0.0002361263  -0.0000590245   0.0001870516  -0.0002780266
       -0.0104232394  -0.0970434988  -0.1921451465  -0.0000914402   0.0000990567
       -0.0443739076   0.0105464171   0.0969668103  -0.1922874023
       -0.2532577628   0.0823499488   0.0112661604  -0.0063042682   0.0038498873
        0.0017159938   0.0004798323  -0.0009225531  -0.0008284173   0.0002627317
       -0.0003427098  -0.0003031829  -0.0005151373   0.0007853992   0.0017493086
        0.0000305477   0.0005181867   0.0000597199   0.2928678820  -0.0956959104
       -0.0124807166  -0.0262238923   0.0057613738   0.0008288128  -0.0085355738
        0.0044195840  -0.0016952840  -0.0000485258  -0.0002514370  -0.0001988691
       -0.0001126820   0.0001393396   0.0000163609   0.0004946529  -0.0004205453
       -0.0002344903   0.0000521932  -0.0001431758  -0.0002452183  -0.0002725338
        0.0000349477   0.0000297739   0.0005834836  -0.0001145580   0.0002013889
        0.0003576416  -0.0000118043   0.0001039674   0.0001119547  -0.0000025693
        0.0000283393   0.0000294564   0.0000465961  -0.0000136474
        0.0826247455  -0.0743894175  -0.0033214661   0.0158713653  -0.0073114074
       -0.0022682093   0.0007410779   0.0001629111   0.0000971130  -0.0001452580
        0.0002491249   0.0005666050   0.0025960586  -0.0040096856  -0.0042197289
       -0.0006022312  -0.0000489731  -0.0001865779  -0.0956959104   0.0857982863
        0.0063459361  -0.0238605613   0.0077363683   0.0011922510   0.0194869630
       -0.0080368007   0.0016751709  -0.0000254398   0.0002138490   0.0002658891
        0.0001353211  -0.0002720811   0.0000895301  -0.0007262853  -0.0003606520
       -0.0007142050  -0.0000350197  -0.0000529873   0.0001629970  -0.0001166558
       -0.0000636144  -0.0000184651  -0.0001144359   0.0002808495  -0.0000071217
       -0.0001309785  -0.0000529511   0.0002843533  -0.0000174492   0.0001495950
        0.0001101997   0.0000146938   0.0000075862  -0.0000542710
        0.0114344992  -0.0030909767  -0.0427656159   0.0214236912  -0.0091631965
       -0.0020721582   0.0006534079   0.0004454890   0.0005755777   0.0001707303
       -0.0002129171   0.0000467574   0.0031967312  -0.0051063153  -0.0043339107
       -0.0003746096  -0.0003401099  -0.0002787412  -0.0124807166   0.0063459361
        0.0485871841   0.0022116048  -0.0001511205   0.0007931485  -0.0253571399
        0.0109170480  -0.0001347758   0.0001391006   0.0002596699   0.0000640484
       -0.0001497009   0.0000652513  -0.0000513170  -0.0003776721  -0.0004603636
       -0.0001092099  -0.0001254626   0.0000951722   0.0002242156   0.0000413897
        0.0000234665  -0.0000438182  -0.0002003861   0.0000078653  -0.0007984163
       -0.0001760545   0.0002916710   0.0001605868  -0.0000425566   0.0000721142
        0.0000400283   0.0000131441   0.0000013160   0.0000964165
       -0.1434224977  -0.1173732866   0.0049750319   0.0008550013  -0.0012347458
       -0.0018317728   0.0004781318  -0.0003871200  -0.0005693271   0.0001519668
        0.0002881236   0.0001192227  -0.0000709806  -0.0004033653  -0.0000641920
       -0.0008295960   0.0006191943   0.0004851661  -0.0262238923  -0.0238605613
        0.0022116048   0.1668288120   0.1379478336  -0.0059597392   0.0031313069
        0.0027536381   0.0002502123   0.0000618490  -0.0001411428   0.0000059161
       -0.0000254751   0.0002342604  -0.0000978588   0.0002983705   0.0000338113
        0.0001348071  -0.0000265592   0.0001826631   0.0001645087   0.0004603465
        0.0001949542  -0.0002478186  -0.0002722836  -0.0001166176  -0.0000415573
       -0.0014792152   0.0011983066   0.0004335466   0.0000250122   0.0000488841
       -0.0000487930   0.0000597026   0.0000151701   0.0000810425
       -0.1187365039  -0.1823534880   0.0070645194  -0.0130950276  -0.0164266428
       -0.0026387913   0.0003677053  -0.0024121706  -0.0037793896   0.0002277940
        0.0006879902   0.0013793390   0.0003937751   0.0005499636   0.0004913076
       -0.0005451152  -0.0005304121  -0.0005656215   0.0057613738   0.0077363683
       -0.0001511205   0.1379478336   0.2096422097  -0.0063114175  -0.0139534298
       -0.0176098843   0.0043007631  -0.0008753356  -0.0007664717  -0.0002278922
        0.0001607652   0.0004204938  -0.0001727252   0.0003188314   0.0000588786
        0.0000345239   0.0000182409   0.0000036921   0.0004174529   0.0001947650
        0.0005629221  -0.0002015633   0.0000350937  -0.0000636561  -0.0000234003
        0.0016844822   0.0000313704   0.0002727279  -0.0000432070   0.0003025069
        0.0001871703   0.0001379589   0.0001663301  -0.0000758826
        0.0045602067   0.0066147020  -0.0434559450  -0.0163267881  -0.0185988943
       -0.0009481696   0.0001128910  -0.0032914316  -0.0038865032  -0.0006073748
       -0.0011634479   0.0008760057  -0.0001335821   0.0008910678   0.0005341890
        0.0003083413   0.0000147118   0.0002337682   0.0008288128   0.0011922510
        0.0007931485  -0.0059597392  -0.0063114175   0.0495735242   0.0172442542
        0.0216023339  -0.0028358872  -0.0009544779  -0.0011686504  -0.0000515943
        0.0001013522   0.0000256302  -0.0001214905   0.0001505655   0.0000862434
       -0.0000754058   0.0000354100   0.0000936788   0.0002855826   0.0002489585
        0.0002033220  -0.0008979127  -0.0000298243   0.0000183460  -0.0000438746
        0.0003851198  -0.0002069404   0.0004673762  -0.0000733712   0.0000692316
       -0.0000985147   0.0001092454  -0.0000707364  -0.0003482969
       -0.0523077534   0.0240965835  -0.0356475392   0.0005836322  -0.0009894969
        0.0020042354   0.0000033516   0.0000426484  -0.0004703462   0.0003373931
        0.0002245933   0.0005903768   0.0003889678  -0.0005444253   0.0000781557
       -0.0000536683   0.0001520201   0.0003080700  -0.0085355738   0.0194869630
       -0.0253571399   0.0031313069  -0.0139534298   0.0172442542   0.0566766253
       -0.0278084209   0.0410894874  -0.0000541683  -0.0000095940   0.0001766312
        0.0000704241  -0.0005241160  -0.0001367585  -0.0001205288   0.0001237845
       -0.0001081115   0.0002349299  -0.0000095624   0.0001617608  -0.0000264302
        0.0000186698  -0.0000356447   0.0000519389  -0.0000349669   0.0001253413
       -0.0003494685  -0.0002479629   0.0002191934  -0.0000407588  -0.0000014667
       -0.0000326112   0.0000097803  -0.0000218207  -0.0002093551
        0.0243117589  -0.1200795040   0.1096955661  -0.0030754573   0.0083537568
       -0.0117723463   0.0002974073   0.0005657113  -0.0006833747   0.0002055570
       -0.0010081214  -0.0024529496  -0.0008228682   0.0011179401   0.0006461766
        0.0002362843   0.0001398321   0.0001508736   0.0044195840  -0.0080368007
        0.0109170480   0.0027536381  -0.0176098843   0.0216023339  -0.0278084209
        0.1367046704  -0.1269271438   0.0000242495  -0.0000480053   0.0000511845
       -0.0002276063  -0.0002196833  -0.0002757106   0.0000184159  -0.0001212213
        0.0000826408  -0.0000088260   0.0005214783  -0.0007467767   0.0001828863
        0.0000042301  -0.0000937832  -0.0001432734  -0.0000527442  -0.0000955774
       -0.0003108849  -0.0000779158   0.0001226866  -0.0000208849  -0.0000390348
       -0.0000898928  -0.0000315594  -0.0001147039  -0.0001309550
       -0.0353801297   0.1100989502  -0.1995134403  -0.0047022853   0.0128859988
       -0.0272696281   0.0002625366   0.0007947021   0.0006355588   0.0005161147
       -0.0034901327  -0.0052604741  -0.0003713195   0.0009769236   0.0025817081
        0.0000458389  -0.0001271412  -0.0005831867  -0.0016952840   0.0016751709
       -0.0001347758   0.0002502123   0.0043007631  -0.0028358872   0.0410894874
       -0.1269271438   0.2326695359   0.0001267925   0.0002428441   0.0003270201
       -0.0002279420  -0.0007324495   0.0002104144   0.0000101551   0.0000051718
       -0.0001026028  -0.0001604072   0.0007486550  -0.0015193331  -0.0001645975
       -0.0004178526   0.0002849002   0.0002448940  -0.0001631934   0.0002242013
        0.0003624059   0.0001913098  -0.0000053281  -0.0000225837   0.0000386061
        0.0000530252  -0.0001838886  -0.0001011821   0.0002382921
       -0.0027948755  -0.0029544692  -0.0001084019   0.0008281433  -0.0139999521
       -0.0173479702  -0.0458342177   0.0157758360   0.0212874880   0.0004212670
        0.0005446697  -0.0006462111   0.0012622610   0.0003040758   0.0005292631
       -0.0002220650  -0.0002477009  -0.0002000587  -0.0000485258  -0.0000254398
        0.0001391006   0.0000618490  -0.0008753356  -0.0009544779  -0.0000541683
        0.0000242495   0.0001267925   0.0503416157  -0.0154378271  -0.0245091608
        0.0011618704  -0.0015609559  -0.0031271355  -0.0053280635   0.0181859196
        0.0245025383   0.0000699111  -0.0002281034   0.0002277377  -0.0000254843
        0.0001608620  -0.0001011674  -0.0001127194   0.0001353343   0.0001497953
        0.0001249991   0.0001060843   0.0001014773   0.0000330937   0.0000446534
       -0.0000213591   0.0001151093   0.0000480994  -0.0000482503
       -0.0037031827  -0.0035266657  -0.0003008567  -0.0009370741  -0.0165816509
       -0.0193056497   0.0158050280  -0.1225904239  -0.1129285663   0.0004561654
        0.0005011475  -0.0006593530   0.0008825344   0.0007668726   0.0008130988
        0.0002511630   0.0000748888  -0.0001591114  -0.0002514370   0.0002138490
        0.0002596699  -0.0001411428  -0.0007664717  -0.0011686504  -0.0000095940
       -0.0000480053   0.0002428441  -0.0154378271   0.1418738979   0.1319063742
       -0.0015738045   0.0097086472   0.0143280793   0.0045017331  -0.0097089031
       -0.0137705043  -0.0005250075  -0.0002205159   0.0007314390   0.0002342446
        0.0004203539  -0.0000249613   0.0001395891  -0.0002721914  -0.0000653617
        0.0001535267   0.0000798430   0.0001108784   0.0000865707   0.0000667418
        0.0000121464   0.0000685146   0.0000085862  -0.0000215153
       -0.0008424896  -0.0008631928   0.0005039770  -0.0016094130  -0.0039182176
       -0.0025670545   0.0214824107  -0.1132241566  -0.2057508458   0.0004890089
        0.0008523874   0.0006559424  -0.0004426264   0.0004629353   0.0004811411
        0.0001306244   0.0001647281  -0.0001429085  -0.0001988691   0.0002658891
        0.0000640484   0.0000059161  -0.0002278922  -0.0000515943   0.0001766312
        0.0000511845   0.0003270201  -0.0245091608   0.1319063742   0.2362565108
        0.0031445856  -0.0142871519  -0.0281945561   0.0016504905  -0.0018163525
       -0.0016909505   0.0001361115   0.0002749580   0.0002118217   0.0000982273
        0.0001734751  -0.0001213527  -0.0000162271  -0.0000897509  -0.0000512819
        0.0001702228   0.0001425997   0.0000832709  -0.0000018654   0.0000404111
        0.0000004102   0.0001364223   0.0000917722  -0.0000135983
        0.0004208238   0.0005446751   0.0006464316   0.0008159255  -0.0140215637
        0.0173347224  -0.0458057777   0.0157269254  -0.0211678212  -0.0027957815
       -0.0029553709   0.0001028649   0.0012622222   0.0003046881  -0.0005282720
       -0.0002218647  -0.0002474415   0.0002000630  -0.0001126820   0.0001353211
       -0.0001497009  -0.0000254751   0.0001607652   0.0001013522   0.0000704241
       -0.0002276063  -0.0002279420   0.0011618704  -0.0015738045   0.0031445856
        0.0503091944  -0.0153807889   0.0243725230  -0.0053110494   0.0182120634
       -0.0244845946  -0.0000538580   0.0000243736  -0.0001270126   0.0000610101
       -0.0008764061   0.0009538029  -0.0000486119  -0.0000250561  -0.0001392090
        0.0001153862   0.0000484301   0.0000484761   0.0000330557   0.0000447299
        0.0000212950   0.0001251879   0.0001060659  -0.0001015644
        0.0004560276   0.0005011773   0.0006594287  -0.0009515730  -0.0166068160
        0.0192900260   0.0157566130  -0.1228423506   0.1130317627  -0.0037038021
       -0.0035275519   0.0002937736   0.0008826540   0.0007678070  -0.0008118743
        0.0002513888   0.0000752808   0.0001592971   0.0001393396  -0.0002720811
        0.0000652513   0.0002342604   0.0004204938   0.0000256302  -0.0005241160
       -0.0002196833  -0.0007324495  -0.0015609559   0.0097086472  -0.0142871519
       -0.0153807889   0.1421668393  -0.1320216124   0.0044946333  -0.0097262176
        0.0137644874  -0.0000092620  -0.0000477231  -0.0002431391  -0.0001421442
       -0.0007676778   0.0011677468  -0.0002515004   0.0002143114  -0.0002598162
        0.0000688698   0.0000087466   0.0000217740   0.0000865417   0.0000669247
       -0.0000121000   0.0001538143   0.0000798732  -0.0001110343
       -0.0004887188  -0.0008517803   0.0006557065   0.0016109730   0.0038934935
       -0.0025289056  -0.0213627328   0.1133268683  -0.2055291603   0.0008362477
        0.0008571638   0.0005058788   0.0004441961  -0.0004621548   0.0004780697
       -0.0001304875  -0.0001649093  -0.0001422850   0.0000163609   0.0000895301
       -0.0000513170  -0.0000978588  -0.0001727252  -0.0001214905  -0.0001367585
       -0.0002757106   0.0002104144  -0.0031271355   0.0143280793  -0.0281945561
        0.0243725230  -0.1320216124   0.2359976682  -0.0016478870   0.0018191320
       -0.0016903187  -0.0001770018  -0.0000515466   0.0003263832  -0.0000059197
        0.0002265002  -0.0000495374   0.0001986236  -0.0002657771   0.0000636117
       -0.0001363306  -0.0000918720  -0.0000137451   0.0000019939  -0.0000403866
        0.0000005172  -0.0001700873  -0.0001422922   0.0000830658
        0.0005204128   0.0007138565   0.0003140414  -0.0230932492   0.0090751959
       -0.0000027826  -0.2395599113   0.0952788110  -0.0000103802   0.0005200278
        0.0007137766  -0.0003128873  -0.0056627524  -0.0047622365  -0.0000028247
       -0.0012433918   0.0008652696  -0.0000014115   0.0004946529  -0.0007262853
       -0.0003776721   0.0002983705   0.0003188314   0.0001505655  -0.0001205288
        0.0000184159   0.0000101551  -0.0053280635   0.0045017331   0.0016504905
       -0.0053110494   0.0044946333  -0.0016478870   0.2781057895  -0.1099176567
        0.0000134670  -0.0001204934   0.0000184462  -0.0000104423   0.0002985058
        0.0003188756  -0.0001499206   0.0004941305  -0.0007269743   0.0003775701
       -0.0000061616   0.0000146056   0.0000025035  -0.0002803651  -0.0002140494
        0.0000000028  -0.0000059231   0.0000147515  -0.0000025876
       -0.0006776908   0.0002523978   0.0002505296  -0.0159297619   0.0074179126
       -0.0000011750   0.0966954339  -0.0884073723   0.0000054939  -0.0006778219
        0.0002524732  -0.0002508946  -0.0038812029  -0.0019167302  -0.0000015972
       -0.0013952172   0.0003021317  -0.0000009486  -0.0004205453  -0.0003606520
       -0.0004603636   0.0000338113   0.0000588786   0.0000862434   0.0001237845
       -0.0001212213   0.0000051718   0.0181859196  -0.0097089031  -0.0018163525
        0.0182120634  -0.0097262176   0.0018191320  -0.1099176567   0.1022788289
       -0.0000038375   0.0001235921  -0.0001211742  -0.0000050690   0.0000340209
        0.0000589639  -0.0000860222  -0.0004209330  -0.0003614386   0.0004597255
        0.0000879706   0.0000908960   0.0000724164  -0.0002638358  -0.0000795797
       -0.0000000829   0.0000880691   0.0000908063  -0.0000723695
       -0.0006047602  -0.0001658754  -0.0000283423  -0.0000162493   0.0000073328
       -0.0001662713  -0.0000094421   0.0000049232  -0.0428888490   0.0006043523
        0.0001664884  -0.0000283121  -0.0000038161  -0.0000028958   0.0002593206
       -0.0000015139   0.0000003057   0.0002355910  -0.0002344903  -0.0007142050
       -0.0001092099   0.0001348071   0.0000345239  -0.0000754058  -0.0001081115
        0.0000826408  -0.0001026028   0.0245025383  -0.0137705043  -0.0016909505
       -0.0244845946   0.0137644874  -0.0016903187   0.0000134670  -0.0000038375
        0.0465529621   0.0001081081  -0.0000825848  -0.0001024933  -0.0001345749
       -0.0000341482  -0.0000756673   0.0002344971   0.0007134049  -0.0001078478
        0.0000324077   0.0000363562   0.0000106862  -0.0000002118  -0.0000001030
       -0.0000028659  -0.0000324129  -0.0000363092   0.0000105768
        0.0003381536   0.0002222817  -0.0005859094   0.0005815815  -0.0009770934
       -0.0019812378   0.0000031388   0.0000430684   0.0004698577  -0.0523760425
        0.0241664813   0.0358141530   0.0003884142  -0.0005439677  -0.0000802629
       -0.0000526060   0.0001524316  -0.0003087325   0.0000521932  -0.0000350197
       -0.0001254626  -0.0000265592   0.0000182409   0.0000354100   0.0002349299
       -0.0000088260  -0.0001604072   0.0000699111  -0.0005250075   0.0001361115
       -0.0000538580  -0.0000092620  -0.0001770018  -0.0001204934   0.0001235921
        0.0001081081   0.0567589150  -0.0278901542  -0.0412876373   0.0031481567
       -0.0139294745  -0.0172497351  -0.0085631237   0.0194639441   0.0253706104
        0.0000094852  -0.0000218721   0.0002090692  -0.0000406608  -0.0000018174
        0.0000332019  -0.0003515355  -0.0002475455  -0.0002201352
        0.0002039486  -0.0010137057   0.0024571178  -0.0030915659   0.0083543758
        0.0118042277   0.0002971527   0.0005657167   0.0006835426   0.0243814581
       -0.1198560397  -0.1095888418  -0.0008230651   0.0011197471  -0.0006489133
        0.0002373922   0.0001398221  -0.0001507928  -0.0001431758  -0.0000529873
        0.0000951722   0.0001826631   0.0000036921   0.0000936788  -0.0000095624
        0.0005214783   0.0007486550  -0.0002281034  -0.0002205159   0.0002749580
        0.0000243736  -0.0000477231  -0.0000515466   0.0000184462  -0.0001211742
       -0.0000825848  -0.0278901542   0.1364454427   0.1268009598   0.0027760804
       -0.0175854320  -0.0216163518   0.0044278854  -0.0080216310  -0.0109180798
       -0.0000317345  -0.0001148350   0.0001305587  -0.0000209734  -0.0000393978
        0.0000903545  -0.0003110655  -0.0000768331  -0.0001221144
       -0.0005110352   0.0034946410  -0.0052556600   0.0047256177  -0.0128524847
       -0.0272678636  -0.0002628335  -0.0007945059   0.0006353051   0.0355481039
       -0.1099927865  -0.1996643255   0.0003689203  -0.0009778810   0.0025802945
       -0.0000448824   0.0001275033  -0.0005839353  -0.0002452183   0.0001629970
        0.0002242156   0.0001645087   0.0004174529   0.0002855826   0.0001617608
       -0.0007467767  -0.0015193331   0.0002277377   0.0007314390   0.0002118217
       -0.0001270126  -0.0002431391   0.0003263832  -0.0000104423  -0.0000050690
       -0.0001024933  -0.0412876373   0.1268009598   0.2328434938  -0.0002415526
       -0.0043274889  -0.0028769626   0.0016924664  -0.0016655373  -0.0001231209
        0.0001836563   0.0001011794   0.0002381373   0.0000226205  -0.0000391622
        0.0000533965  -0.0003647780  -0.0001913411  -0.0000049359
        0.0001517153   0.0002874824  -0.0001195509   0.0008402701  -0.0012509719
        0.0018317083   0.0004778668  -0.0003906648   0.0005726050  -0.1433868518
       -0.1173599039  -0.0051814572  -0.0000711417  -0.0004024882   0.0000633237
       -0.0008290561   0.0006191609  -0.0004835782  -0.0002725338  -0.0001166558
        0.0000413897   0.0004603465   0.0001947650   0.0002489585  -0.0000264302
        0.0001828863  -0.0001645975  -0.0000254843   0.0002342446   0.0000982273
        0.0000610101  -0.0001421442  -0.0000059197   0.0002985058   0.0000340209
       -0.0001345749   0.0031481567   0.0027760804  -0.0002415526   0.1667845183
        0.1379302176   0.0061992447  -0.0262178249  -0.0238604908  -0.0022593040
        0.0000595896   0.0000155471  -0.0000815450   0.0000249310   0.0000494469
        0.0000481595  -0.0014775875   0.0011994675  -0.0004315369
        0.0002283299   0.0006883282  -0.0013795428  -0.0131114872  -0.0164492391
        0.0026119852   0.0003649940  -0.0024190235   0.0037807323  -0.1187208636
       -0.1823687448  -0.0073098799   0.0003933938   0.0005503544  -0.0004896053
       -0.0005443425  -0.0005294684   0.0005643861   0.0000349477  -0.0000636144
        0.0000234665   0.0001949542   0.0005629221   0.0002033220   0.0000186698
        0.0000042301  -0.0004178526   0.0001608620   0.0004203539   0.0001734751
       -0.0008764061  -0.0007676778   0.0002265002   0.0003188756   0.0000589639
       -0.0000341482  -0.0139294745  -0.0175854320  -0.0043274889   0.1379302176
        0.2096653797   0.0065954107   0.0057578206   0.0077352518   0.0001628692
        0.0001384983   0.0001664309   0.0000779493  -0.0000433213   0.0003030285
       -0.0001874142   0.0016843316   0.0000279567  -0.0002741647
        0.0006070994   0.0011635957   0.0008761238   0.0163129820   0.0185856794
       -0.0009117554  -0.0001091742   0.0032925460  -0.0038792258  -0.0047685043
       -0.0068599519  -0.0434796898   0.0001346519  -0.0008904846   0.0005321356
       -0.0003102861  -0.0000154012   0.0002361263   0.0000297739  -0.0000184651
       -0.0000438182  -0.0002478186  -0.0002015633  -0.0008979127  -0.0000356447
       -0.0000937832   0.0002849002  -0.0001011674  -0.0000249613  -0.0001213527
        0.0009538029   0.0011677468  -0.0000495374  -0.0001499206  -0.0000860222
       -0.0000756673  -0.0172497351  -0.0216163518  -0.0028769626   0.0061992447
        0.0065954107   0.0495994489  -0.0008471266  -0.0012067622   0.0007894027
       -0.0001096774   0.0000710684  -0.0003489627   0.0000734245  -0.0000684819
       -0.0000994166  -0.0003819244   0.0002061818   0.0004661637
        0.0002625067  -0.0003432004   0.0003028809  -0.0062859158   0.0038442267
       -0.0017166464   0.0004799469  -0.0009231783   0.0008275477  -0.2532589809
        0.0823350307  -0.0113748463  -0.0005105610   0.0007825119  -0.0017443879
        0.0000296140   0.0005177674  -0.0000590245   0.0005834836  -0.0001144359
       -0.0002003861  -0.0002722836   0.0000350937  -0.0000298243   0.0000519389
       -0.0001432734   0.0002448940  -0.0001127194   0.0001395891  -0.0000162271
       -0.0000486119  -0.0002515004   0.0001986236   0.0004941305  -0.0004209330
        0.0002344971  -0.0085631237   0.0044278854   0.0016924664  -0.0262178249
        0.0057578206  -0.0008471266   0.2928699782  -0.0956761849   0.0126069178
        0.0000295590   0.0000465445   0.0000142128   0.0001119641  -0.0000023074
       -0.0000284443   0.0003568993  -0.0000114563  -0.0001051268
       -0.0001446625   0.0002493603  -0.0005662786   0.0158913215  -0.0073210960
        0.0022775695   0.0007418502   0.0001635284  -0.0000968063   0.0826091924
       -0.0743756489   0.0033627089   0.0025954283  -0.0040176690   0.0042219848
       -0.0006027778  -0.0000488620   0.0001870516  -0.0001145580   0.0002808495
        0.0000078653  -0.0001166176  -0.0000636561   0.0000183460  -0.0000349669
       -0.0000527442  -0.0001631934   0.0001353343  -0.0002721914  -0.0000897509
       -0.0000250561   0.0002143114  -0.0002657771  -0.0007269743  -0.0003614386
        0.0007134049   0.0194639441  -0.0080216310  -0.0016655373  -0.0238604908
        0.0077352518  -0.0012067622  -0.0956761849   0.0857870900  -0.0063939318
        0.0000146016   0.0000072114   0.0000547442  -0.0000173160   0.0001497830
       -0.0001103944  -0.0001320675  -0.0000524488  -0.0002852432
       -0.0001706321   0.0002128256   0.0000463230  -0.0214144385   0.0091602539
       -0.0020823978  -0.0006529929  -0.0004466143   0.0005753952  -0.0115438807
        0.0031325212  -0.0427793341  -0.0031896091   0.0051071471  -0.0043293980
        0.0003749107   0.0003394506  -0.0002780266   0.0002013889  -0.0000071217
       -0.0007984163  -0.0000415573  -0.0000234003  -0.0000438746   0.0001253413
       -0.0000955774   0.0002242013   0.0001497953  -0.0000653617  -0.0000512819
       -0.0001392090  -0.0002598162   0.0000636117   0.0003775701   0.0004597255
       -0.0001078478   0.0253706104  -0.0109180798  -0.0001231209  -0.0022593040
        0.0001628692   0.0007894027   0.0126069178  -0.0063939318   0.0485981471
       -0.0000131937  -0.0000012560   0.0000965118   0.0000425924  -0.0000720903
        0.0000400653   0.0001756904  -0.0002915435   0.0001600398
       -0.0007152045   0.0004295240   0.0007919460   0.0018137772  -0.0011167985
       -0.0016254128  -0.0002951948   0.0000428050   0.0001971811  -0.0003241720
        0.0001904548   0.0000357971  -0.0170317449  -0.0281201579  -0.0242087898
       -0.0399780167  -0.0031392463  -0.0104232394   0.0003576416  -0.0001309785
       -0.0001760545  -0.0014792152   0.0016844822   0.0003851198  -0.0003494685
       -0.0003108849   0.0003624059   0.0001249991   0.0001535267   0.0001702228
        0.0001153862   0.0000688698  -0.0001363306  -0.0000061616   0.0000879706
        0.0000324077   0.0000094852  -0.0000317345   0.0001836563   0.0000595896
        0.0001384983  -0.0001096774   0.0000295590   0.0000146016  -0.0000131937
        0.0554338466   0.0155253995   0.0168861522   0.0005967447   0.0133751708
        0.0182313718   0.0016381490   0.0011384972  -0.0005835626
        0.0005785087   0.0005705474  -0.0000301035   0.0010226874   0.0003468480
        0.0004117658  -0.0000467189  -0.0000052645  -0.0000168379   0.0000173445
       -0.0000099759  -0.0000161164  -0.0179268740  -0.0184032894  -0.0151537749
       -0.0039202332  -0.1072669103  -0.0970434988  -0.0000118043  -0.0000529511
        0.0002916710   0.0011983066   0.0000313704  -0.0002069404  -0.0002479629
       -0.0000779158   0.0001913098   0.0001060843   0.0000798430   0.0001425997
        0.0000484301   0.0000087466  -0.0000918720   0.0000146056   0.0000908960
        0.0000363562  -0.0000218721  -0.0001148350   0.0001011794   0.0000155471
        0.0001664309   0.0000710684   0.0000465445   0.0000072114  -0.0000012560
        0.0155253995   0.1322160845   0.1192196201   0.0024742129  -0.0161601941
       -0.0219379163   0.0011277945   0.0085733581   0.0140327459
        0.0003590309  -0.0002076265   0.0000009961   0.0010734515  -0.0010856538
       -0.0000453023   0.0000866340   0.0000266355  -0.0000203766  -0.0002337650
       -0.0000243662  -0.0001293888  -0.0114421420  -0.0069227218   0.0028585087
       -0.0094390204  -0.0958557534  -0.1921451465   0.0001039674   0.0002843533
        0.0001605868   0.0004335466   0.0002727279   0.0004673762   0.0002191934
        0.0001226866  -0.0000053281   0.0001014773   0.0001108784   0.0000832709
        0.0000484761   0.0000217740  -0.0000137451   0.0000025035   0.0000724164
        0.0000106862   0.0002090692   0.0001305587   0.0002381373  -0.0000815450
        0.0000779493  -0.0003489627   0.0000142128   0.0000547442   0.0000965118
        0.0168861522   0.1192196201   0.2209191833   0.0010510420  -0.0022344987
       -0.0019868965   0.0006077155  -0.0140637242  -0.0301401106
        0.0000800516  -0.0001790254  -0.0001876494  -0.0047472847  -0.0032256331
       -0.0000060433  -0.0013847661   0.0005278812  -0.0000001161   0.0000798444
       -0.0001793482   0.0001878351  -0.0361190050   0.0169767060  -0.0000144824
       -0.1501089646   0.1167402176  -0.0000914402   0.0001119547  -0.0000174492
       -0.0000425566   0.0000250122  -0.0000432070  -0.0000733712  -0.0000407588
       -0.0000208849  -0.0000225837   0.0000330937   0.0000865707  -0.0000018654
        0.0000330557   0.0000865417   0.0000019939  -0.0002803651  -0.0002638358
       -0.0000002118  -0.0000406608  -0.0000209734   0.0000226205   0.0000249310
       -0.0000433213   0.0000734245   0.0001119641  -0.0000173160   0.0000425924
        0.0005967447   0.0024742129   0.0010510420   0.1910137355  -0.1353387011
        0.0001121173   0.0006114175   0.0024575650  -0.0010513058
        0.0000311477  -0.0001129971   0.0000055232  -0.0026377732  -0.0009153481
       -0.0000009234  -0.0006981584   0.0002505416  -0.0000001377   0.0000315004
       -0.0001135594  -0.0000055481  -0.0100622761   0.0116386281  -0.0000076608
        0.1219754276  -0.1665427500   0.0000990567  -0.0000025693   0.0001495950
        0.0000721142   0.0000488841   0.0003025069   0.0000692316  -0.0000014667
       -0.0000390348   0.0000386061   0.0000446534   0.0000667418   0.0000404111
        0.0000447299   0.0000669247  -0.0000403866  -0.0002140494  -0.0000795797
       -0.0000001030  -0.0000018174  -0.0000393978  -0.0000391622   0.0000494469
        0.0003030285  -0.0000684819  -0.0000023074   0.0001497830  -0.0000720903
        0.0133751708  -0.0161601941  -0.0022344987  -0.1353387011   0.1872158102
       -0.0001138860   0.0133581581  -0.0161406988   0.0022579358
        0.0002912661  -0.0001096800   0.0000513977   0.0000002297  -0.0000004904
        0.0003299585  -0.0000001323   0.0000000911   0.0000551241  -0.0002915252
        0.0001097249   0.0000518736  -0.0000105119   0.0000010186   0.0011515913
       -0.0000923916   0.0000984624  -0.0443739076   0.0000283393   0.0001101997
        0.0000400283  -0.0000487930   0.0001871703  -0.0000985147  -0.0000326112
       -0.0000898928   0.0000530252  -0.0000213591   0.0000121464   0.0000004102
        0.0000212950  -0.0000121000   0.0000005172   0.0000000028  -0.0000000829
       -0.0000028659   0.0000332019   0.0000903545   0.0000533965   0.0000481595
       -0.0001874142  -0.0000994166  -0.0000284443  -0.0001103944   0.0000400653
        0.0182313718  -0.0219379163  -0.0019868965   0.0001121173  -0.0001138860
        0.0467578973  -0.0182402147   0.0219526891  -0.0020236840
       -0.0003246151   0.0001910456  -0.0000356895   0.0018135317  -0.0011193797
        0.0016269600  -0.0002946531   0.0000428446  -0.0001973387  -0.0007136421
        0.0004333878  -0.0007917364  -0.0170623080  -0.0281061208   0.0242149011
       -0.0399933010  -0.0032063636   0.0105464171   0.0000294564   0.0000146938
        0.0000131441   0.0000597026   0.0001379589   0.0001092454   0.0000097803
       -0.0000315594  -0.0001838886   0.0001151093   0.0000685146   0.0001364223
        0.0001251879   0.0001538143  -0.0001700873  -0.0000059231   0.0000880691
       -0.0000324129  -0.0003515355  -0.0003110655  -0.0003647780  -0.0014775875
        0.0016843316  -0.0003819244   0.0003568993  -0.0001320675   0.0001756904
        0.0016381490   0.0011277945   0.0006077155   0.0006114175   0.0133581581
       -0.0182402147   0.0554643317   0.0156059436  -0.0170324254
        0.0000174843  -0.0000103428   0.0000160375   0.0010214921   0.0003445437
       -0.0004093664  -0.0000466148  -0.0000055117   0.0000170524   0.0005791522
        0.0005698006   0.0000307663  -0.0179375001  -0.0183864161   0.0151503412
       -0.0039853476  -0.1070987036   0.0969668103   0.0000465961   0.0000075862
        0.0000013160   0.0000151701   0.0001663301  -0.0000707364  -0.0000218207
       -0.0001147039  -0.0001011821   0.0000480994   0.0000085862   0.0000917722
        0.0001060659   0.0000798732  -0.0001422922   0.0000147515   0.0000908063
       -0.0000363092  -0.0002475455  -0.0000768331  -0.0001913411   0.0011994675
        0.0000279567   0.0002061818  -0.0000114563  -0.0000524488  -0.0002915435
        0.0011384972   0.0085733581  -0.0140637242   0.0024575650  -0.0161406988
        0.0219526891   0.0156059436   0.1320168178  -0.1191264717
        0.0002341780   0.0000227690  -0.0001290644  -0.0010730227   0.0010851883
       -0.0000473153  -0.0000868566  -0.0000265072  -0.0000202836  -0.0003591380
        0.0002094581   0.0000019517   0.0114422659   0.0069166701   0.0028751872
        0.0095610283   0.0957757617  -0.1922874023  -0.0000136474  -0.0000542710
        0.0000964165   0.0000810425  -0.0000758826  -0.0003482969  -0.0002093551
       -0.0001309550   0.0002382921  -0.0000482503  -0.0000215153  -0.0000135983
       -0.0001015644  -0.0001110343   0.0000830658  -0.0000025876  -0.0000723695
        0.0000105768  -0.0002201352  -0.0001221144  -0.0000049359  -0.0004315369
       -0.0002741647   0.0004661637  -0.0001051268  -0.0002852432   0.0001600398
       -0.0005835626   0.0140327459  -0.0301401106  -0.0010513058   0.0022579358
       -0.0020236840  -0.0170324254  -0.1191264717   0.2210829979
