$hessian                                                                        
        0.5069980260  -0.0671079398  -0.0140209670  -0.0610820338  -0.0097172402
        0.0058101906  -0.0084646211   0.0222137804  -0.0112432780  -0.0252348428
        0.0068818624  -0.0130121669  -0.1460821558  -0.0374691760  -0.0455959493
       -0.0010291895   0.0017177625  -0.0004193375  -0.1968399515   0.1063966855
        0.0420922328  -0.0496112295   0.0045472324   0.0359488254   0.0001026517
       -0.0087709703   0.0042470457  -0.0005015330  -0.0169341267   0.0054889218
       -0.0053778079   0.0017823726  -0.0007835289   0.0002761284   0.0002415147
       -0.0004280068  -0.0020732201   0.0017338054  -0.0009317081   0.0022938807
        0.0011297991  -0.0008300100  -0.0130032935  -0.0066245184  -0.0066801579
       -0.0003708084  -0.0000208436   0.0003578942
       -0.0671079398   0.4632557882   0.0029880578  -0.0071660137  -0.1739966223
        0.0449127489   0.0135555093  -0.0221230630   0.0094274363   0.0118433429
        0.0046033495   0.0089390427  -0.0378835971  -0.0786425695  -0.0231409245
        0.0004933370  -0.0009377154  -0.0001607389   0.1065148091  -0.1122709712
       -0.0283439754   0.0046993900  -0.0426359112  -0.0096411552  -0.0003338242
       -0.0032539951   0.0042559422  -0.0018196842  -0.0187036017   0.0059012286
        0.0029882227  -0.0019495689  -0.0002696690   0.0000389828   0.0002854579
        0.0001973527   0.0017610905  -0.0026169617   0.0008629177  -0.0098127220
       -0.0037702375  -0.0068567177  -0.0180353108  -0.0071558726  -0.0088148308
        0.0002644076  -0.0000875055  -0.0002567156
       -0.0140209670   0.0029880578   0.5282109174   0.0054327977   0.0446654826
       -0.0866284916  -0.0034300286   0.0015873059   0.0013282024  -0.0080674265
        0.0035291778  -0.0008120873  -0.0456541136  -0.0236021659  -0.0948308568
        0.0003080728  -0.0001757879  -0.0009009704   0.0405952517  -0.0271947178
       -0.0550615319   0.0362235718  -0.0094962101  -0.2715306917   0.0019556379
        0.0287583980  -0.0153483395  -0.0004846228  -0.0141874664   0.0051106708
       -0.0001928499  -0.0001252206   0.0005594567   0.0004108082  -0.0004863549
        0.0003580503  -0.0008438661   0.0009372086  -0.0000061322  -0.0236507462
       -0.0116389105  -0.0169105121   0.0113366531   0.0046192454   0.0063687544
        0.0000818276  -0.0001780422   0.0000935615
       -0.0610820338  -0.0071660137   0.0054327977   0.4972883528   0.0584016489
       -0.0023866454  -0.1786420895   0.0399835089   0.0050856326  -0.0271204759
       -0.0083540979  -0.0016843528  -0.0112643852  -0.0196779619   0.0044684233
       -0.0028563690  -0.0022097132  -0.0003198577   0.0019044219   0.0225435047
       -0.0074142083  -0.0004141329  -0.0055324163   0.0033956840  -0.0684286507
       -0.0001174939   0.0706364571  -0.1244806787  -0.0819553554  -0.0782854890
       -0.0071174047   0.0033658381  -0.0003402932  -0.0132509260   0.0037023223
        0.0037713157  -0.0004292399  -0.0010052153  -0.0005423762  -0.0000572555
        0.0000029273   0.0002041558  -0.0039317301  -0.0016682748  -0.0018453477
       -0.0001174029  -0.0003132078  -0.0001758959
       -0.0097172402  -0.1739966223   0.0446654826   0.0584016489   0.4666531139
        0.0327537908   0.0399155290  -0.0740832215  -0.0025403759  -0.0135537638
        0.0036740051   0.0012248340  -0.0164447181  -0.0225147580   0.0017028083
       -0.0038896306  -0.0035307217   0.0011234393  -0.0003351357  -0.0180150514
        0.0062691167  -0.0016081998  -0.0032382321   0.0039078159   0.0000602866
       -0.0429283109  -0.0090657529  -0.0816352990  -0.1198396624  -0.0778332376
        0.0223664294  -0.0070996523   0.0009483524   0.0092415208  -0.0019813903
       -0.0013166140  -0.0002125753  -0.0008811412  -0.0003340524  -0.0002305445
        0.0001060714   0.0001420533  -0.0024375990  -0.0020607166  -0.0016385984
        0.0000792913  -0.0002637097  -0.0000090619
        0.0058101906   0.0449127489  -0.0866284916  -0.0023866454   0.0327537908
        0.5320893779   0.0049546693  -0.0019695758  -0.0674711255  -0.0094519632
       -0.0008040347   0.0019586124  -0.0030177962  -0.0089963892   0.0059379561
       -0.0009166740  -0.0002994631  -0.0000164597  -0.0005789064  -0.0045115084
        0.0017693136   0.0045024177   0.0296256434  -0.0150419756   0.0707692220
       -0.0086585501  -0.2496988261  -0.0771856192  -0.0769706612  -0.1190795436
       -0.0176702639   0.0059814577  -0.0001074281   0.0279735037  -0.0090052976
       -0.0027324476  -0.0003417800  -0.0008645644  -0.0005717023  -0.0004499876
       -0.0003806606   0.0000393967  -0.0019309684  -0.0008798372  -0.0003813804
       -0.0000793990   0.0000669013  -0.0000652760
       -0.0084646211   0.0135555093  -0.0034300286  -0.1786420895   0.0399155290
        0.0049546693   0.4307500573  -0.0403811938  -0.0181065186  -0.0822101826
       -0.0364722726  -0.0154721332   0.0057530142   0.0034009331   0.0031359389
       -0.0291245066  -0.0274741733   0.0060122543  -0.0001624132   0.0009611792
       -0.0011598399   0.0003715330  -0.0002880275   0.0000493994  -0.0145345674
        0.0062615397   0.0034271526  -0.0204210395   0.0063051240  -0.0010950852
       -0.0458490953   0.0276491219  -0.0225071252  -0.0525499987   0.0154673605
        0.0506533180  -0.0040692411  -0.0103257081  -0.0059082065  -0.0009526910
        0.0009228333  -0.0000284131  -0.0011659558   0.0004820827  -0.0003924008
        0.0012717971   0.0000201628  -0.0001329814
        0.0222137804  -0.0221230630   0.0015873059   0.0399835089  -0.0740832215
       -0.0019695758  -0.0403811938   0.5059199721  -0.0305769094  -0.0411686998
       -0.1285737105  -0.0231321743  -0.0006363298  -0.0295504487  -0.0024882087
       -0.0120424577  -0.0053073001   0.0021396518  -0.0002416889  -0.0057179065
        0.0017278213   0.0003025749   0.0004252072  -0.0003525987   0.0041240853
       -0.0011020914  -0.0013607213  -0.0148722983   0.0058176093  -0.0007327465
        0.0270847831  -0.1753950147   0.1144264278   0.0152810720  -0.0621908262
       -0.0581968399  -0.0030832141  -0.0041157674  -0.0019526001   0.0008079572
       -0.0023490202   0.0002096402   0.0016356890  -0.0030958339  -0.0001693368
        0.0009924315   0.0014414156   0.0008408645
       -0.0112432780   0.0094274363   0.0013282024   0.0050856326  -0.0025403759
       -0.0674711255  -0.0181065186  -0.0305769094   0.5340615914  -0.0173350757
       -0.0251070645  -0.0752371138   0.0003129096   0.0015265556   0.0038297015
        0.0173020009   0.0163545673   0.0020381189  -0.0004037762   0.0026688713
       -0.0003707441  -0.0004632870   0.0004272540   0.0003683600   0.0276541524
       -0.0101397794  -0.0025577267  -0.0147792804   0.0049554023  -0.0002472486
       -0.0221174510   0.1127605280  -0.1403842549   0.0504922370  -0.0584710934
       -0.2455746891  -0.0159151097  -0.0224699579  -0.0104333726  -0.0000601458
        0.0006576036   0.0000992920  -0.0002331333   0.0004012452  -0.0004629247
       -0.0001898766   0.0001257168   0.0010139339
       -0.0252348428   0.0118433429  -0.0080674265  -0.0271204759  -0.0135537638
       -0.0094519632  -0.0822101826  -0.0411686998  -0.0173350757   0.4702555426
       -0.0116872962   0.0270335957  -0.0970270921   0.0499826063  -0.0103322566
       -0.1517955685  -0.0033618507   0.0754889966  -0.0037456000  -0.0015616176
       -0.0025382635  -0.0002178054   0.0000391864  -0.0000859037  -0.0000649904
       -0.0002775238   0.0001319190  -0.0045420165   0.0013691007   0.0003039270
        0.0027797886   0.0025038104   0.0000055900   0.0015448110   0.0021629332
       -0.0000847717  -0.0621612928   0.0038355450  -0.0700450675  -0.0054660385
        0.0087791353  -0.0003978184   0.0069539325  -0.0078021614   0.0016787056
       -0.0219481690  -0.0011027469   0.0136958130
        0.0068818624   0.0046033495   0.0035291778  -0.0083540979   0.0036740051
       -0.0008040347  -0.0364722726  -0.1285737105  -0.0251070645  -0.0116872962
        0.4249929552  -0.0096824828   0.0463680856  -0.1314659874   0.0122553034
       -0.0254842979  -0.0736166635   0.0344184306  -0.0008140345  -0.0011728384
        0.0004549382  -0.0001748535   0.0000200394  -0.0000169178   0.0004339384
       -0.0000094897   0.0000260024   0.0005878514  -0.0012039202   0.0008983227
       -0.0128343974  -0.0193092187  -0.0049706466  -0.0071812258  -0.0093867232
       -0.0060630708   0.0032962996  -0.0416279119   0.0072816665   0.0096345750
       -0.0112672490   0.0012227560   0.0125636024  -0.0199307128   0.0059030994
        0.0232362609   0.0042740763  -0.0193454799
       -0.0130121669   0.0089390427  -0.0008120873  -0.0016843528   0.0012248340
        0.0019586124  -0.0154721332  -0.0231321743  -0.0752371138   0.0270335957
       -0.0096824828   0.4978615122  -0.0106673784   0.0150760679  -0.0710616567
        0.0841803862   0.0189060332  -0.1210691068  -0.0020072554  -0.0007467799
       -0.0009696794  -0.0004941016  -0.0000938940  -0.0008341886   0.0007298947
        0.0000331244  -0.0002032756  -0.0005488968   0.0002576074   0.0004673430
        0.0084567927   0.0136579020   0.0032212547  -0.0146312538  -0.0247829650
       -0.0115391039  -0.0669014447   0.0081161429  -0.2191489728   0.0147746624
       -0.0197458217   0.0007935895  -0.0090276712   0.0153418712  -0.0028524877
       -0.0007286768  -0.0033685079  -0.0005746393
       -0.1460821558  -0.0378835971  -0.0456541136  -0.0112643852  -0.0164447181
       -0.0030177962   0.0057530142  -0.0006363298   0.0003129096  -0.0970270921
        0.0463680856  -0.0106673784   0.4555995820   0.0417994583  -0.0511035299
       -0.0238615245   0.0231745742   0.0034963801  -0.0221829052  -0.0090656497
       -0.0107157297   0.0009009607  -0.0010952311  -0.0015342989   0.0001677475
        0.0001455316  -0.0000825349  -0.0009291883  -0.0020118152   0.0008785810
       -0.0012150117  -0.0006020119  -0.0001724878  -0.0004170286  -0.0007134338
       -0.0001824365  -0.0065635117   0.0117295185  -0.0035739431  -0.0546563319
        0.0205442827   0.0534285641  -0.0938647842  -0.0765203191   0.0659367940
       -0.0043573854   0.0012116548   0.0026510202
       -0.0374691760  -0.0786425695  -0.0236021659  -0.0196779619  -0.0225147580
       -0.0089963892   0.0034009331  -0.0295504487   0.0015265556   0.0499826063
       -0.1314659874   0.0150760679   0.0417994583   0.5057363758   0.0056513447
        0.0058775279  -0.0000587268  -0.0034859047   0.0120856299   0.0059128035
        0.0057284271  -0.0038969337  -0.0017436824  -0.0038834400  -0.0000960434
        0.0004820354  -0.0003667119  -0.0004571012  -0.0056953022   0.0017292077
       -0.0017764868  -0.0038388115  -0.0016124392  -0.0001471064  -0.0011773815
       -0.0003127579   0.0056396743  -0.0046532507   0.0011003291   0.0214358858
       -0.0787581122  -0.0829163966  -0.0774297546  -0.1538589374   0.0941590106
        0.0007288485  -0.0001732464   0.0002052626
       -0.0455959493  -0.0231409245  -0.0948308568   0.0044684233   0.0017028083
        0.0059379561   0.0031359389  -0.0024882087   0.0038297015  -0.0103322566
        0.0122553034  -0.0710616567  -0.0511035299   0.0056513447   0.5237522625
        0.0143964652  -0.0152636391   0.0030657512   0.0028173135   0.0012517764
        0.0017268485  -0.0247499836  -0.0128080406  -0.0170208774   0.0003074509
        0.0003799625   0.0004511946  -0.0000182421   0.0018553539   0.0003781820
       -0.0003637027  -0.0002915699   0.0002236728  -0.0002511609   0.0000977824
       -0.0003854450  -0.0152467630   0.0205520248  -0.0057643188   0.0527137145
       -0.0817690122  -0.2290856470   0.0655424303   0.0928024250  -0.1201393804
        0.0042798514  -0.0007873865  -0.0010773871
       -0.0010291895   0.0004933370   0.0003080728  -0.0028563690  -0.0038896306
       -0.0009166740  -0.0291245066  -0.0120424577   0.0173020009  -0.1517955685
       -0.0254842979   0.0841803862  -0.0238615245   0.0058775279   0.0143964652
        0.3646147052  -0.1667946295  -0.1131003287  -0.0005253032  -0.0000724634
       -0.0002590303   0.0002460872   0.0000215328  -0.0001144649   0.0000587405
        0.0001915102   0.0000126371  -0.0014467828   0.0004121158  -0.0002660486
       -0.0019316691  -0.0021232072   0.0004732060   0.0018130389   0.0023699525
        0.0007601257  -0.0023283641  -0.0018040933   0.0166303350  -0.0024429337
        0.0021231667   0.0001518021   0.0013741587  -0.0013585357  -0.0004942662
       -0.1507645198   0.2020801724  -0.0190642183
        0.0017177625  -0.0009377154  -0.0001757879  -0.0022097132  -0.0035307217
       -0.0002994631  -0.0274741733  -0.0053073001   0.0163545673  -0.0033618507
       -0.0736166635   0.0189060332   0.0231745742  -0.0000587268  -0.0152636391
       -0.1667946295   0.3922408222  -0.0852850763   0.0003314015   0.0002238377
        0.0003629998   0.0001048571  -0.0000986487   0.0002005515  -0.0002612772
        0.0000659241   0.0000349197  -0.0007884663   0.0004565080  -0.0001284109
       -0.0015026028  -0.0019309473  -0.0001845161   0.0007893709   0.0025625928
        0.0016101375  -0.0036682947   0.0030123365   0.0046297685   0.0029343708
       -0.0033605406  -0.0001752875  -0.0007905929   0.0015256895  -0.0009723047
        0.1777992636  -0.3112464466   0.0603855080
       -0.0004193375  -0.0001607389  -0.0009009704  -0.0003198577   0.0011234393
       -0.0000164597   0.0060122543   0.0021396518   0.0020381189   0.0754889966
        0.0344184306  -0.1210691068   0.0034963801  -0.0034859047   0.0030657512
       -0.1131003287  -0.0852850763   0.1732785716   0.0000964567   0.0000914333
        0.0001808413   0.0003922707  -0.0000789728   0.0006847156  -0.0005288557
       -0.0000516406   0.0002936314   0.0005382776   0.0000258668   0.0002252657
        0.0001002057  -0.0000055917   0.0005294623  -0.0011406995   0.0004418513
        0.0018261477   0.0352116286   0.0063755559  -0.0365087493  -0.0002602024
        0.0003030852   0.0010691228  -0.0009514325  -0.0003664841   0.0004209560
       -0.0046157564   0.0445150948  -0.0251172983
       -0.1968399515   0.1065148091   0.0405952517   0.0019044219  -0.0003351357
       -0.0005789064  -0.0001624132  -0.0002416889  -0.0004037762  -0.0037456000
       -0.0008140345  -0.0020072554  -0.0221829052   0.0120856299   0.0028173135
       -0.0005253032   0.0003314015   0.0000964567   0.2277694802  -0.1231032575
       -0.0442510609  -0.0062888135   0.0050996037   0.0044653800   0.0004348219
       -0.0001703774  -0.0003565963  -0.0000808837   0.0000709722   0.0000468025
        0.0000447961  -0.0000976087   0.0000267989   0.0000528132  -0.0002104108
       -0.0001203593  -0.0004315018   0.0005506124  -0.0002533824   0.0011466381
        0.0005978986   0.0002428122  -0.0010907960  -0.0003411576  -0.0003705815
       -0.0000048036   0.0000627437   0.0000511029
        0.1063966855  -0.1122709712  -0.0271947178   0.0225435047  -0.0180150514
       -0.0045115084   0.0009611792  -0.0057179065   0.0026688713  -0.0015616176
       -0.0011728384  -0.0007467799  -0.0090656497   0.0059128035   0.0012517764
       -0.0000724634   0.0002238377   0.0000914333  -0.1231032575   0.1311689287
        0.0305934440   0.0034056851  -0.0008935643  -0.0022214420   0.0002420396
        0.0011605017  -0.0003739485  -0.0000374877  -0.0006241664  -0.0000313412
        0.0014522403  -0.0005074474   0.0001775698  -0.0001972868   0.0000963999
        0.0001308826  -0.0001800246   0.0002138760  -0.0001029418  -0.0001957732
        0.0007303495   0.0003535756  -0.0003218118  -0.0004078637  -0.0001257144
       -0.0002659621   0.0001031123   0.0000408410
        0.0420922328  -0.0283439754  -0.0550615319  -0.0074142083   0.0062691167
        0.0017693136  -0.0011598399   0.0017278213  -0.0003707441  -0.0025382635
        0.0004549382  -0.0009696794  -0.0107157297   0.0057284271   0.0017268485
       -0.0002590303   0.0003629998   0.0001808413  -0.0442510609   0.0305934440
        0.0625294674   0.0272742383  -0.0183867561  -0.0110111612  -0.0006874625
        0.0004760018   0.0005796151  -0.0000292046  -0.0000075732  -0.0001121923
       -0.0003806352   0.0001662987   0.0001228160  -0.0002276319   0.0001983715
        0.0000868602  -0.0002099356   0.0002637243  -0.0000819378  -0.0010533155
        0.0005928182   0.0007645353  -0.0002991279  -0.0000457929  -0.0001576485
       -0.0001410251  -0.0000498640   0.0000045978
       -0.0496112295   0.0046993900   0.0362235718  -0.0004141329  -0.0016081998
        0.0045024177   0.0003715330   0.0003025749  -0.0004632870  -0.0002178054
       -0.0001748535  -0.0004941016   0.0009009607  -0.0038969337  -0.0247499836
        0.0002460872   0.0001048571   0.0003922707  -0.0062888135   0.0034056851
        0.0272742383   0.0568402895  -0.0002202596  -0.0396038204   0.0005808702
       -0.0012547015   0.0005519766   0.0000420010  -0.0000916353   0.0003907407
       -0.0000878264  -0.0000617019   0.0000636099   0.0000042583   0.0003405338
       -0.0000075253  -0.0000442610   0.0001086931   0.0002027629  -0.0034540722
       -0.0015891699  -0.0033534223   0.0011729507   0.0000419204  -0.0008134931
       -0.0000408097  -0.0001061992  -0.0001159554
        0.0045472324  -0.0426359112  -0.0094962101  -0.0055324163  -0.0032382321
        0.0296256434  -0.0002880275   0.0004252072   0.0004272540   0.0000391864
        0.0000200394  -0.0000938940  -0.0010952311  -0.0017436824  -0.0128080406
        0.0000215328  -0.0000986487  -0.0000789728   0.0050996037  -0.0008935643
       -0.0183867561  -0.0002202596   0.0529907116   0.0099326814  -0.0000374212
       -0.0054663655   0.0034778062  -0.0001630056   0.0010889037   0.0005681138
       -0.0001014187   0.0000613867  -0.0002866627   0.0002452598  -0.0003366484
       -0.0001108205  -0.0001154742  -0.0000051888  -0.0000230358  -0.0026295673
       -0.0004178795  -0.0019395554   0.0001629175   0.0002771571  -0.0008324939
        0.0000670887  -0.0000272847   0.0000249430
        0.0359488254  -0.0096411552  -0.2715306917   0.0033956840   0.0039078159
       -0.0150419756   0.0000493994  -0.0003525987   0.0003683600  -0.0000859037
       -0.0000169178  -0.0008341886  -0.0015342989  -0.0038834400  -0.0170208774
       -0.0001144649   0.0002005515   0.0006847156   0.0044653800  -0.0022214420
       -0.0110111612  -0.0396038204   0.0099326814   0.3135051675  -0.0000173059
        0.0031227227  -0.0006344004   0.0000665360  -0.0004443368   0.0009378770
        0.0000800318  -0.0001917620   0.0003182936  -0.0003142261   0.0004029027
        0.0002790724   0.0001874338   0.0000616839   0.0002794805  -0.0031427569
       -0.0008141497  -0.0013083825   0.0005891020   0.0001588231   0.0011608462
        0.0000303845  -0.0002213792  -0.0001521353
        0.0001026517  -0.0003338242   0.0019556379  -0.0684286507   0.0000602866
        0.0707692220  -0.0145345674   0.0041240853   0.0276541524  -0.0000649904
        0.0004339384   0.0007298947   0.0001677475  -0.0000960434   0.0003074509
        0.0000587405  -0.0002612772  -0.0005288557   0.0004348219   0.0002420396
       -0.0006874625   0.0005808702  -0.0000374212  -0.0000173059   0.0808745340
       -0.0036291965  -0.0835424491   0.0057196622  -0.0018115356  -0.0175788581
        0.0011972825  -0.0002121341   0.0004766296  -0.0060746575   0.0016265165
        0.0008584012  -0.0002503040   0.0001090281  -0.0001915918   0.0000129522
       -0.0003307930  -0.0001380385   0.0000526805   0.0001250250  -0.0001533773
        0.0001512269  -0.0000086944   0.0000865504
       -0.0087709703  -0.0032539951   0.0287583980  -0.0001174939  -0.0429283109
       -0.0086585501   0.0062615397  -0.0011020914  -0.0101397794  -0.0002775238
       -0.0000094897   0.0000331244   0.0001455316   0.0004820354   0.0003799625
        0.0001915102   0.0000659241  -0.0000516406  -0.0001703774   0.0011605017
        0.0004760018  -0.0012547015  -0.0054663655   0.0031227227  -0.0036291965
        0.0521938380   0.0069073272   0.0044168729  -0.0009733358  -0.0194157578
        0.0000725286   0.0001999661  -0.0006777970   0.0030140823  -0.0001333333
       -0.0002817660  -0.0000308568  -0.0000063909  -0.0000703018  -0.0000280501
       -0.0002906720  -0.0001486882   0.0002007166   0.0000279911  -0.0002005418
       -0.0000236113   0.0000337281  -0.0000327139
        0.0042470457   0.0042559422  -0.0153483395   0.0706364571  -0.0090657529
       -0.2496988261   0.0034271526  -0.0013607213  -0.0025577267   0.0001319190
        0.0000260024  -0.0002032756  -0.0000825349  -0.0003667119   0.0004511946
        0.0000126371   0.0000349197   0.0002936314  -0.0003565963  -0.0003739485
        0.0005796151   0.0005519766   0.0034778062  -0.0006344004  -0.0835424491
        0.0069073272   0.2876858275   0.0046452147  -0.0035368878  -0.0231439605
       -0.0004527545  -0.0000664634   0.0010906555   0.0008903099  -0.0000544659
        0.0009354051   0.0001071458  -0.0000044723   0.0002055691   0.0001011124
        0.0002431495   0.0002837345  -0.0002024153  -0.0001295111   0.0001491760
       -0.0001142207   0.0000137878  -0.0000882799
       -0.0005015330  -0.0018196842  -0.0004846228  -0.1244806787  -0.0816352990
       -0.0771856192  -0.0204210395  -0.0148722983  -0.0147792804  -0.0045420165
        0.0005878514  -0.0005488968  -0.0009291883  -0.0004571012  -0.0000182421
       -0.0014467828  -0.0007884663   0.0005382776  -0.0000808837  -0.0000374877
       -0.0000292046   0.0000420010  -0.0001630056   0.0000665360   0.0057196622
        0.0044168729   0.0046452147   0.1468020067   0.0956312855   0.0886849253
       -0.0007974536   0.0002650377  -0.0002245767   0.0007774388  -0.0006578745
       -0.0002686150  -0.0001735505  -0.0004472334  -0.0002442670  -0.0000555403
        0.0000958697   0.0000724928  -0.0000131684  -0.0000260064  -0.0001314807
        0.0001007266  -0.0000924607  -0.0000926411
       -0.0169341267  -0.0187036017  -0.0141874664  -0.0819553554  -0.1198396624
       -0.0769706612   0.0063051240   0.0058176093   0.0049554023   0.0013691007
       -0.0012039202   0.0002576074  -0.0020118152  -0.0056953022   0.0018553539
        0.0004121158   0.0004565080   0.0000258668   0.0000709722  -0.0006241664
       -0.0000075732  -0.0000916353   0.0010889037  -0.0004443368  -0.0018115356
       -0.0009733358  -0.0035368878   0.0956312855   0.1396973722   0.0880427778
        0.0001796149  -0.0002514698   0.0000297781  -0.0001831838   0.0005603872
        0.0003456702   0.0001423950   0.0000838255   0.0001905599   0.0000177778
        0.0000929163   0.0001075693  -0.0011133296  -0.0005361008  -0.0005635785
       -0.0000274044   0.0000300372  -0.0001000817
        0.0054889218   0.0059012286   0.0051106708  -0.0782854890  -0.0778332376
       -0.1190795436  -0.0010950852  -0.0007327465  -0.0002472486   0.0003039270
        0.0008983227   0.0004673430   0.0008785810   0.0017292077   0.0003781820
       -0.0002660486  -0.0001284109   0.0002252657   0.0000468025  -0.0000313412
       -0.0001121923   0.0003907407   0.0005681138   0.0009378770  -0.0175788581
       -0.0194157578  -0.0231439605   0.0886849253   0.0880427778   0.1340978061
       -0.0001930264   0.0001307598  -0.0001673410   0.0009454038   0.0003169912
        0.0010465307   0.0002532612   0.0000869884   0.0001087177   0.0001508311
        0.0002726073   0.0002092811   0.0002413000   0.0002022864   0.0002087287
        0.0000338131  -0.0000077897  -0.0000401168
       -0.0053778079   0.0029882227  -0.0001928499  -0.0071174047   0.0223664294
       -0.0176702639  -0.0458490953   0.0270847831  -0.0221174510   0.0027797886
       -0.0128343974   0.0084567927  -0.0012150117  -0.0017764868  -0.0003637027
       -0.0019316691  -0.0015026028   0.0001002057   0.0000447961   0.0014522403
       -0.0003806352  -0.0000878264  -0.0001014187   0.0000800318   0.0011972825
        0.0000725286  -0.0004527545  -0.0007974536   0.0001796149  -0.0001930264
        0.0552130094  -0.0324643762   0.0267321797   0.0023762215  -0.0048860604
        0.0051950823   0.0006621235  -0.0001795718   0.0006743415   0.0000300674
       -0.0001286525   0.0000040228   0.0001431943  -0.0003641010   0.0000538580
       -0.0000702143   0.0000938485   0.0000741692
        0.0017823726  -0.0019495689  -0.0001252206   0.0033658381  -0.0070996523
        0.0059814577   0.0276491219  -0.1753950147   0.1127605280   0.0025038104
       -0.0193092187   0.0136579020  -0.0006020119  -0.0038388115  -0.0002915699
       -0.0021232072  -0.0019309473  -0.0000055917  -0.0000976087  -0.0005074474
        0.0001662987  -0.0000617019   0.0000613867  -0.0001917620  -0.0002121341
        0.0001999661  -0.0000664634   0.0002650377  -0.0002514698   0.0001307598
       -0.0324643762   0.2046411858  -0.1295765817  -0.0008929405   0.0054335936
       -0.0031609455   0.0003987087   0.0006812914   0.0006215496   0.0001246055
       -0.0003751161   0.0000087885   0.0004526327  -0.0004525692  -0.0000105603
       -0.0000881472   0.0000923923   0.0001014106
       -0.0007835289  -0.0002696690   0.0005594567  -0.0003402932   0.0009483524
       -0.0001074281  -0.0225071252   0.1144264278  -0.1403842549   0.0000055900
       -0.0049706466   0.0032212547  -0.0001724878  -0.0016124392   0.0002236728
        0.0004732060  -0.0001845161   0.0005294623   0.0000267989   0.0001775698
        0.0001228160   0.0000636099  -0.0002866627   0.0003182936   0.0004766296
       -0.0006777970   0.0010906555  -0.0002245767   0.0000297781  -0.0001673410
        0.0267321797  -0.1295765817   0.1589026702  -0.0040660638   0.0232738367
       -0.0253681391  -0.0000417317  -0.0011156058   0.0012122080   0.0000334787
       -0.0000881217   0.0000491328   0.0000650606  -0.0003551649   0.0000490421
        0.0002592540   0.0002812397  -0.0002515015
        0.0002761284   0.0000389828   0.0004108082  -0.0132509260   0.0092415208
        0.0279735037  -0.0525499987   0.0152810720   0.0504922370   0.0015448110
       -0.0071812258  -0.0146312538  -0.0004170286  -0.0001471064  -0.0002511609
        0.0018130389   0.0007893709  -0.0011406995   0.0000528132  -0.0001972868
       -0.0002276319   0.0000042583   0.0002452598  -0.0003142261  -0.0060746575
        0.0030140823   0.0008903099   0.0007774388  -0.0001831838   0.0009454038
        0.0023762215  -0.0008929405  -0.0040660638   0.0680056697  -0.0169669943
       -0.0585251500  -0.0017048817  -0.0026881830  -0.0010160105  -0.0000764217
       -0.0000984678  -0.0000371737   0.0000376450  -0.0000090456  -0.0000820597
       -0.0008141107  -0.0002458547  -0.0004208326
        0.0002415147   0.0002854579  -0.0004863549   0.0037023223  -0.0019813903
       -0.0090052976   0.0154673605  -0.0621908262  -0.0584710934   0.0021629332
       -0.0093867232  -0.0247829650  -0.0007134338  -0.0011773815   0.0000977824
        0.0023699525   0.0025625928   0.0004418513  -0.0002104108   0.0000963999
        0.0001983715   0.0003405338  -0.0003366484   0.0004029027   0.0016265165
       -0.0001333333  -0.0000544659  -0.0006578745   0.0005603872   0.0003169912
       -0.0048860604   0.0054335936   0.0232738367  -0.0169669943   0.0698376664
        0.0695520455  -0.0020341366  -0.0032978709  -0.0012516774   0.0000094533
        0.0000338778   0.0002797703   0.0001005886  -0.0002440284  -0.0001141319
       -0.0005522651  -0.0000617734  -0.0003975656
       -0.0004280068   0.0001973527   0.0003580503   0.0037713157  -0.0013166140
       -0.0027324476   0.0506533180  -0.0581968399  -0.2455746891  -0.0000847717
       -0.0060630708  -0.0115391039  -0.0001824365  -0.0003127579  -0.0003854450
        0.0007601257   0.0016101375   0.0018261477  -0.0001203593   0.0001308826
        0.0000868602  -0.0000075253  -0.0001108205   0.0002790724   0.0008584012
       -0.0002817660   0.0009354051  -0.0002686150   0.0003456702   0.0010465307
        0.0051950823  -0.0031609455  -0.0253681391  -0.0585251500   0.0695520455
        0.2813759774  -0.0007961647  -0.0022176205  -0.0001798694  -0.0000602477
        0.0001371572   0.0001834701  -0.0000128959   0.0000068607  -0.0000565693
       -0.0007520700  -0.0003196713  -0.0002552505
       -0.0020732201   0.0017610905  -0.0008438661  -0.0004292399  -0.0002125753
       -0.0003417800  -0.0040692411  -0.0030832141  -0.0159151097  -0.0621612928
        0.0032962996  -0.0669014447  -0.0065635117   0.0056396743  -0.0152467630
       -0.0023283641  -0.0036682947   0.0352116286  -0.0004315018  -0.0001800246
       -0.0002099356  -0.0000442610  -0.0001154742   0.0001874338  -0.0002503040
       -0.0000308568   0.0001071458  -0.0001735505   0.0001423950   0.0002532612
        0.0006621235   0.0003987087  -0.0000417317  -0.0017048817  -0.0020341366
       -0.0007961647   0.0802324458  -0.0034679435   0.0647694247   0.0000393459
        0.0003936728  -0.0007752922  -0.0013919632   0.0010302636  -0.0006415275
        0.0006874167   0.0001304151   0.0011847210
        0.0017338054  -0.0026169617   0.0009372086  -0.0010052153  -0.0008811412
       -0.0008645644  -0.0103257081  -0.0041157674  -0.0224699579   0.0038355450
       -0.0416279119   0.0081161429   0.0117295185  -0.0046532507   0.0205520248
       -0.0018040933   0.0030123365   0.0063755559   0.0005506124   0.0002138760
        0.0002637243   0.0001086931  -0.0000051888   0.0000616839   0.0001090281
       -0.0000063909  -0.0000044723  -0.0004472334   0.0000838255   0.0000869884
       -0.0001795718   0.0006812914  -0.0011156058  -0.0026881830  -0.0032978709
       -0.0022176205  -0.0034679435   0.0541314650  -0.0104589418   0.0004673016
        0.0006494302   0.0010803886   0.0013435205  -0.0019100739   0.0007821484
        0.0000399237   0.0003423329  -0.0011247033
       -0.0009317081   0.0008629177  -0.0000061322  -0.0005423762  -0.0003340524
       -0.0005717023  -0.0059082065  -0.0019526001  -0.0104333726  -0.0700450675
        0.0072816665  -0.2191489728  -0.0035739431   0.0011003291  -0.0057643188
        0.0166303350   0.0046297685  -0.0365087493  -0.0002533824  -0.0001029418
       -0.0000819378   0.0002027629  -0.0000230358   0.0002794805  -0.0001915918
       -0.0000703018   0.0002055691  -0.0002442670   0.0001905599   0.0001087177
        0.0006743415   0.0006215496   0.0012122080  -0.0010160105  -0.0012516774
       -0.0001798694   0.0647694247  -0.0104589418   0.2687666446   0.0007915213
       -0.0008559315   0.0017557222  -0.0004223869   0.0002114922  -0.0001667171
        0.0000605544   0.0001511991   0.0005334303
        0.0022938807  -0.0098127220  -0.0236507462  -0.0000572555  -0.0002305445
       -0.0004499876  -0.0009526910   0.0008079572  -0.0000601458  -0.0054660385
        0.0096345750   0.0147746624  -0.0546563319   0.0214358858   0.0527137145
       -0.0024429337   0.0029343708  -0.0002602024   0.0011466381  -0.0001957732
       -0.0010533155  -0.0034540722  -0.0026295673  -0.0031427569   0.0000129522
       -0.0000280501   0.0001011124  -0.0000555403   0.0000177778   0.0001508311
        0.0000300674   0.0001246055   0.0000334787  -0.0000764217   0.0000094533
       -0.0000602477   0.0000393459   0.0004673016   0.0007915213   0.0682548672
       -0.0272576866  -0.0560649795  -0.0036199988   0.0043919405   0.0157313661
       -0.0009964678   0.0003304761   0.0004456952
        0.0011297991  -0.0037702375  -0.0116389105   0.0000029273   0.0001060714
       -0.0003806606   0.0009228333  -0.0023490202   0.0006576036   0.0087791353
       -0.0112672490  -0.0197458217   0.0205442827  -0.0787581122  -0.0817690122
        0.0021231667  -0.0033605406   0.0003030852   0.0005978986   0.0007303495
        0.0005928182  -0.0015891699  -0.0004178795  -0.0008141497  -0.0003307930
       -0.0002906720   0.0002431495   0.0000958697   0.0000929163   0.0002726073
       -0.0001286525  -0.0003751161  -0.0000881217  -0.0000984678   0.0000338778
        0.0001371572   0.0003936728   0.0006494302  -0.0008559315  -0.0272576866
        0.0909999713   0.0944164562  -0.0059423769   0.0077889456   0.0192033969
        0.0007575610   0.0001872650  -0.0005336662
       -0.0008300100  -0.0068567177  -0.0169105121   0.0002041558   0.0001420533
        0.0000393967  -0.0000284131   0.0002096402   0.0000992920  -0.0003978184
        0.0012227560   0.0007935895   0.0534285641  -0.0829163966  -0.2290856470
        0.0001518021  -0.0001752875   0.0010691228   0.0002428122   0.0003535756
        0.0007645353  -0.0033534223  -0.0019395554  -0.0013083825  -0.0001380385
       -0.0001486882   0.0002837345   0.0000724928   0.0001075693   0.0002092811
        0.0000040228   0.0000087885   0.0000491328  -0.0000371737   0.0002797703
        0.0001834701  -0.0007752922   0.0010803886   0.0017557222  -0.0560649795
        0.0944164562   0.2634036964   0.0076481632  -0.0058152427  -0.0213003061
       -0.0001268652   0.0000308902  -0.0000461257
       -0.0130032935  -0.0180353108   0.0113366531  -0.0039317301  -0.0024375990
       -0.0019309684  -0.0011659558   0.0016356890  -0.0002331333   0.0069539325
        0.0125636024  -0.0090276712  -0.0938647842  -0.0774297546   0.0655424303
        0.0013741587  -0.0007905929  -0.0009514325  -0.0010907960  -0.0003218118
       -0.0002991279   0.0011729507   0.0001629175   0.0005891020   0.0000526805
        0.0002007166  -0.0002024153  -0.0000131684  -0.0011133296   0.0002413000
        0.0001431943   0.0004526327   0.0000650606   0.0000376450   0.0001005886
       -0.0000128959  -0.0013919632   0.0013435205  -0.0004223869  -0.0036199988
       -0.0059423769   0.0076481632   0.1083542671   0.0894241752  -0.0723892913
       -0.0000071390   0.0001869330   0.0000466136
       -0.0066245184  -0.0071558726   0.0046192454  -0.0016682748  -0.0020607166
       -0.0008798372   0.0004820827  -0.0030958339   0.0004012452  -0.0078021614
       -0.0199307128   0.0153418712  -0.0765203191  -0.1538589374   0.0928024250
       -0.0013585357   0.0015256895  -0.0003664841  -0.0003411576  -0.0004078637
       -0.0000457929   0.0000419204   0.0002771571   0.0001588231   0.0001250250
        0.0000279911  -0.0001295111  -0.0000260064  -0.0005361008   0.0002022864
       -0.0003641010  -0.0004525692  -0.0003551649  -0.0000090456  -0.0002440284
        0.0000068607   0.0010302636  -0.0019100739   0.0002114922   0.0043919405
        0.0077889456  -0.0058152427   0.0894241752   0.1791576971  -0.1062328798
       -0.0007812875   0.0008752290   0.0000806635
       -0.0066801579  -0.0088148308   0.0063687544  -0.0018453477  -0.0016385984
       -0.0003813804  -0.0003924008  -0.0001693368  -0.0004629247   0.0016787056
        0.0059030994  -0.0028524877   0.0659367940   0.0941590106  -0.1201393804
       -0.0004942662  -0.0009723047   0.0004209560  -0.0003705815  -0.0001257144
       -0.0001576485  -0.0008134931  -0.0008324939   0.0011608462  -0.0001533773
       -0.0002005418   0.0001491760  -0.0001314807  -0.0005635785   0.0002087287
        0.0000538580  -0.0000105603   0.0000490421  -0.0000820597  -0.0001141319
       -0.0000565693  -0.0006415275   0.0007821484  -0.0001667171   0.0157313661
        0.0192033969  -0.0213003061  -0.0723892913  -0.1062328798   0.1370318780
        0.0005932600  -0.0003726839   0.0001280325
       -0.0003708084   0.0002644076   0.0000818276  -0.0001174029   0.0000792913
       -0.0000793990   0.0012717971   0.0009924315  -0.0001898766  -0.0219481690
        0.0232362609  -0.0007286768  -0.0043573854   0.0007288485   0.0042798514
       -0.1507645198   0.1777992636  -0.0046157564  -0.0000048036  -0.0002659621
       -0.0001410251  -0.0000408097   0.0000670887   0.0000303845   0.0001512269
       -0.0000236113  -0.0001142207   0.0001007266  -0.0000274044   0.0000338131
       -0.0000702143  -0.0000881472   0.0002592540  -0.0008141107  -0.0005522651
       -0.0007520700   0.0006874167   0.0000399237   0.0000605544  -0.0009964678
        0.0007575610  -0.0001268652  -0.0000071390  -0.0007812875   0.0005932600
        0.1772806634  -0.2022263992   0.0014089449
       -0.0000208436  -0.0000875055  -0.0001780422  -0.0003132078  -0.0002637097
        0.0000669013   0.0000201628   0.0014414156   0.0001257168  -0.0011027469
        0.0042740763  -0.0033685079   0.0012116548  -0.0001732464  -0.0007873865
        0.2020801724  -0.3112464466   0.0445150948   0.0000627437   0.0001031123
       -0.0000498640  -0.0001061992  -0.0000272847  -0.0002213792  -0.0000086944
        0.0000337281   0.0000137878  -0.0000924607   0.0000300372  -0.0000077897
        0.0000938485   0.0000923923   0.0002812397  -0.0002458547  -0.0000617734
       -0.0003196713   0.0001304151   0.0003423329   0.0001511991   0.0003304761
        0.0001872650   0.0000308902   0.0001869330   0.0008752290  -0.0003726839
       -0.2022263992   0.3044803777  -0.0398795050
        0.0003578942  -0.0002567156   0.0000935615  -0.0001758959  -0.0000090619
       -0.0000652760  -0.0001329814   0.0008408645   0.0010139339   0.0136958130
       -0.0193454799  -0.0005746393   0.0026510202   0.0002052626  -0.0010773871
       -0.0190642183   0.0603855080  -0.0251172983   0.0000511029   0.0000408410
        0.0000045978  -0.0001159554   0.0000249430  -0.0001521353   0.0000865504
       -0.0000327139  -0.0000882799  -0.0000926411  -0.0001000817  -0.0000401168
        0.0000741692   0.0001014106  -0.0002515015  -0.0004208326  -0.0003975656
       -0.0002552505   0.0011847210  -0.0011247033   0.0005334303   0.0004456952
       -0.0005336662  -0.0000461257   0.0000466136   0.0000806635   0.0001280325
        0.0014089449  -0.0398795050   0.0258944544
