           1           2   1.02055040513786     
           2           3   1.00403238150825     
           3           4  0.985348733861234     
           4           5  0.999402784465172     
           4           6  0.996553207842779     
           4           7  0.999780258521779     
           1           8  0.987920418459377     
           1           9  0.987650491211975     
           1          10  0.985372039085832     
           2          11  0.972933242309440     
           2          12  0.980693767913877     
           3          13  0.975116846375932     
           3          14  0.978004891723904     
           5          15  0.985711139476321     
           5          16  0.981932060858990     
           5          17  0.986058957930173     
           6          18  0.985741126383882     
           6          19  0.986081900369649     
           6          20  0.986297944450994     
           7          21  0.985440381234013     
           7          22  0.985385538009189     
           7          23  0.983411771221777     
