$hessian                                                                        
        0.5082700595  -0.0314464940  -0.0112081177  -0.1121583493  -0.0628602616
       -0.0220087397  -0.0248276373  -0.0176106138  -0.0056556784   0.0011286941
       -0.0040865077  -0.0016149208  -0.0072422505   0.0000285238   0.0003210871
       -0.0495909766   0.0097600110   0.0365721766  -0.0549116198   0.0427877315
       -0.0286211338  -0.2625571387   0.0630341876   0.0322159448   0.0012855144
        0.0003987927  -0.0011190121   0.0024009528   0.0010351353   0.0014318125
       -0.0003380727   0.0002043523   0.0000931976  -0.0014591759  -0.0012448571
       -0.0004066161
       -0.0314464940   0.4904418783  -0.0121224909  -0.0613670760  -0.1475324263
       -0.0277947800  -0.0036187040   0.0046263696   0.0015751788   0.0016084034
       -0.0000130097   0.0001086988   0.0016283430   0.0003369741  -0.0002221551
        0.0097958706  -0.0564854969  -0.0529912603   0.0434495062  -0.2002186184
        0.1098465407   0.0624104012  -0.0593641801  -0.0080025918  -0.0065933646
       -0.0081152767  -0.0057794721  -0.0164595343  -0.0241890669  -0.0046752462
        0.0001938134   0.0001098624   0.0000447910   0.0003988351   0.0004029908
        0.0000127870
       -0.0112081177  -0.0121224909   0.5216383845  -0.0214398302  -0.0277390651
       -0.0772982867  -0.0003848467   0.0021383443   0.0016476173   0.0005498016
        0.0003191446  -0.0003662582   0.0009204455  -0.0001654106   0.0006636150
        0.0374699575  -0.0523466578  -0.2703294042  -0.0292574632   0.1092183781
       -0.1212622492   0.0319795781  -0.0080184156  -0.0488162383  -0.0178727565
       -0.0236027252  -0.0105825106   0.0089359288   0.0121967563   0.0043683038
        0.0000878449   0.0000452677  -0.0000148040   0.0002194580   0.0000768742
        0.0003518306
       -0.1121583493  -0.0613670760  -0.0214398302   0.4417554779   0.0047373246
        0.0041844288  -0.1514556255   0.0225972986   0.0116316958  -0.0217580732
        0.0211332044   0.0095333661  -0.0430188295  -0.0067577652  -0.0007328120
        0.0016920876   0.0007121877  -0.0019345076   0.0029137349   0.0007847714
        0.0022356053  -0.0226585295  -0.0240232049  -0.0081950756  -0.0440939838
        0.0067108497   0.0321486635  -0.0491978023   0.0371790370  -0.0270753821
       -0.0005322698   0.0014927881   0.0005821663  -0.0014878376  -0.0031994154
       -0.0009383182
       -0.0628602616  -0.1475324263  -0.0277390651   0.0047373246   0.4999528890
       -0.0015598083   0.0159335132  -0.0639757295   0.0022814210   0.0407714147
       -0.0233905078  -0.0170590244  -0.0203020672   0.0044958677   0.0006775332
       -0.0055678734  -0.0087070010  -0.0060068730  -0.0159219612  -0.0252342291
       -0.0051349164   0.0017825597   0.0039379628   0.0013048908   0.0067067243
       -0.0510380785  -0.0475508704   0.0400168397  -0.1869471376   0.1032870008
       -0.0005679401   0.0004570594   0.0003132522  -0.0047282726  -0.0020186692
       -0.0028135403
       -0.0220087397  -0.0277947800  -0.0772982867   0.0041844288  -0.0015598083
        0.5031146876   0.0091112551   0.0020450266  -0.0711903037   0.0169867224
       -0.0163162928   0.0106104952  -0.0058624823   0.0001371303   0.0050598225
       -0.0182359916  -0.0245801360  -0.0108878627   0.0098544168   0.0125499306
        0.0044217839   0.0015633958   0.0022998749   0.0011272980   0.0366673999
       -0.0499897113  -0.2553153479  -0.0305441805   0.1058373117  -0.1142641879
       -0.0002103224   0.0002407876  -0.0002254027  -0.0015059024  -0.0028693333
        0.0048473044
       -0.0248276373  -0.0036187040  -0.0003848467  -0.1514556255   0.0159335132
        0.0091112551   0.5529696818  -0.0865448072  -0.0470956654  -0.1522442184
        0.1879594550   0.0747126357  -0.1919983308  -0.1105132166  -0.0358312649
        0.0002591517   0.0000711748   0.0003159884   0.0003116942   0.0003112392
       -0.0001926013  -0.0014882975  -0.0020717248  -0.0006888661  -0.0060438457
        0.0045671723   0.0035050419  -0.0079499762   0.0062947957   0.0009697552
        0.0111088066   0.0092004731   0.0027242572  -0.0286414027  -0.0215893707
       -0.0071456891
       -0.0176106138   0.0046263696   0.0021383443   0.0225972986  -0.0639757295
        0.0020450266  -0.0865448072   0.8297763053   0.2489155483   0.1788826637
       -0.5450762008  -0.1896073099  -0.1120312263  -0.1969313246  -0.0573039555
       -0.0017831559   0.0003451684  -0.0016320763  -0.0023313837  -0.0011390129
        0.0015034209  -0.0031121901  -0.0043687976  -0.0017838276   0.0061849357
       -0.0019024519  -0.0042565226   0.0238002881  -0.0107650088  -0.0001800497
       -0.0063128264  -0.0221259660  -0.0050219771  -0.0017389826   0.0115366488
        0.0051833786
       -0.0056556784   0.0015751788   0.0016476173   0.0116316958   0.0022814210
       -0.0711903037  -0.0470956654   0.2489155483   0.2786266377   0.0712766480
       -0.1899562736  -0.1382369990  -0.0364404945  -0.0573830485  -0.0548300874
       -0.0017116114  -0.0002581880  -0.0007592259   0.0001325057  -0.0000492376
        0.0006658124  -0.0010946150  -0.0017891454  -0.0000683432   0.0287598442
       -0.0095283256  -0.0083059903  -0.0170475574   0.0058231957   0.0024687884
       -0.0031300117  -0.0056009695  -0.0102750857   0.0003749402   0.0059698444
        0.0002571795
        0.0011286941   0.0016084034   0.0005498016  -0.0217580732   0.0407714147
        0.0169867224  -0.1522442184   0.1788826637   0.0712766480   0.1595626517
       -0.2024481426  -0.0818807423   0.0207174889  -0.0216664309  -0.0084395047
        0.0001269905   0.0000379162   0.0001449188   0.0000788990   0.0000986946
       -0.0000843778   0.0006493770   0.0007133184   0.0002356916  -0.0052091752
        0.0021025627   0.0010822968  -0.0050227484   0.0020509146   0.0009041650
       -0.0006305543  -0.0061159904  -0.0020348018   0.0026006682   0.0039646756
        0.0012591826
       -0.0040865077  -0.0000130097   0.0003191446   0.0211332044  -0.0233905078
       -0.0163162928   0.1879594550  -0.5450762008  -0.1899562736  -0.2024481426
        0.6585989960   0.2471876726  -0.0019531994  -0.0839678359  -0.0374112548
        0.0006151602   0.0001780196   0.0014179080   0.0009140946   0.0013046246
       -0.0010656306  -0.0006063921   0.0007060404   0.0003083712   0.0031977202
       -0.0014100897   0.0001841510   0.0014227921   0.0000892457  -0.0010123734
       -0.0093970856  -0.0054519972  -0.0042648484   0.0032489008  -0.0015672852
        0.0006094261
       -0.0016149208   0.0001086988  -0.0003662582   0.0095333661  -0.0170590244
        0.0106104952   0.0747126357  -0.1896073099  -0.1382369990  -0.0818807423
        0.2471876726   0.1244814506  -0.0009620089  -0.0366601071   0.0010006007
        0.0008340190   0.0002452106   0.0007988418  -0.0002486723   0.0001639699
       -0.0002724358  -0.0002546914   0.0002375851   0.0001075230  -0.0011480194
        0.0006557484   0.0008263863   0.0033130931  -0.0014609359  -0.0008403146
       -0.0032807805  -0.0043889073   0.0051975866   0.0009967218   0.0005773991
       -0.0033068766
       -0.0072422505   0.0016283430   0.0009204455  -0.0430188295  -0.0203020672
       -0.0058624823  -0.1919983308  -0.1120312263  -0.0364404945   0.0207174889
       -0.0019531994  -0.0009620089   0.7057856803  -0.0260622116  -0.0365671542
        0.0003510207   0.0002657023   0.0004153563   0.0003095305   0.0004529264
       -0.0001665333  -0.0016826461  -0.0015192487  -0.0005001734  -0.0012236971
       -0.0012133271  -0.0002719250  -0.0011177752  -0.0011873756  -0.0004573638
       -0.0909823477   0.1068929896   0.0440208012  -0.3898978436   0.0550286945
        0.0358715323
        0.0000285238   0.0003369741  -0.0001654106  -0.0067577652   0.0044958677
        0.0001371303  -0.1105132166  -0.1969313246  -0.0573830485  -0.0216664309
       -0.0839678359  -0.0366601071  -0.0260622116   0.6541753745   0.2429533932
        0.0005175867  -0.0001558053   0.0003132296   0.0006196659   0.0003786065
       -0.0003681488  -0.0002598746   0.0002278740   0.0000810558   0.0007111572
       -0.0001871162   0.0002949352  -0.0004058151   0.0007023595  -0.0009190993
        0.1024402336  -0.3211476333  -0.1259537085   0.0613481469  -0.0579273411
       -0.0223302213
        0.0003210871  -0.0002221551   0.0006636150  -0.0007328120   0.0006775332
        0.0050598225  -0.0358312649  -0.0573039555  -0.0548300874  -0.0084395047
       -0.0374112548   0.0010006007  -0.0365671542   0.2429533932   0.1092711418
        0.0003978980   0.0002489029   0.0003609258   0.0000198655  -0.0002868023
       -0.0001343833  -0.0000300714   0.0001155093   0.0001248256  -0.0012591591
        0.0001428659   0.0014624074   0.0015473219  -0.0006553332   0.0004610310
        0.0423465045  -0.1261732791  -0.0482635958   0.0382272894  -0.0220854246
       -0.0151763032
       -0.0495909766   0.0097958706   0.0374699575   0.0016920876  -0.0055678734
       -0.0182359916   0.0002591517  -0.0017831559  -0.0017116114   0.0001269905
        0.0006151602   0.0008340190   0.0003510207   0.0005175867   0.0003978980
        0.0548076397  -0.0078155086  -0.0413194680   0.0018217897  -0.0007382707
       -0.0072036684  -0.0078536379   0.0077191366   0.0314835964  -0.0021238730
       -0.0033561832  -0.0017647011   0.0004096419   0.0004425972   0.0000551901
        0.0001226785   0.0001197285  -0.0000050097  -0.0000225129   0.0000509120
       -0.0000002108
        0.0097600110  -0.0564854969  -0.0523466578   0.0007121877  -0.0087070010
       -0.0245801360   0.0000711748   0.0003451684  -0.0002581880   0.0000379162
        0.0001780196   0.0002452106   0.0002657023  -0.0001558053   0.0002489029
       -0.0078155086   0.0653883842   0.0634374512  -0.0036188588   0.0044192650
        0.0261451140   0.0034264766  -0.0017946202  -0.0099926638  -0.0033840516
       -0.0037244587  -0.0022176471   0.0004210486   0.0003889368  -0.0006105794
        0.0000679065   0.0000585005  -0.0000643003   0.0000559954   0.0000891076
       -0.0000065063
        0.0365721766  -0.0529912603  -0.2703294042  -0.0019345076  -0.0060068730
       -0.0108878627   0.0003159884  -0.0016320763  -0.0007592259   0.0001449188
        0.0014179080   0.0007988418   0.0004153563   0.0003132296   0.0003609258
       -0.0413194680   0.0634374512   0.3109541419   0.0032200953  -0.0011634404
       -0.0236397731   0.0035726625  -0.0018605316  -0.0073681573  -0.0014205510
       -0.0020410155   0.0003241909   0.0003006666   0.0003300574   0.0006614316
        0.0000678672   0.0001268205  -0.0000623850   0.0000647949   0.0000697304
       -0.0000527238
       -0.0549116198   0.0434495062  -0.0292574632   0.0029137349  -0.0159219612
        0.0098544168   0.0003116942  -0.0023313837   0.0001325057   0.0000788990
        0.0009140946  -0.0002486723   0.0003095305   0.0006196659   0.0000198655
        0.0018217897  -0.0036188588   0.0032200953   0.0609325033  -0.0463360752
        0.0345849093  -0.0099019499   0.0265227257  -0.0180017170   0.0004088851
        0.0003308501   0.0002608248  -0.0020610179  -0.0037504057  -0.0006622734
        0.0001214077   0.0000852542   0.0000663091  -0.0000238569   0.0000365879
        0.0000311992
        0.0427877315  -0.2002186184   0.1092183781   0.0007847714  -0.0252342291
        0.0125499306   0.0003112392  -0.0011390129  -0.0000492376   0.0000986946
        0.0013046246   0.0001639699   0.0004529264   0.0003786065  -0.0002868023
       -0.0007382707   0.0044192650  -0.0011634404  -0.0463360752   0.2335427336
       -0.1263410387   0.0054336200  -0.0092945022   0.0067652709   0.0005377097
        0.0003902520   0.0003314308  -0.0035331575  -0.0042568962  -0.0014382128
        0.0001098244   0.0000443794   0.0001494902   0.0000909860   0.0000633975
        0.0001002611
       -0.0286211338   0.1098465407  -0.1212622492   0.0022356053  -0.0051349164
        0.0044217839  -0.0001926013   0.0015034209   0.0006658124  -0.0000843778
       -0.0010656306  -0.0002724358  -0.0001665333  -0.0003681488  -0.0001343833
       -0.0072036684   0.0261451140  -0.0236397731   0.0345849093  -0.1263410387
        0.1366514143   0.0003260483  -0.0023522482   0.0021859600   0.0000841663
       -0.0006069667   0.0006633991  -0.0009363741  -0.0016034435   0.0007923508
       -0.0000138116  -0.0000484158  -0.0000479749  -0.0000122288   0.0000257329
       -0.0000239041
       -0.2625571387   0.0624104012   0.0319795781  -0.0226585295   0.0017825597
        0.0015633958  -0.0014882975  -0.0031121901  -0.0010946150   0.0006493770
       -0.0006063921  -0.0002546914  -0.0016826461  -0.0002598746  -0.0000300714
       -0.0078536379   0.0034264766   0.0035726625  -0.0099019499   0.0054336200
        0.0003260483   0.3048798805  -0.0697253883  -0.0362901505   0.0004326560
        0.0004976735  -0.0000629226   0.0004878033   0.0003358794   0.0003524048
       -0.0001083283   0.0000740949   0.0000306263  -0.0001991888  -0.0002568602
       -0.0000922648
        0.0630341876  -0.0593641801  -0.0080184156  -0.0240232049   0.0039379628
        0.0022998749  -0.0020717248  -0.0043687976  -0.0017891454   0.0007133184
        0.0007060404   0.0002375851  -0.0015192487   0.0002278740   0.0001155093
        0.0077191366  -0.0017946202  -0.0018605316   0.0265227257  -0.0092945022
       -0.0023522482  -0.0697253883   0.0688665857   0.0110102826   0.0000824801
        0.0005295123   0.0003214291  -0.0003042980   0.0006638224   0.0000458876
       -0.0000387641   0.0001472067   0.0000599917  -0.0003892194  -0.0002569042
       -0.0000702193
        0.0322159448  -0.0080025918  -0.0488162383  -0.0081950756   0.0013048908
        0.0011272980  -0.0006888661  -0.0017838276  -0.0000683432   0.0002356916
        0.0003083712   0.0001075230  -0.0005001734   0.0000810558   0.0001248256
        0.0314835964  -0.0099926638  -0.0073681573  -0.0180017170   0.0067652709
        0.0021859600  -0.0362901505   0.0110102826   0.0523875788  -0.0005473812
        0.0001662037   0.0002689544   0.0004403204   0.0001640835   0.0000892921
       -0.0000123592   0.0000559001   0.0000178644  -0.0001398301  -0.0000769753
       -0.0000565575
        0.0012855144  -0.0065933646  -0.0178727565  -0.0440939838   0.0067067243
        0.0366673999  -0.0060438457   0.0061849357   0.0287598442  -0.0052091752
        0.0031977202  -0.0011480194  -0.0012236971   0.0007111572  -0.0012591591
       -0.0021238730  -0.0033840516  -0.0014205510   0.0004088851   0.0005377097
        0.0000841663   0.0004326560   0.0000824801  -0.0005473812   0.0539283131
       -0.0061915639  -0.0366251080   0.0026692487  -0.0008205375  -0.0065273726
       -0.0004585583  -0.0005736364   0.0005020288   0.0004285159   0.0001424268
       -0.0006130916
        0.0003987927  -0.0081152767  -0.0236027252   0.0067108497  -0.0510380785
       -0.0499897113   0.0045671723  -0.0019024519  -0.0095283256   0.0021025627
       -0.0014100897   0.0006557484  -0.0012133271  -0.0001871162   0.0001428659
       -0.0033561832  -0.0037244587  -0.0020410155   0.0003308501   0.0003902520
       -0.0006069667   0.0004976735   0.0005295123   0.0001662037  -0.0061915639
        0.0615926188   0.0588502648  -0.0032285989   0.0040594161   0.0256734097
       -0.0006402484   0.0000029678   0.0000137978   0.0000220204  -0.0001972953
        0.0002664540
       -0.0011190121  -0.0057794721  -0.0105825106   0.0321486635  -0.0475508704
       -0.2553153479   0.0035050419  -0.0042565226  -0.0083059903   0.0010822968
        0.0001841510   0.0008263863  -0.0002719250   0.0002949352   0.0014624074
       -0.0017647011  -0.0022176471   0.0003241909   0.0002608248   0.0003314308
        0.0006633991  -0.0000629226   0.0003214291   0.0002689544  -0.0366251080
        0.0588502648   0.2943805865   0.0025784783  -0.0009060933  -0.0237650026
        0.0006470166   0.0006321547  -0.0000961100  -0.0003786532   0.0000962399
        0.0001390368
        0.0024009528  -0.0164595343   0.0089359288  -0.0491978023   0.0400168397
       -0.0305441805  -0.0079499762   0.0238002881  -0.0170475574  -0.0050227484
        0.0014227921   0.0033130931  -0.0011177752  -0.0004058151   0.0015473219
        0.0004096419   0.0004210486   0.0003006666  -0.0020610179  -0.0035331575
       -0.0009363741   0.0004878033  -0.0003042980   0.0004403204   0.0026692487
       -0.0032285989   0.0025784783   0.0594533395  -0.0412897416   0.0316470200
       -0.0005642988  -0.0001391012  -0.0007516481   0.0004926327  -0.0003007218
        0.0005169311
        0.0010351353  -0.0241890669   0.0121967563   0.0371790370  -0.1869471376
        0.1058373117   0.0062947957  -0.0107650088   0.0058231957   0.0020509146
        0.0000892457  -0.0014609359  -0.0011873756   0.0007023595  -0.0006553332
        0.0004425972   0.0003889368   0.0003300574  -0.0037504057  -0.0042568962
       -0.0016034435   0.0003358794   0.0006638224   0.0001640835  -0.0008205375
        0.0040594161  -0.0009060933  -0.0412897416   0.2198585836  -0.1197847588
       -0.0000494503   0.0002762113   0.0003041852  -0.0002408485   0.0001195341
       -0.0002450252
        0.0014318125  -0.0046752462   0.0043683038  -0.0270753821   0.1032870008
       -0.1142641879   0.0009697552  -0.0001800497   0.0024687884   0.0009041650
       -0.0010123734  -0.0008403146  -0.0004573638  -0.0009190993   0.0004610310
        0.0000551901  -0.0006105794   0.0006614316  -0.0006622734  -0.0014382128
        0.0007923508   0.0003524048   0.0000458876   0.0000892921  -0.0065273726
        0.0256734097  -0.0237650026   0.0316470200  -0.1197847588   0.1305372809
       -0.0008900260  -0.0003083218  -0.0002650570   0.0002520703  -0.0000776567
       -0.0002439166
       -0.0003380727   0.0001938134   0.0000878449  -0.0005322698  -0.0005679401
       -0.0002103224   0.0111088066  -0.0063128264  -0.0031300117  -0.0006305543
       -0.0093970856  -0.0032807805  -0.0909823477   0.1024402336   0.0423465045
        0.0001226785   0.0000679065   0.0000678672   0.0001214077   0.0001098244
       -0.0000138116  -0.0001083283  -0.0000387641  -0.0000123592  -0.0004585583
       -0.0006402484   0.0006470166  -0.0005642988  -0.0000494503  -0.0008900260
        0.0904794816  -0.1112098714  -0.0454014212  -0.0082179444   0.0254044084
        0.0097894995
        0.0002043523   0.0001098624   0.0000452677   0.0014927881   0.0004570594
        0.0002407876   0.0092004731  -0.0221259660  -0.0056009695  -0.0061159904
       -0.0054519972  -0.0043889073   0.1068929896  -0.3211476333  -0.1261732791
        0.0001197285   0.0000585005   0.0001268205   0.0000852542   0.0000443794
       -0.0000484158   0.0000740949   0.0001472067   0.0000559001  -0.0005736364
        0.0000029678   0.0006321547  -0.0001391012   0.0002762113  -0.0003083218
       -0.1112098714   0.3513146422   0.1354173129  -0.0000310814  -0.0036852332
        0.0000016500
        0.0000931976   0.0000447910  -0.0000148040   0.0005821663   0.0003132522
       -0.0002254027   0.0027242572  -0.0050219771  -0.0102750857  -0.0020348018
       -0.0042648484   0.0051975866   0.0440208012  -0.1259537085  -0.0482635958
       -0.0000050097  -0.0000643003  -0.0000623850   0.0000663091   0.0001494902
       -0.0000479749   0.0000306263   0.0000599917   0.0000178644   0.0005020288
        0.0000137978  -0.0000961100  -0.0007516481   0.0003041852  -0.0002650570
       -0.0454014212   0.1354173129   0.0580722632   0.0001734942  -0.0009979867
       -0.0040372989
       -0.0014591759   0.0003988351   0.0002194580  -0.0014878376  -0.0047282726
       -0.0015059024  -0.0286414027  -0.0017389826   0.0003749402   0.0026006682
        0.0032489008   0.0009967218  -0.3898978436   0.0613481469   0.0382272894
       -0.0000225129   0.0000559954   0.0000647949  -0.0000238569   0.0000909860
       -0.0000122288  -0.0001991888  -0.0003892194  -0.0001398301   0.0004285159
        0.0000220204  -0.0003786532   0.0004926327  -0.0002408485   0.0002520703
       -0.0082179444  -0.0000310814   0.0001734942   0.4264279459  -0.0580364801
       -0.0382721541
       -0.0012448571   0.0004029908   0.0000768742  -0.0031994154  -0.0020186692
       -0.0028693333  -0.0215893707   0.0115366488   0.0059698444   0.0039646756
       -0.0015672852   0.0005773991   0.0550286945  -0.0579273411  -0.0220854246
        0.0000509120   0.0000891076   0.0000697304   0.0000365879   0.0000633975
        0.0000257329  -0.0002568602  -0.0002569042  -0.0000769753   0.0001424268
       -0.0001972953   0.0000962399  -0.0003007218   0.0001195341  -0.0000776567
        0.0254044084  -0.0036852332  -0.0009979867  -0.0580364801   0.0534410495
        0.0192915556
       -0.0004066161   0.0000127870   0.0003518306  -0.0009383182  -0.0028135403
        0.0048473044  -0.0071456891   0.0051833786   0.0002571795   0.0012591826
        0.0006094261  -0.0033068766   0.0358715323  -0.0223302213  -0.0151763032
       -0.0000002108  -0.0000065063  -0.0000527238   0.0000311992   0.0001002611
       -0.0000239041  -0.0000922648  -0.0000702193  -0.0000565575  -0.0006130916
        0.0002664540   0.0001390368   0.0005169311  -0.0002450252  -0.0002439166
        0.0097894995   0.0000016500  -0.0040372989  -0.0382721541   0.0192915556
        0.0173022293
