$hessian                                                                        
        0.4752276721   0.0267945817  -0.0013923308  -0.1733657187   0.0574172283
       -0.0018772123  -0.0266798687   0.0071290160   0.0002039233  -0.0069462496
       -0.0025646929  -0.0001000083  -0.0448221202   0.0106159968  -0.0179463845
       -0.1664135460  -0.1220039747   0.0045759223  -0.0446923430   0.0118612561
        0.0171850377  -0.0068206343   0.0050289582   0.0021234007  -0.0068956862
        0.0048015836  -0.0024842503   0.0007958396   0.0006618938  -0.0002317464
        0.0005866396   0.0007507657   0.0000870582   0.0000260152  -0.0004926125
       -0.0001434095
        0.0267945817   0.5124491032   0.0014543065   0.0561879179  -0.0943124938
        0.0009756829  -0.0117371174   0.0071766669  -0.0000905214  -0.0067221560
       -0.0007984871  -0.0002081593   0.0112485847  -0.1144294951   0.1073068191
       -0.1221271213  -0.1608467677   0.0042979947   0.0123063243  -0.1311921751
       -0.1141993971   0.0189515736  -0.0102843326  -0.0022079997   0.0168742917
       -0.0088323156   0.0025916171  -0.0009009137   0.0004941134  -0.0003799248
       -0.0008232734   0.0006536247   0.0003915502  -0.0000526920  -0.0000774411
        0.0000680319
       -0.0013923308   0.0014543065   0.5235819042  -0.0021717505   0.0010428481
       -0.0674764601   0.0005963993  -0.0003887276   0.0003397126   0.0002596160
        0.0000029072   0.0004293621  -0.0183307147   0.1072886575  -0.2122634869
        0.0046508618   0.0043530741  -0.0451595920   0.0172880414  -0.1140887362
       -0.1972540786   0.0218910567  -0.0123691454  -0.0010015291  -0.0228860088
        0.0126841590  -0.0017972698   0.0006702537  -0.0001475996   0.0003167405
       -0.0005285705   0.0001463672   0.0002939245  -0.0000468535   0.0000218893
       -0.0000092275
       -0.1733657187   0.0561879179  -0.0021717505   0.4581402666  -0.0170584997
        0.0038580740  -0.1116357350  -0.0597821634   0.0035925627  -0.0461783082
       -0.0129161382  -0.0005618422  -0.0064256439   0.0053800879  -0.0034212239
       -0.0263787126   0.0090075097  -0.0003540226  -0.0061895760   0.0053907282
        0.0029019195  -0.0432194746   0.0101878263   0.0138692831  -0.0433655869
        0.0108765096  -0.0175357920  -0.0015334932  -0.0044846252   0.0021631726
       -0.0014258152  -0.0032529360  -0.0018287069   0.0015777977   0.0004637829
       -0.0005116737
        0.0574172283  -0.0943124938   0.0010428481  -0.0170584997   0.4934711597
       -0.0022520121  -0.0654373881  -0.1281894034   0.0022253620   0.0140239417
        0.0083234928   0.0000294246   0.0168200286  -0.0099724024   0.0031861952
       -0.0176965461   0.0082890201  -0.0003004715   0.0183637307  -0.0110746222
       -0.0024907939   0.0092659102  -0.1261495450  -0.1057761471   0.0112070909
       -0.1102422240   0.1021102072  -0.0135658323  -0.0159605997   0.0046021815
       -0.0145131879  -0.0164848868  -0.0026598202   0.0011735237   0.0023025046
        0.0002830260
       -0.0018772123   0.0009756829  -0.0674764601   0.0038580740  -0.0022520121
        0.5379658900   0.0019848193   0.0023887623  -0.0699014023  -0.0013458282
       -0.0020593034   0.0033364913  -0.0235509706   0.0132502429  -0.0020059245
        0.0006934185  -0.0003241847   0.0003204338   0.0220948136  -0.0124637451
       -0.0008652415   0.0129491548  -0.1055703387  -0.1873469511  -0.0176637761
        0.1019312026  -0.2095557771   0.0179181178   0.0213490259  -0.0042754980
       -0.0162807864  -0.0185463783  -0.0009004533   0.0012201756   0.0013210457
        0.0007048928
       -0.0266798687  -0.0117371174   0.0005963993  -0.1116357350  -0.0654373881
        0.0019848193   0.4287775586  -0.0053198210   0.0031667602  -0.2011973510
        0.0747447923  -0.0150469465   0.0003354748  -0.0007028490   0.0003366775
       -0.0036482391   0.0016113117  -0.0000123916   0.0004669396  -0.0006546983
       -0.0002869776  -0.0015397288  -0.0024127361  -0.0012892408  -0.0005728899
       -0.0017354710   0.0017258877  -0.0377878087   0.0007532476  -0.0040309278
       -0.0395851485   0.0047108518   0.0076642353  -0.0069332034   0.0061798776
        0.0051917050
        0.0071290160   0.0071766669  -0.0003887276  -0.0597821634  -0.1281894034
        0.0023887623  -0.0053198210   0.4790603631   0.0269874441   0.0533421751
       -0.0851636871  -0.0099343129   0.0013534582   0.0005663033  -0.0000739641
        0.0033110455  -0.0003826340   0.0000304623   0.0012510357   0.0006231231
        0.0001095835  -0.0159143281  -0.0180493475  -0.0032926446  -0.0147768992
       -0.0156944646   0.0046511397   0.0025612316  -0.1001877397   0.0876524715
        0.0021260555  -0.1247257605  -0.1087307629   0.0247191940  -0.0150334195
        0.0006005487
        0.0002039233  -0.0000905214   0.0003397126   0.0035925627   0.0022253620
       -0.0699014023   0.0031667602   0.0269874441   0.5285917942  -0.0341245289
        0.0002578034  -0.0712935875  -0.0011235560  -0.0002518609   0.0000906325
       -0.0000867148   0.0000548238   0.0004658267   0.0008177021   0.0002395600
        0.0000978357  -0.0173996763  -0.0192908563  -0.0009368057   0.0186585672
        0.0202957450  -0.0034309387  -0.0049705454   0.0866729872  -0.1928362131
        0.0036065376  -0.1060984091  -0.1930506522   0.0276589684  -0.0110020780
        0.0018637976
       -0.0069462496  -0.0067221560   0.0002596160  -0.0461783082   0.0140239417
       -0.0013458282  -0.2011973510   0.0533421751  -0.0341245289   0.3192612537
       -0.1196479636   0.0271788882   0.0006516974  -0.0002299665   0.0002295248
       -0.0029009199   0.0007216960  -0.0000150303   0.0004610686  -0.0002511829
       -0.0001595072   0.0024344440   0.0011061968  -0.0005462650   0.0021271466
        0.0011834421   0.0001165188  -0.0205200295   0.0174868712  -0.0121172606
       -0.0094788086   0.0085872470   0.0051408071  -0.0377139434   0.0303996991
        0.0153830654
       -0.0025646929  -0.0007984871   0.0000029072  -0.0129161382   0.0083234928
       -0.0020593034   0.0747447923  -0.0851636871   0.0002578034  -0.1196479636
        0.2895242699   0.2160888564  -0.0005776272   0.0000365893  -0.0002566542
       -0.0004111367   0.0004523225  -0.0000164699  -0.0002779974  -0.0000058398
        0.0001451598  -0.0007809553   0.0010139092   0.0011237039   0.0010738688
        0.0017062775  -0.0012264719   0.0259228302  -0.0123582568   0.0072942197
        0.0233566855  -0.0137179867  -0.0033874838   0.0120783345  -0.1890126036
       -0.2179662672
       -0.0001000083  -0.0002081593   0.0004293621  -0.0005618422   0.0000294246
        0.0033364913  -0.0150469465  -0.0099343129  -0.0712935875   0.0271788882
        0.2160888564   0.3259522486   0.0003301398  -0.0001728604   0.0001991493
       -0.0000954273  -0.0000604847   0.0002103929  -0.0001080067   0.0000935067
        0.0000699173  -0.0003768879   0.0006429780   0.0002675961  -0.0003753481
       -0.0009869607   0.0006724857  -0.0278354541   0.0147296860  -0.0002035965
        0.0244809303  -0.0139390096   0.0006423668  -0.0074900372  -0.2062826642
       -0.2602828261
       -0.0448221202   0.0112485847  -0.0183307147  -0.0064256439   0.0168200286
       -0.0235509706   0.0003354748   0.0013534582  -0.0011235560   0.0006516974
       -0.0005776272   0.0003301398   0.0531393335  -0.0158142830   0.0218122130
        0.0010223618  -0.0141270482   0.0198368465   0.0009750046  -0.0013444435
        0.0015395271   0.0008424091  -0.0004096427  -0.0003448705  -0.0053158000
        0.0031218127  -0.0006420873  -0.0004738743  -0.0003125890   0.0005185050
       -0.0000048171  -0.0000531964   0.0000513730   0.0000759743   0.0000949457
       -0.0000964053
        0.0106159968  -0.1144294951   0.1072886575   0.0053800879  -0.0099724024
        0.0132502429  -0.0007028490   0.0005663033  -0.0002518609  -0.0002299665
        0.0000365893  -0.0001728604  -0.0158142830   0.1308255608  -0.1264544609
       -0.0009947960  -0.0157464005   0.0220952822  -0.0014557367   0.0096649888
       -0.0161345812  -0.0003408902  -0.0000329458   0.0003612875   0.0034160655
       -0.0011681018   0.0001372258   0.0001466664   0.0003616018  -0.0001718402
       -0.0000026852  -0.0000562531  -0.0000658129  -0.0000176100  -0.0000494454
        0.0001187206
       -0.0179463845   0.1073068191  -0.2122634869  -0.0034212239   0.0031861952
       -0.0020059245   0.0003366775  -0.0000739641   0.0000906325   0.0002295248
       -0.0002566542   0.0001991493   0.0218122130  -0.1264544609   0.2432841134
        0.0009967020   0.0030912341  -0.0029793448  -0.0014396286   0.0133754038
       -0.0283902699   0.0003332951  -0.0003505106   0.0007879423  -0.0006010021
        0.0003969817   0.0012093695  -0.0003742680  -0.0002882057   0.0004464854
        0.0000129412   0.0000240293  -0.0002967217   0.0000611536   0.0000431324
       -0.0000819447
       -0.1664135460  -0.1221271213   0.0046508618  -0.0263787126  -0.0176965461
        0.0006934185  -0.0036482391   0.0033110455  -0.0000867148  -0.0029009199
       -0.0004111367  -0.0000954273   0.0010223618  -0.0009947960   0.0009967020
        0.1956469306   0.1395147235  -0.0052800151   0.0010243257  -0.0010837140
       -0.0009295511   0.0006293789  -0.0004097412   0.0001790813   0.0005839798
       -0.0004276089  -0.0001264282   0.0001816861   0.0002046316  -0.0001510701
        0.0001670955   0.0002797776   0.0001658867   0.0000856591  -0.0001595140
       -0.0000167438
       -0.1220039747  -0.1608467677   0.0043530741   0.0090075097   0.0082890201
       -0.0003241847   0.0016113117  -0.0003826340   0.0000548238   0.0007216960
        0.0004523225  -0.0000604847  -0.0141270482  -0.0157464005   0.0030912341
        0.1395147235   0.1843900613  -0.0051379987  -0.0154852019  -0.0174652185
       -0.0019719702   0.0001919158   0.0005895022   0.0002327240   0.0001460480
        0.0005038326  -0.0002717139   0.0002172060   0.0001216146  -0.0002104027
        0.0002250616   0.0001012514   0.0001672093  -0.0000192475  -0.0000065840
        0.0000776895
        0.0045759223   0.0042979947  -0.0451595920  -0.0003540226  -0.0003004715
        0.0003204338  -0.0000123916   0.0000304623   0.0004658267  -0.0000150303
       -0.0000164699   0.0002103929   0.0198368465   0.0220952822  -0.0029793448
       -0.0052800151  -0.0051379987   0.0480286367  -0.0186879318  -0.0209687497
       -0.0011190563   0.0004618880   0.0002280206   0.0000375365  -0.0004557168
       -0.0002564293   0.0000756213  -0.0001591726  -0.0000905913   0.0000544846
        0.0001140113   0.0000795905   0.0000351666  -0.0000243872   0.0000393602
        0.0000298939
       -0.0446923430   0.0123063243   0.0172880414  -0.0061895760   0.0183637307
        0.0220948136   0.0004669396   0.0012510357   0.0008177021   0.0004610686
       -0.0002779974  -0.0001080067   0.0009750046  -0.0014557367  -0.0014396286
        0.0010243257  -0.0154852019  -0.0186879318   0.0529086117  -0.0171243094
       -0.0204370805  -0.0053833744   0.0032403417   0.0005737197   0.0008385388
       -0.0003380736   0.0003961852   0.0000259386  -0.0000680265  -0.0000265999
       -0.0005516955  -0.0002836260  -0.0003306756   0.0001165612  -0.0001284609
       -0.0001405389
        0.0118612561  -0.1311921751  -0.1140887362   0.0053907282  -0.0110746222
       -0.0124637451  -0.0006546983   0.0006231231   0.0002395600  -0.0002511829
       -0.0000058398   0.0000935067  -0.0013444435   0.0096649888   0.0133754038
       -0.0010837140  -0.0174652185  -0.0209687497  -0.0171243094   0.1503827244
        0.1340317514   0.0035653708  -0.0012181287  -0.0000864186  -0.0003614537
       -0.0000472035  -0.0003316687  -0.0000048035  -0.0000421617   0.0000505078
        0.0001345787   0.0003730255   0.0001146821  -0.0001273285   0.0000014878
        0.0000339066
        0.0171850377  -0.1141993971  -0.1972540786   0.0029019195  -0.0024907939
       -0.0008652415  -0.0002869776   0.0001095835   0.0000978357  -0.0001595072
        0.0001451598   0.0000699173   0.0015395271  -0.0161345812  -0.0283902699
       -0.0009295511  -0.0019719702  -0.0011190563  -0.0204370805   0.1340317514
        0.2253299390   0.0003414973  -0.0001767472   0.0012364594  -0.0003250046
        0.0004264299   0.0007878935  -0.0000221118  -0.0000078769  -0.0002932825
        0.0003374923   0.0002204166   0.0003598122  -0.0001452412   0.0000480253
        0.0000400715
       -0.0068206343   0.0189515736   0.0218910567  -0.0432194746   0.0092659102
        0.0129491548  -0.0015397288  -0.0159143281  -0.0173996763   0.0024344440
       -0.0007809553  -0.0003768879   0.0008424091  -0.0003408902   0.0003332951
        0.0006293789   0.0001919158   0.0004618880  -0.0053833744   0.0035653708
        0.0003414973   0.0547309187  -0.0115882748  -0.0160929464   0.0014806835
       -0.0012558223  -0.0020331665   0.0006614932   0.0006491635  -0.0005570949
       -0.0033443631  -0.0033268029  -0.0000402493  -0.0004717521   0.0005831396
        0.0005231295
        0.0050289582  -0.0102843326  -0.0123691454   0.0101878263  -0.1261495450
       -0.1055703387  -0.0024127361  -0.0180493475  -0.0192908563   0.0011061968
        0.0010139092   0.0006429780  -0.0004096427  -0.0000329458  -0.0003505106
       -0.0004097412   0.0005895022   0.0002280206   0.0032403417  -0.0012181287
       -0.0001767472  -0.0115882748   0.1477933597   0.1254658824  -0.0011234875
        0.0089644116   0.0121404060   0.0006445976   0.0004203013  -0.0006752353
       -0.0036985920  -0.0034116919  -0.0000801775  -0.0005654463   0.0003645074
        0.0000357240
        0.0021234007  -0.0022079997  -0.0010015291   0.0138692831  -0.1057761471
       -0.1873469511  -0.0012892408  -0.0032926446  -0.0009368057  -0.0005462650
        0.0011237039   0.0002675961  -0.0003448705   0.0003612875   0.0007879423
        0.0001790813   0.0002327240   0.0000375365   0.0005737197  -0.0000864186
        0.0012364594  -0.0160929464   0.1254658824   0.2134707998   0.0021795172
       -0.0156708983  -0.0286877580   0.0002777952   0.0005744675   0.0007987075
       -0.0001431953  -0.0003635628   0.0012517502  -0.0007862792  -0.0003603942
        0.0001222520
       -0.0068956862   0.0168742917  -0.0228860088  -0.0433655869   0.0112070909
       -0.0176637761  -0.0005728899  -0.0147768992   0.0186585672   0.0021271466
        0.0010738688  -0.0003753481  -0.0053158000   0.0034160655  -0.0006010021
        0.0005839798   0.0001460480  -0.0004557168   0.0008385388  -0.0003614537
       -0.0003250046   0.0014806835  -0.0011234875   0.0021795172   0.0541102503
       -0.0129484923   0.0202527103  -0.0034033038  -0.0037617661   0.0006076212
        0.0006898518   0.0005504462   0.0003697811  -0.0002771840  -0.0002957123
        0.0002386594
        0.0048015836  -0.0088323156   0.0126841590   0.0108765096  -0.1102422240
        0.1019312026  -0.0017354710  -0.0156944646   0.0202957450   0.0011834421
        0.0017062775  -0.0009869607   0.0031218127  -0.0011681018   0.0003969817
       -0.0004276089   0.0005038326  -0.0002564293  -0.0003380736  -0.0000472035
        0.0004264299  -0.0012558223   0.0089644116  -0.0156708983  -0.0129484923
        0.1284537709  -0.1203510054  -0.0037216262  -0.0035545167   0.0008164899
        0.0005759503   0.0002563417   0.0006945405  -0.0001322040  -0.0003458080
        0.0000197452
       -0.0024842503   0.0025916171  -0.0017972698  -0.0175357920   0.1021102072
       -0.2095557771   0.0017258877   0.0046511397  -0.0034309387   0.0001165188
       -0.0012264719   0.0006724857  -0.0006420873   0.0001372258   0.0012093695
       -0.0001264282  -0.0002717139   0.0000756213   0.0003961852  -0.0003316687
        0.0007878935  -0.0020331665   0.0121404060  -0.0286877580   0.0202527103
       -0.1203510054   0.2392748058   0.0004416763   0.0006964107   0.0012656209
       -0.0003124409  -0.0005507929   0.0007761286   0.0002011868   0.0004046464
       -0.0005901817
        0.0007958396  -0.0009009137   0.0006702537  -0.0015334932  -0.0135658323
        0.0179181178  -0.0377878087   0.0025612316  -0.0049705454  -0.0205200295
        0.0259228302  -0.0278354541  -0.0004738743   0.0001466664  -0.0003742680
        0.0001816861   0.0002172060  -0.0001591726   0.0000259386  -0.0000048035
       -0.0000221118   0.0006614932   0.0006445976   0.0002777952  -0.0034033038
       -0.0037216262   0.0004416763   0.0595798814  -0.0105716610   0.0140254238
        0.0017889117  -0.0008398405   0.0004562632   0.0006847589   0.0001121453
       -0.0004279781
        0.0006618938   0.0004941134  -0.0001475996  -0.0044846252  -0.0159605997
        0.0213490259   0.0007532476  -0.1001877397   0.0866729872   0.0174868712
       -0.0123582568   0.0147296860  -0.0003125890   0.0003616018  -0.0002882057
        0.0002046316   0.0001216146  -0.0000905913  -0.0000680265  -0.0000421617
       -0.0000078769   0.0006491635   0.0004203013   0.0005744675  -0.0037617661
       -0.0035545167   0.0006964107  -0.0105716610   0.1221786999  -0.1096592275
       -0.0005639387   0.0086534515  -0.0149111886   0.0000067987  -0.0001265079
        0.0010821122
       -0.0002317464  -0.0003799248   0.0003167405   0.0021631726   0.0046021815
       -0.0042754980  -0.0040309278   0.0876524715  -0.1928362131  -0.0121172606
        0.0072942197  -0.0002035965   0.0005185050  -0.0001718402   0.0004464854
       -0.0001510701  -0.0002104027   0.0000544846  -0.0000265999   0.0000505078
       -0.0002932825  -0.0005570949  -0.0006752353   0.0007987075   0.0006076212
        0.0008164899   0.0012656209   0.0140254238  -0.1096592275   0.2214617373
       -0.0005166100   0.0118161930  -0.0284336615   0.0003165872  -0.0011354329
        0.0016984753
        0.0005866396  -0.0008232734  -0.0005285705  -0.0014258152  -0.0145131879
       -0.0162807864  -0.0395851485   0.0021260555   0.0036065376  -0.0094788086
        0.0233566855   0.0244809303  -0.0000048171  -0.0000026852   0.0000129412
        0.0001670955   0.0002250616   0.0001140113  -0.0005516955   0.0001345787
        0.0003374923  -0.0033443631  -0.0036985920  -0.0001431953   0.0006898518
        0.0005759503  -0.0003124409   0.0017889117  -0.0005639387  -0.0005166100
        0.0565080335  -0.0107925643  -0.0118425584  -0.0053498840   0.0039759099
        0.0010722488
        0.0007507657   0.0006536247   0.0001463672  -0.0032529360  -0.0164848868
       -0.0185463783   0.0047108518  -0.1247257605  -0.1060984091   0.0085872470
       -0.0137179867  -0.0139390096  -0.0000531964  -0.0000562531   0.0000240293
        0.0002797776   0.0001012514   0.0000795905  -0.0002836260   0.0003730255
        0.0002204166  -0.0033268029  -0.0034116919  -0.0003635628   0.0005504462
        0.0002563417  -0.0005507929  -0.0008398405   0.0086534515   0.0118161930
       -0.0107925643   0.1495258145   0.1281223456   0.0036698777  -0.0011669304
       -0.0009107895
        0.0000870582   0.0003915502   0.0002939245  -0.0018287069  -0.0026598202
       -0.0009004533   0.0076642353  -0.1087307629  -0.1930506522   0.0051408071
       -0.0033874838   0.0006423668   0.0000513730  -0.0000658129  -0.0002967217
        0.0001658867   0.0001672093   0.0000351666  -0.0003306756   0.0001146821
        0.0003598122  -0.0000402493  -0.0000801775   0.0012517502   0.0003697811
        0.0006945405   0.0007761286   0.0004562632  -0.0149111886  -0.0284336615
       -0.0118425584   0.1281223456   0.2177925284   0.0001067856   0.0003449180
        0.0015298113
        0.0000260152  -0.0000526920  -0.0000468535   0.0015777977   0.0011735237
        0.0012201756  -0.0069332034   0.0247191940   0.0276589684  -0.0377139434
        0.0120783345  -0.0074900372   0.0000759743  -0.0000176100   0.0000611536
        0.0000856591  -0.0000192475  -0.0000243872   0.0001165612  -0.0001273285
       -0.0001452412  -0.0004717521  -0.0005654463  -0.0007862792  -0.0002771840
       -0.0001322040   0.0002011868   0.0006847589   0.0000067987   0.0003165872
       -0.0053498840   0.0036698777   0.0001067856   0.0481792006  -0.0407332004
       -0.0210720588
       -0.0004926125  -0.0000774411   0.0000218893   0.0004637829   0.0023025046
        0.0013210457   0.0061798776  -0.0150334195  -0.0110020780   0.0303996991
       -0.1890126036  -0.2062826642   0.0000949457  -0.0000494454   0.0000431324
       -0.0001595140  -0.0000065840   0.0000393602  -0.0001284609   0.0000014878
        0.0000480253   0.0005831396   0.0003645074  -0.0003603942  -0.0002957123
       -0.0003458080   0.0004046464   0.0001121453  -0.0001265079  -0.0011354329
        0.0039759099  -0.0011669304   0.0003449180  -0.0407332004   0.2031502400
        0.2165575520
       -0.0001434095   0.0000680319  -0.0000092275  -0.0005116737   0.0002830260
        0.0007048928   0.0051917050   0.0006005487   0.0018637976   0.0153830654
       -0.2179662672  -0.2602828261  -0.0000964053   0.0001187206  -0.0000819447
       -0.0000167438   0.0000776895   0.0000298939  -0.0001405389   0.0000339066
        0.0000400715   0.0005231295   0.0000357240   0.0001222520   0.0002386594
        0.0000197452  -0.0005901817  -0.0004279781   0.0010821122   0.0016984753
        0.0010722488  -0.0009107895   0.0015298113  -0.0210720588   0.2165575520
        0.2549749856
