           1           2   1.02054898852700     
           2           3   1.00402024568965     
           3           4  0.985352252987151     
           4           5  0.996548856050811     
           4           6  0.999403776712666     
           4           7  0.999781891669466     
           1           8  0.987650548241186     
           1           9  0.987930744123616     
           1          10  0.985385315072304     
           2          11  0.980702502329096     
           2          12  0.972916596472006     
           3          13  0.978012467690935     
           3          14  0.975123343881802     
           5          15  0.985741887715581     
           5          16  0.986085161553566     
           5          17  0.986295368598080     
           6          18  0.985707598393768     
           6          19  0.981910444723476     
           6          20  0.986062090300404     
           7          21  0.983415033706535     
           7          22  0.985395126759415     
           7          23  0.985444990372050     
