$hessian                                                                        
        0.6759286901  -0.0014223632   0.0088292306  -0.1550960179  -0.1391761406
       -0.0256514755  -0.0364328258  -0.0246988216  -0.0049878719   0.0054817403
       -0.0006573196  -0.0000801172  -0.0362058141   0.0257714853   0.0037138515
       -0.1532034873   0.1386714809   0.0214622903  -0.0020535701   0.0003830293
       -0.0003003857   0.0006517396  -0.0009456457   0.0002900701   0.0004004108
        0.0005654131   0.0000774342  -0.3010119866   0.0017958509  -0.0033179911
        0.0067025010   0.0121134561   0.0023263063  -0.0060783479  -0.0003766705
       -0.0001204656  -0.0057908566   0.0001693455  -0.0001679744   0.0066400650
       -0.0123311423  -0.0018824522   0.0000183698   0.0000410579  -0.0001062307
        0.0000493897   0.0000969845  -0.0000842190
       -0.0014223632   0.6353967836   0.0874903865  -0.0608309604  -0.2641525563
       -0.0395055485  -0.0839378456   0.0270445560   0.0032416939   0.0002403879
       -0.0635847462  -0.0086433647   0.0845073224   0.0268471169   0.0053860902
        0.0602477330  -0.2680264358  -0.0349120945  -0.0005727654  -0.0010075822
       -0.0001106559   0.0006831541  -0.0001585487  -0.0000939682  -0.0002142273
        0.0000086762   0.0003837553   0.0017002559  -0.0437458567  -0.0015215226
       -0.0115397382  -0.0258540941  -0.0044591824   0.0003280293   0.0014786835
       -0.0012484625  -0.0001307864   0.0012791684  -0.0013444952   0.0112333382
       -0.0257296348  -0.0043862600  -0.0001178027   0.0002199102  -0.0001597591
       -0.0001737314  -0.0000154400  -0.0001166124
        0.0088292306   0.0874903865   0.1328874120  -0.0117678064  -0.0395727789
       -0.0557939461  -0.0151803955   0.0043932322   0.0016719944   0.0003838684
       -0.0098950279  -0.0079280535   0.0135229079   0.0048625399   0.0023095640
        0.0082625311  -0.0340496155  -0.0538796454  -0.0001855607  -0.0002387620
       -0.0003092227   0.0001802566   0.0000064480   0.0000337540  -0.0000907058
        0.0000267020   0.0000975973  -0.0033731681  -0.0015204320  -0.0351688202
       -0.0020340065  -0.0046832052   0.0000481748  -0.0001282385  -0.0014013505
        0.0080180093  -0.0003010879  -0.0009811777   0.0079349681   0.0018818239
       -0.0045031714   0.0001389415   0.0000235720   0.0000346531  -0.0000484892
       -0.0000232210   0.0000315595  -0.0000122383
       -0.1550960179  -0.0608309604  -0.0117678064   0.6571225620  -0.0103509255
        0.0036509593  -0.3327903439  -0.0382412719  -0.0091991927  -0.0378214284
        0.0816829160   0.0128512502  -0.0489362762  -0.0292894519  -0.0056330714
        0.0607230143  -0.0292512920  -0.0042449382   0.0037142730   0.0025502092
        0.0006324797  -0.0022090746   0.0014739285  -0.0002655312  -0.0000663279
       -0.0009485726  -0.0001801568  -0.0186004280  -0.0255807035  -0.0046295214
       -0.1071831284   0.1089327957   0.0184668028  -0.0181534010  -0.0028182612
       -0.0003775539  -0.0002314455  -0.0005678316   0.0001504587  -0.0004959699
        0.0033565676   0.0004529446  -0.0002943821  -0.0001781551   0.0000801077
        0.0003183745   0.0000610086   0.0000127689
       -0.1391761406  -0.2641525563  -0.0395727789  -0.0103509255   0.6515826128
        0.0957911346   0.0397946145  -0.0932479327  -0.0076144478   0.0239678146
        0.0249849886   0.0031542939  -0.0294339997  -0.0128760838  -0.0018939451
        0.0284400155  -0.0655573345  -0.0107378501   0.0030840222  -0.0036814106
       -0.0026354439   0.0009632963   0.0002804781   0.0008912235  -0.0004370219
       -0.0000466637   0.0005113990  -0.0018862497  -0.0009501535  -0.0004678810
        0.1088352415  -0.2307037694  -0.0348161070  -0.0265061864  -0.0022525477
       -0.0006513476  -0.0005341696   0.0005376471   0.0001462492   0.0028742171
       -0.0039707023  -0.0018590305   0.0003074849  -0.0000707511  -0.0003293226
        0.0000579867   0.0001241789   0.0000838544
       -0.0256514755  -0.0395055485  -0.0557939461   0.0036509593   0.0957911346
        0.1335706810   0.0040102234  -0.0090898455  -0.0490613927   0.0038133512
        0.0064791813   0.0029684598  -0.0054142800  -0.0015727152  -0.0064710887
        0.0054031404  -0.0114087841  -0.0005600431   0.0000848292  -0.0018440249
        0.0077927186   0.0018547836  -0.0008559086  -0.0008082349  -0.0009485317
       -0.0002308249  -0.0002509274  -0.0005718104  -0.0006405152   0.0008831937
        0.0187689811  -0.0344214363  -0.0405969334  -0.0052266270  -0.0007016612
        0.0009904873  -0.0000548956   0.0001038904  -0.0001789558   0.0003755156
       -0.0019215634   0.0078364881  -0.0000633571   0.0001045329  -0.0000655495
       -0.0000308062  -0.0002859113  -0.0002549571
       -0.0364328258  -0.0839378456  -0.0151803955  -0.3327903439   0.0397946145
        0.0040102234   0.6543901495   0.0111320632   0.0101392923  -0.1412897967
        0.0609691742   0.0124226358   0.0571133628   0.0249340926   0.0057108681
       -0.0485396332   0.0301333822   0.0043435989  -0.0189408638   0.0210847828
        0.0054162091  -0.0075292246   0.0018726196  -0.0021168259  -0.0015512189
        0.0019414663  -0.0003415152  -0.0007385243  -0.0028986357  -0.0005194997
       -0.0182351809   0.0026909715   0.0005919229  -0.1032315080  -0.1061903737
       -0.0234090903  -0.0011891596  -0.0030455888  -0.0009655381  -0.0002308366
        0.0006619829   0.0000035975  -0.0009290191   0.0008218340   0.0004655710
        0.0001246231   0.0000354600  -0.0005710543
       -0.0246988216   0.0270445560   0.0043932322  -0.0382412719  -0.0932479327
       -0.0090898455   0.0111320632   0.6366868212   0.0983655345   0.1232368335
       -0.2553547961  -0.0349800764  -0.0270819912  -0.0626277389  -0.0116208936
        0.0293171857  -0.0133286256  -0.0009409147   0.0165435364  -0.0006035151
        0.0008527996  -0.0026456681   0.0021586039  -0.0008494967  -0.0025285445
       -0.0039691221  -0.0008493925  -0.0032513873  -0.0037652067  -0.0020043678
        0.0262005128  -0.0021183452  -0.0003181796  -0.1046469204  -0.2280249633
       -0.0430113842  -0.0027735354  -0.0040220512  -0.0018330564   0.0007281739
        0.0005564293   0.0002385040  -0.0011735701   0.0006507458   0.0012297158
       -0.0001165949  -0.0000348593   0.0004178213
       -0.0049878719   0.0032416939   0.0016719944  -0.0091991927  -0.0076144478
       -0.0490613927   0.0101392923   0.0983655345   0.1350179242   0.0231762396
       -0.0373391690  -0.0542600779  -0.0033272214  -0.0103076538  -0.0003792924
        0.0042327870  -0.0008872668  -0.0058802313   0.0001099804   0.0011437086
       -0.0012307383  -0.0007358315  -0.0003481313   0.0013478008   0.0007855819
       -0.0001813676  -0.0000871407  -0.0007669983  -0.0021197480   0.0076383650
        0.0044960489  -0.0004811469   0.0006620567  -0.0229792212  -0.0412763273
       -0.0429054950  -0.0006038412  -0.0018193159   0.0072997679   0.0000954992
        0.0001224625  -0.0001632293  -0.0003353993  -0.0001746897   0.0002491899
       -0.0000998520  -0.0003241354   0.0000804987
        0.0054817403   0.0002403879   0.0003838684  -0.0378214284   0.0239678146
        0.0038133512  -0.1412897967   0.1232368335   0.0231762396   0.5973087669
       -0.0091357256   0.0037995966  -0.1441406023  -0.1236466213  -0.0237928498
       -0.0372091002  -0.0242121437  -0.0045305868  -0.1688442700   0.0007411746
        0.0012460110  -0.0401519298   0.0294219207  -0.0098359732  -0.0353882684
       -0.0190439670   0.0062381163   0.0009612513  -0.0000176427   0.0000443782
       -0.0062037991   0.0004717686  -0.0001665278   0.0071086163  -0.0110519480
       -0.0032204103   0.0074065934   0.0109262043   0.0029565086  -0.0062347523
       -0.0002913956  -0.0002422519  -0.0008764827   0.0007777795  -0.0002982470
       -0.0001065384  -0.0023844398   0.0004287769
       -0.0006573196  -0.0635847462  -0.0098950279   0.0816829160   0.0249849886
        0.0064791813   0.0609691742  -0.2553547961  -0.0373391690  -0.0091357256
        0.6538491194   0.0687505823  -0.0604631754  -0.2564809254  -0.0311362654
       -0.0800026827   0.0265236956   0.0045571288  -0.0013580880  -0.0588778830
       -0.0073606386   0.0429943745  -0.0146040836   0.0104938898  -0.0285485090
       -0.0032482784   0.0045143346  -0.0000058489  -0.0006053020  -0.0004632744
       -0.0002455800   0.0015318395  -0.0010171580   0.0096669063  -0.0254877085
       -0.0041107347  -0.0101565546  -0.0262594207  -0.0051162358   0.0001426057
        0.0014845929  -0.0014634369  -0.0014900466  -0.0003259107  -0.0005163531
       -0.0033924463  -0.0035451814   0.0036231769
       -0.0000801172  -0.0086433647  -0.0079280535   0.0128512502   0.0031542939
        0.0029684598   0.0124226358  -0.0349800764  -0.0542600779   0.0037995966
        0.0687505823   0.1404547927  -0.0144434675  -0.0336032193  -0.0550443156
       -0.0129755055   0.0024941716   0.0022276784   0.0026149210  -0.0016191971
       -0.0656005799  -0.0168305351   0.0097669865   0.0123811359   0.0111943036
        0.0026479692   0.0044574244   0.0000091682  -0.0000256134  -0.0003421573
        0.0001035658  -0.0011968325   0.0078868387   0.0021732673  -0.0048077837
       -0.0004085052  -0.0015812801  -0.0038880471   0.0003935594  -0.0004909728
       -0.0010961776   0.0080193943   0.0001169575  -0.0007520483  -0.0002152916
        0.0011162123   0.0037983568   0.0050096974
       -0.0362058141   0.0845073224   0.0135229079  -0.0489362762  -0.0294339997
       -0.0054142800   0.0571133628  -0.0270819912  -0.0033272214  -0.1441406023
       -0.0604631754  -0.0144434675   0.6737147929  -0.0195063380   0.0072107894
       -0.3372981779  -0.0378012861  -0.0108961981  -0.0260444677  -0.0231822636
       -0.0055151657   0.0001086025  -0.0034581554   0.0012295508  -0.0058217105
        0.0009659826   0.0001153393  -0.0008095810   0.0030675299   0.0003203079
       -0.0001730198  -0.0006340840  -0.0003645707  -0.0008072512   0.0033822443
        0.0006397442  -0.1115981787   0.1136672069   0.0161023247  -0.0181204379
       -0.0027525960  -0.0004618336   0.0000131668  -0.0000849880  -0.0000663422
       -0.0009944078  -0.0011914086   0.0013481152
        0.0257714853   0.0268471169   0.0048625399  -0.0292894519  -0.0128760838
       -0.0015727152   0.0249340926  -0.0626277389  -0.0103076538  -0.1236466213
       -0.2564809254  -0.0336032193  -0.0195063380   0.6400436784   0.0803705062
        0.0394042097  -0.0938674595  -0.0071299497  -0.0175996117   0.0019398918
       -0.0007144613   0.0042079153  -0.0039571006   0.0009694717   0.0020745443
        0.0020589083  -0.0007518880   0.0034108491  -0.0039721330  -0.0018471843
       -0.0006944877   0.0005540798   0.0000740374   0.0028106378  -0.0041679380
       -0.0019281837   0.1136294052  -0.2314999979  -0.0277684012  -0.0258417825
       -0.0015914092  -0.0007255730   0.0002230313  -0.0004908498   0.0000701617
        0.0001121223   0.0000879610   0.0000025126
        0.0037138515   0.0053860902   0.0023095640  -0.0056330714  -0.0018939451
       -0.0064710887   0.0057108681  -0.0116208936  -0.0003792924  -0.0237928498
       -0.0311362654  -0.0550443156   0.0072107894   0.0803705062   0.1305601527
        0.0006371866  -0.0076044454  -0.0491848493  -0.0009685663  -0.0006956482
        0.0003714592  -0.0004101094  -0.0005350163   0.0002476364   0.0002258962
        0.0000316472   0.0008207886   0.0004289633  -0.0019317269   0.0077887455
       -0.0001095580   0.0001216340  -0.0002373615   0.0003173801  -0.0021135505
        0.0074111731   0.0166286212  -0.0278859317  -0.0390155487  -0.0044351238
       -0.0004757980   0.0007158674   0.0001479212  -0.0000664749  -0.0000151996
        0.0003278008   0.0000498183   0.0001222687
       -0.1532034873   0.0602477330   0.0082625311   0.0607230143   0.0284400155
        0.0054031404  -0.0485396332   0.0293171857   0.0042327870  -0.0372091002
       -0.0800026827  -0.0129755055  -0.3372981779   0.0394042097   0.0006371866
        0.6593555206   0.0113053051   0.0102910824   0.0016596547  -0.0040562862
       -0.0005448900   0.0007462108   0.0009174222   0.0000017537  -0.0013302721
       -0.0006620277   0.0004796747  -0.0182985014   0.0257580523   0.0039547280
       -0.0005919071  -0.0034123226  -0.0005619496  -0.0001982133   0.0005443658
        0.0001112653  -0.0170636892   0.0021498892  -0.0000584989  -0.1083784760
       -0.1100319598  -0.0189912337  -0.0001832178   0.0002154312  -0.0002023865
       -0.0001897248  -0.0001343305  -0.0000396849
        0.1386714809  -0.2680264358  -0.0340496155  -0.0292512920  -0.0655573345
       -0.0114087841   0.0301333822  -0.0133286256  -0.0008872668  -0.0242121437
        0.0265236956   0.0024941716  -0.0378012861  -0.0938674595  -0.0076044454
        0.0113053051   0.6548663091   0.0882128919  -0.0032393831  -0.0042904330
       -0.0019996021   0.0005180387   0.0001449251   0.0004010355  -0.0007449057
        0.0006176837   0.0001348270   0.0021760746  -0.0012220171  -0.0003734577
       -0.0028376938  -0.0038968553  -0.0021718992   0.0005697841   0.0005875948
        0.0000979405   0.0250771278  -0.0012198278   0.0000319746  -0.1101493860
       -0.2311395425  -0.0332348295   0.0000384256  -0.0000624274  -0.0000403862
       -0.0002535286  -0.0001292497   0.0003974454
        0.0214622903  -0.0349120945  -0.0538796454  -0.0042449382  -0.0107378501
       -0.0005600431   0.0043435989  -0.0009409147  -0.0058802313  -0.0045305868
        0.0045571288   0.0022276784  -0.0108961981  -0.0071299497  -0.0491848493
        0.0102910824   0.0882128919   0.1314109310  -0.0009607606  -0.0021064399
        0.0079965067   0.0014325221  -0.0005471276  -0.0007059286  -0.0011403466
       -0.0000648468  -0.0002590971   0.0001059229  -0.0000784376   0.0011586265
       -0.0005842422  -0.0021561419   0.0076242251   0.0000969538   0.0001233933
       -0.0002294780   0.0037020151  -0.0004479717   0.0012015839  -0.0188474249
       -0.0334097520  -0.0405635053  -0.0000228870   0.0000612424   0.0000176668
       -0.0002070012  -0.0004231298  -0.0003744404
       -0.0020535701  -0.0005727654  -0.0001855607   0.0037142730   0.0030840222
        0.0000848292  -0.0189408638   0.0165435364   0.0001099804  -0.1688442700
       -0.0013580880   0.0026149210  -0.0260444677  -0.0175996117  -0.0009685663
        0.0016596547  -0.0032393831  -0.0009607606   0.6029429907  -0.1293582478
        0.0475457624  -0.2323811114   0.2407123730  -0.0902687906  -0.1494993142
       -0.0913609753   0.0386244665   0.0004572621  -0.0000576781   0.0001116078
        0.0004128704  -0.0006604444   0.0000011571   0.0003843298  -0.0025122153
        0.0003765533   0.0003418719   0.0013515191  -0.0001164471   0.0002056458
        0.0004828238   0.0000880498   0.0102262979   0.0133528348  -0.0069091320
       -0.0225815992  -0.0288077002   0.0098519298
        0.0003830293  -0.0010075822  -0.0002387620   0.0025502092  -0.0036814106
       -0.0018440249   0.0210847828  -0.0006035151   0.0011437086   0.0007411746
       -0.0588778830  -0.0016191971  -0.0231822636   0.0019398918  -0.0006956482
       -0.0040562862  -0.0042904330  -0.0021064399  -0.1293582478   0.7704284149
       -0.2133754951   0.2414956404  -0.4546308994   0.1432837908  -0.1006408725
       -0.2284882379   0.0794343972  -0.0000649005  -0.0003395714   0.0002294130
        0.0011903581  -0.0003170842  -0.0000966933   0.0004329669  -0.0020492307
        0.0001815839  -0.0025995800  -0.0024024658  -0.0001612038  -0.0015465057
       -0.0004473723   0.0000158119   0.0010556915  -0.0210123620   0.0015815044
       -0.0074851964   0.0057797410  -0.0057327454
       -0.0003003857  -0.0001106559  -0.0003092227   0.0006324797  -0.0026354439
        0.0077927186   0.0054162091   0.0008527996  -0.0012307383   0.0012460110
       -0.0073606386  -0.0656005799  -0.0055151657  -0.0007144613   0.0003714592
       -0.0005448900  -0.0019996021   0.0079965067   0.0475457624  -0.2133754951
        0.2434119423  -0.0914224442   0.1452747453  -0.1136993965   0.0366337816
        0.0708947101  -0.0631737244   0.0000343690   0.0003918882  -0.0019401517
        0.0004017864  -0.0000343874   0.0002083894   0.0002588358   0.0011050034
       -0.0022568297   0.0001469288   0.0011040604  -0.0021887837  -0.0002274850
        0.0000794994  -0.0000457985   0.0015431899   0.0074212319  -0.0094906328
        0.0041510168  -0.0008932540   0.0001548419
        0.0006517396   0.0006831541   0.0001802566  -0.0022090746   0.0009632963
        0.0018547836  -0.0075292246  -0.0026456681  -0.0007358315  -0.0401519298
        0.0429943745  -0.0168305351   0.0001086025   0.0042079153  -0.0004101094
        0.0007462108   0.0005180387   0.0014325221  -0.2323811114   0.2414956404
       -0.0914224442   0.2578309066  -0.2863517131   0.1063187612   0.0206231954
       -0.0017366772   0.0014577132  -0.0001638503   0.0000548366  -0.0003707795
       -0.0008706923   0.0002369635   0.0001047043   0.0002447196  -0.0001408818
       -0.0007040601   0.0001281668  -0.0000173814  -0.0004503741  -0.0000702360
       -0.0001539260  -0.0001290951   0.0018525839  -0.0042548984   0.0016967761
        0.0011899937   0.0041469266  -0.0019922880
       -0.0009456457  -0.0001585487   0.0000064480   0.0014739285   0.0002804781
       -0.0008559086   0.0018726196   0.0021586039  -0.0003481313   0.0294219207
       -0.0146040836   0.0097669865  -0.0034581554  -0.0039571006  -0.0005350163
        0.0009174222   0.0001449251  -0.0005471276   0.2407123730  -0.4546308994
        0.1452747453  -0.2863517131   0.5582436317  -0.1959702456   0.0199890794
       -0.0829126244   0.0369834110   0.0000329774   0.0001626655   0.0002287868
        0.0002989656  -0.0000219391   0.0000710812  -0.0002758035   0.0008735373
        0.0007689154   0.0005127481   0.0018509562   0.0007696892   0.0001944523
        0.0002601873   0.0000210184  -0.0078895472  -0.0077332540   0.0049501813
        0.0034943782   0.0000434648  -0.0005848336
        0.0002900701  -0.0000939682   0.0000337540  -0.0002655312   0.0008912235
       -0.0008082349  -0.0021168259  -0.0008494967   0.0013478008  -0.0098359732
        0.0104938898   0.0123811359   0.0012295508   0.0009694717   0.0002476364
        0.0000017537   0.0004010355  -0.0007059286  -0.0902687906   0.1432837908
       -0.1136993965   0.1063187612  -0.1959702456   0.0996826552  -0.0069793184
        0.0379861837   0.0004337948  -0.0000481998  -0.0000510253   0.0001678319
       -0.0002628924   0.0000619935  -0.0001074286   0.0000549702  -0.0002034529
       -0.0000123809   0.0004752987  -0.0001996154  -0.0001894999   0.0000112278
       -0.0000748741   0.0000104376   0.0029464710   0.0051625990   0.0045553519
       -0.0015505718  -0.0018075093  -0.0033375291
        0.0004004108  -0.0002142273  -0.0000907058  -0.0000663279  -0.0004370219
       -0.0009485317  -0.0015512189  -0.0025285445   0.0007855819  -0.0353882684
       -0.0285485090   0.0111943036  -0.0058217105   0.0020745443   0.0002258962
       -0.0013302721  -0.0007449057  -0.0011403466  -0.1494993142  -0.1006408725
        0.0366337816   0.0206231954   0.0199890794  -0.0069793184   0.7167910052
       -0.0404551866   0.0160402934  -0.0001137212  -0.0000218590   0.0002543146
       -0.0001122779   0.0001475314   0.0000161409  -0.0015206000   0.0002901745
        0.0011611388   0.0002107686   0.0004770452   0.0005511806  -0.0006112876
       -0.0001051560  -0.0000131460  -0.1396535152   0.1381034899  -0.0781800343
       -0.4023568662   0.0126144180   0.0204894512
        0.0005654131   0.0000086762   0.0000267020  -0.0009485726  -0.0000466637
       -0.0002308249   0.0019414663  -0.0039691221  -0.0001813676  -0.0190439670
       -0.0032482784   0.0026479692   0.0009659826   0.0020589083   0.0000316472
       -0.0006620277   0.0006176837  -0.0000648468  -0.0913609753  -0.2284882379
        0.0708947101  -0.0017366772  -0.0829126244   0.0379861837  -0.0404551866
        0.6036017719  -0.2708080887   0.0000277231   0.0001632080   0.0000997970
       -0.0001512327   0.0001854231   0.0000034228   0.0006459146   0.0018965933
       -0.0000430739   0.0007314267   0.0006185713   0.0006288340  -0.0000543200
        0.0000626427  -0.0000069005   0.1342640282  -0.2459991036   0.1404613265
        0.0152710045  -0.0445494482   0.0185545097
        0.0000774342   0.0003837553   0.0000975973  -0.0001801568   0.0005113990
       -0.0002509274  -0.0003415152  -0.0008493925  -0.0000871407   0.0062381163
        0.0045143346   0.0044574244   0.0001153393  -0.0007518880   0.0008207886
        0.0004796747   0.0001348270  -0.0002590971   0.0386244665   0.0794343972
       -0.0631737244   0.0014577132   0.0369834110   0.0004337948   0.0160402934
       -0.2708080887   0.1478826022   0.0000475911   0.0000496141   0.0000940573
       -0.0000542733   0.0000163277  -0.0000442016  -0.0000659549   0.0006054920
        0.0001482691  -0.0002650046   0.0000669366  -0.0001341355   0.0000750374
        0.0000373110  -0.0000468428  -0.0743241013   0.1326175251  -0.0737553967
        0.0120753401   0.0170540386  -0.0161830674
       -0.3010119866   0.0017002559  -0.0033731681  -0.0186004280  -0.0018862497
       -0.0005718104  -0.0007385243  -0.0032513873  -0.0007669983   0.0009612513
       -0.0000058489   0.0000091682  -0.0008095810   0.0034108491   0.0004289633
       -0.0182985014   0.0021760746   0.0001059229   0.0004572621  -0.0000649005
        0.0000343690  -0.0001638503   0.0000329774  -0.0000481998  -0.0001137212
        0.0000277231   0.0000475911   0.3380765836  -0.0020455541   0.0040546651
        0.0009332378   0.0006027759   0.0001758973  -0.0008873962   0.0000139589
        0.0000330787  -0.0008066094  -0.0001040944  -0.0000187536   0.0009348099
       -0.0006411443  -0.0000472373   0.0000793624   0.0000411255  -0.0000675375
       -0.0000119087  -0.0000065614   0.0000040495
        0.0017958509  -0.0437458567  -0.0015204320  -0.0255807035  -0.0009501535
       -0.0006405152  -0.0028986357  -0.0037652067  -0.0021197480  -0.0000176427
       -0.0006053020  -0.0000256134   0.0030675299  -0.0039721330  -0.0019317269
        0.0257580523  -0.0012220171  -0.0000784376  -0.0000576781  -0.0003395714
        0.0003918882   0.0000548366   0.0001626655  -0.0000510253  -0.0000218590
        0.0001632080   0.0000496141  -0.0020455541   0.0531384786   0.0049079234
       -0.0009007332   0.0006881162   0.0005652863  -0.0013417166  -0.0001623473
       -0.0000031389   0.0012610807  -0.0000848562   0.0000319603   0.0008669495
        0.0007002587   0.0005510290   0.0000698276   0.0000067069  -0.0000802778
       -0.0000096045  -0.0000119899  -0.0000467862
       -0.0033179911  -0.0015215226  -0.0351688202  -0.0046295214  -0.0004678810
        0.0008831937  -0.0005194997  -0.0020043678   0.0076383650   0.0000443782
       -0.0004632744  -0.0003421573   0.0003203079  -0.0018471843   0.0077887455
        0.0039547280  -0.0003734577   0.0011586265   0.0001116078   0.0002294130
       -0.0019401517  -0.0003707795   0.0002287868   0.0001678319   0.0002543146
        0.0000997970   0.0000940573   0.0040546651   0.0049079234   0.0248779168
       -0.0001043578   0.0005849159  -0.0024743326  -0.0002395516  -0.0000002267
       -0.0001000031   0.0002189511   0.0000329720  -0.0001581461   0.0001768121
        0.0005358439  -0.0024763258   0.0000287827  -0.0000219532  -0.0000201720
        0.0000171536   0.0000802156   0.0000713720
        0.0067025010  -0.0115397382  -0.0020340065  -0.1071831284   0.1088352415
        0.0187689811  -0.0182351809   0.0262005128   0.0044960489  -0.0062037991
       -0.0002455800   0.0001035658  -0.0001730198  -0.0006944877  -0.0001095580
       -0.0005919071  -0.0028376938  -0.0005842422   0.0004128704   0.0011903581
        0.0004017864  -0.0008706923   0.0002989656  -0.0002628924  -0.0001122779
       -0.0001512327  -0.0000542733   0.0009332378  -0.0009007332  -0.0001043578
        0.1243624153  -0.1203403383  -0.0206962048   0.0007136565   0.0007944415
        0.0001816909   0.0000125922  -0.0000740137   0.0000040649   0.0002597953
       -0.0006986572  -0.0000918145  -0.0000229296   0.0001732737  -0.0000143674
       -0.0000041335  -0.0000103183  -0.0000044211
        0.0121134561  -0.0258540941  -0.0046832052   0.1089327957  -0.2307037694
       -0.0344214363   0.0026909715  -0.0021183452  -0.0004811469   0.0004717686
        0.0015318395  -0.0011968325  -0.0006340840   0.0005540798   0.0001216340
       -0.0034123226  -0.0038968553  -0.0021561419  -0.0006604444  -0.0003170842
       -0.0000343874   0.0002369635  -0.0000219391   0.0000619935   0.0001475314
        0.0001854231   0.0000163277   0.0006027759   0.0006881162   0.0005849159
       -0.1203403383   0.2601304342   0.0413928940  -0.0007993275   0.0009699120
        0.0006575406  -0.0000563147   0.0000953459   0.0003434596   0.0006809312
       -0.0012249821  -0.0001433328   0.0000414891  -0.0000372830  -0.0000284208
       -0.0000158516   0.0000192017  -0.0000338615
        0.0023263063  -0.0044591824   0.0000481748   0.0184668028  -0.0348161070
       -0.0405969334   0.0005919229  -0.0003181796   0.0006620567  -0.0001665278
       -0.0010171580   0.0078868387  -0.0003645707   0.0000740374  -0.0002373615
       -0.0005619496  -0.0021718992   0.0076242251   0.0000011571  -0.0000966933
        0.0002083894   0.0001047043   0.0000710812  -0.0001074286   0.0000161409
        0.0000034228  -0.0000442016   0.0001758973   0.0005652863  -0.0024743326
       -0.0206962048   0.0413928940   0.0314069017  -0.0000956988   0.0007412450
       -0.0025649390   0.0000232501   0.0002835428  -0.0017744313   0.0001432021
       -0.0002426445  -0.0000717329   0.0000148627  -0.0000033275   0.0000238489
        0.0000207050  -0.0000063179   0.0000109257
       -0.0060783479   0.0003280293  -0.0001282385  -0.0181534010  -0.0265061864
       -0.0052266270  -0.1032315080  -0.1046469204  -0.0229792212   0.0071086163
        0.0096669063   0.0021732673  -0.0008072512   0.0028106378   0.0003173801
       -0.0001982133   0.0005697841   0.0000969538   0.0003843298   0.0004329669
        0.0002588358   0.0002447196  -0.0002758035   0.0000549702  -0.0015206000
        0.0006459146  -0.0000659549  -0.0008873962  -0.0013417166  -0.0002395516
        0.0007136565  -0.0007993275  -0.0000956988   0.1230316411   0.1179937195
        0.0241973261   0.0002680695   0.0006944403   0.0001179040   0.0000347379
        0.0000339647   0.0000273912  -0.0009275881   0.0002529740   0.0014992090
        0.0000185352   0.0001406169  -0.0000079455
       -0.0003766705   0.0014786835  -0.0014013505  -0.0028182612  -0.0022525477
       -0.0007016612  -0.1061903737  -0.2280249633  -0.0412763273  -0.0110519480
       -0.0254877085  -0.0048077837   0.0033822443  -0.0041679380  -0.0021135505
        0.0005443658   0.0005875948   0.0001233933  -0.0025122153  -0.0020492307
        0.0011050034  -0.0001408818   0.0008735373  -0.0002034529   0.0002901745
        0.0018965933   0.0006054920   0.0000139589  -0.0001623473  -0.0000002267
        0.0007944415   0.0009699120   0.0007412450   0.1179937195   0.2568084467
        0.0493048253  -0.0008449488  -0.0011904449  -0.0002341187   0.0000326672
        0.0000664926   0.0003916728   0.0010878367   0.0005676436  -0.0011949865
       -0.0002041089   0.0000862767  -0.0003381736
       -0.0001204656  -0.0012484625   0.0080180093  -0.0003775539  -0.0006513476
        0.0009904873  -0.0234090903  -0.0430113842  -0.0429054950  -0.0032204103
       -0.0041107347  -0.0004085052   0.0006397442  -0.0019281837   0.0074111731
        0.0001112653   0.0000979405  -0.0002294780   0.0003765533   0.0001815839
       -0.0022568297  -0.0007040601   0.0007689154  -0.0000123809   0.0011611388
       -0.0000430739   0.0001482691   0.0000330787  -0.0000031389  -0.0001000031
        0.0001816909   0.0006575406  -0.0025649390   0.0241973261   0.0493048253
        0.0343754826  -0.0002331291  -0.0002508328   0.0000384277   0.0000352803
        0.0003285106  -0.0018529671   0.0014300212  -0.0002802463  -0.0006906832
       -0.0001013896   0.0001880881   0.0000394320
       -0.0057908566  -0.0001307864  -0.0003010879  -0.0002314455  -0.0005341696
       -0.0000548956  -0.0011891596  -0.0027735354  -0.0006038412   0.0074065934
       -0.0101565546  -0.0015812801  -0.1115981787   0.1136294052   0.0166286212
       -0.0170636892   0.0250771278   0.0037020151   0.0003418719  -0.0025995800
        0.0001469288   0.0001281668   0.0005127481   0.0004752987   0.0002107686
        0.0007314267  -0.0002650046  -0.0008066094   0.0012610807   0.0002189511
        0.0000125922  -0.0000563147   0.0000232501   0.0002680695  -0.0008449488
       -0.0002331291   0.1274808437  -0.1249861975  -0.0181819992   0.0007901397
        0.0007845292   0.0001733283   0.0000812810   0.0001216062  -0.0000902527
       -0.0000403877  -0.0000358369  -0.0000569030
        0.0001693455   0.0012791684  -0.0009811777  -0.0005678316   0.0005376471
        0.0001038904  -0.0030455888  -0.0040220512  -0.0018193159   0.0109262043
       -0.0262594207  -0.0038880471   0.1136672069  -0.2314999979  -0.0278859317
        0.0021498892  -0.0012198278  -0.0004479717   0.0013515191  -0.0024024658
        0.0011040604  -0.0000173814   0.0018509562  -0.0001996154   0.0004770452
        0.0006185713   0.0000669366  -0.0001040944  -0.0000848562   0.0000329720
       -0.0000740137   0.0000953459   0.0002835428   0.0006944403  -0.0011904449
       -0.0002508328  -0.1249861975   0.2613018558   0.0337590268  -0.0008001793
        0.0008537520   0.0005126311   0.0001122769   0.0000994897  -0.0002034553
        0.0000473593   0.0000422781  -0.0001867126
       -0.0001679744  -0.0013444952   0.0079349681   0.0001504587   0.0001462492
       -0.0001789558  -0.0009655381  -0.0018330564   0.0072997679   0.0029565086
       -0.0051162358   0.0003935594   0.0161023247  -0.0277684012  -0.0390155487
       -0.0000584989   0.0000319746   0.0012015839  -0.0001164471  -0.0001612038
       -0.0021887837  -0.0004503741   0.0007696892  -0.0001894999   0.0005511806
        0.0006288340  -0.0001341355  -0.0000187536   0.0000319603  -0.0001581461
        0.0000040649   0.0003434596  -0.0017744313   0.0001179040  -0.0002341187
        0.0000384277  -0.0181819992   0.0337590268   0.0292167005  -0.0000325698
        0.0005956331  -0.0025388546   0.0000674375   0.0000171931  -0.0000322212
        0.0000422761   0.0001334914   0.0001255692
        0.0066400650   0.0112333382   0.0018818239  -0.0004959699   0.0028742171
        0.0003755156  -0.0002308366   0.0007281739   0.0000954992  -0.0062347523
        0.0001426057  -0.0004909728  -0.0181204379  -0.0258417825  -0.0044351238
       -0.1083784760  -0.1101493860  -0.0188474249   0.0002056458  -0.0015465057
       -0.0002274850  -0.0000702360   0.0001944523   0.0000112278  -0.0006112876
       -0.0000543200   0.0000750374   0.0009348099   0.0008669495   0.0001768121
        0.0002597953   0.0006809312   0.0001432021   0.0000347379   0.0000326672
        0.0000352803   0.0007901397  -0.0008001793  -0.0000325698   0.1253704108
        0.1216317860   0.0211645035   0.0000051699   0.0000893358  -0.0000362699
       -0.0000987779  -0.0000822834   0.0001109443
       -0.0123311423  -0.0257296348  -0.0045031714   0.0033565676  -0.0039707023
       -0.0019215634   0.0006619829   0.0005564293   0.0001224625  -0.0002913956
        0.0014845929  -0.0010961776  -0.0027525960  -0.0015914092  -0.0004757980
       -0.1100319598  -0.2311395425  -0.0334097520   0.0004828238  -0.0004473723
        0.0000794994  -0.0001539260   0.0002601873  -0.0000748741  -0.0001051560
        0.0000626427   0.0000373110  -0.0006411443   0.0007002587   0.0005358439
       -0.0006986572  -0.0012249821  -0.0002426445   0.0000339647   0.0000664926
        0.0003285106   0.0007845292   0.0008537520   0.0005956331   0.1216317860
        0.2601178862   0.0400760820   0.0000519291   0.0000255233  -0.0000500353
        0.0000023939  -0.0000241216  -0.0000013260
       -0.0018824522  -0.0043862600   0.0001389415   0.0004529446  -0.0018590305
        0.0078364881   0.0000035975   0.0002385040  -0.0001632293  -0.0002422519
       -0.0014634369   0.0080193943  -0.0004618336  -0.0007255730   0.0007158674
       -0.0189912337  -0.0332348295  -0.0405635053   0.0000880498   0.0000158119
       -0.0000457985  -0.0001290951   0.0000210184   0.0000104376  -0.0000131460
       -0.0000069005  -0.0000468428  -0.0000472373   0.0005510290  -0.0024763258
       -0.0000918145  -0.0001433328  -0.0000717329   0.0000273912   0.0003916728
       -0.0018529671   0.0001733283   0.0005126311  -0.0025388546   0.0211645035
        0.0400760820   0.0310276693  -0.0000162937   0.0000076039   0.0000055665
       -0.0000344571   0.0000050099   0.0000048917
        0.0000183698  -0.0001178027   0.0000235720  -0.0002943821   0.0003074849
       -0.0000633571  -0.0009290191  -0.0011735701  -0.0003353993  -0.0008764827
       -0.0014900466   0.0001169575   0.0000131668   0.0002230313   0.0001479212
       -0.0001832178   0.0000384256  -0.0000228870   0.0102262979   0.0010556915
        0.0015431899   0.0018525839  -0.0078895472   0.0029464710  -0.1396535152
        0.1342640282  -0.0743241013   0.0000793624   0.0000698276   0.0000287827
       -0.0000229296   0.0000414891   0.0000148627  -0.0009275881   0.0010878367
        0.0014300212   0.0000812810   0.0001122769   0.0000674375   0.0000051699
        0.0000519291  -0.0000162937   0.1436314053  -0.1486192914   0.0806367440
       -0.0130205024   0.0220382371  -0.0121939215
        0.0000410579   0.0002199102   0.0000346531  -0.0001781551  -0.0000707511
        0.0001045329   0.0008218340   0.0006507458  -0.0001746897   0.0007777795
       -0.0003259107  -0.0007520483  -0.0000849880  -0.0004908498  -0.0000664749
        0.0002154312  -0.0000624274   0.0000612424   0.0133528348  -0.0210123620
        0.0074212319  -0.0042548984  -0.0077332540   0.0051625990   0.1381034899
       -0.2459991036   0.1326175251   0.0000411255   0.0000067069  -0.0000219532
        0.0001732737  -0.0000372830  -0.0000033275   0.0002529740   0.0005676436
       -0.0002802463   0.0001216062   0.0000994897   0.0000171931   0.0000893358
        0.0000255233   0.0000076039  -0.1486192914   0.2745701387  -0.1430128228
       -0.0008534097  -0.0004082165  -0.0011150187
       -0.0001062307  -0.0001597591  -0.0000484892   0.0000801077  -0.0003293226
       -0.0000655495   0.0004655710   0.0012297158   0.0002491899  -0.0002982470
       -0.0005163531  -0.0002152916  -0.0000663422   0.0000701617  -0.0000151996
       -0.0002023865  -0.0000403862   0.0000176668  -0.0069091320   0.0015815044
       -0.0094906328   0.0016967761   0.0049501813   0.0045553519  -0.0781800343
        0.1404613265  -0.0737553967  -0.0000675375  -0.0000802778  -0.0000201720
       -0.0000143674  -0.0000284208   0.0000238489   0.0014992090  -0.0011949865
       -0.0006906832  -0.0000902527  -0.0002034553  -0.0000322212  -0.0000362699
       -0.0000500353   0.0000055665   0.0806367440  -0.1430128228   0.0816816642
        0.0015923926  -0.0026770702  -0.0021996523
        0.0000493897  -0.0001737314  -0.0000232210   0.0003183745   0.0000579867
       -0.0000308062   0.0001246231  -0.0001165949  -0.0000998520  -0.0001065384
       -0.0033924463   0.0011162123  -0.0009944078   0.0001121223   0.0003278008
       -0.0001897248  -0.0002535286  -0.0002070012  -0.0225815992  -0.0074851964
        0.0041510168   0.0011899937   0.0034943782  -0.0015505718  -0.4023568662
        0.0152710045   0.0120753401  -0.0000119087  -0.0000096045   0.0000171536
       -0.0000041335  -0.0000158516   0.0000207050   0.0000185352  -0.0002041089
       -0.0001013896  -0.0000403877   0.0000473593   0.0000422761  -0.0000987779
        0.0000023939  -0.0000344571  -0.0130205024  -0.0008534097   0.0015923926
        0.4377039304  -0.0064807727  -0.0172955984
        0.0000969845  -0.0000154400   0.0000315595   0.0000610086   0.0001241789
       -0.0002859113   0.0000354600  -0.0000348593  -0.0003241354  -0.0023844398
       -0.0035451814   0.0037983568  -0.0011914086   0.0000879610   0.0000498183
       -0.0001343305  -0.0001292497  -0.0004231298  -0.0288077002   0.0057797410
       -0.0008932540   0.0041469266   0.0000434648  -0.0018075093   0.0126144180
       -0.0445494482   0.0170540386  -0.0000065614  -0.0000119899   0.0000802156
       -0.0000103183   0.0000192017  -0.0000063179   0.0001406169   0.0000862767
        0.0001880881  -0.0000358369   0.0000422781   0.0001334914  -0.0000822834
       -0.0000241216   0.0000050099   0.0220382371  -0.0004082165  -0.0026770702
       -0.0064807727   0.0425354044  -0.0149232504
       -0.0000842190  -0.0001166124  -0.0000122383   0.0000127689   0.0000838544
       -0.0002549571  -0.0005710543   0.0004178213   0.0000804987   0.0004287769
        0.0036231769   0.0050096974   0.0013481152   0.0000025126   0.0001222687
       -0.0000396849   0.0003974454  -0.0003744404   0.0098519298  -0.0057327454
        0.0001548419  -0.0019922880  -0.0005848336  -0.0033375291   0.0204894512
        0.0185545097  -0.0161830674   0.0000040495  -0.0000467862   0.0000713720
       -0.0000044211  -0.0000338615   0.0000109257  -0.0000079455  -0.0003381736
        0.0000394320  -0.0000569030  -0.0001867126   0.0001255692   0.0001109443
       -0.0000013260   0.0000048917  -0.0121939215  -0.0011150187  -0.0021996523
       -0.0172955984  -0.0149232504   0.0167423873
