           1           2   1.02029459092708     
           2           3  0.991684293679851     
           3           4  0.962095929078042     
           3           5   1.00142401881433     
           3           6  0.984676295170978     
           1           7  0.987330954865079     
           1           8  0.985789194693833     
           1           9  0.987052867677173     
           2          10  0.976527847865513     
           2          11  0.978140915255735     
           5          12  0.986002527611251     
           5          13  0.984186659984262     
           5          14  0.985581463737132     
           6          15  0.903369245744037     
