           1           2   1.43795454966789     
           2           3   1.44539916810513     
           1           4  0.108796094096214     
           3           4   1.39935389371227     
           2           5  0.110914625362879     
           4           5   1.39930366928764     
           1           6   1.43792801665999     
           3           6  0.110911315574757     
           5           6   1.44542775005591     
           4           7   1.01893063822373     
           7           8   1.35761637872299     
           8           9   1.40413764534147     
           9          10   1.39545435432583     
          10          11   1.39546039671466     
           7          12   1.35762739115861     
          11          12   1.40412745129012     
          12          13  0.993603021822515     
          10          14  0.994300442936545     
           8          15  0.993603029129800     
           1          16  0.971129577266044     
           2          17  0.970173897825248     
           3          18  0.970135897890119     
           5          19  0.970135649497957     
           6          20  0.970172082457279     
           9          21  0.961540367901218     
          11          22  0.961540565422877     
