$hessian                                                                        
        0.5129836807   0.0223135974  -0.0130271256  -0.0728573160   0.0328461506
       -0.0136709502   0.0021725967  -0.0177495538   0.0084990042  -0.0093467497
        0.0208204593  -0.0124026782   0.0006790715  -0.0001381324   0.0001574198
        0.0001236912  -0.0001739688   0.0001015341   0.0000815576  -0.0005286859
        0.0006687537  -0.0001346681  -0.0000403929   0.0001186674  -0.0443041915
        0.0021661638   0.0032904156  -0.1379149765  -0.0417841801   0.1112899860
       -0.2428201214  -0.0208978377  -0.0836342089  -0.0006177122   0.0059795356
       -0.0014438841  -0.0026531972  -0.0026575326   0.0031270391   0.0005798339
       -0.0004359695  -0.0002891507   0.0006165928  -0.0011834686   0.0009490052
        0.0006529627   0.0003702844   0.0009605895  -0.0039140633   0.0007069628
       -0.0035680124  -0.0000101223   0.0000408729   0.0000024891  -0.0005277023
        0.0003350235   0.0001538352  -0.0000769208   0.0000436967  -0.0000401580
       -0.0001231240   0.0001369890   0.0000111834  -0.0021716969  -0.0003032018
       -0.0010042004  -0.0003571430   0.0001632506  -0.0002665192  -0.0000897149
       -0.0000376482  -0.0000014034   0.0000029838  -0.0000421596  -0.0000414267
        0.0000264492   0.0000497454   0.0000597956
        0.0223135974   0.4731694393   0.0213326248   0.0310124865  -0.1674398428
        0.0408992787  -0.0007810071  -0.0159266723   0.0106186067   0.0037556192
       -0.0009996362   0.0029740646  -0.0001014636   0.0001059186  -0.0003221813
       -0.0001693832  -0.0002181570  -0.0001089086   0.0002988694  -0.0001824092
        0.0003666571   0.0000405862  -0.0000043522   0.0000884780   0.0017536377
       -0.1606141218  -0.1188857884  -0.0415851346  -0.0601588525   0.0470946961
       -0.0215530042  -0.0450442174  -0.0104498307   0.0073269282  -0.0250790962
        0.0066894858  -0.0018680836  -0.0007430212   0.0019985286   0.0006271314
        0.0009390506  -0.0006839699   0.0007561370   0.0001672100  -0.0001685007
       -0.0009509075   0.0011127844  -0.0008302797  -0.0001305699   0.0006713008
       -0.0003211887   0.0000460634   0.0000368912   0.0000240078   0.0000601851
        0.0001460078   0.0000494040   0.0000477278  -0.0000343642   0.0000743148
       -0.0000981290   0.0000779165  -0.0000346571  -0.0007654393  -0.0000940944
       -0.0002956402  -0.0000201620   0.0000671133  -0.0000972536  -0.0000374260
        0.0000113122   0.0000156855  -0.0000217459   0.0000423241  -0.0000298595
        0.0000434863  -0.0000084315   0.0000022260
       -0.0130271256   0.0213326248   0.5182089412  -0.0130529411   0.0416250017
       -0.0849310393  -0.0007823175   0.0201318879  -0.0106309109  -0.0068862950
        0.0136163204  -0.0082531216   0.0002852715  -0.0001948957   0.0004166119
        0.0000319603   0.0001410041  -0.0001982440  -0.0005668726  -0.0003254138
       -0.0002354840  -0.0002134535  -0.0000115540   0.0000490091   0.0032138950
       -0.1200018292  -0.1652943701   0.1110757142   0.0470175057  -0.1726724344
       -0.0839848818  -0.0103557498  -0.0800099618   0.0052272765  -0.0181464704
        0.0064989031   0.0024327635   0.0025560838  -0.0024208781  -0.0005980121
        0.0007633880   0.0005723583  -0.0007171314  -0.0003575600   0.0003628543
        0.0000149043   0.0010806345   0.0005352921  -0.0029301955   0.0008258868
       -0.0019307653   0.0000913143   0.0000346791   0.0000344922   0.0004226202
       -0.0005089856  -0.0000917868  -0.0001098297   0.0001384663  -0.0000388983
       -0.0001635525   0.0000129153  -0.0001770670   0.0004059657   0.0005497141
        0.0003957136  -0.0001559981   0.0000806149  -0.0001643471  -0.0000213528
       -0.0000126627  -0.0000111762  -0.0000006531  -0.0000335835  -0.0000358784
        0.0000089268   0.0000419771   0.0000221875
       -0.0728573160   0.0310124865  -0.0130529411   0.4559769373  -0.0193715031
       -0.0046012392  -0.1319796288  -0.0311251106   0.0546054567  -0.1363885261
       -0.0038101672  -0.0578890895  -0.0213949643  -0.0005895222  -0.0089552366
        0.0003559301  -0.0002867738  -0.0003815001   0.0001214764   0.0001634130
       -0.0001544343  -0.0034958745  -0.0010753792   0.0014805628  -0.0007146696
        0.0031127788   0.0004055927   0.0047631170  -0.0163963167   0.0081837746
       -0.0119456421   0.0241600958  -0.0122239449  -0.0461337841   0.0224386152
        0.0237887279   0.0036795976   0.0008226910  -0.0024799795  -0.0066296275
       -0.0003031383   0.0078108027  -0.0243480772  -0.0093117824   0.0130475122
        0.0002016623  -0.0017803926  -0.0016041572  -0.0078203418   0.0024460858
       -0.0075985912   0.0000576058  -0.0001979713  -0.0005668740  -0.0008304434
        0.0000845430   0.0002539460  -0.0001443234   0.0000072396   0.0001852051
       -0.0000933350  -0.0000843642  -0.0000522362   0.0002748811  -0.0000888799
        0.0001773139   0.0001165655  -0.0000505836   0.0000087683  -0.0008286299
        0.0003800949  -0.0006545463   0.0000352218  -0.0001668862   0.0000884664
        0.0000221886   0.0000107275   0.0001786406
        0.0328461506  -0.1674398428   0.0416250017  -0.0193715031   0.5024781553
        0.0325170843  -0.0311492816  -0.0793685591   0.0215355010  -0.0063235308
       -0.0658927706  -0.0076279833  -0.0045465501  -0.0001685648  -0.0029058569
       -0.0000693891  -0.0001374427  -0.0000930342  -0.0001025849   0.0000482397
        0.0000532833  -0.0001216372   0.0002486840   0.0000602431   0.0076948429
       -0.0261877484   0.0049889519   0.0009574166  -0.0105801636   0.0061699336
        0.0024723175  -0.0001549146   0.0014812249   0.0227892529  -0.1387499754
       -0.1098164938  -0.0191552115  -0.0127014268   0.0176704264   0.0138660101
        0.0059245180  -0.0113507072  -0.0042978966  -0.0017145376   0.0023226084
       -0.0161600610  -0.0026551013  -0.0159032583   0.0204387359  -0.0024217138
        0.0190690776  -0.0001876628  -0.0000969279  -0.0001910192  -0.0000189392
        0.0005220465  -0.0000238870   0.0004964543  -0.0003962433  -0.0000023162
       -0.0000946788  -0.0001001861  -0.0001778248  -0.0001086726  -0.0004676299
        0.0004857527   0.0000888433  -0.0001299216   0.0000967324   0.0000222666
        0.0002201716  -0.0000178762   0.0000074664   0.0000362714   0.0000796276
        0.0000278421  -0.0001144161  -0.0000451917
       -0.0136709502   0.0408992787  -0.0849310393  -0.0046012392   0.0325170843
        0.5143756519   0.0561919106   0.0226140274  -0.1075479620  -0.0520403792
       -0.0062626724  -0.1061738235   0.0060426195  -0.0002334574   0.0098895495
       -0.0001661528   0.0000104540   0.0002800049   0.0002430805  -0.0002509878
       -0.0001388630   0.0025318840   0.0002747030  -0.0005689457   0.0056437001
       -0.0187950716   0.0073580220  -0.0045814175   0.0204955939  -0.0106436784
       -0.0068933000   0.0123258766  -0.0063175347   0.0238021735  -0.1094413789
       -0.1654706980   0.0081769545   0.0068833554  -0.0085833896   0.0195407649
        0.0051528311  -0.0184438767  -0.0107249069  -0.0046219134   0.0078681725
       -0.0188679755  -0.0047154108  -0.0190202003  -0.0129538613   0.0029945452
       -0.0113302062   0.0000637346  -0.0000905676  -0.0000823091   0.0008882289
        0.0003425205  -0.0005773754   0.0003687320  -0.0002645944   0.0000126167
        0.0000058735  -0.0000083793  -0.0001215184  -0.0000048752   0.0001672824
       -0.0001102539   0.0001572175   0.0002400146  -0.0001030461   0.0008565279
       -0.0001915808   0.0004001633  -0.0000209038  -0.0000939089  -0.0000210454
        0.0000125596   0.0000523561   0.0000015850
        0.0021725967  -0.0007810071  -0.0007823175  -0.1319796288  -0.0311492816
        0.0561919106   0.4853415163  -0.0190149722   0.0332758256  -0.0298149245
       -0.0094419750   0.0097721578  -0.0029347124  -0.0004119963  -0.0028978814
        0.0001069607  -0.0000609559  -0.0001498467  -0.0002711215  -0.0001238657
        0.0002066510  -0.0010717871  -0.0001563913   0.0003436187   0.0002521697
        0.0002869172  -0.0004401844   0.0004251706   0.0013846078  -0.0010405524
        0.0010411710   0.0013062761  -0.0009131225  -0.0070860007  -0.0021115002
        0.0076540785  -0.0581144922   0.0539004224  -0.0235713066  -0.0509543605
        0.0267255066   0.0294866074  -0.2068451670  -0.0193999023  -0.1092544615
        0.0005957457   0.0001763632   0.0008765196  -0.0003759494  -0.0010990814
        0.0013796304   0.0000402763   0.0000303265  -0.0000442373  -0.0000419444
        0.0000578642  -0.0000465458  -0.0000543890  -0.0000808710   0.0000391114
       -0.0000441764   0.0000375851   0.0000354552  -0.0001072278   0.0000274014
       -0.0000288691   0.0000015829  -0.0001616993   0.0000017342  -0.0002768849
        0.0001222950  -0.0002049320   0.0000030382  -0.0000582497   0.0000329340
       -0.0000074614  -0.0000038165   0.0000780227
       -0.0177495538  -0.0159266723   0.0201318879  -0.0311251106  -0.0793685591
        0.0226140274  -0.0190149722   0.5168705532   0.0119053175  -0.0061119219
       -0.0016167896   0.0018762702  -0.0001908009   0.0002587457  -0.0005667141
        0.0003094274   0.0001186848  -0.0000245404   0.0000512820  -0.0000732099
        0.0000100076  -0.0002196790   0.0000112317   0.0000607091  -0.0006168627
        0.0004351672   0.0005776918   0.0005081182  -0.0051933188   0.0029916923
       -0.0012696471   0.0006939563  -0.0001877970   0.0125639104   0.0053137226
       -0.0111434635   0.0535492159  -0.2334039060   0.0793144987   0.0273751117
       -0.1420262589  -0.1141220443  -0.0192100392  -0.0469357385  -0.0139438025
       -0.0003546370   0.0001113320   0.0004130660   0.0015136227   0.0007326970
        0.0000765061   0.0000727694   0.0000198666   0.0000413184  -0.0000120686
       -0.0001739474   0.0000845954  -0.0000822023   0.0000977957  -0.0000609054
       -0.0000377612  -0.0000012920   0.0000097926   0.0000557694   0.0000215977
        0.0000022107   0.0000242425   0.0000279349  -0.0000345453  -0.0000242306
        0.0000158533  -0.0000213745   0.0000114971  -0.0000130361  -0.0000158008
       -0.0000154796   0.0000035900   0.0000113961
        0.0084990042   0.0106186067  -0.0106309109   0.0546054567   0.0215355010
       -0.1075479620   0.0332758256   0.0119053175   0.4998872715  -0.0095259018
       -0.0033902582   0.0060849582  -0.0021007936  -0.0002403920  -0.0013828175
        0.0001885382   0.0000071637  -0.0001533143  -0.0001759859   0.0000421705
        0.0000840873  -0.0005948185  -0.0001092420   0.0002172082  -0.0001588637
       -0.0006430827   0.0005751298  -0.0002915841   0.0029646957  -0.0008335376
        0.0010300322   0.0001004964   0.0000851416   0.0204715797   0.0061499147
       -0.0176585425  -0.0231551522   0.0792030689  -0.0779837070   0.0302140233
       -0.1133617377  -0.1766879182  -0.1096952046  -0.0139329358  -0.1157967479
       -0.0011319571  -0.0000432275   0.0007440086  -0.0012940252  -0.0007610845
        0.0007071584   0.0000541983   0.0000172750   0.0001254674   0.0000354132
       -0.0001104816   0.0001455516  -0.0000543095   0.0001420848  -0.0000652237
        0.0000234213   0.0000294523  -0.0000004609  -0.0000128824  -0.0000630422
        0.0000128288  -0.0000626582  -0.0000830048   0.0000633314  -0.0002160532
        0.0000453853  -0.0000577109   0.0000275073  -0.0000109187   0.0000136686
        0.0000451897  -0.0000117246   0.0000530420
       -0.0093467497   0.0037556192  -0.0068862950  -0.1363885261  -0.0063235308
       -0.0520403792  -0.0298149245  -0.0061119219  -0.0095259018   0.4520235200
       -0.0111070003   0.0006908938  -0.1394971726  -0.0182389978   0.0381890855
       -0.0063888436   0.0015752344   0.0070104903  -0.0067180863  -0.0053141832
        0.0041270807  -0.0310063765  -0.0025513335   0.0051939261   0.0004424632
       -0.0008370582   0.0001190615   0.0002443032  -0.0002325821   0.0001644699
       -0.0000057879   0.0012761174  -0.0009661844   0.0004883146  -0.0011706143
       -0.0017914550   0.0003563512   0.0007716029  -0.0009015405   0.0007596932
       -0.0000096790  -0.0012202108  -0.0047340753  -0.0016061545   0.0020472444
       -0.0471259013   0.0248965426   0.0245918177  -0.0412759276   0.0209269038
       -0.0086526126   0.0001526447   0.0002533405   0.0006737846   0.0002665490
       -0.0000885229  -0.0005284958   0.0002081378  -0.0003471975  -0.0003488656
        0.0003582674   0.0008654725   0.0000483571   0.0004091283   0.0003599333
       -0.0000684152   0.0003522841  -0.0008476063   0.0004263348  -0.0046360910
        0.0011207289  -0.0023251662   0.0004159160  -0.0008404662   0.0007518251
        0.0004608899  -0.0001746471   0.0012211505
        0.0208204593  -0.0009996362   0.0136163204  -0.0038101672  -0.0658927706
       -0.0062626724  -0.0094419750  -0.0016167896  -0.0033902582  -0.0111070003
        0.5288464725   0.0151672990  -0.0195292475  -0.0679433698   0.0093615898
        0.0106456656   0.0016845373  -0.0064460462  -0.0244287589  -0.0101757312
        0.0109535613   0.0053378820   0.0007814091  -0.0016009288   0.0007343536
        0.0010622401   0.0008244493   0.0000888324   0.0003448580  -0.0000276957
        0.0024934867  -0.0043122205   0.0029670102  -0.0157721372  -0.0027352391
       -0.0130719926  -0.0012023594   0.0001346924  -0.0004149796   0.0007029339
        0.0004036376  -0.0001045119  -0.0019454437  -0.0004124268   0.0011911359
        0.0247300580  -0.1507463487  -0.1100828793   0.0206225703  -0.2239703502
        0.0878902924   0.0010011481  -0.0008600118  -0.0031217513  -0.0000530987
        0.0000928178   0.0001903535   0.0006576969   0.0004043107  -0.0003702821
       -0.0008301792   0.0005022934   0.0007552222  -0.0001903149   0.0008011302
       -0.0000266649  -0.0018685786  -0.0057748873   0.0014424779   0.0012178914
       -0.0001594963   0.0008146385   0.0014454794   0.0002039252  -0.0002381659
       -0.0003191970   0.0003369536  -0.0000155214
       -0.0124026782   0.0029740646  -0.0082531216  -0.0578890895  -0.0076279833
       -0.1061738235   0.0097721578   0.0018762702   0.0060849582   0.0006908938
        0.0151672990   0.4716636565   0.0454904414   0.0094715959  -0.0857421025
        0.0230298494   0.0012888387  -0.0150397864   0.0070069689   0.0041126684
       -0.0033736472  -0.0126089035  -0.0011290940   0.0043216823   0.0009705627
       -0.0009758679   0.0010218041  -0.0000405608  -0.0001729449  -0.0000107846
       -0.0005191700   0.0021061336  -0.0008445779  -0.0199114341  -0.0049690289
       -0.0164122698   0.0011255805  -0.0000904005   0.0004079154   0.0010701661
        0.0005260189   0.0007244934   0.0033642131   0.0012970860  -0.0008630988
        0.0245291858  -0.1096238982  -0.1564720941  -0.0089399833   0.0860940037
       -0.0877619613   0.0011639600  -0.0022462603  -0.0048067482  -0.0000121964
        0.0004359952   0.0003949995   0.0000214526   0.0005779443   0.0009989162
       -0.0009410405  -0.0009726831   0.0003794984   0.0000982595  -0.0001647326
        0.0002115438   0.0002858335   0.0010319212  -0.0000311888  -0.0034746986
        0.0010677356  -0.0011902810  -0.0008558640  -0.0001915783   0.0001644523
       -0.0010239062   0.0001368964   0.0006015655
        0.0006790715  -0.0001014636   0.0002852715  -0.0213949643  -0.0045465501
        0.0060426195  -0.0029347124  -0.0001908009  -0.0021007936  -0.1394971726
       -0.0195292475   0.0454904414   0.4640298344   0.0048812463  -0.0068868538
       -0.0644649754   0.0040394750   0.0092981679  -0.0655960844  -0.0147008721
        0.0014517540  -0.1238330772   0.0283517668  -0.0513457782  -0.0001380998
        0.0001850122   0.0000583792   0.0000853671   0.0002541225  -0.0002933202
        0.0002413083  -0.0000751151   0.0000596319   0.0010815759   0.0002927763
        0.0005847859   0.0000454262   0.0001555157  -0.0001399552   0.0000564636
       -0.0000619085  -0.0002144875  -0.0006347857  -0.0003468636   0.0005902488
       -0.0076143265  -0.0001342113   0.0070982965  -0.0031942805  -0.0035508365
        0.0024620168  -0.0066302108   0.0127685715   0.0259393925   0.0008278623
       -0.0081966457  -0.0180230498   0.0004364086  -0.0024936178  -0.0044790552
        0.0000278700   0.0018597002  -0.0002716355   0.0018200161   0.0202858260
       -0.0037651550  -0.0080114521  -0.0276026227   0.0047369062  -0.0255983738
        0.0077431912  -0.0149365889  -0.0005292780   0.0019202518  -0.0004881204
        0.0007405893  -0.0012067001  -0.0011531189
       -0.0001381324   0.0001059186  -0.0001948957  -0.0005895222  -0.0001685648
       -0.0002334574  -0.0004119963   0.0002587457  -0.0002403920  -0.0182389978
       -0.0679433698   0.0094715959   0.0048812463   0.4909372814   0.0030042823
        0.0054900870  -0.0910028678  -0.0516974221  -0.0163238494  -0.1821040847
        0.0148851088   0.0279914412  -0.0755318330   0.0232825316   0.0002865667
       -0.0003107319  -0.0002742358   0.0000907082   0.0000352897   0.0005704676
       -0.0001297518  -0.0001941203   0.0000775174  -0.0002407772  -0.0002827879
       -0.0002831530  -0.0000400273   0.0000424961   0.0000155745   0.0000132615
       -0.0000721791  -0.0000847018  -0.0000967043   0.0002090752   0.0000670329
        0.0153284293   0.0023351837  -0.0110275447  -0.0219355859  -0.0101244619
        0.0167481164   0.0006149035   0.0012269053   0.0015083716  -0.0013233101
        0.0043850258   0.0084018322   0.0023533385  -0.0196105549  -0.0260132385
       -0.0019469520  -0.0191195339  -0.0024204716   0.0009988866  -0.0143968089
        0.0044114624  -0.0049905887  -0.0088422624   0.0024039047  -0.0041437814
        0.0015787960  -0.0035486178   0.0207307589  -0.0147842589   0.0188925943
       -0.0082296507   0.0033737027  -0.0077222622
        0.0001574198  -0.0003221813   0.0004166119  -0.0089552366  -0.0029058569
        0.0098895495  -0.0028978814  -0.0005667141  -0.0013828175   0.0381890855
        0.0093615898  -0.0857421025  -0.0068868538   0.0030042823   0.4925706821
        0.0107819069  -0.0508325178  -0.1586938014   0.0024318806   0.0156076388
       -0.0650177462  -0.0529563432   0.0234996666  -0.1071059174   0.0000846159
       -0.0000051689  -0.0001188796  -0.0001152937   0.0004384047  -0.0003544676
       -0.0000307806   0.0000750365  -0.0001988712  -0.0001636108  -0.0005639949
       -0.0001718730   0.0000803348  -0.0000363392  -0.0000509687   0.0000405776
        0.0000487178  -0.0000961457  -0.0010231904  -0.0003358394   0.0004082104
        0.0203230435   0.0016412804  -0.0148614904   0.0116426114   0.0058552533
       -0.0079768426   0.0056765409  -0.0058166574  -0.0139123092  -0.0012951003
       -0.0083541173  -0.0224801852  -0.0004126095  -0.0019586660   0.0010528760
       -0.0032357547  -0.0264214629   0.0001094180   0.0011682708   0.0192288884
       -0.0042528338   0.0036696639   0.0116624607  -0.0021724930   0.0062004280
       -0.0028592767   0.0054410502  -0.0027908236   0.0038217638  -0.0032953655
       -0.0196829008   0.0067338095  -0.0220032875
        0.0001236912  -0.0001693832   0.0000319603   0.0003559301  -0.0000693891
       -0.0001661528   0.0001069607   0.0003094274   0.0001885382  -0.0063888436
        0.0106456656   0.0230298494  -0.0644649754   0.0054900870   0.0107819069
        0.5231909277   0.0041348457   0.0120904947   0.0006295848  -0.0017031581
       -0.0022976279  -0.0014294700  -0.0073425214  -0.0197208971  -0.0000738294
        0.0000425708  -0.0000130737  -0.0002957416   0.0002191960   0.0000481160
       -0.0000137765   0.0000705287   0.0000296172  -0.0013178543   0.0002924548
        0.0011085552   0.0000113303   0.0000575362   0.0000029424  -0.0001236514
       -0.0000862098   0.0001214805  -0.0000230833  -0.0000087754  -0.0000282613
       -0.0041842806  -0.0005711513   0.0037066738  -0.0001895851   0.0002754122
        0.0001501917  -0.2508171411  -0.0268500499   0.0749707193  -0.1422523235
        0.0583296951  -0.1034458508  -0.0518236137  -0.0418399883   0.0046427209
        0.0002727101  -0.0008564214  -0.0001604905   0.0000660028   0.0003214050
        0.0003653778   0.0003219029  -0.0005438523  -0.0005403572   0.0005565633
       -0.0003782895  -0.0011127864   0.0005018506  -0.0005894609   0.0000265394
       -0.0027392851   0.0008198260  -0.0038101858
       -0.0001739688  -0.0002181570   0.0001410041  -0.0002867738  -0.0001374427
        0.0000104540  -0.0000609559   0.0001186848   0.0000071637   0.0015752344
        0.0016845373   0.0012888387   0.0040394750  -0.0910028678  -0.0508325178
        0.0041348457   0.5095664213  -0.0332817480   0.0010670958  -0.0222273104
       -0.0256523292  -0.0000016080   0.0030595201   0.0055078184   0.0000580106
        0.0000205022  -0.0000397791   0.0002040639  -0.0002240269  -0.0000847991
        0.0000609030   0.0000162283  -0.0000616529  -0.0003234149   0.0005070402
       -0.0000000626   0.0000147122  -0.0000024227   0.0000425998  -0.0000201914
       -0.0000371899   0.0000300503  -0.0000101918   0.0000050081  -0.0000076342
       -0.0006569197   0.0002250830   0.0004643777  -0.0002757818   0.0002182837
        0.0005517832  -0.0274331401  -0.0478318661   0.0110377973   0.0585339223
       -0.0785180545   0.0619869053  -0.0417743175  -0.2708985073   0.0283197363
       -0.0007421726  -0.0067635158  -0.0007051371  -0.0001439724   0.0009043143
       -0.0009481412   0.0006232433   0.0006132435  -0.0007215195  -0.0000458380
        0.0000240630   0.0001912572   0.0003205714   0.0007898430   0.0010001641
        0.0013171689   0.0001085884   0.0017553706
        0.0001015341  -0.0001089086  -0.0001982440  -0.0003815001  -0.0000930342
        0.0002800049  -0.0001498467  -0.0000245404  -0.0001533143   0.0070104903
       -0.0064460462  -0.0150397864   0.0092981679  -0.0516974221  -0.1586938014
        0.0120904947  -0.0332817480   0.4698038311  -0.0004253252  -0.0038886325
       -0.0014816371  -0.0041295207  -0.0083742255  -0.0264678084   0.0000511478
       -0.0000211378  -0.0000985337  -0.0002100318   0.0004504852   0.0000707688
        0.0000503376  -0.0000107964  -0.0000499863   0.0002171020  -0.0003082177
        0.0000439242   0.0000321281   0.0000039397  -0.0000347197   0.0000309669
        0.0000344737  -0.0000223249  -0.0000534441  -0.0000090598   0.0000079889
        0.0020706858   0.0005799115  -0.0014153768  -0.0001135318  -0.0001603372
        0.0002013694   0.0745324320   0.0106920127  -0.0695349868  -0.1032705011
        0.0616499609  -0.1499841471   0.0047044201   0.0290407597  -0.0464208582
       -0.0000290768   0.0004796826   0.0005879935   0.0001486048   0.0009909989
        0.0006338814  -0.0000610773   0.0006696494   0.0003661617   0.0009310506
       -0.0002255836   0.0006263239   0.0006938192  -0.0008724922   0.0004820900
       -0.0031395263   0.0009303079  -0.0035088127
        0.0000815576   0.0002988694  -0.0005668726   0.0001214764  -0.0001025849
        0.0002430805  -0.0002711215   0.0000512820  -0.0001759859  -0.0067180863
       -0.0244287589   0.0070069689  -0.0655960844  -0.0163238494   0.0024318806
        0.0006295848   0.0010670958  -0.0004253252   0.5232607251  -0.0192468782
        0.0065814393  -0.0013056142   0.0202886479  -0.0052583651  -0.0000396814
       -0.0001413204  -0.0001638562  -0.0016233935  -0.0005122006  -0.0001647741
       -0.0001703818  -0.0001879673   0.0001770459  -0.0001095008  -0.0001528217
       -0.0000109328  -0.0000083230   0.0000668703  -0.0000068294   0.0000501890
       -0.0000318149  -0.0000312006  -0.0001380954  -0.0000059747   0.0000126476
        0.0006382946  -0.0011160042  -0.0008744099  -0.0038942965  -0.0023253424
        0.0024195092   0.0002669195   0.0007576187   0.0001347188   0.0001806978
       -0.0005094892  -0.0000135056   0.0003580484   0.0003412015   0.0002981454
       -0.0459131517   0.0095003718   0.0173689821  -0.1550837696   0.0625492637
       -0.1051885260  -0.2430118854  -0.0344671607   0.0792927840   0.0006307318
        0.0014125216  -0.0005353752  -0.0026537367   0.0028974146  -0.0029832301
        0.0003188975   0.0003210103   0.0004319865
       -0.0005286859  -0.0001824092  -0.0003254138   0.0001634130   0.0000482397
       -0.0002509878  -0.0001238657  -0.0000732099   0.0000421705  -0.0053141832
       -0.0101757312   0.0041126684  -0.0147008721  -0.1821040847   0.0156076388
       -0.0017031581  -0.0222273104  -0.0038886325  -0.0192468782   0.4541636676
        0.0047334477   0.0034025478  -0.0194783449   0.0066453063  -0.0000111751
       -0.0000158497  -0.0000321200   0.0000024231   0.0000915320   0.0002958185
       -0.0003243002  -0.0000880174   0.0001468440  -0.0000798496  -0.0000477201
        0.0000031822  -0.0000226147   0.0000163063  -0.0000030187  -0.0000241513
       -0.0000250746  -0.0000154444   0.0000041376   0.0000223411   0.0000222415
        0.0011267329   0.0007441887  -0.0008647669  -0.0013652696  -0.0003009148
        0.0003994722  -0.0002566684   0.0004180865   0.0007675028   0.0000495789
        0.0007665391   0.0011433159   0.0003510975  -0.0019576324  -0.0029388020
        0.0093934495  -0.0941948053  -0.0974909564   0.0626662546  -0.0763911237
        0.0578624188  -0.0338096204  -0.0486001461   0.0132097139  -0.0008603046
        0.0002960039  -0.0004623779   0.0018728018  -0.0012723452   0.0019556884
       -0.0006608398   0.0005678145  -0.0006749095
        0.0006687537   0.0003666571  -0.0002354840  -0.0001544343   0.0000532833
       -0.0001388630   0.0002066510   0.0000100076   0.0000840873   0.0041270807
        0.0109535613  -0.0033736472   0.0014517540   0.0148851088  -0.0650177462
       -0.0022976279  -0.0256523292  -0.0014816371   0.0065814393   0.0047334477
        0.5287103289  -0.0020397881   0.0201253529  -0.0049205390  -0.0000716464
        0.0000787863   0.0002584370  -0.0007444393  -0.0003670618  -0.0004061372
        0.0001218180   0.0000867589   0.0000928975   0.0001186346   0.0000044321
        0.0000282996  -0.0000205707  -0.0000255750  -0.0000023510  -0.0000024489
        0.0000264739   0.0000278518   0.0000529167  -0.0000172007  -0.0000112336
        0.0004722606   0.0014652957   0.0004956169   0.0022316828   0.0015075068
       -0.0010875111  -0.0005345324  -0.0005726901   0.0004605725   0.0001786018
       -0.0009114035   0.0008884037   0.0003981927  -0.0040844299  -0.0042819014
        0.0170888201  -0.0979607737  -0.2287531723  -0.1058397447   0.0584142606
       -0.1434182461   0.0797408600   0.0133030844  -0.0763688118   0.0006765696
        0.0000530544   0.0003400722  -0.0025744436   0.0025348294  -0.0023502379
        0.0001636407   0.0009895627   0.0004609517
       -0.0001346681   0.0000405862  -0.0002134535  -0.0034958745  -0.0001216372
        0.0025318840  -0.0010717871  -0.0002196790  -0.0005948185  -0.0310063765
        0.0053378820  -0.0126089035  -0.1238330772   0.0279914412  -0.0529563432
       -0.0014294700  -0.0000016080  -0.0041295207  -0.0013056142   0.0034025478
       -0.0020397881   0.4844997104   0.0195101090  -0.0366391566  -0.0000392383
       -0.0000476538  -0.0000294877  -0.0000765508  -0.0000334884   0.0000211054
       -0.0000199693   0.0001216728  -0.0000350316  -0.0000312002   0.0000567752
        0.0000495666   0.0000161375   0.0000474876  -0.0000383107   0.0000072076
       -0.0000124214  -0.0000758646  -0.0003195525  -0.0001437108   0.0001934678
        0.0000323228   0.0000079486  -0.0004680693  -0.0007002603   0.0013529378
       -0.0018145627   0.0008767530   0.0002134042   0.0012290996   0.0005497376
       -0.0001124525   0.0003272045   0.0000615959   0.0001569917   0.0003820741
        0.0001325748  -0.0003477591   0.0000911771   0.0005453097  -0.0002771224
        0.0002456286   0.0008288803  -0.0011979823   0.0006514708  -0.2336305340
       -0.0518304587   0.0798095648  -0.0443469799  -0.0142021479   0.0021336382
       -0.0461090767   0.0103083376   0.0239774292
       -0.0000403929  -0.0000043522  -0.0000115540  -0.0010753792   0.0002486840
        0.0002747030  -0.0001563913   0.0000112317  -0.0001092420  -0.0025513335
        0.0007814091  -0.0011290940   0.0283517668  -0.0755318330   0.0234996666
       -0.0073425214   0.0030595201  -0.0083742255   0.0202886479  -0.0194783449
        0.0201253529   0.0195101090   0.5190372109   0.0152894647  -0.0000383538
       -0.0000015709   0.0000809291  -0.0000034368  -0.0000911543  -0.0001273344
       -0.0000150041   0.0000565974  -0.0000523067   0.0001075633   0.0000464986
       -0.0000324326   0.0000002026   0.0000162486  -0.0000011838   0.0000268113
       -0.0000155630  -0.0000079177  -0.0000808982  -0.0000296973   0.0000108407
        0.0000637696  -0.0000774929   0.0000886744  -0.0022521959   0.0009877764
       -0.0002441226  -0.0003351104   0.0002953959   0.0000995453  -0.0002647963
       -0.0007027189  -0.0028618921  -0.0005895128   0.0006114203  -0.0008542857
        0.0005938456   0.0006711771   0.0009229711   0.0001813359  -0.0066878447
        0.0018611804   0.0012729153   0.0006088227   0.0002010921  -0.0520371500
       -0.0583720521   0.0211212600  -0.0136172563  -0.2785946102   0.0212264822
        0.0100027654  -0.0868447585  -0.0909965714
        0.0001186674   0.0000884780   0.0000490091   0.0014805628   0.0000602431
       -0.0005689457   0.0003436187   0.0000607091   0.0002172082   0.0051939261
       -0.0016009288   0.0043216823  -0.0513457782   0.0232825316  -0.1071059174
       -0.0197208971   0.0055078184  -0.0264678084  -0.0052583651   0.0066453063
       -0.0049205390  -0.0366391566   0.0152894647   0.4959868353  -0.0000226196
        0.0000029161  -0.0000022461  -0.0000144477  -0.0000802965   0.0000282750
        0.0000734706  -0.0000470919   0.0000588364   0.0000316779   0.0000643877
       -0.0000345044  -0.0000505403  -0.0000204259   0.0000236301  -0.0000270207
       -0.0000157010   0.0000305861   0.0001644178   0.0000463867  -0.0000317317
        0.0007922856  -0.0000191123   0.0003256864   0.0013700053  -0.0001195308
        0.0006694287  -0.0013088735   0.0005568347   0.0005667203  -0.0006096599
       -0.0024169329  -0.0058998266  -0.0001691207   0.0008476351   0.0006091972
        0.0002632473  -0.0008690912   0.0006449440  -0.0000674536   0.0012236562
        0.0001652677  -0.0005079036  -0.0002347621  -0.0000153574   0.0804440082
        0.0210960748  -0.0769282280   0.0020409539   0.0209774012  -0.0455238524
        0.0234249949  -0.0903259701  -0.2361983497
       -0.0443041915   0.0017536377   0.0032138950  -0.0007146696   0.0076948429
        0.0056437001   0.0002521697  -0.0006168627  -0.0001588637   0.0004424632
        0.0007343536   0.0009705627  -0.0001380998   0.0002865667   0.0000846159
       -0.0000738294   0.0000580106   0.0000511478  -0.0000396814  -0.0000111751
       -0.0000716464  -0.0000392383  -0.0000383538  -0.0000226196   0.0485960911
       -0.0041391578  -0.0029414941  -0.0013314551   0.0143021457   0.0177748318
       -0.0021410896  -0.0217549459  -0.0237832996  -0.0000819589   0.0023560136
       -0.0006258529  -0.0000587945   0.0000515292   0.0000707101   0.0000953175
       -0.0001602367   0.0002282621  -0.0000760450   0.0000034165  -0.0001604443
       -0.0000097285   0.0000974454  -0.0005151763   0.0000280488  -0.0001901544
        0.0000053253   0.0000026243  -0.0000194697  -0.0000482848   0.0001272227
       -0.0000730937  -0.0000392316   0.0000033114  -0.0000922724  -0.0000528541
       -0.0002212874  -0.0001159900  -0.0002753385  -0.0005608169   0.0000229504
        0.0006567887   0.0001977117  -0.0000783388   0.0000060862   0.0000232978
       -0.0000092432   0.0000063355   0.0000384752  -0.0000629916   0.0000305641
       -0.0000158472   0.0000013735  -0.0000477198
        0.0021661638  -0.1606141218  -0.1200018292   0.0031127788  -0.0261877484
       -0.0187950716   0.0002869172   0.0004351672  -0.0006430827  -0.0008370582
        0.0010622401  -0.0009758679   0.0001850122  -0.0003107319  -0.0000051689
        0.0000425708   0.0000205022  -0.0000211378  -0.0001413204  -0.0000158497
        0.0000787863  -0.0000476538  -0.0000015709   0.0000029161  -0.0041391578
        0.1884440950   0.1385696704   0.0001056343   0.0052374389   0.0038984989
       -0.0018460905  -0.0038182995  -0.0058305047   0.0015124614  -0.0058691994
        0.0023208373  -0.0000498133   0.0004509517  -0.0000165718  -0.0003056862
        0.0000584309   0.0007725687   0.0000411387  -0.0000727793  -0.0000382750
        0.0004674735   0.0002684022   0.0008902703  -0.0003572174   0.0003880265
       -0.0002341231  -0.0000082200   0.0000667955   0.0000317049   0.0000291248
       -0.0001727196   0.0000500643  -0.0001127045   0.0001489083  -0.0000102799
        0.0000410461   0.0001533048   0.0000920827   0.0000566095   0.0002532938
       -0.0001672642  -0.0001573203   0.0000096159   0.0000052009  -0.0000255167
        0.0000129597  -0.0000145411  -0.0000334620   0.0000228231  -0.0000309899
        0.0000142898   0.0000300647   0.0000721068
        0.0032904156  -0.1188857884  -0.1652943701   0.0004055927   0.0049889519
        0.0073580220  -0.0004401844   0.0005776918   0.0005751298   0.0001190615
        0.0008244493   0.0010218041   0.0000583792  -0.0002742358  -0.0001188796
       -0.0000130737  -0.0000397791  -0.0000985337  -0.0001638562  -0.0000321200
        0.0002584370  -0.0000294877   0.0000809291  -0.0000022461  -0.0029414941
        0.1385696704   0.1899110841   0.0023649688  -0.0174308424  -0.0217980559
       -0.0021932721  -0.0108589295  -0.0117487652  -0.0006084702   0.0020770693
        0.0002212730   0.0000134419   0.0000416469  -0.0000954948  -0.0000215424
        0.0000379471   0.0001822875   0.0000326397  -0.0000555404  -0.0001895030
        0.0000213040   0.0000765745   0.0001156632  -0.0000187046   0.0000821677
       -0.0000365153   0.0000152685  -0.0000131773   0.0000254931  -0.0001496108
        0.0000424756   0.0000316668   0.0000120930   0.0000515893   0.0000319260
       -0.0000136338   0.0000691028   0.0001598838   0.0004860887  -0.0000432490
       -0.0003893319  -0.0002146881   0.0000742127  -0.0001250668   0.0000129184
       -0.0000024676  -0.0000159555  -0.0000201887   0.0000300095  -0.0000272620
       -0.0000039650   0.0000116417   0.0000473096
       -0.1379149765  -0.0415851346   0.1110757142   0.0047631170   0.0009574166
       -0.0045814175   0.0004251706   0.0005081182  -0.0002915841   0.0002443032
        0.0000888324  -0.0000405608   0.0000853671   0.0000907082  -0.0001152937
       -0.0002957416   0.0002040639  -0.0002100318  -0.0016233935   0.0000024231
       -0.0007444393  -0.0000765508  -0.0000034368  -0.0000144477  -0.0013314551
        0.0001056343   0.0023649688   0.1628344771   0.0493892396  -0.1289084810
       -0.0256515767  -0.0089031879   0.0223502172   0.0002926182  -0.0002847546
       -0.0002193795   0.0003470746   0.0000965672  -0.0000670052   0.0000132366
       -0.0000291197  -0.0002881800   0.0002340078   0.0002009741   0.0000937393
       -0.0000541371  -0.0000422584  -0.0000256661  -0.0001094685   0.0000404809
       -0.0000103357  -0.0000598068  -0.0000185254   0.0000538076  -0.0001283262
        0.0005743192   0.0002686439   0.0000777828  -0.0000915567   0.0000936122
        0.0001688372  -0.0000922817   0.0001159250  -0.0020326250  -0.0011592814
       -0.0009676428  -0.0002271438  -0.0000167972   0.0000223716  -0.0000086215
        0.0000000257  -0.0000030069   0.0000164336  -0.0000276844   0.0000249013
        0.0000113974  -0.0000047846   0.0000235711
       -0.0417841801  -0.0601588525   0.0470175057  -0.0163963167  -0.0105801636
        0.0204955939   0.0013846078  -0.0051933188   0.0029646957  -0.0002325821
        0.0003448580  -0.0001729449   0.0002541225   0.0000352897   0.0004384047
        0.0002191960  -0.0002240269   0.0004504852  -0.0005122006   0.0000915320
       -0.0003670618  -0.0000334884  -0.0000911543  -0.0000802965   0.0143021457
        0.0052374389  -0.0174308424   0.0493892396   0.0710430949  -0.0561845584
       -0.0045515251  -0.0003444056   0.0030340792  -0.0006484953   0.0006034579
        0.0003506508  -0.0010581116  -0.0008025939   0.0011363246   0.0001264003
       -0.0000887658  -0.0001251991   0.0003285997   0.0000460877  -0.0000661907
        0.0000464980  -0.0001334023  -0.0000450691  -0.0001096796   0.0000432414
       -0.0001148012  -0.0001784101   0.0000753424  -0.0001578869   0.0006158224
       -0.0003229511  -0.0006925073  -0.0000816780  -0.0000038312  -0.0000596100
        0.0000453851  -0.0000871762  -0.0000800937  -0.0010822299   0.0005296591
       -0.0003029016   0.0000098982  -0.0000195280   0.0000621085   0.0000062949
        0.0000173738  -0.0000200146  -0.0000114371  -0.0000098492   0.0000211382
       -0.0000478756  -0.0000073567  -0.0000710082
        0.1112899860   0.0470946961  -0.1726724344   0.0081837746   0.0061699336
       -0.0106436784  -0.0010405524   0.0029916923  -0.0008335376   0.0001644699
       -0.0000276957  -0.0000107846  -0.0002933202   0.0005704676  -0.0003544676
        0.0000481160  -0.0000847991   0.0000707688  -0.0001647741   0.0002958185
       -0.0004061372   0.0000211054  -0.0001273344   0.0000282750   0.0177748318
        0.0038984989  -0.0217980559  -0.1289084810  -0.0561845584   0.1963647138
       -0.0063834122  -0.0027740586   0.0079091223  -0.0000222517  -0.0006444625
        0.0008255694   0.0005985451   0.0005413243  -0.0003923885  -0.0002505345
       -0.0000144619   0.0003981865  -0.0002307549  -0.0000916545   0.0000228141
        0.0001851075   0.0000625962  -0.0000722339   0.0000903468  -0.0001700081
        0.0001245091   0.0000517483   0.0000044137   0.0000247803   0.0000472478
        0.0000093732   0.0005717312   0.0000076650  -0.0000868447  -0.0000485744
        0.0000658527  -0.0000654078  -0.0000263733  -0.0015988941  -0.0011119767
        0.0006466294   0.0002983295  -0.0001634631   0.0001932112  -0.0000336982
       -0.0000163656   0.0000362610   0.0000655977  -0.0000847347   0.0000430821
        0.0000339492   0.0000090112  -0.0000009884
       -0.2428201214  -0.0215530042  -0.0839848818  -0.0119456421   0.0024723175
       -0.0068933000   0.0010411710  -0.0012696471   0.0010300322  -0.0000057879
        0.0024934867  -0.0005191700   0.0002413083  -0.0001297518  -0.0000307806
       -0.0000137765   0.0000609030   0.0000503376  -0.0001703818  -0.0003243002
        0.0001218180  -0.0000199693  -0.0000150041   0.0000734706  -0.0021410896
       -0.0018460905  -0.0021932721  -0.0256515767  -0.0045515251  -0.0063834122
        0.2818117287   0.0244714439   0.0986954648  -0.0001079083  -0.0000414328
        0.0002225693  -0.0000488507  -0.0003597268   0.0003262534  -0.0000553533
        0.0000334903  -0.0001516360   0.0006863058  -0.0000408550   0.0001543652
        0.0001088894   0.0001159376   0.0003553152  -0.0005120070   0.0001234036
       -0.0004631402   0.0000559778  -0.0000155722  -0.0000055679  -0.0001494381
       -0.0000941580  -0.0001346870  -0.0000058034   0.0000197833  -0.0000520933
       -0.0000030619   0.0001300559   0.0000454652  -0.0002648840   0.0002445056
       -0.0002351299  -0.0000675098   0.0000805830  -0.0000822914  -0.0000259806
       -0.0000234783   0.0000210041   0.0000241652   0.0000159724  -0.0000082344
        0.0000395960   0.0000026632   0.0000415012
       -0.0208978377  -0.0450442174  -0.0103557498   0.0241600958  -0.0001549146
        0.0123258766   0.0013062761   0.0006939563   0.0001004964   0.0012761174
       -0.0043122205   0.0021061336  -0.0000751151  -0.0001941203   0.0000750365
        0.0000705287   0.0000162283  -0.0000107964  -0.0001879673  -0.0000880174
        0.0000867589   0.0001216728   0.0000565974  -0.0000470919  -0.0217549459
       -0.0038182995  -0.0108589295  -0.0089031879  -0.0003444056  -0.0027740586
        0.0244714439   0.0533382941   0.0084399443   0.0001391743   0.0003126455
        0.0000213362   0.0001192116   0.0001760139  -0.0002071398  -0.0001509553
       -0.0000437830  -0.0000857723  -0.0005098436  -0.0006566480   0.0004101068
       -0.0001263790  -0.0001041074   0.0000162305   0.0010806056  -0.0000994251
        0.0010195849  -0.0000144043   0.0000065406  -0.0000011258  -0.0000105082
       -0.0000362058  -0.0000577182  -0.0000315595   0.0000634005   0.0000243990
        0.0000462105   0.0000130206   0.0000634496   0.0000060942   0.0001186827
       -0.0001968425  -0.0001004085   0.0000487370  -0.0000467798   0.0000369215
        0.0000132177  -0.0000142788  -0.0000465935   0.0000617155  -0.0000138927
       -0.0000246467  -0.0000226856  -0.0000191772
       -0.0836342089  -0.0104498307  -0.0800099618  -0.0122239449   0.0014812249
       -0.0063175347  -0.0009131225  -0.0001877970   0.0000851416  -0.0009661844
        0.0029670102  -0.0008445779   0.0000596319   0.0000775174  -0.0001988712
        0.0000296172  -0.0000616529  -0.0000499863   0.0001770459   0.0001468440
        0.0000928975  -0.0000350316  -0.0000523067   0.0000588364  -0.0237832996
       -0.0058305047  -0.0117487652   0.0223502172   0.0030340792   0.0079091223
        0.0986954648   0.0084399443   0.0909705910   0.0002379096  -0.0002437624
        0.0002255549   0.0001192959  -0.0002899318   0.0001147437  -0.0001248302
       -0.0000824883  -0.0003615647   0.0005447800   0.0008599719   0.0000275142
        0.0001692879   0.0000748544   0.0002875251  -0.0007044061   0.0002128186
       -0.0004596879   0.0000080727  -0.0000094934   0.0000309770  -0.0000366936
        0.0000906439   0.0000986592   0.0000322068  -0.0000097613   0.0000123314
        0.0001319097   0.0000065884   0.0001074547  -0.0001868343  -0.0001421240
       -0.0001566930   0.0000341971  -0.0000107759   0.0000814503  -0.0000423049
       -0.0000148119   0.0000139677   0.0000254896  -0.0000091409   0.0000036817
        0.0000357345   0.0000028846   0.0000271939
       -0.0006177122   0.0073269282   0.0052272765  -0.0461337841   0.0227892529
        0.0238021735  -0.0070860007   0.0125639104   0.0204715797   0.0004883146
       -0.0157721372  -0.0199114341   0.0010815759  -0.0002407772  -0.0001636108
       -0.0013178543  -0.0003234149   0.0002171020  -0.0001095008  -0.0000798496
        0.0001186346  -0.0000312002   0.0001075633   0.0000316779  -0.0000819589
        0.0015124614  -0.0006084702   0.0002926182  -0.0006484953  -0.0000222517
       -0.0001079083   0.0001391743   0.0002379096   0.0615179059  -0.0259682466
       -0.0304357228   0.0005616986   0.0002841316  -0.0004197665  -0.0034712440
       -0.0013708115   0.0036627372   0.0003389778   0.0006066154   0.0002315652
       -0.0039072551  -0.0008635064  -0.0040139463   0.0005428638  -0.0002016227
        0.0002370919   0.0000268159   0.0000819853  -0.0000079629  -0.0010810791
       -0.0009685091   0.0011443002  -0.0010968396   0.0008149184  -0.0000433731
        0.0000406407   0.0001697990   0.0000731446   0.0000356090  -0.0000220037
        0.0000132410  -0.0000259540   0.0000277474   0.0000073673   0.0000199739
       -0.0000140566   0.0000556639   0.0000063568   0.0000102679  -0.0000514247
        0.0001149402   0.0000386752   0.0001464979
        0.0059795356  -0.0250790962  -0.0181464704   0.0224386152  -0.1387499754
       -0.1094413789  -0.0021115002   0.0053137226   0.0061499147  -0.0011706143
       -0.0027352391  -0.0049690289   0.0002927763  -0.0002827879  -0.0005639949
        0.0002924548   0.0005070402  -0.0003082177  -0.0001528217  -0.0000477201
        0.0000044321   0.0000567752   0.0000464986   0.0000643877   0.0023560136
       -0.0058691994   0.0020770693  -0.0002847546   0.0006034579  -0.0006444625
       -0.0000414328   0.0003126455  -0.0002437624  -0.0259682466   0.1638076587
        0.1231510172  -0.0001420685   0.0006527125   0.0003142872  -0.0014791897
        0.0003758469   0.0015556763   0.0003528568   0.0002175713   0.0001396900
       -0.0007874088   0.0006064401  -0.0007845625   0.0001342072   0.0004151277
        0.0003810023   0.0003419176  -0.0000853361   0.0001860494  -0.0006535752
       -0.0002925035   0.0008627746   0.0003220273   0.0003040657   0.0000033698
        0.0000877978   0.0000880927   0.0001627020   0.0000681641  -0.0001415111
       -0.0001024260  -0.0000098706   0.0000006884   0.0000296534   0.0000059882
       -0.0000141303   0.0000202762   0.0000166556   0.0000523030   0.0000040783
        0.0000556978  -0.0000063730   0.0000979238
       -0.0014438841   0.0066894858   0.0064989031   0.0237887279  -0.1098164938
       -0.1654706980   0.0076540785  -0.0111434635  -0.0176585425  -0.0017914550
       -0.0130719926  -0.0164122698   0.0005847859  -0.0002831530  -0.0001718730
        0.0011085552  -0.0000000626   0.0000439242  -0.0000109328   0.0000031822
        0.0000282996   0.0000495666  -0.0000324326  -0.0000345044  -0.0006258529
        0.0023208373   0.0002212730  -0.0002193795   0.0003506508   0.0008255694
        0.0002225693   0.0000213362   0.0002255549  -0.0304357228   0.1231510172
        0.1959967983  -0.0003969248  -0.0002155275  -0.0000271817   0.0035377844
        0.0013975909  -0.0024723880  -0.0003948670  -0.0001305839   0.0007256133
       -0.0032365300  -0.0003087830  -0.0028088887   0.0002897341  -0.0000716986
       -0.0000556882   0.0002499486   0.0001977604  -0.0000005104   0.0009907937
        0.0003460989   0.0000672532  -0.0000661979   0.0003238973   0.0002685612
        0.0000566476   0.0001474135   0.0000656335  -0.0000270974  -0.0000371351
        0.0000156211   0.0000156297   0.0000410625   0.0000259603   0.0000391705
        0.0000087697   0.0000636494  -0.0000226790   0.0000601973  -0.0000560987
        0.0000835310   0.0000520262   0.0000960292
       -0.0026531972  -0.0018680836   0.0024327635   0.0036795976  -0.0191552115
        0.0081769545  -0.0581144922   0.0535492159  -0.0231551522   0.0003563512
       -0.0012023594   0.0011255805   0.0000454262  -0.0000400273   0.0000803348
        0.0000113303   0.0000147122   0.0000321281  -0.0000083230  -0.0000226147
       -0.0000205707   0.0000161375   0.0000002026  -0.0000505403  -0.0000587945
       -0.0000498133   0.0000134419   0.0003470746  -0.0010581116   0.0005985451
       -0.0000488507   0.0001192116   0.0001192959   0.0005616986  -0.0001420685
       -0.0003969248   0.0681180973  -0.0617081539   0.0257168949  -0.0012283614
        0.0061995947  -0.0018560432  -0.0098397313   0.0252422500  -0.0125194294
       -0.0000344228   0.0001097426  -0.0000911234  -0.0012512703  -0.0001624429
       -0.0001138403   0.0000318030   0.0000122506  -0.0000390872   0.0000164980
        0.0000033891  -0.0000556848  -0.0000217358   0.0000083417   0.0000403917
        0.0000059211   0.0000127754   0.0000099377   0.0000208111   0.0000489096
       -0.0000228961   0.0000299088   0.0000416371  -0.0000129112   0.0000634087
        0.0000224767  -0.0000018977  -0.0000433110   0.0000343260  -0.0000000469
       -0.0000015738  -0.0000101493  -0.0000101205
       -0.0026575326  -0.0007430212   0.0025560838   0.0008226910  -0.0127014268
        0.0068833554   0.0539004224  -0.2334039060   0.0792030689   0.0007716029
        0.0001346924  -0.0000904005   0.0001555157   0.0000424961  -0.0000363392
        0.0000575362  -0.0000024227   0.0000039397   0.0000668703   0.0000163063
       -0.0000255750   0.0000474876   0.0000162486  -0.0000204259   0.0000515292
        0.0004509517   0.0000416469   0.0000965672  -0.0008025939   0.0005413243
       -0.0003597268   0.0001760139  -0.0002899318   0.0002841316   0.0006527125
       -0.0002155275  -0.0617081539   0.2696390108  -0.0947811926   0.0079515805
       -0.0246412783   0.0060965255   0.0014274394   0.0005435436   0.0006129352
        0.0000210358  -0.0002765868   0.0000078348  -0.0010004422   0.0006306675
       -0.0003149001   0.0000344755   0.0000011243  -0.0000263079   0.0000211888
       -0.0000429467  -0.0000464178  -0.0000431643   0.0001116974   0.0000364348
        0.0000271936  -0.0000066901  -0.0000018315   0.0000563651   0.0000706132
       -0.0000574838  -0.0000062271   0.0000608598  -0.0000091788   0.0000565722
        0.0000079155  -0.0000108426  -0.0000518709   0.0001041985  -0.0000126319
       -0.0000230870  -0.0000381798  -0.0000441625
        0.0031270391   0.0019985286  -0.0024208781  -0.0024799795   0.0176704264
       -0.0085833896  -0.0235713066   0.0793144987  -0.0779837070  -0.0009015405
       -0.0004149796   0.0004079154  -0.0001399552   0.0000155745  -0.0000509687
        0.0000029424   0.0000425998  -0.0000347197  -0.0000068294  -0.0000030187
       -0.0000023510  -0.0000383107  -0.0000011838   0.0000236301   0.0000707101
       -0.0000165718  -0.0000954948  -0.0000670052   0.0011363246  -0.0003923885
        0.0003262534  -0.0002071398   0.0001147437  -0.0004197665   0.0003142872
       -0.0000271817   0.0257168949  -0.0947811926   0.0890710363   0.0065835974
       -0.0225014893   0.0079681944  -0.0082926913   0.0179501762  -0.0085070412
        0.0000799432  -0.0001118955  -0.0000772984   0.0000645704  -0.0001808494
        0.0005369772  -0.0000303903  -0.0000318880   0.0000106636  -0.0000341892
        0.0000303368   0.0000335777   0.0000678125  -0.0000706580  -0.0000292509
       -0.0000050559  -0.0000195306   0.0000004180  -0.0000488570  -0.0000525272
        0.0000157314   0.0000046220  -0.0000291913   0.0000052291  -0.0000277094
        0.0000013486  -0.0000159765   0.0000297717  -0.0000415290   0.0000323202
       -0.0000105706  -0.0000104570   0.0000002092
        0.0005798339   0.0006271314  -0.0005980121  -0.0066296275   0.0138660101
        0.0195407649  -0.0509543605   0.0273751117   0.0302140233   0.0007596932
        0.0007029339   0.0010701661   0.0000564636   0.0000132615   0.0000405776
       -0.0001236514  -0.0000201914   0.0000309669   0.0000501890  -0.0000241513
       -0.0000024489   0.0000072076   0.0000268113  -0.0000270207   0.0000953175
       -0.0003056862  -0.0000215424   0.0000132366   0.0001264003  -0.0002505345
       -0.0000553533  -0.0001509553  -0.0001248302  -0.0034712440  -0.0014791897
        0.0035377844  -0.0012283614   0.0079515805   0.0065835974   0.0585498088
       -0.0303488103  -0.0377657165   0.0029529924  -0.0178565479  -0.0216688288
       -0.0005898486  -0.0006377402  -0.0002562615  -0.0001075701   0.0002029393
       -0.0000244998  -0.0000250107  -0.0000309173  -0.0000681375   0.0000058779
        0.0000681247  -0.0001016256   0.0000619031  -0.0000894199   0.0000017101
       -0.0000368230  -0.0000510579  -0.0000468770   0.0000015321   0.0000336729
        0.0000132952   0.0000524329   0.0000310671  -0.0000322157   0.0000586802
       -0.0000057792  -0.0000088028   0.0000158687   0.0000009965   0.0000175954
       -0.0000391870  -0.0000255944  -0.0000531275
       -0.0004359695   0.0009390506   0.0007633880  -0.0003031383   0.0059245180
        0.0051528311   0.0267255066  -0.1420262589  -0.1133617377  -0.0000096790
        0.0004036376   0.0005260189  -0.0000619085  -0.0000721791   0.0000487178
       -0.0000862098  -0.0000371899   0.0000344737  -0.0000318149  -0.0000250746
        0.0000264739  -0.0000124214  -0.0000155630  -0.0000157010  -0.0001602367
        0.0000584309   0.0000379471  -0.0000291197  -0.0000887658  -0.0000144619
        0.0000334903  -0.0000437830  -0.0000824883  -0.0013708115   0.0003758469
        0.0013975909   0.0061995947  -0.0246412783  -0.0225014893  -0.0303488103
        0.1624892829   0.1327431081  -0.0002872478  -0.0032739580  -0.0047925253
        0.0000845879   0.0003262992   0.0001185793   0.0001307540  -0.0003553204
       -0.0001625941  -0.0000041761   0.0000184684   0.0000075192  -0.0000066220
       -0.0000003346   0.0000067419  -0.0000319632   0.0000022403   0.0000094107
       -0.0000070750   0.0000395301   0.0000190578  -0.0000072863   0.0000112092
        0.0000017180   0.0000031048  -0.0000125568  -0.0000048684  -0.0000038232
       -0.0000026376   0.0000114413  -0.0000028512  -0.0000240090  -0.0000105808
        0.0000241261   0.0000303949   0.0000414290
       -0.0002891507  -0.0006839699   0.0005723583   0.0078108027  -0.0113507072
       -0.0184438767   0.0294866074  -0.1141220443  -0.1766879182  -0.0012202108
       -0.0001045119   0.0007244934  -0.0002144875  -0.0000847018  -0.0000961457
        0.0001214805   0.0000300503  -0.0000223249  -0.0000312006  -0.0000154444
        0.0000278518  -0.0000758646  -0.0000079177   0.0000305861   0.0002282621
        0.0007725687   0.0001822875  -0.0002881800  -0.0001251991   0.0003981865
       -0.0001516360  -0.0000857723  -0.0003615647   0.0036627372   0.0015556763
       -0.0024723880  -0.0018560432   0.0060965255   0.0079681944  -0.0377657165
        0.1327431081   0.2051937741   0.0002131622  -0.0150109870  -0.0176247369
        0.0003118830   0.0002995577   0.0004857479   0.0001566096  -0.0000040488
       -0.0000380810   0.0000274842   0.0000278215   0.0000493945  -0.0000207594
       -0.0001000723   0.0000847154  -0.0000787747   0.0001076798  -0.0000215435
        0.0000304657   0.0000524129   0.0000745572   0.0000101482  -0.0000086728
       -0.0000558564  -0.0000449556  -0.0000073155   0.0000015700  -0.0000305700
        0.0000019798  -0.0000124918  -0.0000068257   0.0000012682  -0.0000204879
        0.0000147325   0.0000227164   0.0000636987
        0.0006165928   0.0007561370  -0.0007171314  -0.0243480772  -0.0042978966
       -0.0107249069  -0.2068451670  -0.0192100392  -0.1096952046  -0.0047340753
       -0.0019454437   0.0033642131  -0.0006347857  -0.0000967043  -0.0010231904
       -0.0000230833  -0.0000101918  -0.0000534441  -0.0001380954   0.0000041376
        0.0000529167  -0.0003195525  -0.0000808982   0.0001644178  -0.0000760450
        0.0000411387   0.0000326397   0.0002340078   0.0003285997  -0.0002307549
        0.0006863058  -0.0005098436   0.0005447800   0.0003389778   0.0003528568
       -0.0003948670  -0.0098397313   0.0014274394  -0.0082926913   0.0029529924
       -0.0002872478   0.0002131622   0.2417612559   0.0237035348   0.1260069422
        0.0001696457   0.0002054617   0.0002644348   0.0002270824  -0.0003237620
        0.0004006659   0.0000162651  -0.0000003859   0.0000234524  -0.0000040959
       -0.0000320817   0.0000194998   0.0000067335  -0.0000126294  -0.0000482248
        0.0000267836   0.0000520380   0.0000175269  -0.0000181385  -0.0000069210
       -0.0000070820  -0.0000405717  -0.0000512532   0.0000335751  -0.0001345575
        0.0000159966  -0.0000201602   0.0000592842  -0.0000341414   0.0000100984
        0.0000600493   0.0000120992   0.0000593323
       -0.0011834686   0.0001672100  -0.0003575600  -0.0093117824  -0.0017145376
       -0.0046219134  -0.0193999023  -0.0469357385  -0.0139329358  -0.0016061545
       -0.0004124268   0.0012970860  -0.0003468636   0.0002090752  -0.0003358394
       -0.0000087754   0.0000050081  -0.0000090598  -0.0000059747   0.0000223411
       -0.0000172007  -0.0001437108  -0.0000296973   0.0000463867   0.0000034165
       -0.0000727793  -0.0000555404   0.0002009741   0.0000460877  -0.0000916545
       -0.0000408550  -0.0006566480   0.0008599719   0.0006066154   0.0002175713
       -0.0001305839   0.0252422500   0.0005435436   0.0179501762  -0.0178565479
       -0.0032739580  -0.0150109870   0.0237035348   0.0517409295   0.0142364018
        0.0001426929   0.0000722902   0.0001118886   0.0000039066   0.0000330164
        0.0000373939   0.0000063013  -0.0000018222   0.0000045736   0.0000001879
        0.0000033989  -0.0000028633  -0.0000005189  -0.0000021784   0.0000135021
        0.0000194912   0.0000185381   0.0000098586  -0.0000051743   0.0000047092
       -0.0000110559   0.0000109158   0.0000082852   0.0000060763  -0.0000397583
        0.0000192771  -0.0000210591  -0.0000075594  -0.0000002148   0.0000138880
        0.0000167598  -0.0000112808   0.0000110496
        0.0009490052  -0.0001685007   0.0003628543   0.0130475122   0.0023226084
        0.0078681725  -0.1092544615  -0.0139438025  -0.1157967479   0.0020472444
        0.0011911359  -0.0008630988   0.0005902488   0.0000670329   0.0004082104
       -0.0000282613  -0.0000076342   0.0000079889   0.0000126476   0.0000222415
       -0.0000112336   0.0001934678   0.0000108407  -0.0000317317  -0.0001604443
       -0.0000382750  -0.0001895030   0.0000937393  -0.0000661907   0.0000228141
        0.0001543652   0.0004101068   0.0000275142   0.0002315652   0.0001396900
        0.0007256133  -0.0125194294   0.0006129352  -0.0085070412  -0.0216688288
       -0.0047925253  -0.0176247369   0.1260069422   0.0142364018   0.1333921844
        0.0001573637   0.0002463610   0.0001339117   0.0001523802  -0.0002224283
       -0.0000721805  -0.0000206660   0.0000153107   0.0000418051   0.0000005765
       -0.0000152388   0.0000592335  -0.0000112772   0.0000234824  -0.0000028528
        0.0000131397   0.0000065842  -0.0000097118  -0.0000057505  -0.0000292850
        0.0000203954  -0.0000230960  -0.0000157193   0.0000165145   0.0000119607
       -0.0000224915   0.0000348189   0.0000070804  -0.0000025724  -0.0000169966
        0.0000229759   0.0000199323   0.0000038037
        0.0006529627  -0.0009509075   0.0000149043   0.0002016623  -0.0161600610
       -0.0188679755   0.0005957457  -0.0003546370  -0.0011319571  -0.0471259013
        0.0247300580   0.0245291858  -0.0076143265   0.0153284293   0.0203230435
       -0.0041842806  -0.0006569197   0.0020706858   0.0006382946   0.0011267329
        0.0004722606   0.0000323228   0.0000637696   0.0007922856  -0.0000097285
        0.0004674735   0.0000213040  -0.0000541371   0.0000464980   0.0001851075
        0.0001088894  -0.0001263790   0.0001692879  -0.0039072551  -0.0007874088
       -0.0032365300  -0.0000344228   0.0000210358   0.0000799432  -0.0005898486
        0.0000845879   0.0003118830   0.0001696457   0.0001426929   0.0001573637
        0.0615936289  -0.0259602946  -0.0283414058   0.0005549942   0.0037645104
        0.0026576078  -0.0002509422   0.0005009310   0.0012915238  -0.0000990453
       -0.0000734082  -0.0001778043  -0.0000620839  -0.0002399681  -0.0002129859
       -0.0004224911  -0.0009272279  -0.0001029946   0.0000357754  -0.0000683929
       -0.0000950621   0.0001961289   0.0002364160  -0.0001696448   0.0001316134
       -0.0000942365  -0.0002180296  -0.0000147261  -0.0001133979  -0.0000032071
       -0.0005424749   0.0000001036  -0.0005187898
        0.0003702844   0.0011127844   0.0010806345  -0.0017803926  -0.0026551013
       -0.0047154108   0.0001763632   0.0001113320  -0.0000432275   0.0248965426
       -0.1507463487  -0.1096238982  -0.0001342113   0.0023351837   0.0016412804
       -0.0005711513   0.0002250830   0.0005799115  -0.0011160042   0.0007441887
        0.0014652957   0.0000079486  -0.0000774929  -0.0000191123   0.0000974454
        0.0002684022   0.0000765745  -0.0000422584  -0.0001334023   0.0000625962
        0.0001159376  -0.0001041074   0.0000748544  -0.0008635064   0.0006064401
       -0.0003087830   0.0001097426  -0.0002765868  -0.0001118955  -0.0006377402
        0.0003262992   0.0002995577   0.0002054617   0.0000722902   0.0002463610
       -0.0259602946   0.1749511018   0.1288971501   0.0056475916  -0.0272134031
       -0.0207391444  -0.0000750344   0.0002076166   0.0001889293   0.0000503301
       -0.0000398972   0.0000706434  -0.0000854743   0.0001844110   0.0001393826
       -0.0005662924  -0.0000134848   0.0002095716   0.0000628718  -0.0000061594
        0.0000499950  -0.0001190415  -0.0001366951   0.0000946689  -0.0001381251
        0.0000562749   0.0001505209  -0.0001054316  -0.0000344596  -0.0001108783
        0.0004544387   0.0002357309   0.0003444225
        0.0009605895  -0.0008302797   0.0005352921  -0.0016041572  -0.0159032583
       -0.0190202003   0.0008765196   0.0004130660   0.0007440086   0.0245918177
       -0.1100828793  -0.1564720941   0.0070982965  -0.0110275447  -0.0148614904
        0.0037066738   0.0004643777  -0.0014153768  -0.0008744099  -0.0008647669
        0.0004956169  -0.0004680693   0.0000886744   0.0003256864  -0.0005151763
        0.0008902703   0.0001156632  -0.0000256661  -0.0000450691  -0.0000722339
        0.0003553152   0.0000162305   0.0002875251  -0.0040139463  -0.0007845625
       -0.0028088887  -0.0000911234   0.0000078348  -0.0000772984  -0.0002562615
        0.0001185793   0.0004857479   0.0002644348   0.0001118886   0.0001339117
       -0.0283414058   0.1288971501   0.1829827628  -0.0017154502   0.0079688197
        0.0086615982   0.0001750993  -0.0004429747  -0.0009814833  -0.0000345189
       -0.0000622142   0.0001916497  -0.0000649453   0.0002747813   0.0000979872
        0.0004796201   0.0007076567   0.0005172645   0.0000123423   0.0001053609
       -0.0003818364  -0.0004100436  -0.0001401784   0.0001994281  -0.0000906938
       -0.0000397486   0.0000396780   0.0000287981   0.0000757344  -0.0000978116
       -0.0000436396   0.0000830517   0.0003748934
       -0.0039140633  -0.0001305699  -0.0029301955  -0.0078203418   0.0204387359
       -0.0129538613  -0.0003759494   0.0015136227  -0.0012940252  -0.0412759276
        0.0206225703  -0.0089399833  -0.0031942805  -0.0219355859   0.0116426114
       -0.0001895851  -0.0002757818  -0.0001135318  -0.0038942965  -0.0013652696
        0.0022316828  -0.0007002603  -0.0022521959   0.0013700053   0.0000280488
       -0.0003572174  -0.0000187046  -0.0001094685  -0.0001096796   0.0000903468
       -0.0005120070   0.0010806056  -0.0007044061   0.0005428638   0.0001342072
        0.0002897341  -0.0012512703  -0.0010004422   0.0000645704  -0.0001075701
        0.0001307540   0.0001566096   0.0002270824   0.0000039066   0.0001523802
        0.0005549942   0.0056475916  -0.0017154502   0.0640110281  -0.0218142200
        0.0125561941  -0.0000334478   0.0000530060  -0.0000054202  -0.0000903444
        0.0000827957  -0.0001401554   0.0001661237   0.0001441820   0.0000497144
       -0.0000462514   0.0001875396   0.0000214902  -0.0001167961   0.0001264261
       -0.0000593509  -0.0003731885  -0.0012998950   0.0002665362   0.0000465504
        0.0000172580  -0.0000897135  -0.0014236979   0.0006771674   0.0003199717
       -0.0001479449  -0.0003195116  -0.0002470492
        0.0007069628   0.0006713008   0.0008258868   0.0024460858  -0.0024217138
        0.0029945452  -0.0010990814   0.0007326970  -0.0007610845   0.0209269038
       -0.2239703502   0.0860940037  -0.0035508365  -0.0101244619   0.0058552533
        0.0002754122   0.0002182837  -0.0001603372  -0.0023253424  -0.0003009148
        0.0015075068   0.0013529378   0.0009877764  -0.0001195308  -0.0001901544
        0.0003880265   0.0000821677   0.0000404809   0.0000432414  -0.0001700081
        0.0001234036  -0.0000994251   0.0002128186  -0.0002016227   0.0004151277
       -0.0000716986  -0.0001624429   0.0006306675  -0.0001808494   0.0002029393
       -0.0003553204  -0.0000040488  -0.0003237620   0.0000330164  -0.0002224283
        0.0037645104  -0.0272134031   0.0079688197  -0.0218142200   0.2597118331
       -0.1032246593   0.0000991253  -0.0000051256  -0.0000579567  -0.0000579404
       -0.0000703641  -0.0001423138  -0.0000312841   0.0003474100   0.0000971967
        0.0001200735   0.0002828002   0.0002139900  -0.0000575913   0.0002254311
       -0.0003070703  -0.0002883012  -0.0005958215   0.0002314342   0.0005019553
        0.0001453109  -0.0002195112  -0.0000855634   0.0008081313  -0.0001013981
       -0.0003726481  -0.0004841536  -0.0003407278
       -0.0035680124  -0.0003211887  -0.0019307653  -0.0075985912   0.0190690776
       -0.0113302062   0.0013796304   0.0000765061   0.0007071584  -0.0086526126
        0.0878902924  -0.0877619613   0.0024620168   0.0167481164  -0.0079768426
        0.0001501917   0.0005517832   0.0002013694   0.0024195092   0.0003994722
       -0.0010875111  -0.0018145627  -0.0002441226   0.0006694287   0.0000053253
       -0.0002341231  -0.0000365153  -0.0000103357  -0.0001148012   0.0001245091
       -0.0004631402   0.0010195849  -0.0004596879   0.0002370919   0.0003810023
       -0.0000556882  -0.0001138403  -0.0003149001   0.0005369772  -0.0000244998
       -0.0001625941  -0.0000380810   0.0004006659   0.0000373939  -0.0000721805
        0.0026576078  -0.0207391444   0.0086615982   0.0125561941  -0.1032246593
        0.0996664442  -0.0001340488  -0.0002032751   0.0000367170   0.0000330219
       -0.0000246887   0.0000652499   0.0001580210  -0.0004596831  -0.0003580736
        0.0000465791  -0.0001366755   0.0000221445   0.0000164474  -0.0001530504
        0.0000179030   0.0001874714   0.0008423380  -0.0000056468  -0.0004936501
       -0.0000452635  -0.0001193050   0.0002568097  -0.0003464690   0.0004546461
       -0.0000932901  -0.0002909283   0.0000683190
       -0.0000101223   0.0000460634   0.0000913143   0.0000576058  -0.0001876628
        0.0000637346   0.0000402763   0.0000727694   0.0000541983   0.0001526447
        0.0010011481   0.0011639600  -0.0066302108   0.0006149035   0.0056765409
       -0.2508171411  -0.0274331401   0.0745324320   0.0002669195  -0.0002566684
       -0.0005345324   0.0008767530  -0.0003351104  -0.0013088735   0.0000026243
       -0.0000082200   0.0000152685  -0.0000598068  -0.0001784101   0.0000517483
        0.0000559778  -0.0000144043   0.0000080727   0.0000268159   0.0003419176
        0.0002499486   0.0000318030   0.0000344755  -0.0000303903  -0.0000250107
       -0.0000041761   0.0000274842   0.0000162651   0.0000063013  -0.0000206660
       -0.0002509422  -0.0000750344   0.0001750993  -0.0000334478   0.0000991253
       -0.0001340488   0.2909050317   0.0320449042  -0.0876385056  -0.0262998346
       -0.0019613368   0.0050121706  -0.0090313508  -0.0038180115   0.0031565108
        0.0000601770  -0.0001571359  -0.0002601418  -0.0002762834   0.0000029859
        0.0000446354   0.0005834900   0.0003352080  -0.0000029082   0.0005039139
       -0.0000177408  -0.0002041237  -0.0001034851  -0.0000826120   0.0001557967
       -0.0000426622  -0.0000701388  -0.0003447252
        0.0000408729   0.0000368912   0.0000346791  -0.0001979713  -0.0000969279
       -0.0000905676   0.0000303265   0.0000198666   0.0000172750   0.0002533405
       -0.0008600118  -0.0022462603   0.0127685715   0.0012269053  -0.0058166574
       -0.0268500499  -0.0478318661   0.0106920127   0.0007576187   0.0004180865
       -0.0005726901   0.0002134042   0.0002953959   0.0005568347  -0.0000194697
        0.0000667955  -0.0000131773  -0.0000185254   0.0000753424   0.0000044137
       -0.0000155722   0.0000065406  -0.0000094934   0.0000819853  -0.0000853361
        0.0001977604   0.0000122506   0.0000011243  -0.0000318880  -0.0000309173
        0.0000184684   0.0000278215  -0.0000003859  -0.0000018222   0.0000153107
        0.0005009310   0.0002076166  -0.0004429747   0.0000530060  -0.0000051256
       -0.0002032751   0.0320449042   0.0529093812  -0.0104295242   0.0129342706
        0.0018761856  -0.0029737517  -0.0320891268  -0.0076434583   0.0112684815
       -0.0001024740   0.0000444269   0.0001654535   0.0000616444  -0.0000766832
        0.0000407347  -0.0002553020  -0.0005495091  -0.0003289096  -0.0000618238
        0.0002711576  -0.0000915600  -0.0002224749  -0.0001992554   0.0001378731
        0.0001109666  -0.0001241889   0.0000920788
        0.0000024891   0.0000240078   0.0000344922  -0.0005668740  -0.0001910192
       -0.0000823091  -0.0000442373   0.0000413184   0.0001254674   0.0006737846
       -0.0031217513  -0.0048067482   0.0259393925   0.0015083716  -0.0139123092
        0.0749707193   0.0110377973  -0.0695349868   0.0001347188   0.0007675028
        0.0004605725   0.0012290996   0.0000995453   0.0005667203  -0.0000482848
        0.0000317049   0.0000254931   0.0000538076  -0.0001578869   0.0000247803
       -0.0000055679  -0.0000011258   0.0000309770  -0.0000079629   0.0001860494
       -0.0000005104  -0.0000390872  -0.0000263079   0.0000106636  -0.0000681375
        0.0000075192   0.0000493945   0.0000234524   0.0000045736   0.0000418051
        0.0012915238   0.0001889293  -0.0009814833  -0.0000054202  -0.0000579567
        0.0000367170  -0.0876385056  -0.0104295242   0.0828345685  -0.0204516389
       -0.0019140698   0.0064058195   0.0058297101   0.0023567861  -0.0011678842
       -0.0000636501   0.0002434307   0.0001451414  -0.0000969341  -0.0000238674
       -0.0000641022  -0.0002754031  -0.0004866029   0.0001359007  -0.0008764267
       -0.0003774741  -0.0006432546   0.0000417801   0.0001893723  -0.0001633247
       -0.0000023477   0.0001006775   0.0004283996
       -0.0005277023   0.0000601851   0.0004226202  -0.0008304434  -0.0000189392
        0.0008882289  -0.0000419444  -0.0000120686   0.0000354132   0.0002665490
       -0.0000530987  -0.0000121964   0.0008278623  -0.0013233101  -0.0012951003
       -0.1422523235   0.0585339223  -0.1032705011   0.0001806978   0.0000495789
        0.0001786018   0.0005497376  -0.0002647963  -0.0006096599   0.0001272227
        0.0000291248  -0.0001496108  -0.0001283262   0.0006158224   0.0000472478
       -0.0001494381  -0.0000105082  -0.0000366936  -0.0010810791  -0.0006535752
        0.0009907937   0.0000164980   0.0000211888  -0.0000341892   0.0000058779
       -0.0000066220  -0.0000207594  -0.0000040959   0.0000001879   0.0000005765
       -0.0000990453   0.0000503301  -0.0000345189  -0.0000903444  -0.0000579404
        0.0000330219  -0.0262998346   0.0129342706  -0.0204516389   0.1660182547
       -0.0685146001   0.1202791273   0.0030485306  -0.0011384968   0.0027296145
       -0.0000314381   0.0000609738   0.0002341308   0.0004534055  -0.0003005358
        0.0000654060  -0.0003297069   0.0000338334  -0.0001234856   0.0003082099
        0.0001200059   0.0001065927  -0.0000313112  -0.0002207976   0.0001663975
        0.0000941874   0.0000658648  -0.0001394189
        0.0003350235   0.0001460078  -0.0005089856   0.0000845430   0.0005220465
        0.0003425205   0.0000578642  -0.0001739474  -0.0001104816  -0.0000885229
        0.0000928178   0.0004359952  -0.0081966457   0.0043850258  -0.0083541173
        0.0583296951  -0.0785180545   0.0616499609  -0.0005094892   0.0007665391
       -0.0009114035  -0.0001124525  -0.0007027189  -0.0024169329  -0.0000730937
       -0.0001727196   0.0000424756   0.0005743192  -0.0003229511   0.0000093732
       -0.0000941580  -0.0000362058   0.0000906439  -0.0009685091  -0.0002925035
        0.0003460989   0.0000033891  -0.0000429467   0.0000303368   0.0000681247
       -0.0000003346  -0.0001000723  -0.0000320817   0.0000033989  -0.0000152388
       -0.0000734082  -0.0000398972  -0.0000622142   0.0000827957  -0.0000703641
       -0.0000246887  -0.0019613368   0.0018761856  -0.0019140698  -0.0685146001
        0.0895294025  -0.0703957911   0.0215062156  -0.0168233166   0.0228156843
        0.0000237189   0.0000021642   0.0001105346   0.0000939113  -0.0004439548
       -0.0003357479  -0.0000575191  -0.0000459671   0.0000340382  -0.0000276820
       -0.0000823578   0.0000020220   0.0000164153   0.0000784099  -0.0001431053
       -0.0004665166   0.0003662417  -0.0006168353
        0.0001538352   0.0000494040  -0.0000917868   0.0002539460  -0.0000238870
       -0.0005773754  -0.0000465458   0.0000845954   0.0001455516  -0.0005284958
        0.0001903535   0.0003949995  -0.0180230498   0.0084018322  -0.0224801852
       -0.1034458508   0.0619869053  -0.1499841471  -0.0000135056   0.0011433159
        0.0008884037   0.0003272045  -0.0028618921  -0.0058998266  -0.0000392316
        0.0000500643   0.0000316668   0.0002686439  -0.0006925073   0.0005717312
       -0.0001346870  -0.0000577182   0.0000986592   0.0011443002   0.0008627746
        0.0000672532  -0.0000556848  -0.0000464178   0.0000335777  -0.0001016256
        0.0000067419   0.0000847154   0.0000194998  -0.0000028633   0.0000592335
       -0.0001778043   0.0000706434   0.0001916497  -0.0001401554  -0.0001423138
        0.0000652499   0.0050121706  -0.0029737517   0.0064058195   0.1202791273
       -0.0703957911   0.1745854270  -0.0042957114   0.0048829960  -0.0039633669
        0.0000601776   0.0003638861   0.0002867099   0.0002531428  -0.0007739465
        0.0002188004  -0.0000309753  -0.0000650094  -0.0000634155   0.0003244398
       -0.0000374247   0.0000517430   0.0002269027  -0.0003395495   0.0002039668
       -0.0012900673   0.0003195598  -0.0013250546
       -0.0000769208   0.0000477278  -0.0001098297  -0.0001443234   0.0004964543
        0.0003687320  -0.0000543890  -0.0000822023  -0.0000543095   0.0002081378
        0.0006576969   0.0000214526   0.0004364086   0.0023533385  -0.0004126095
       -0.0518236137  -0.0417743175   0.0047044201   0.0003580484   0.0003510975
        0.0003981927   0.0000615959  -0.0005895128  -0.0001691207   0.0000033114
       -0.0001127045   0.0000120930   0.0000777828  -0.0000816780   0.0000076650
       -0.0000058034  -0.0000315595   0.0000322068  -0.0010968396   0.0003220273
       -0.0000661979  -0.0000217358  -0.0000431643   0.0000678125   0.0000619031
       -0.0000319632  -0.0000787747   0.0000067335  -0.0000005189  -0.0000112772
       -0.0000620839  -0.0000854743  -0.0000649453   0.0001661237  -0.0000312841
        0.0001580210  -0.0090313508  -0.0320891268   0.0058297101   0.0030485306
        0.0215062156  -0.0042957114   0.0577163523   0.0487897809  -0.0060005292
        0.0002562218   0.0001488176   0.0000346999  -0.0000146435  -0.0000437990
       -0.0000083340   0.0000701743   0.0001346869   0.0000143686  -0.0001104565
       -0.0001301938   0.0000889899   0.0000329589   0.0001583898  -0.0005389347
       -0.0000621228   0.0001612659   0.0000722099
        0.0000436967  -0.0000343642   0.0001384663   0.0000072396  -0.0003962433
       -0.0002645944  -0.0000808710   0.0000977957   0.0001420848  -0.0003471975
        0.0004043107   0.0005779443  -0.0024936178  -0.0196105549  -0.0019586660
       -0.0418399883  -0.2708985073   0.0290407597   0.0003412015  -0.0019576324
       -0.0040844299   0.0001569917   0.0006114203   0.0008476351  -0.0000922724
        0.0001489083   0.0000515893  -0.0000915567  -0.0000038312  -0.0000868447
        0.0000197833   0.0000634005  -0.0000097613   0.0008149184   0.0003040657
        0.0003238973   0.0000083417   0.0001116974  -0.0000706580  -0.0000894199
        0.0000022403   0.0001076798  -0.0000126294  -0.0000021784   0.0000234824
       -0.0002399681   0.0001844110   0.0002747813   0.0001441820   0.0003474100
       -0.0004596831  -0.0038180115  -0.0076434583   0.0023567861  -0.0011384968
       -0.0168233166   0.0048829960   0.0487897809   0.3149408414  -0.0314248031
       -0.0001476239  -0.0011909290  -0.0001491411  -0.0002290790   0.0003966850
       -0.0001323426   0.0003344965   0.0003133127  -0.0000521441   0.0000238458
       -0.0001546538  -0.0000006750  -0.0001521627   0.0006479106  -0.0003948235
        0.0000884168   0.0001412598   0.0003204645
       -0.0000401580   0.0000743148  -0.0000388983   0.0001852051  -0.0000023162
        0.0000126167   0.0000391114  -0.0000609054  -0.0000652237  -0.0003488656
       -0.0003702821   0.0009989162  -0.0044790552  -0.0260132385   0.0010528760
        0.0046427209   0.0283197363  -0.0464208582   0.0002981454  -0.0029388020
       -0.0042819014   0.0003820741  -0.0008542857   0.0006091972  -0.0000528541
       -0.0000102799   0.0000319260   0.0000936122  -0.0000596100  -0.0000485744
       -0.0000520933   0.0000243990   0.0000123314  -0.0000433731   0.0000033698
        0.0002685612   0.0000403917   0.0000364348  -0.0000292509   0.0000017101
        0.0000094107  -0.0000215435  -0.0000482248   0.0000135021  -0.0000028528
       -0.0002129859   0.0001393826   0.0000979872   0.0000497144   0.0000971967
       -0.0003580736   0.0031565108   0.0112684815  -0.0011678842   0.0027296145
        0.0228156843  -0.0039633669  -0.0060005292  -0.0314248031   0.0539593460
       -0.0001481742  -0.0016137421   0.0000273542   0.0000670391   0.0000604472
       -0.0001236894  -0.0000303049   0.0000751641  -0.0001194093   0.0000090178
        0.0000952484  -0.0000921326  -0.0003138450   0.0002066533  -0.0005015050
        0.0000755956   0.0001088395   0.0001640519
       -0.0001231240  -0.0000981290  -0.0001635525  -0.0000933350  -0.0000946788
        0.0000058735  -0.0000441764  -0.0000377612   0.0000234213   0.0003582674
       -0.0008301792  -0.0009410405   0.0000278700  -0.0019469520  -0.0032357547
        0.0002727101  -0.0007421726  -0.0000290768  -0.0459131517   0.0093934495
        0.0170888201   0.0001325748   0.0005938456   0.0002632473  -0.0002212874
        0.0000410461  -0.0000136338   0.0001688372   0.0000453851   0.0000658527
       -0.0000030619   0.0000462105   0.0001319097   0.0000406407   0.0000877978
        0.0000566476   0.0000059211   0.0000271936  -0.0000050559  -0.0000368230
       -0.0000070750   0.0000304657   0.0000267836   0.0000194912   0.0000131397
       -0.0004224911  -0.0005662924   0.0004796201  -0.0000462514   0.0001200735
        0.0000465791   0.0000601770  -0.0001024740  -0.0000636501  -0.0000314381
        0.0000237189   0.0000601776   0.0002562218  -0.0001476239  -0.0001481742
        0.0501949451  -0.0103691215  -0.0209065112   0.0010683002  -0.0092776767
       -0.0220584523  -0.0055633001   0.0135998707   0.0294623554  -0.0001589699
        0.0000389676   0.0002292568  -0.0001130107  -0.0001114783  -0.0000649871
        0.0001571715   0.0002945645  -0.0003274777
        0.0001369890   0.0000779165   0.0000129153  -0.0000843642  -0.0001001861
       -0.0000083793   0.0000375851  -0.0000012920   0.0000294523   0.0008654725
        0.0005022934  -0.0009726831   0.0018597002  -0.0191195339  -0.0264214629
       -0.0008564214  -0.0067635158   0.0004796826   0.0095003718  -0.0941948053
       -0.0979607737  -0.0003477591   0.0006711771  -0.0008690912  -0.0001159900
        0.0001533048   0.0000691028  -0.0000922817  -0.0000871762  -0.0000654078
        0.0001300559   0.0000130206   0.0000065884   0.0001697990   0.0000880927
        0.0001474135   0.0000127754  -0.0000066901  -0.0000195306  -0.0000510579
        0.0000395301   0.0000524129   0.0000520380   0.0000185381   0.0000065842
       -0.0009272279  -0.0000134848   0.0007076567   0.0001875396   0.0002828002
       -0.0001366755  -0.0001571359   0.0000444269   0.0002434307   0.0000609738
        0.0000021642   0.0003638861   0.0001488176  -0.0011909290  -0.0016137421
       -0.0103691215   0.1117629858   0.1138946837  -0.0007465979   0.0054378346
        0.0089992629   0.0003630394   0.0023820840   0.0022549989   0.0001019564
       -0.0000818065  -0.0000060086  -0.0001110962   0.0004304780  -0.0000535516
        0.0002319398  -0.0003472271   0.0008592351
        0.0000111834  -0.0000346571  -0.0001770670  -0.0000522362  -0.0001778248
       -0.0001215184   0.0000354552   0.0000097926  -0.0000004609   0.0000483571
        0.0007552222   0.0003794984  -0.0002716355  -0.0024204716   0.0001094180
       -0.0001604905  -0.0007051371   0.0005879935   0.0173689821  -0.0974909564
       -0.2287531723   0.0000911771   0.0009229711   0.0006449440  -0.0002753385
        0.0000920827   0.0001598838   0.0001159250  -0.0000800937  -0.0000263733
        0.0000454652   0.0000634496   0.0001074547   0.0000731446   0.0001627020
        0.0000656335   0.0000099377  -0.0000018315   0.0000004180  -0.0000468770
        0.0000190578   0.0000745572   0.0000175269   0.0000098586  -0.0000097118
       -0.0001029946   0.0002095716   0.0005172645   0.0000214902   0.0002139900
        0.0000221445  -0.0002601418   0.0001654535   0.0001451414   0.0002341308
        0.0001105346   0.0002867099   0.0000346999  -0.0001491411   0.0000273542
       -0.0209065112   0.1138946837   0.2647622968  -0.0001557332  -0.0095002831
       -0.0243096736   0.0040959657  -0.0063965067  -0.0146069797   0.0000760882
       -0.0001176393  -0.0001931015  -0.0000022798   0.0002099960  -0.0000610227
       -0.0000452909   0.0002351763   0.0003683686
       -0.0021716969  -0.0007654393   0.0004059657   0.0002748811  -0.0001086726
       -0.0000048752  -0.0001072278   0.0000557694  -0.0000128824   0.0004091283
       -0.0001903149   0.0000982595   0.0018200161   0.0009988866   0.0011682708
        0.0000660028  -0.0001439724   0.0001486048  -0.1550837696   0.0626662546
       -0.1058397447   0.0005453097   0.0001813359  -0.0000674536  -0.0005608169
        0.0000566095   0.0004860887  -0.0020326250  -0.0010822299  -0.0015988941
       -0.0002648840   0.0000060942  -0.0001868343   0.0000356090   0.0000681641
       -0.0000270974   0.0000208111   0.0000563651  -0.0000488570   0.0000015321
       -0.0000072863   0.0000101482  -0.0000181385  -0.0000051743  -0.0000057505
        0.0000357754   0.0000628718   0.0000123423  -0.0001167961  -0.0000575913
        0.0000164474  -0.0002762834   0.0000616444  -0.0000969341   0.0004534055
        0.0000939113   0.0002531428  -0.0000146435  -0.0002290790   0.0000670391
        0.0010683002  -0.0007465979  -0.0001557332   0.1823107248  -0.0715676347
        0.1248368158  -0.0269595836   0.0107154595  -0.0195781198   0.0003484128
       -0.0000848293  -0.0000333040   0.0002572134  -0.0000165557  -0.0000545830
       -0.0000406570  -0.0000179887   0.0002079382
       -0.0003032018  -0.0000940944   0.0005497141  -0.0000888799  -0.0004676299
        0.0001672824   0.0000274014   0.0000215977  -0.0000630422   0.0003599333
        0.0008011302  -0.0001647326   0.0202858260  -0.0143968089   0.0192288884
        0.0003214050   0.0009043143   0.0009909989   0.0625492637  -0.0763911237
        0.0584142606  -0.0002771224  -0.0066878447   0.0012236562   0.0000229504
        0.0002532938  -0.0000432490  -0.0011592814   0.0005296591  -0.0011119767
        0.0002445056   0.0001186827  -0.0001421240  -0.0000220037  -0.0001415111
       -0.0000371351   0.0000489096   0.0000706132  -0.0000525272   0.0000336729
        0.0000112092  -0.0000086728  -0.0000069210   0.0000047092  -0.0000292850
       -0.0000683929  -0.0000061594   0.0001053609   0.0001264261   0.0002254311
       -0.0001530504   0.0000029859  -0.0000766832  -0.0000238674  -0.0003005358
       -0.0004439548  -0.0007739465  -0.0000437990   0.0003966850   0.0000604472
       -0.0092776767   0.0054378346  -0.0095002831  -0.0715676347   0.0886543849
       -0.0673610211  -0.0016830624   0.0022941476  -0.0022110908  -0.0003146473
       -0.0000276360  -0.0001294346   0.0012353400  -0.0009413062   0.0012726563
       -0.0001454611  -0.0000489405  -0.0002078265
       -0.0010042004  -0.0002956402   0.0003957136   0.0001773139   0.0004857527
       -0.0001102539  -0.0000288691   0.0000022107   0.0000128288  -0.0000684152
       -0.0000266649   0.0002115438  -0.0037651550   0.0044114624  -0.0042528338
        0.0003653778  -0.0009481412   0.0006338814  -0.1051885260   0.0578624188
       -0.1434182461   0.0002456286   0.0018611804   0.0001652677   0.0006567887
       -0.0001672642  -0.0003893319  -0.0009676428  -0.0003029016   0.0006466294
       -0.0002351299  -0.0001968425  -0.0001566930   0.0000132410  -0.0001024260
        0.0000156211  -0.0000228961  -0.0000574838   0.0000157314   0.0000132952
        0.0000017180  -0.0000558564  -0.0000070820  -0.0000110559   0.0000203954
       -0.0000950621   0.0000499950  -0.0003818364  -0.0000593509  -0.0003070703
        0.0000179030   0.0000446354   0.0000407347  -0.0000641022   0.0000654060
       -0.0003357479   0.0002188004  -0.0000083340  -0.0001323426  -0.0001236894
       -0.0220584523   0.0089992629  -0.0243096736   0.1248368158  -0.0673610211
        0.1637078516   0.0071412329  -0.0036324160   0.0069835461   0.0002436027
       -0.0000594686  -0.0000342736  -0.0003617458   0.0003022541  -0.0000834870
        0.0000675235  -0.0000805029   0.0003345635
       -0.0003571430  -0.0000201620  -0.0001559981   0.0001165655   0.0000888433
        0.0001572175   0.0000015829   0.0000242425  -0.0000626582   0.0003522841
       -0.0018685786   0.0002858335  -0.0080114521  -0.0049905887   0.0036696639
        0.0003219029   0.0006232433  -0.0000610773  -0.2430118854  -0.0338096204
        0.0797408600   0.0008288803   0.0012729153  -0.0005079036   0.0001977117
       -0.0001573203  -0.0002146881  -0.0002271438   0.0000098982   0.0002983295
       -0.0000675098  -0.0001004085   0.0000341971  -0.0000259540  -0.0000098706
        0.0000156297   0.0000299088  -0.0000062271   0.0000046220   0.0000524329
        0.0000031048  -0.0000449556  -0.0000405717   0.0000109158  -0.0000230960
        0.0001961289  -0.0001190415  -0.0004100436  -0.0003731885  -0.0002883012
        0.0001874714   0.0005834900  -0.0002553020  -0.0002754031  -0.0003297069
       -0.0000575191  -0.0000309753   0.0000701743   0.0003344965  -0.0000303049
       -0.0055633001   0.0003630394   0.0040959657  -0.0269595836  -0.0016830624
        0.0071412329   0.2818432891   0.0401226914  -0.0935513113   0.0005479729
        0.0002840392  -0.0001828608  -0.0000294673   0.0002967464  -0.0001349646
       -0.0001454182  -0.0000681738   0.0000552171
        0.0001632506   0.0000671133   0.0000806149  -0.0000505836  -0.0001299216
        0.0002400146  -0.0001616993   0.0000279349  -0.0000830048  -0.0008476063
       -0.0057748873   0.0010319212  -0.0276026227  -0.0088422624   0.0116624607
       -0.0005438523   0.0006132435   0.0006696494  -0.0344671607  -0.0486001461
        0.0133030844  -0.0011979823   0.0006088227  -0.0002347621  -0.0000783388
        0.0000096159   0.0000742127  -0.0000167972  -0.0000195280  -0.0001634631
        0.0000805830   0.0000487370  -0.0000107759   0.0000277474   0.0000006884
        0.0000410625   0.0000416371   0.0000608598  -0.0000291913   0.0000310671
       -0.0000125568  -0.0000073155  -0.0000512532   0.0000082852  -0.0000157193
        0.0002364160  -0.0001366951  -0.0001401784  -0.0012998950  -0.0005958215
        0.0008423380   0.0003352080  -0.0005495091  -0.0004866029   0.0000338334
       -0.0000459671  -0.0000650094   0.0001346869   0.0003133127   0.0000751641
        0.0135998707   0.0023820840  -0.0063965067   0.0107154595   0.0022941476
       -0.0036324160   0.0401226914   0.0585900973  -0.0169555214   0.0007725032
       -0.0005616150   0.0004000835  -0.0000887087   0.0002983244  -0.0001790528
        0.0001115458  -0.0000543567  -0.0000210864
       -0.0002665192  -0.0000972536  -0.0001643471   0.0000087683   0.0000967324
       -0.0001030461   0.0000017342  -0.0000345453   0.0000633314   0.0004263348
        0.0014424779  -0.0000311888   0.0047369062   0.0024039047  -0.0021724930
       -0.0005403572  -0.0007215195   0.0003661617   0.0792927840   0.0132097139
       -0.0763688118   0.0006514708   0.0002010921  -0.0000153574   0.0000060862
        0.0000052009  -0.0001250668   0.0000223716   0.0000621085   0.0001932112
       -0.0000822914  -0.0000467798   0.0000814503   0.0000073673   0.0000296534
        0.0000259603  -0.0000129112  -0.0000091788   0.0000052291  -0.0000322157
       -0.0000048684   0.0000015700   0.0000335751   0.0000060763   0.0000165145
       -0.0001696448   0.0000946689   0.0001994281   0.0002665362   0.0002314342
       -0.0000056468  -0.0000029082  -0.0003289096   0.0001359007  -0.0001234856
        0.0000340382  -0.0000634155   0.0000143686  -0.0000521441  -0.0001194093
        0.0294623554   0.0022549989  -0.0146069797  -0.0195781198  -0.0022110908
        0.0069835461  -0.0935513113  -0.0169555214   0.0858623598  -0.0006107556
        0.0006518101   0.0000672637  -0.0001148140  -0.0002449479  -0.0000001474
        0.0001546753  -0.0000171511  -0.0002260172
       -0.0000897149  -0.0000374260  -0.0000213528  -0.0008286299   0.0000222666
        0.0008565279  -0.0002768849  -0.0000242306  -0.0002160532  -0.0046360910
        0.0012178914  -0.0034746986  -0.0255983738  -0.0041437814   0.0062004280
        0.0005565633  -0.0000458380   0.0009310506   0.0006307318  -0.0008603046
        0.0006765696  -0.2336305340  -0.0520371500   0.0804440082   0.0000232978
       -0.0000255167   0.0000129184  -0.0000086215   0.0000062949  -0.0000336982
       -0.0000259806   0.0000369215  -0.0000423049   0.0000199739   0.0000059882
        0.0000391705   0.0000634087   0.0000565722  -0.0000277094   0.0000586802
       -0.0000038232  -0.0000305700  -0.0001345575  -0.0000397583   0.0000119607
        0.0001316134  -0.0001381251  -0.0000906938   0.0000465504   0.0005019553
       -0.0004936501   0.0005039139  -0.0000618238  -0.0008764267   0.0003082099
       -0.0000276820   0.0003244398  -0.0001104565   0.0000238458   0.0000090178
       -0.0001589699   0.0001019564   0.0000760882   0.0003484128  -0.0003146473
        0.0002436027   0.0005479729   0.0007725032  -0.0006107556   0.2728053301
        0.0598935557  -0.0921078157  -0.0045110672  -0.0037568498   0.0028859347
       -0.0060347774  -0.0011227944   0.0053140118
       -0.0000376482   0.0000113122  -0.0000126627   0.0003800949   0.0002201716
       -0.0001915808   0.0001222950   0.0000158533   0.0000453853   0.0011207289
       -0.0001594963   0.0010677356   0.0077431912   0.0015787960  -0.0028592767
       -0.0003782895   0.0000240630  -0.0002255836   0.0014125216   0.0002960039
        0.0000530544  -0.0518304587  -0.0583720521   0.0210960748  -0.0000092432
        0.0000129597  -0.0000024676   0.0000000257   0.0000173738  -0.0000163656
       -0.0000234783   0.0000132177  -0.0000148119  -0.0000140566  -0.0000141303
        0.0000087697   0.0000224767   0.0000079155   0.0000013486  -0.0000057792
       -0.0000026376   0.0000019798   0.0000159966   0.0000192771  -0.0000224915
       -0.0000942365   0.0000562749  -0.0000397486   0.0000172580   0.0001453109
       -0.0000452635  -0.0000177408   0.0002711576  -0.0003774741   0.0001200059
       -0.0000823578  -0.0000374247  -0.0001301938  -0.0001546538   0.0000952484
        0.0000389676  -0.0000818065  -0.0001176393  -0.0000848293  -0.0000276360
       -0.0000594686   0.0002840392  -0.0005616150   0.0006518101   0.0598935557
        0.0655405145  -0.0262542473  -0.0307980012  -0.0122568778   0.0138689542
        0.0122527984   0.0034830614  -0.0066138547
       -0.0000014034   0.0000156855  -0.0000111762  -0.0006545463  -0.0000178762
        0.0004001633  -0.0002049320  -0.0000213745  -0.0000577109  -0.0023251662
        0.0008146385  -0.0011902810  -0.0149365889  -0.0035486178   0.0054410502
       -0.0011127864   0.0001912572   0.0006263239  -0.0005353752  -0.0004623779
        0.0003400722   0.0798095648   0.0211212600  -0.0769282280   0.0000063355
       -0.0000145411  -0.0000159555  -0.0000030069  -0.0000200146   0.0000362610
        0.0000210041  -0.0000142788   0.0000139677   0.0000556639   0.0000202762
        0.0000636494  -0.0000018977  -0.0000108426  -0.0000159765  -0.0000088028
        0.0000114413  -0.0000124918  -0.0000201602  -0.0000210591   0.0000348189
       -0.0002180296   0.0001505209   0.0000396780  -0.0000897135  -0.0002195112
       -0.0001193050  -0.0002041237  -0.0000915600  -0.0006432546   0.0001065927
        0.0000020220   0.0000517430   0.0000889899  -0.0000006750  -0.0000921326
        0.0002292568  -0.0000060086  -0.0001931015  -0.0000333040  -0.0001294346
       -0.0000342736  -0.0001828608   0.0004000835   0.0000672637  -0.0921078157
       -0.0262542473   0.0885296981   0.0037587991   0.0017800743  -0.0010389559
        0.0285643064   0.0063251599  -0.0152918463
        0.0000029838  -0.0000217459  -0.0000006531   0.0000352218   0.0000074664
       -0.0000209038   0.0000030382   0.0000114971   0.0000275073   0.0004159160
        0.0014454794  -0.0008558640  -0.0005292780   0.0207307589  -0.0027908236
        0.0005018506   0.0003205714   0.0006938192  -0.0026537367   0.0018728018
       -0.0025744436  -0.0443469799  -0.0136172563   0.0020409539   0.0000384752
       -0.0000334620  -0.0000201887   0.0000164336  -0.0000114371   0.0000655977
        0.0000241652  -0.0000465935   0.0000254896   0.0000063568   0.0000166556
       -0.0000226790  -0.0000433110  -0.0000518709   0.0000297717   0.0000158687
       -0.0000028512  -0.0000068257   0.0000592842  -0.0000075594   0.0000070804
       -0.0000147261  -0.0001054316   0.0000287981  -0.0014236979  -0.0000855634
        0.0002568097  -0.0001034851  -0.0002224749   0.0000417801  -0.0000313112
        0.0000164153   0.0002269027   0.0000329589  -0.0001521627  -0.0003138450
       -0.0001130107  -0.0001110962  -0.0000022798   0.0002572134   0.0012353400
       -0.0003617458  -0.0000294673  -0.0000887087  -0.0001148140  -0.0045110672
       -0.0307980012   0.0037587991   0.0514745805   0.0156516770  -0.0004849928
        0.0009157241   0.0040475523   0.0003667495
       -0.0000421596   0.0000423241  -0.0000335835  -0.0001668862   0.0000362714
       -0.0000939089  -0.0000582497  -0.0000130361  -0.0000109187  -0.0008404662
        0.0002039252  -0.0001915783   0.0019202518  -0.0147842589   0.0038217638
       -0.0005894609   0.0007898430  -0.0008724922   0.0028974146  -0.0012723452
        0.0025348294  -0.0142021479  -0.2785946102   0.0209774012  -0.0000629916
        0.0000228231   0.0000300095  -0.0000276844  -0.0000098492  -0.0000847347
        0.0000159724   0.0000617155  -0.0000091409   0.0000102679   0.0000523030
        0.0000601973   0.0000343260   0.0001041985  -0.0000415290   0.0000009965
       -0.0000240090   0.0000012682  -0.0000341414  -0.0000002148  -0.0000025724
       -0.0001133979  -0.0000344596   0.0000757344   0.0006771674   0.0008081313
       -0.0003464690  -0.0000826120  -0.0001992554   0.0001893723  -0.0002207976
        0.0000784099  -0.0003395495   0.0001583898   0.0006479106   0.0002066533
       -0.0001114783   0.0004304780   0.0002099960  -0.0000165557  -0.0009413062
        0.0003022541   0.0002967464   0.0002983244  -0.0002449479  -0.0037568498
       -0.0122568778   0.0017800743   0.0156516770   0.3236733675  -0.0260535889
       -0.0013373306  -0.0191198031  -0.0018645397
       -0.0000414267  -0.0000298595  -0.0000358784   0.0000884664   0.0000796276
       -0.0000210454   0.0000329340  -0.0000158008   0.0000136686   0.0007518251
       -0.0002381659   0.0001644523  -0.0004881204   0.0188925943  -0.0032953655
        0.0000265394   0.0010001641   0.0004820900  -0.0029832301   0.0019556884
       -0.0023502379   0.0021336382   0.0212264822  -0.0455238524   0.0000305641
       -0.0000309899  -0.0000272620   0.0000249013   0.0000211382   0.0000430821
       -0.0000082344  -0.0000138927   0.0000036817  -0.0000514247   0.0000040783
       -0.0000560987  -0.0000000469  -0.0000126319   0.0000323202   0.0000175954
       -0.0000105808  -0.0000204879   0.0000100984   0.0000138880  -0.0000169966
       -0.0000032071  -0.0001108783  -0.0000978116   0.0003199717  -0.0001013981
        0.0004546461   0.0001557967   0.0001378731  -0.0001633247   0.0001663975
       -0.0001431053   0.0002039668  -0.0005389347  -0.0003948235  -0.0005015050
       -0.0000649871  -0.0000535516  -0.0000610227  -0.0000545830   0.0012726563
       -0.0000834870  -0.0001349646  -0.0001790528  -0.0000001474   0.0028859347
        0.0138689542  -0.0010389559  -0.0004849928  -0.0260535889   0.0515324564
       -0.0017905103  -0.0310848246   0.0003631149
        0.0000264492   0.0000434863   0.0000089268   0.0000221886   0.0000278421
        0.0000125596  -0.0000074614  -0.0000154796   0.0000451897   0.0004608899
       -0.0003191970  -0.0010239062   0.0007405893  -0.0082296507  -0.0196829008
       -0.0027392851   0.0013171689  -0.0031395263   0.0003188975  -0.0006608398
        0.0001636407  -0.0461090767   0.0100027654   0.0234249949  -0.0000158472
        0.0000142898  -0.0000039650   0.0000113974  -0.0000478756   0.0000339492
        0.0000395960  -0.0000246467   0.0000357345   0.0001149402   0.0000556978
        0.0000835310  -0.0000015738  -0.0000230870  -0.0000105706  -0.0000391870
        0.0000241261   0.0000147325   0.0000600493   0.0000167598   0.0000229759
       -0.0005424749   0.0004544387  -0.0000436396  -0.0001479449  -0.0003726481
       -0.0000932901  -0.0000426622   0.0001109666  -0.0000023477   0.0000941874
       -0.0004665166  -0.0012900673  -0.0000621228   0.0000884168   0.0000755956
        0.0001571715   0.0002319398  -0.0000452909  -0.0000406570  -0.0001454611
        0.0000675235  -0.0001454182   0.0001115458   0.0001546753  -0.0060347774
        0.0122527984   0.0285643064   0.0009157241  -0.0013373306  -0.0017905103
        0.0529664080  -0.0131095095  -0.0255823209
        0.0000497454  -0.0000084315   0.0000419771   0.0000107275  -0.0001144161
        0.0000523561  -0.0000038165   0.0000035900  -0.0000117246  -0.0001746471
        0.0003369536   0.0001368964  -0.0012067001   0.0033737027   0.0067338095
        0.0008198260   0.0001085884   0.0009303079   0.0003210103   0.0005678145
        0.0009895627   0.0103083376  -0.0868447585  -0.0903259701   0.0000013735
        0.0000300647   0.0000116417  -0.0000047846  -0.0000073567   0.0000090112
        0.0000026632  -0.0000226856   0.0000028846   0.0000386752  -0.0000063730
        0.0000520262  -0.0000101493  -0.0000381798  -0.0000104570  -0.0000255944
        0.0000303949   0.0000227164   0.0000120992  -0.0000112808   0.0000199323
        0.0000001036   0.0002357309   0.0000830517  -0.0003195116  -0.0004841536
       -0.0002909283  -0.0000701388  -0.0001241889   0.0001006775   0.0000658648
        0.0003662417   0.0003195598   0.0001612659   0.0001412598   0.0001088395
        0.0002945645  -0.0003472271   0.0002351763  -0.0000179887  -0.0000489405
       -0.0000805029  -0.0000681738  -0.0000543567  -0.0000171511  -0.0011227944
        0.0034830614   0.0063251599   0.0040475523  -0.0191198031  -0.0310848246
       -0.0131095095   0.0985547494   0.1056459717
        0.0000597956   0.0000022260   0.0000221875   0.0001786406  -0.0000451917
        0.0000015850   0.0000780227   0.0000113961   0.0000530420   0.0012211505
       -0.0000155214   0.0006015655  -0.0011531189  -0.0077222622  -0.0220032875
       -0.0038101858   0.0017553706  -0.0035088127   0.0004319865  -0.0006749095
        0.0004609517   0.0239774292  -0.0909965714  -0.2361983497  -0.0000477198
        0.0000721068   0.0000473096   0.0000235711  -0.0000710082  -0.0000009884
        0.0000415012  -0.0000191772   0.0000271939   0.0001464979   0.0000979238
        0.0000960292  -0.0000101205  -0.0000441625   0.0000002092  -0.0000531275
        0.0000414290   0.0000636987   0.0000593323   0.0000110496   0.0000038037
       -0.0005187898   0.0003444225   0.0003748934  -0.0002470492  -0.0003407278
        0.0000683190  -0.0003447252   0.0000920788   0.0004283996  -0.0001394189
       -0.0006168353  -0.0013250546   0.0000722099   0.0003204645   0.0001640519
       -0.0003274777   0.0008592351   0.0003683686   0.0002079382  -0.0002078265
        0.0003345635   0.0000552171  -0.0000210864  -0.0002260172   0.0053140118
       -0.0066138547  -0.0152918463   0.0003667495  -0.0018645397   0.0003631149
       -0.0255823209   0.1056459717   0.2750750694
