           1           2   1.00975599515786     
           2           3   1.00635900101600     
           2           4  0.996736023617033     
           4           5  0.982516340928579     
           5           6   1.00008716139760     
           5           7  0.999848939831167     
           5           8  0.995972069946794     
           1           9  0.986703558858708     
           1          10  0.980703063064438     
           1          11  0.985440271501934     
           2          12  0.967508779458687     
           3          13  0.986739278773016     
           3          14  0.987274976432185     
           3          15  0.986533876233736     
           4          16  0.974881182478297     
           4          17  0.973684563221988     
           6          18  0.985303010896845     
           6          19  0.983626450791469     
           6          20  0.985828547102874     
           7          21  0.985854403623511     
           7          22  0.980042864781787     
           7          23  0.985620845226345     
           8          24  0.985536722961014     
           8          25  0.985913281616401     
           8          26  0.986701015933531     
