           1           2   1.00437264905754     
           2           3   1.02509762225728     
           3           4   1.92734553620669     
           4           5   1.03776983180649     
           1           6  0.989065744269161     
           1           7  0.988083620834882     
           1           8  0.987105799264991     
           2           9  0.964334305416785     
           2          10  0.971598404929243     
           3          11  0.966504500070703     
           4          12  0.967324330836472     
           5          13  0.972699617574397     
           5          14  0.980227430824139     
           5          15  0.970470061311249     
