$hessian                                                                        
        0.5175545285  -0.0194733469  -0.0149145572  -0.0728166959  -0.0424704697
       -0.0174104431   0.0037949590   0.0065273151   0.0026459087  -0.0172206189
       -0.0230787555  -0.0115970353  -0.0001378837   0.0006715659  -0.0015824449
       -0.2848346041   0.0025496849  -0.0094571708  -0.0792408115   0.0017709614
        0.0851571509  -0.0674952104   0.0611420662  -0.0356510509   0.0033933114
        0.0063391867   0.0043339994   0.0009084350   0.0008633171   0.0006049259
       -0.0000660311   0.0020666536  -0.0008145932   0.0000800576  -0.0001558912
       -0.0000651080  -0.0039194358   0.0032477125  -0.0012495815
       -0.0194733469   0.4720384093  -0.0324893141  -0.0285564800  -0.1427165688
       -0.0500265690  -0.0065186339  -0.0307208703  -0.0091134540  -0.0120541150
       -0.0041935680  -0.0003877467   0.0020301322   0.0008276395  -0.0024310574
        0.0031333324  -0.0417068814   0.0017850706   0.0019065989  -0.0433013465
       -0.0014033654   0.0604820354  -0.2019144653   0.0975537297  -0.0012148287
       -0.0039147361  -0.0043940139  -0.0010017661   0.0009894018  -0.0007115835
        0.0013169433  -0.0053132873   0.0021945920  -0.0002165782   0.0008295010
       -0.0008810909   0.0001667066  -0.0009032279   0.0003048026
       -0.0149145572  -0.0324893141   0.5063674901  -0.0117890908  -0.0517998995
       -0.0946571713   0.0026623041   0.0091394134   0.0050585799  -0.0097124088
       -0.0015917158   0.0012710148   0.0023417223  -0.0002322912  -0.0020723947
       -0.0091440697   0.0013122377  -0.0440732208   0.0856729540  -0.0011780357
       -0.2523909900  -0.0355943378   0.0972441594  -0.1029839077  -0.0086842704
       -0.0248590895  -0.0177022835   0.0003808435   0.0002791698   0.0002579717
       -0.0006958962   0.0028136977  -0.0003249097   0.0001818823   0.0009804960
        0.0009798687  -0.0007050754   0.0003811719   0.0002699525
       -0.0728166959  -0.0285564800  -0.0117890908   0.4558110501  -0.0003731000
       -0.0439383134  -0.0729531062   0.0287363056  -0.0117967116  -0.1676529374
        0.0002859291  -0.0129849317  -0.0409140977  -0.0001958363   0.0285604007
       -0.0138852286  -0.0266002109  -0.0162987915   0.0031730792   0.0080852261
        0.0040660649   0.0025004847   0.0050377893   0.0036209200  -0.0689556868
        0.0000701095   0.0743701535  -0.0138835270   0.0265629847  -0.0163234025
        0.0024853520  -0.0049921036   0.0036044551   0.0032091183  -0.0081445141
        0.0041008024  -0.0161178046   0.0000839006  -0.0051915551
       -0.0424704697  -0.1427165688  -0.0517998995  -0.0003731000   0.4218023176
       -0.0005417999   0.0423447747  -0.1428138323   0.0519076881   0.0004607214
       -0.0573389069  -0.0000068939  -0.0003301844   0.0102890158   0.0001992893
       -0.0047828979  -0.0052459968  -0.0040229433  -0.0000295310  -0.0033078052
       -0.0050802950  -0.0077890125  -0.0247797396  -0.0111310999   0.0000834576
       -0.0411287499   0.0000028186   0.0047494652  -0.0051800750   0.0039972738
        0.0078107164  -0.0248079158   0.0111761345   0.0000147991  -0.0033000524
        0.0050854358   0.0003112611   0.0185283092   0.0002142913
       -0.0174104431  -0.0500265690  -0.0946571713  -0.0439383134  -0.0005417999
        0.5410861982  -0.0172871196   0.0501931674  -0.0948881468   0.0006508547
        0.0000348548  -0.0685413266   0.0423422109   0.0001440486  -0.0044235995
       -0.0025471834  -0.0027593171  -0.0015135972  -0.0079532435  -0.0249041452
       -0.0192479835   0.0041609479   0.0102198296   0.0062062812   0.0710985142
        0.0000284659  -0.2435524513  -0.0025354246   0.0027334056  -0.0015147723
        0.0041576801  -0.0102052282   0.0062147915  -0.0079611917   0.0249089613
       -0.0192932835  -0.0227772888   0.0001743263  -0.0058749389
        0.0037949590  -0.0065186339   0.0026623041  -0.0729531062   0.0423447747
       -0.0172871196   0.5178251268   0.0194069702  -0.0149028882  -0.0172721315
        0.0230733945  -0.0116570177  -0.0000700442  -0.0006011893  -0.0016582856
        0.0009080021  -0.0008611025   0.0006044154   0.0000831123   0.0001575841
       -0.0000647841  -0.0000672880  -0.0020651915  -0.0008154804   0.0033723439
       -0.0063511117   0.0043414777  -0.2848097061  -0.0027422575  -0.0097646873
       -0.0673292704  -0.0609209053  -0.0355217659  -0.0794532110  -0.0017689607
        0.0853874972  -0.0040287867  -0.0031533711  -0.0013236656
        0.0065273151  -0.0307208703   0.0091394134   0.0287363056  -0.1428138323
        0.0501931674   0.0194069702   0.4723291295   0.0324129497   0.0119024992
       -0.0041655214   0.0004413189  -0.0020046866   0.0007959861   0.0023860180
        0.0009965837   0.0009862260   0.0007076171   0.0002196022   0.0008337707
        0.0008845598  -0.0013174043  -0.0053141653  -0.0021901168   0.0012101994
       -0.0038816671   0.0043702487  -0.0032969480  -0.0417467020  -0.0017912117
       -0.0602902022  -0.2020982882  -0.0976439937  -0.0019136642  -0.0433086901
        0.0014131563  -0.0001765702  -0.0008953756  -0.0003231271
        0.0026459087  -0.0091134540   0.0050585799  -0.0117967116   0.0519076881
       -0.0948881468  -0.0149028882   0.0324129497   0.5064178650  -0.0097452474
        0.0015756397   0.0012693355   0.0023355436   0.0002461852  -0.0020481051
        0.0003796128  -0.0002817312   0.0002538606   0.0001797739  -0.0009796525
        0.0009833719  -0.0006960950  -0.0028138390  -0.0003209803  -0.0086768346
        0.0248312322  -0.0177041272  -0.0094614842  -0.0013154264  -0.0440927253
       -0.0354616570  -0.0973175089  -0.1030120019   0.0859236783   0.0011904904
       -0.2521891367  -0.0007235995  -0.0003425734   0.0002722104
       -0.0172206189  -0.0120541150  -0.0097124088  -0.1676529374   0.0004607214
        0.0006508547  -0.0172721315   0.0119024992  -0.0097452474   0.6024563208
        0.0013357989  -0.2232790848  -0.2983066461  -0.0023587824   0.3175788477
       -0.0006705321  -0.0002208526   0.0003252755   0.0007322192   0.0003085886
        0.0005027199   0.0004564496   0.0008837620  -0.0000392169  -0.0128300476
       -0.0000349984   0.0012998491  -0.0006877491   0.0002636680   0.0003086054
        0.0004617228  -0.0009043510  -0.0000385863   0.0007226832  -0.0002926227
        0.0005138997  -0.0901887327   0.0007106839  -0.0783655079
       -0.0230787555  -0.0041935680  -0.0015917158   0.0002859291  -0.0573389069
        0.0000348548   0.0230733945  -0.0041655214   0.0015756397   0.0013357989
        0.1776520210  -0.0048692492  -0.0023037616  -0.0522388033   0.0036848288
       -0.0024021210  -0.0041763321  -0.0025114544  -0.0002805479   0.0008978082
        0.0000102314  -0.0011059526  -0.0008415819   0.0001756900   0.0000281647
        0.0000492877   0.0000195030   0.0023923050  -0.0041794384   0.0025152219
        0.0011125547  -0.0008387475  -0.0001760743   0.0002745940   0.0008964028
        0.0000029764   0.0006683976  -0.0515226203   0.0011295476
       -0.0115970353  -0.0003877467   0.0012710148  -0.0129849317  -0.0000068939
       -0.0685413266  -0.0116570177   0.0004413189   0.0012693355  -0.2232790848
       -0.0048692492   0.7800709097   0.3118518908   0.0036890152  -0.5359858742
       -0.0017459974  -0.0031258367  -0.0015104419  -0.0019968765  -0.0009084760
       -0.0018144395   0.0001113515   0.0000400167   0.0004346974   0.0277877893
       -0.0000054478  -0.0039733117  -0.0017505634   0.0031324017  -0.0015100886
        0.0001053872  -0.0000139559   0.0004288193  -0.0019743391   0.0008846611
       -0.0018087774  -0.0728705729   0.0011301926  -0.1683305168
       -0.0001378837   0.0020301322   0.0023417223  -0.0409140977  -0.0003301844
        0.0423422109  -0.0000700442  -0.0020046866   0.0023355436  -0.2983066461
       -0.0023037616   0.3118518908   0.3332605551   0.0027080428  -0.3686762158
        0.0002905507  -0.0005281206  -0.0004419320   0.0001492893   0.0004385744
       -0.0002579864  -0.0001371510  -0.0004274544   0.0004216728  -0.0104915609
        0.0000025221   0.0015027434   0.0003106359   0.0004946322  -0.0004229721
       -0.0001377475   0.0004319320   0.0004234858   0.0001427410  -0.0004347587
       -0.0002562289   0.0160413590  -0.0000768696   0.0088360655
        0.0006715659   0.0008276395  -0.0002322912  -0.0001958363   0.0102890158
        0.0001440486  -0.0006011893   0.0007959861   0.0002461852  -0.0023587824
       -0.0522388033   0.0036890152   0.0027080428   0.0202076277  -0.0045248929
       -0.0000049201   0.0005066947   0.0004119884   0.0001661370  -0.0003213569
        0.0004400448   0.0000762086   0.0002294492  -0.0000501658  -0.0000422344
        0.0014184186  -0.0000145237   0.0000083208   0.0005121941  -0.0004127790
       -0.0000838763   0.0002447494   0.0000578679  -0.0001556951  -0.0003244674
       -0.0004643881  -0.0001877412   0.0178528526   0.0007098905
       -0.0015824449  -0.0024310574  -0.0020723947   0.0285604007   0.0001992893
       -0.0044235995  -0.0016582856   0.0023860180  -0.0020481051   0.3175788477
        0.0036848288  -0.5359858742  -0.3686762158  -0.0045248929   0.6055500096
       -0.0001488185   0.0009069733   0.0008004638   0.0002302793   0.0006140342
        0.0013377237   0.0000518700   0.0003693748  -0.0003181642   0.0028832145
       -0.0000038215   0.0008623497  -0.0001590762  -0.0008854807   0.0007852883
        0.0000530852  -0.0003871253  -0.0003104001   0.0002222549  -0.0006129075
        0.0013468102   0.0226448886   0.0006847670  -0.0655241077
       -0.2848346041   0.0031333324  -0.0091440697  -0.0138852286  -0.0047828979
       -0.0025471834   0.0009080021   0.0009965837   0.0003796128  -0.0006705321
       -0.0024021210  -0.0017459974   0.0002905507  -0.0000049201  -0.0001488185
        0.3293558085  -0.0016450016   0.0122971892  -0.0168015986   0.0008759113
        0.0025555679  -0.0145427182   0.0032112547  -0.0017073703   0.0003225335
        0.0003935650   0.0000117164   0.0005416335  -0.0004261046   0.0001190130
        0.0001292422   0.0004011491   0.0000672255  -0.0002930826  -0.0000502121
        0.0000162587  -0.0005200063   0.0002994612  -0.0001531442
        0.0025496849  -0.0417068814   0.0013122377  -0.0266002109  -0.0052459968
       -0.0027593171  -0.0008611025   0.0009862260  -0.0002817312  -0.0002208526
       -0.0041763321  -0.0031258367  -0.0005281206   0.0005066947   0.0009069733
       -0.0016450016   0.0505129088   0.0008999006  -0.0001053342   0.0007768866
        0.0005043395   0.0278782115  -0.0021705501   0.0024093145   0.0000418437
        0.0004358684   0.0003650409   0.0004279385  -0.0008833385   0.0000265927
        0.0000497425   0.0002277259   0.0000474482  -0.0000414174  -0.0001866378
        0.0000218494  -0.0009453814   0.0009234263  -0.0003268117
       -0.0094571708   0.0017850706  -0.0440732208  -0.0162987915  -0.0040229433
       -0.0015135972   0.0006044154   0.0007076171   0.0002538606   0.0003252755
       -0.0025114544  -0.0015104419  -0.0004419320   0.0004119884   0.0008004638
        0.0122971892   0.0008999006   0.0484454891   0.0316317150  -0.0006443707
       -0.0011341273  -0.0178451928   0.0024394116  -0.0011463919  -0.0005864890
        0.0001149210   0.0000362224   0.0001176321  -0.0000234421   0.0002292414
       -0.0000649172   0.0001832426  -0.0001042772   0.0002687360   0.0000285895
       -0.0001742880  -0.0005504700   0.0006314691  -0.0001089330
       -0.0792408115   0.0019065989   0.0856729540   0.0031730792  -0.0000295310
       -0.0079532435   0.0000831123   0.0002196022   0.0001797739   0.0007322192
       -0.0002805479  -0.0019968765   0.0001492893   0.0001661370   0.0002302793
       -0.0168015986  -0.0001053342   0.0316317150   0.0882556296  -0.0007508392
       -0.0976775121   0.0038724858   0.0006066225  -0.0090231721  -0.0000655503
       -0.0017246962  -0.0013807820  -0.0002931486   0.0000421010   0.0002698762
       -0.0000530429  -0.0000239437  -0.0001093771   0.0002187499   0.0001551373
       -0.0000478547  -0.0000304135  -0.0001813065   0.0002042195
        0.0017709614  -0.0433013465  -0.0011780357   0.0080852261  -0.0033078052
       -0.0249041452   0.0001575841   0.0008337707  -0.0009796525   0.0003085886
        0.0008978082  -0.0009084760   0.0004385744  -0.0003213569   0.0006140342
        0.0008759113   0.0007768866  -0.0006443707  -0.0007508392   0.0508862240
        0.0046296697  -0.0092549298  -0.0014433790   0.0260202358  -0.0017475662
       -0.0041247915  -0.0033276777   0.0000517623  -0.0001866469  -0.0000284962
        0.0000011830   0.0001811064   0.0001235401  -0.0001563972  -0.0007784515
        0.0002558411   0.0002199413  -0.0001120184   0.0003275331
        0.0851571509  -0.0014033654  -0.2523909900   0.0040660649  -0.0050802950
       -0.0192479835  -0.0000647841   0.0008845598   0.0009833719   0.0005027199
        0.0000102314  -0.0018144395  -0.0002579864   0.0004400448   0.0013377237
        0.0025555679   0.0005043395  -0.0011341273  -0.0976775121   0.0046296697
        0.2927496551   0.0067327426   0.0034801902  -0.0196199373  -0.0012908100
       -0.0033407546  -0.0014952848   0.0000178575  -0.0000230530  -0.0001734691
       -0.0000142007   0.0003619154   0.0001479404  -0.0000475958  -0.0002564338
        0.0004712895   0.0003207855  -0.0002070490   0.0001862507
       -0.0674952104   0.0604820354  -0.0355943378   0.0025004847  -0.0077890125
        0.0041609479  -0.0000672880  -0.0013174043  -0.0006960950   0.0004564496
       -0.0011059526   0.0001113515  -0.0001371510   0.0000762086   0.0000518700
       -0.0145427182   0.0278782115  -0.0178451928   0.0038724858  -0.0092549298
        0.0067327426   0.0749443462  -0.0689294754   0.0428077411   0.0000113007
        0.0003810475   0.0002041385   0.0001289037  -0.0000499136  -0.0000640670
        0.0003980581  -0.0004092561   0.0001254943  -0.0000522123  -0.0000014505
       -0.0000139716  -0.0000174489   0.0000398916   0.0000193782
        0.0611420662  -0.2019144653   0.0972441594   0.0050377893  -0.0247797396
        0.0102198296  -0.0020651915  -0.0053141653  -0.0028138390   0.0008837620
       -0.0008415819   0.0000400167  -0.0004274544   0.0002294492   0.0003693748
        0.0032112547  -0.0021705501   0.0024394116   0.0006066225  -0.0014433790
        0.0034801902  -0.0689294754   0.2372071442  -0.1112757183   0.0003666912
        0.0005039240   0.0003487169  -0.0004019036   0.0002273119  -0.0001843992
        0.0004093195  -0.0015457220   0.0006223928   0.0000250656   0.0001802294
       -0.0003607817   0.0001414540  -0.0003384555  -0.0001293537
       -0.0356510509   0.0975537297  -0.1029839077   0.0036209200  -0.0111310999
        0.0062062812  -0.0008154804  -0.0021901168  -0.0003209803  -0.0000392169
        0.0001756900   0.0004346974   0.0004216728  -0.0000501658  -0.0003181642
       -0.0017073703   0.0024093145  -0.0011463919  -0.0090231721   0.0260202358
       -0.0196199373   0.0428077411  -0.1112757183   0.1166157312   0.0001755028
       -0.0005255756   0.0005675919   0.0000676901  -0.0000470431  -0.0001047206
        0.0001247809  -0.0006204151   0.0005147156  -0.0001095689  -0.0001237676
        0.0001484417   0.0001275519  -0.0001950679   0.0000066429
        0.0033933114  -0.0012148287  -0.0086842704  -0.0689556868   0.0000834576
        0.0710985142   0.0033723439   0.0012101994  -0.0086768346  -0.0128300476
        0.0000281647   0.0277877893  -0.0104915609  -0.0000422344   0.0028832145
        0.0003225335   0.0000418437  -0.0005864890  -0.0000655503  -0.0017475662
       -0.0012908100   0.0000113007   0.0003666912   0.0001755028   0.0850172058
       -0.0000429447  -0.0826175866   0.0003168067  -0.0000377557  -0.0005836404
        0.0000124894  -0.0003675866   0.0001744171  -0.0000705291   0.0017440752
       -0.0012865986  -0.0000326167  -0.0000215156   0.0016067915
        0.0063391867  -0.0039147361  -0.0248590895   0.0000701095  -0.0411287499
        0.0000284659  -0.0063511117  -0.0038816671   0.0248312322  -0.0000349984
        0.0000492877  -0.0000054478   0.0000025221   0.0014184186  -0.0000038215
        0.0003935650   0.0004358684   0.0001149210  -0.0017246962  -0.0041247915
       -0.0033407546   0.0003810475   0.0005039240  -0.0005255756  -0.0000429447
        0.0540404630   0.0000110995  -0.0003927002   0.0004307530  -0.0001135990
       -0.0003806821   0.0005048076   0.0005263473   0.0017304496  -0.0041211546
        0.0033447881   0.0000102530  -0.0002124231  -0.0000085658
        0.0043339994  -0.0043940139  -0.0177022835   0.0743701535   0.0000028186
       -0.2435524513   0.0043414777   0.0043702487  -0.0177041272   0.0012998491
        0.0000195030  -0.0039733117   0.0015027434  -0.0000145237   0.0008623497
        0.0000117164   0.0003650409   0.0000362224  -0.0013807820  -0.0033276777
       -0.0014952848   0.0002041385   0.0003487169   0.0005675919  -0.0826175866
        0.0000110995   0.2827655764   0.0000101183  -0.0003617659   0.0000337399
        0.0002039552  -0.0003506757   0.0005705579  -0.0013859608   0.0033290408
       -0.0015004256  -0.0008938221   0.0000021885   0.0010918458
        0.0009084350  -0.0010017661   0.0003808435  -0.0138835270   0.0047494652
       -0.0025354246  -0.2848097061  -0.0032969480  -0.0094614842  -0.0006877491
        0.0023923050  -0.0017505634   0.0003106359   0.0000083208  -0.0001590762
        0.0005416335   0.0004279385   0.0001176321  -0.0002931486   0.0000517623
        0.0000178575   0.0001289037  -0.0004019036   0.0000676901   0.0003168067
       -0.0003927002   0.0000101183   0.3293415129   0.0018508623   0.0126655092
       -0.0144945168  -0.0032159908  -0.0017216389  -0.0168446679  -0.0008861685
        0.0025314020  -0.0005346123  -0.0002851770  -0.0001628656
        0.0008633171   0.0009894018   0.0002791698   0.0265629847  -0.0051800750
        0.0027334056  -0.0027422575  -0.0417467020  -0.0013154264   0.0002636680
       -0.0041794384   0.0031324017   0.0004946322   0.0005121941  -0.0008854807
       -0.0004261046  -0.0008833385  -0.0000234421   0.0000421010  -0.0001866469
       -0.0000230530  -0.0000499136   0.0002273119  -0.0000470431  -0.0000377557
        0.0004307530  -0.0003617659   0.0018508623   0.0505291433  -0.0008849565
       -0.0278897315  -0.0021935344  -0.0024456157   0.0001001406   0.0007738946
       -0.0005015600   0.0009680571   0.0009070364   0.0003433665
        0.0006049259  -0.0007115835   0.0002579717  -0.0163234025   0.0039972738
       -0.0015147723  -0.0097646873  -0.0017912117  -0.0440927253   0.0003086054
        0.0025152219  -0.0015100886  -0.0004229721  -0.0004127790   0.0007852883
        0.0001190130   0.0000265927   0.0002292414   0.0002698762  -0.0000284962
       -0.0001734691  -0.0000640670  -0.0001843992  -0.0001047206  -0.0005836404
       -0.0001135990   0.0000337399   0.0126655092  -0.0008849565   0.0484695033
       -0.0178514454  -0.0024527803  -0.0011708572   0.0316129559   0.0006622804
       -0.0010857522  -0.0005706709  -0.0006215635  -0.0001233595
       -0.0000660311   0.0013169433  -0.0006958962   0.0024853520   0.0078107164
        0.0041576801  -0.0673292704  -0.0602902022  -0.0354616570   0.0004617228
        0.0011125547   0.0001053872  -0.0001377475  -0.0000838763   0.0000530852
        0.0001292422   0.0000497425  -0.0000649172  -0.0000530429   0.0000011830
       -0.0000142007   0.0003980581   0.0004093195   0.0001247809   0.0000124894
       -0.0003806821   0.0002039552  -0.0144945168  -0.0278897315  -0.0178514454
        0.0747412335   0.0686911351   0.0426609722   0.0038728244   0.0092933691
        0.0067627014  -0.0000203139  -0.0000404715   0.0000195544
        0.0020666536  -0.0053132873   0.0028136977  -0.0049921036  -0.0248079158
       -0.0102052282  -0.0609209053  -0.2020982882  -0.0973175089  -0.0009043510
       -0.0008387475  -0.0000139559   0.0004319320   0.0002447494  -0.0003871253
        0.0004011491   0.0002277259   0.0001832426  -0.0000239437   0.0001811064
        0.0003619154  -0.0004092561  -0.0015457220  -0.0006204151  -0.0003675866
        0.0005048076  -0.0003506757  -0.0032159908  -0.0021935344  -0.0024527803
        0.0686911351   0.2374242052   0.1113538073  -0.0006012812  -0.0014482750
       -0.0034825216  -0.0001554517  -0.0003368244   0.0001175478
       -0.0008145932   0.0021945920  -0.0003249097   0.0036044551   0.0111761345
        0.0062147915  -0.0355217659  -0.0976439937  -0.1030120019  -0.0000385863
       -0.0001760743   0.0004288193   0.0004234858   0.0000578679  -0.0003104001
        0.0000672255   0.0000474482  -0.0001042772  -0.0001093771   0.0001235401
        0.0001479404   0.0001254943   0.0006223928   0.0005147156   0.0001744171
        0.0005263473   0.0005705579  -0.0017216389  -0.0024456157  -0.0011708572
        0.0426609722   0.1113538073   0.1166549730  -0.0089795579  -0.0260230886
       -0.0196151653   0.0001294692   0.0001866421   0.0000058136
        0.0000800576  -0.0002165782   0.0001818823   0.0032091183   0.0000147991
       -0.0079611917  -0.0794532110  -0.0019136642   0.0859236783   0.0007226832
        0.0002745940  -0.0019743391   0.0001427410  -0.0001556951   0.0002222549
       -0.0002930826  -0.0000414174   0.0002687360   0.0002187499  -0.0001563972
       -0.0000475958  -0.0000522123   0.0000250656  -0.0001095689  -0.0000705291
        0.0017304496  -0.0013859608  -0.0168446679   0.0001001406   0.0316129559
        0.0038728244  -0.0006012812  -0.0089795579   0.0884977366   0.0007637895
       -0.0979665692  -0.0000302080   0.0001761949   0.0002152759
       -0.0001558912   0.0008295010   0.0009804960  -0.0081445141  -0.0033000524
        0.0249089613  -0.0017689607  -0.0433086901   0.0011904904  -0.0002926227
        0.0008964028   0.0008846611  -0.0004347587  -0.0003244674  -0.0006129075
       -0.0000502121  -0.0001866378   0.0000285895   0.0001551373  -0.0007784515
       -0.0002564338  -0.0000014505   0.0001802294  -0.0001237676   0.0017440752
       -0.0041211546   0.0033290408  -0.0008861685   0.0007738946   0.0006622804
        0.0092933691  -0.0014482750  -0.0260230886   0.0007637895   0.0508917118
       -0.0046366547  -0.0002217925  -0.0001040109  -0.0003316673
       -0.0000651080  -0.0008810909   0.0009798687   0.0041008024   0.0050854358
       -0.0192932835   0.0853874972   0.0014131563  -0.2521891367   0.0005138997
        0.0000029764  -0.0018087774  -0.0002562289  -0.0004643881   0.0013468102
        0.0000162587   0.0000218494  -0.0001742880  -0.0000478547   0.0002558411
        0.0004712895  -0.0000139716  -0.0003607817   0.0001484417  -0.0012865986
        0.0033447881  -0.0015004256   0.0025314020  -0.0005015600  -0.0010857522
        0.0067627014  -0.0034825216  -0.0196151653  -0.0979665692  -0.0046366547
        0.2925267926   0.0003237696   0.0002029500   0.0001936260
       -0.0039194358   0.0001667066  -0.0007050754  -0.0161178046   0.0003112611
       -0.0227772888  -0.0040287867  -0.0001765702  -0.0007235995  -0.0901887327
        0.0006683976  -0.0728705729   0.0160413590  -0.0001877412   0.0226448886
       -0.0005200063  -0.0009453814  -0.0005504700  -0.0000304135   0.0002199413
        0.0003207855  -0.0000174489   0.0001414540   0.0001275519  -0.0000326167
        0.0000102530  -0.0008938221  -0.0005346123   0.0009680571  -0.0005706709
       -0.0000203139  -0.0001554517   0.0001294692  -0.0000302080  -0.0002217925
        0.0003237696   0.0993990204  -0.0007991336   0.0755450349
        0.0032477125  -0.0009032279   0.0003811719   0.0000839006   0.0185283092
        0.0001743263  -0.0031533711  -0.0008953756  -0.0003425734   0.0007106839
       -0.0515226203   0.0011301926  -0.0000768696   0.0178528526   0.0006847670
        0.0002994612   0.0009234263   0.0006314691  -0.0001813065  -0.0001120184
       -0.0002070490   0.0000398916  -0.0003384555  -0.0001950679  -0.0000215156
       -0.0002124231   0.0000021885  -0.0002851770   0.0009070364  -0.0006215635
       -0.0000404715  -0.0003368244   0.0001866421   0.0001761949  -0.0001040109
        0.0002029500  -0.0007991336   0.0162133315  -0.0020274537
       -0.0012495815   0.0003048026   0.0002699525  -0.0051915551   0.0002142913
       -0.0058749389  -0.0013236656  -0.0003231271   0.0002722104  -0.0783655079
        0.0011295476  -0.1683305168   0.0088360655   0.0007098905  -0.0655241077
       -0.0001531442  -0.0003268117  -0.0001089330   0.0002042195   0.0003275331
        0.0001862507   0.0000193782  -0.0001293537   0.0000066429   0.0016067915
       -0.0000085658   0.0010918458  -0.0001628656   0.0003433665  -0.0001233595
        0.0000195544   0.0001175478   0.0000058136   0.0002152759  -0.0003316673
        0.0001936260   0.0755450349  -0.0020274537   0.2379355138
