           1           2  0.975443180711956     
           2           3  0.954362165985716     
           2           4  0.962630307408754     
           4           5  0.957577274891981     
           4           6  0.965272824993337     
           6           7  0.954426167682447     
           6           8  0.968318967165419     
           8           9  0.954160614722436     
           8          10  0.950649078025383     
          10          11  0.948371769158956     
           2          12  0.970632919186125     
          10          12  0.945305143487486     
          10          13   1.03805309371763     
           8          14   1.00985719311918     
           6          15  0.996774167244068     
           4          16  0.998649097315870     
           1          17   1.01768779880855     
           1          18  0.965901115000157     
           1          19  0.968310531630212     
          13          20  0.880961272819627     
          14          21  0.880148592034410     
          15          22  0.880977545607216     
          16          23  0.892706701435245     
          17          24  0.889332148427279     
