$hessian                                                                        
        0.5055748928  -0.0327223458   0.0090473346  -0.1174348156  -0.0659049686
        0.0168113113  -0.0249128811  -0.0171916541   0.0016903245   0.0009424525
       -0.0039576771   0.0017777382  -0.0068138488  -0.0000965607  -0.0016137066
       -0.0682265759   0.0640470762   0.0372169298  -0.0436962188   0.0006084243
        0.0036213325  -0.2458721254   0.0564673422  -0.0695618854   0.0042985750
        0.0032909880  -0.0015640335  -0.0021407460  -0.0035015034   0.0026424633
       -0.0003086372   0.0002109819  -0.0001327748  -0.0014100715  -0.0012501029
        0.0000649660
       -0.0327223458   0.4902362040   0.0075878554  -0.0644484771  -0.1476319776
        0.0191977086  -0.0037006433   0.0042996999  -0.0022560146   0.0016070496
       -0.0000746381   0.0001775189   0.0014381958   0.0003769623   0.0004965572
        0.0648389144  -0.2057635722  -0.0967634691   0.0004979780  -0.0530659603
        0.0463348743   0.0558703495  -0.0569435973   0.0179456972  -0.0170332844
       -0.0245320437   0.0025935345  -0.0068950086  -0.0074062774   0.0046274460
        0.0001966669   0.0001119201  -0.0000111374   0.0003506050   0.0003932802
        0.0000694290
        0.0090473346   0.0075878554   0.5246445024   0.0161848812   0.0189517994
       -0.0719388669  -0.0041697658  -0.0051113052   0.0020780143  -0.0003834421
       -0.0010386522  -0.0001468614  -0.0022420555   0.0001568585   0.0001904391
        0.0378404504  -0.0963124195  -0.1024454131   0.0027697091   0.0456334846
       -0.2796449916  -0.0692959015   0.0180800943  -0.0679528270  -0.0083999990
       -0.0111346449   0.0028389507   0.0193296955   0.0235028943  -0.0078864370
       -0.0001279485  -0.0000127619  -0.0000487200  -0.0005529583  -0.0003032028
        0.0003122106
       -0.1174348156  -0.0644484771   0.0161848812   0.4448783291   0.0032172852
       -0.0142695872  -0.1461354806   0.0213192141  -0.0247845435  -0.0171515274
        0.0181233079  -0.0145576992  -0.0423130212  -0.0072980987  -0.0075576040
        0.0052216710   0.0031912379  -0.0022583704  -0.0021212644  -0.0034486892
        0.0035373367  -0.0228746454  -0.0233706019   0.0046200195  -0.0614766489
        0.0563533670   0.0354557733  -0.0385287458  -0.0014901604   0.0044847994
       -0.0004642307   0.0014960048  -0.0006117934  -0.0015996200  -0.0036443898
       -0.0002432124
       -0.0659049686  -0.1476319776   0.0189517994   0.0032172852   0.5013392288
        0.0033836021   0.0149531891  -0.0634981487   0.0000496476   0.0373309864
       -0.0224890407   0.0237344968  -0.0205808967   0.0040228343  -0.0042872915
       -0.0165817575  -0.0256974948   0.0031408020  -0.0058370356  -0.0078282254
        0.0049565945   0.0015623496   0.0034980426  -0.0009980991   0.0586346609
       -0.1915498147  -0.0925465059  -0.0011477478  -0.0484825842   0.0420928534
       -0.0005457975   0.0004780469  -0.0004033617  -0.0051002676  -0.0021608665
        0.0019254625
        0.0168113113   0.0191977086  -0.0719388669  -0.0142695872   0.0033836021
        0.4986697145  -0.0220124513   0.0014675060  -0.0770047005  -0.0218586358
        0.0194065009   0.0051160914  -0.0024669404  -0.0014692714   0.0048063612
       -0.0090745240  -0.0113849143   0.0025954050   0.0197671583   0.0245238370
       -0.0079652475  -0.0058178694  -0.0065688707   0.0017717969   0.0387300822
       -0.0953900937  -0.0976655142  -0.0003081124   0.0445292204  -0.2631827429
        0.0001152534   0.0000099831  -0.0003086005   0.0003843153   0.0022947920
        0.0051063034
       -0.0249128811  -0.0037006433  -0.0041697658  -0.1461354806   0.0149531891
       -0.0220124513   0.5303609808  -0.0467785051   0.0945779775  -0.1316268454
        0.1586312048  -0.0760566439  -0.1967764848  -0.1186852039   0.0103185282
        0.0003005419   0.0003125122   0.0001230416   0.0000529372   0.0000204959
       -0.0002146756  -0.0017064137  -0.0022858984   0.0005236898  -0.0104245696
        0.0070333387  -0.0034231644  -0.0008970189   0.0028209856  -0.0024915551
        0.0103851702   0.0085487198   0.0007382366  -0.0286199359  -0.0208701954
        0.0020867824
       -0.0171916541   0.0042996999  -0.0051113052   0.0213192141  -0.0634981487
        0.0014675060  -0.0467785051   0.8280855093  -0.2592038460   0.1498393149
       -0.5404204266   0.2165999663  -0.1203296851  -0.2003574724   0.0377240298
       -0.0020453255  -0.0012347141  -0.0018365987  -0.0019728524   0.0003775575
        0.0012807371  -0.0033387391  -0.0043371373   0.0013016271   0.0236938900
       -0.0105991951   0.0045276834   0.0047455263  -0.0013790372   0.0049097302
       -0.0065535900  -0.0221272276   0.0037842567  -0.0013875940   0.0111905922
       -0.0054437868
        0.0016903245  -0.0022560146   0.0020780143  -0.0247845435   0.0000496476
       -0.0770047005   0.0945779775  -0.2592038460   0.3030948962  -0.0727125083
        0.2185622898  -0.1635630575   0.0106898275   0.0378284892  -0.0467244171
       -0.0001780990   0.0001176208   0.0006949566   0.0018566180   0.0002338703
       -0.0005118289   0.0008839780   0.0015107457   0.0001633182   0.0143198903
       -0.0041713413   0.0047496317  -0.0278034111   0.0096312463  -0.0139622062
        0.0067097272   0.0072892673  -0.0095773179  -0.0052497810  -0.0095919752
        0.0005627111
        0.0009424525   0.0016070496  -0.0003834421  -0.0171515274   0.0373309864
       -0.0218586358  -0.1316268454   0.1498393149  -0.0727125083   0.1356446203
       -0.1647281347   0.0871713910   0.0190342758  -0.0261339614   0.0110077324
       -0.0000171185   0.0001218084   0.0001233586   0.0003136412   0.0000618806
       -0.0001919321   0.0006314998   0.0007450557  -0.0001641312  -0.0043877187
        0.0017718330  -0.0015809562  -0.0049720288   0.0020655782  -0.0020479573
       -0.0011109974  -0.0067376431   0.0008593203   0.0026997466   0.0040562324
       -0.0002222392
       -0.0039576771  -0.0000746381  -0.0010386522   0.0181233079  -0.0224890407
        0.0194065009   0.1586312048  -0.5404204266   0.2185622898  -0.1647281347
        0.6535824991  -0.2773286121  -0.0068355009  -0.0844421571   0.0367558607
        0.0007058035   0.0013801957   0.0011563222   0.0008352330   0.0001388447
       -0.0012599128  -0.0005387035   0.0006861500  -0.0003880125   0.0013012577
        0.0001416747   0.0012380866   0.0030204942  -0.0013659983   0.0003233089
       -0.0099249067  -0.0056888463   0.0026020264   0.0033676219  -0.0014482571
       -0.0000292058
        0.0017777382   0.0001775189  -0.0001468614  -0.0145576992   0.0237344968
        0.0051160914  -0.0760566439   0.2165999663  -0.1635630575   0.0871713910
       -0.2773286121   0.1535292450   0.0035188063   0.0325156294   0.0030962671
        0.0003066563  -0.0001630906  -0.0002530361  -0.0009237463  -0.0001882724
        0.0006503597   0.0003399550  -0.0001288685   0.0001245608  -0.0039640362
        0.0017025475  -0.0016738805   0.0002483507  -0.0003188817   0.0007093706
        0.0020842354   0.0033119066   0.0059243814   0.0000549925   0.0000856600
       -0.0035134405
       -0.0068138488   0.0014381958  -0.0022420555  -0.0423130212  -0.0205808967
       -0.0024669404  -0.1967764848  -0.1203296851   0.0106898275   0.0190342758
       -0.0068355009   0.0035188063   0.6759604184   0.0163346514   0.1374826511
        0.0002829199   0.0004225668   0.0002255568   0.0004479146   0.0002869319
       -0.0003901071  -0.0017051798  -0.0014875929   0.0002361401  -0.0008280549
       -0.0013295833   0.0002543206  -0.0014385062  -0.0011592482  -0.0002319942
       -0.0774334748   0.0868195828  -0.0509946660  -0.3684169582   0.0464205783
       -0.0960815392
       -0.0000965607   0.0003769623   0.0001568585  -0.0072980987   0.0040228343
       -0.0014692714  -0.1186852039  -0.2003574724   0.0378284892  -0.0261339614
       -0.0844421571   0.0325156294   0.0163346514   0.6533573262  -0.2435208573
        0.0005710141   0.0004129107   0.0004688336   0.0005237005  -0.0001642993
       -0.0002165461  -0.0002676854   0.0001928557  -0.0001071960  -0.0005373499
        0.0007444100   0.0008383786   0.0006889499  -0.0002143916  -0.0001215299
        0.0824160291  -0.3174968068   0.1424738479   0.0524845150  -0.0564321720
        0.0311533634
       -0.0016137066   0.0004965572   0.0001904391  -0.0075576040  -0.0042872915
        0.0048063612   0.0103185282   0.0377240298  -0.0467244171   0.0110077324
        0.0367558607   0.0030962671   0.1374826511  -0.2435208573   0.1402011668
        0.0000301154   0.0003507436  -0.0001033571  -0.0003754331  -0.0001974020
        0.0002369704  -0.0002845400  -0.0003744215   0.0001707527  -0.0017804036
        0.0004125972   0.0001900537   0.0007788074  -0.0002823763   0.0016412060
       -0.0492700065   0.1431211249  -0.0655393637  -0.0987361407   0.0298014353
       -0.0381660791
       -0.0682265759   0.0648389144   0.0378404504   0.0052216710  -0.0165817575
       -0.0090745240   0.0003005419  -0.0020453255  -0.0001780990  -0.0000171185
        0.0007058035   0.0003066563   0.0002829199   0.0005710141   0.0000301154
        0.0766465255  -0.0710533107  -0.0443554194   0.0003391034   0.0010408791
        0.0010322373  -0.0128936136   0.0261499456   0.0145032746  -0.0022096430
       -0.0039536156   0.0002462227   0.0004522401   0.0002065895  -0.0002894363
        0.0001288013   0.0000775343  -0.0000325754  -0.0000248521   0.0000433289
       -0.0000289027
        0.0640470762  -0.2057635722  -0.0963124195   0.0031912379  -0.0256974948
       -0.0113849143   0.0003125122  -0.0012347141   0.0001176208   0.0001218084
        0.0013801957  -0.0001630906   0.0004225668   0.0004129107   0.0003507436
       -0.0710533107   0.2400147751   0.1117431726  -0.0005728000   0.0035383279
        0.0001576801   0.0063918860  -0.0089018408  -0.0050611906  -0.0036740200
       -0.0042637195   0.0009895606   0.0005708567   0.0003946348  -0.0002244584
        0.0001388982   0.0000517085  -0.0001286403   0.0001032883   0.0000687888
       -0.0000840640
        0.0372169298  -0.0967634691  -0.1024454131  -0.0022583704   0.0031408020
        0.0025954050   0.0001230416  -0.0018365987   0.0006949566   0.0001233586
        0.0011563222  -0.0002530361   0.0002255568   0.0004688336  -0.0001033571
       -0.0443554194   0.1117431726   0.1145460653   0.0117760616  -0.0271312954
       -0.0212710211  -0.0032680294   0.0074545959   0.0048277862   0.0005043014
        0.0010797812   0.0009204527  -0.0001380182   0.0006467517   0.0005627114
        0.0000413371   0.0000592245  -0.0000493006   0.0000092504  -0.0000181204
       -0.0000252493
       -0.0436962188   0.0004979780   0.0027697091  -0.0021212644  -0.0058370356
        0.0197671583   0.0000529372  -0.0019728524   0.0018566180   0.0003136412
        0.0008352330  -0.0009237463   0.0004479146   0.0005237005  -0.0003754331
        0.0003391034  -0.0005728000   0.0117760616   0.0484039567   0.0031971588
       -0.0053423229  -0.0018273082   0.0062152584  -0.0308154231   0.0004832260
        0.0005026402  -0.0001072801  -0.0025058096  -0.0035921762   0.0013478628
        0.0001204225   0.0001415689   0.0000367233  -0.0000106005   0.0000613265
        0.0000100724
        0.0006084243  -0.0530659603   0.0456334846  -0.0034486892  -0.0078282254
        0.0245238370   0.0000204959   0.0003775575   0.0002338703   0.0000618806
        0.0001388447  -0.0001882724   0.0002869319  -0.0001642993  -0.0001974020
        0.0010408791   0.0035383279  -0.0271312954   0.0031971588   0.0613938254
       -0.0551544733   0.0015204800  -0.0012687729   0.0097373333   0.0003039998
        0.0004286534   0.0006940072  -0.0036979305  -0.0036908738   0.0017615977
        0.0000536878   0.0000531289   0.0000725755   0.0000526814   0.0000877939
        0.0000147376
        0.0036213325   0.0463348743  -0.2796449916   0.0035373367   0.0049565945
       -0.0079652475  -0.0002146756   0.0012807371  -0.0005118289  -0.0001919321
       -0.0012599128   0.0006503597  -0.0003901071  -0.0002165461   0.0002369704
        0.0010322373   0.0001576801  -0.0212710211  -0.0053423229  -0.0551544733
        0.3212964053  -0.0026461891   0.0027561144  -0.0139479150  -0.0003474026
       -0.0002488769   0.0006002737   0.0010328000   0.0015638334   0.0006973749
       -0.0000320617  -0.0001075130  -0.0000707388  -0.0000590154  -0.0000625118
       -0.0000696412
       -0.2458721254   0.0558703495  -0.0692959015  -0.0228746454   0.0015623496
       -0.0058178694  -0.0017064137  -0.0033387391   0.0008839780   0.0006314998
       -0.0005387035   0.0003399550  -0.0017051798  -0.0002676854  -0.0002845400
       -0.0128936136   0.0063918860  -0.0032680294  -0.0018273082   0.0015204800
       -0.0026461891   0.2856554431  -0.0618787416   0.0803006325   0.0005879931
        0.0003400385  -0.0002673008   0.0003313158   0.0005297076   0.0000538322
       -0.0001024311   0.0000812421  -0.0000531225  -0.0002245345  -0.0002721837
        0.0000545550
        0.0564673422  -0.0569435973   0.0180800943  -0.0233706019   0.0034980426
       -0.0065688707  -0.0022858984  -0.0043371373   0.0015107457   0.0007450557
        0.0006861500  -0.0001288685  -0.0014875929   0.0001928557  -0.0003744215
        0.0261499456  -0.0089018408   0.0074545959   0.0062152584  -0.0012687729
        0.0027561144  -0.0618787416   0.0660152116  -0.0222278710  -0.0002840930
        0.0006326195  -0.0001205823   0.0001504841   0.0005432052  -0.0003157723
       -0.0000313476   0.0001469142  -0.0000640920  -0.0003898106  -0.0002636506
       -0.0000010719
       -0.0695618854   0.0179456972  -0.0679528270   0.0046200195  -0.0009980991
        0.0017717969   0.0005236898   0.0013016271   0.0001633182  -0.0001641312
       -0.0003880125   0.0001245608   0.0002361401  -0.0001071960   0.0001707527
        0.0145032746  -0.0050611906   0.0048277862  -0.0308154231   0.0097373333
       -0.0139479150   0.0803006325  -0.0222278710   0.0744728947  -0.0003265276
       -0.0001218926  -0.0000351979   0.0005750730  -0.0000773321   0.0004164887
       -0.0000101228  -0.0000425584   0.0000107577   0.0001192605   0.0000394946
       -0.0000224159
        0.0042985750  -0.0170332844  -0.0083999990  -0.0614766489   0.0586346609
        0.0387300822  -0.0104245696   0.0236938900   0.0143198903  -0.0043877187
        0.0013012577  -0.0039640362  -0.0008280549  -0.0005373499  -0.0017804036
       -0.0022096430  -0.0036740200   0.0005043014   0.0004832260   0.0003039998
       -0.0003474026   0.0005879931  -0.0002840930  -0.0003265276   0.0729240131
       -0.0630522904  -0.0407109903   0.0012719669   0.0011469831   0.0016467260
       -0.0008648566  -0.0002214290   0.0006633676   0.0006257176  -0.0002783249
       -0.0003350083
        0.0032909880  -0.0245320437  -0.0111346449   0.0563533670  -0.1915498147
       -0.0953900937   0.0070333387  -0.0105991951  -0.0041713413   0.0017718330
        0.0001416747   0.0017025475  -0.0013295833   0.0007444100   0.0004125972
       -0.0039536156  -0.0042637195   0.0010797812   0.0005026402   0.0004286534
       -0.0002488769   0.0003400385   0.0006326195  -0.0001218926  -0.0630522904
        0.2252446341   0.1079429200  -0.0006735949   0.0033438709   0.0000510701
        0.0000070187   0.0002937489  -0.0003061603  -0.0002901399   0.0001151615
        0.0001840938
       -0.0015640335   0.0025935345   0.0028389507   0.0354557733  -0.0925465059
       -0.0976655142  -0.0034231644   0.0045276834   0.0047496317  -0.0015809562
        0.0012380866  -0.0016738805   0.0002543206   0.0008383786   0.0001900537
        0.0002462227   0.0009895606   0.0009204527  -0.0001072801   0.0006940072
        0.0006002737  -0.0002673008  -0.0001205823  -0.0000351979  -0.0407109903
        0.1079429200   0.1120506528   0.0109983347  -0.0264875018  -0.0216602025
        0.0007995081   0.0002992597   0.0000326720  -0.0001004341   0.0000311594
       -0.0003478922
       -0.0021407460  -0.0068950086   0.0193296955  -0.0385287458  -0.0011477478
       -0.0003081124  -0.0008970189   0.0047455263  -0.0278034111  -0.0049720288
        0.0030204942   0.0002483507  -0.0014385062   0.0006889499   0.0007788074
        0.0004522401   0.0005708567  -0.0001380182  -0.0025058096  -0.0036979305
        0.0010328000   0.0003313158   0.0001504841   0.0005750730   0.0012719669
       -0.0006735949   0.0109983347   0.0484283955   0.0035109739  -0.0048701707
       -0.0002208941  -0.0004386122  -0.0005156480   0.0002198312   0.0001656089
        0.0006722990
       -0.0035015034  -0.0074062774   0.0235028943  -0.0014901604  -0.0484825842
        0.0445292204   0.0028209856  -0.0013790372   0.0096312463   0.0020655782
       -0.0013659983  -0.0003188817  -0.0011592482  -0.0002143916  -0.0002823763
        0.0002065895   0.0003946348   0.0006467517  -0.0035921762  -0.0036908738
        0.0015638334   0.0005297076   0.0005432052  -0.0000773321   0.0011469831
        0.0033438709  -0.0264875018   0.0035109739   0.0584842486  -0.0523293356
       -0.0006255741  -0.0000326803  -0.0001360815   0.0000878445  -0.0001941168
       -0.0002424371
        0.0026424633   0.0046274460  -0.0078864370   0.0044847994   0.0420928534
       -0.2631827429  -0.0024915551   0.0049097302  -0.0139622062  -0.0020479573
        0.0003233089   0.0007093706  -0.0002319942  -0.0001215299   0.0016412060
       -0.0002894363  -0.0002244584   0.0005627114   0.0013478628   0.0017615977
        0.0006973749   0.0000538322  -0.0003157723   0.0004164887   0.0016467260
        0.0000510701  -0.0216602025  -0.0048701707  -0.0523293356   0.3026500607
       -0.0006244915  -0.0007143559  -0.0003080554   0.0003799213  -0.0000605542
        0.0003224316
       -0.0003086372   0.0001966669  -0.0001279485  -0.0004642307  -0.0005457975
        0.0001152534   0.0103851702  -0.0065535900   0.0067097272  -0.0011109974
       -0.0099249067   0.0020842354  -0.0774334748   0.0824160291  -0.0492700065
        0.0001288013   0.0001388982   0.0000413371   0.0001204225   0.0000536878
       -0.0000320617  -0.0001024311  -0.0000313476  -0.0000101228  -0.0008648566
        0.0000070187   0.0007995081  -0.0002208941  -0.0006255741  -0.0006244915
        0.0766241627  -0.0899110276   0.0506696864  -0.0067530349   0.0247799428
       -0.0103551166
        0.0002109819   0.0001119201  -0.0000127619   0.0014960048   0.0004780469
        0.0000099831   0.0085487198  -0.0221272276   0.0072892673  -0.0067376431
       -0.0056888463   0.0033119066   0.0868195828  -0.3174968068   0.1431211249
        0.0000775343   0.0000517085   0.0000592245   0.0001415689   0.0000531289
       -0.0001075130   0.0000812421   0.0001469142  -0.0000425584  -0.0002214290
        0.0002937489   0.0002992597  -0.0004386122  -0.0000326803  -0.0007143559
       -0.0899110276   0.3475605484  -0.1531023956  -0.0000669226  -0.0033504550
       -0.0001111813
       -0.0001327748  -0.0000111374  -0.0000487200  -0.0006117934  -0.0004033617
       -0.0003086005   0.0007382366   0.0037842567  -0.0095773179   0.0008593203
        0.0026020264   0.0059243814  -0.0509946660   0.1424738479  -0.0655393637
       -0.0000325754  -0.0001286403  -0.0000493006   0.0000367233   0.0000725755
       -0.0000707388  -0.0000531225  -0.0000640920   0.0000107577   0.0006633676
       -0.0003061603   0.0000326720  -0.0005156480  -0.0001360815  -0.0003080554
        0.0506696864  -0.1531023956   0.0757611063  -0.0006267541   0.0052191623
       -0.0058268203
       -0.0014100715   0.0003506050  -0.0005529583  -0.0015996200  -0.0051002676
        0.0003843153  -0.0286199359  -0.0013875940  -0.0052497810   0.0026997466
        0.0033676219   0.0000549925  -0.3684169582   0.0524845150  -0.0987361407
       -0.0000248521   0.0001032883   0.0000092504  -0.0000106005   0.0000526814
       -0.0000590154  -0.0002245345  -0.0003898106   0.0001192605   0.0006257176
       -0.0002901399  -0.0001004341   0.0002198312   0.0000878445   0.0003799213
       -0.0067530349  -0.0000669226  -0.0006267541   0.4035143122  -0.0492118212
        0.1043773436
       -0.0012501029   0.0003932802  -0.0003032028  -0.0036443898  -0.0021608665
        0.0022947920  -0.0208701954   0.0111905922  -0.0095919752   0.0040562324
       -0.0014482571   0.0000856600   0.0464205783  -0.0564321720   0.0298014353
        0.0000433289   0.0000687888  -0.0000181204   0.0000613265   0.0000877939
       -0.0000625118  -0.0002721837  -0.0002636506   0.0000394946  -0.0002783249
        0.0001151615   0.0000311594   0.0001656089  -0.0001941168  -0.0000605542
        0.0247799428  -0.0033504550   0.0052191623  -0.0492118212   0.0519939013
       -0.0274353393
        0.0000649660   0.0000694290   0.0003122106  -0.0002432124   0.0019254625
        0.0051063034   0.0020867824  -0.0054437868   0.0005627111  -0.0002222392
       -0.0000292058  -0.0035134405  -0.0960815392   0.0311533634  -0.0381660791
       -0.0000289027  -0.0000840640  -0.0000252493   0.0000100724   0.0000147376
       -0.0000696412   0.0000545550  -0.0000010719  -0.0000224159  -0.0003350083
        0.0001840938  -0.0003478922   0.0006722990  -0.0002424371   0.0003224316
       -0.0103551166  -0.0001111813  -0.0058268203   0.1043773436  -0.0274353393
        0.0416678820
