$hessian                                                                        
        0.5081600304  -0.0005945417   0.0313076425  -0.0841206837  -0.0008316879
        0.0553130153  -0.0258220762  -0.0004407760   0.0243398167  -0.0004820904
       -0.0013974320   0.0005431356  -0.0003829818  -0.0000565944  -0.0014504189
        0.0007261302  -0.0000851658   0.0000191289  -0.0004669862   0.0000853891
       -0.0015452110  -0.0005105434   0.0014312785   0.0005839695  -0.0006521911
        0.0000368086   0.0001245641  -0.0619564584   0.0529848626  -0.0337894342
       -0.2789459888   0.0004130557  -0.0332591606  -0.0618473752  -0.0516741205
       -0.0353010592   0.0032701630  -0.0002757832  -0.0039321975   0.0032910719
        0.0004028280  -0.0039406552  -0.0000814725   0.0000037297   0.0005087963
       -0.0000665117  -0.0000035089  -0.0000456841  -0.0000834150  -0.0000007301
       -0.0000627682  -0.0000831034  -0.0000087242   0.0005263568   0.0000544824
        0.0000111125   0.0000601630
       -0.0005945417   0.5226866700   0.0008241348  -0.0006806906  -0.0657720312
        0.0016646379  -0.0002216150   0.0015504883  -0.0000388989   0.0009913278
       -0.0002752951   0.0005421056  -0.0003951657  -0.0001625684   0.0000890204
       -0.0000016572   0.0003489711  -0.0000011133   0.0003789573  -0.0001654537
       -0.0001064818  -0.0009331885  -0.0002160586  -0.0005244867   0.0000027661
       -0.0000202773   0.0000079794   0.0530893256  -0.2080690743   0.0982594526
        0.0004139320  -0.0453273147  -0.0000136022  -0.0517481564  -0.2016060684
       -0.1013351335  -0.0103465873  -0.0018415135   0.0241728164   0.0100435177
       -0.0009511801  -0.0235369029   0.0000926019  -0.0000751930  -0.0001206624
        0.0000207668  -0.0000176781  -0.0000237919  -0.0000264128  -0.0000217926
        0.0000239911  -0.0000775445  -0.0000674531   0.0001173416  -0.0000076354
        0.0000028224  -0.0000004062
        0.0313076425   0.0008241348   0.4644700113   0.0457233075   0.0016843985
       -0.1675652445   0.0109909783   0.0000015142   0.0023269579  -0.0014749921
        0.0009500749  -0.0002771431   0.0002926093   0.0000148758   0.0000406184
        0.0004096153  -0.0000558468   0.0001357927   0.0002985567   0.0000102992
        0.0000292482  -0.0014874343  -0.0009662776  -0.0003089411  -0.0005171787
        0.0000290994  -0.0001177103  -0.0336366601   0.0982464029  -0.1027093884
       -0.0336585914  -0.0000140407  -0.0461318196  -0.0351210476  -0.1013179037
       -0.1090067925   0.0083137675   0.0039583600  -0.0200903852   0.0086406957
       -0.0033559264  -0.0210148378  -0.0000441606   0.0000768285   0.0000867740
       -0.0000104524   0.0000219793   0.0000154730  -0.0000400992  -0.0000396126
        0.0000118091  -0.0000415944  -0.0000847640   0.0000841677   0.0000550381
        0.0000164044   0.0000214104
       -0.0841206837  -0.0006806906   0.0457233075   0.4650521839  -0.0004828567
        0.0336011880  -0.2065901970   0.0003856500  -0.0204492735  -0.0228853900
        0.0074205815  -0.0037923424   0.0006741238   0.0025187717  -0.0007674660
       -0.0006209388  -0.0001155052  -0.0002975341   0.0005569595  -0.0024309069
       -0.0008170789  -0.0231120803  -0.0072071266  -0.0038400997  -0.0002571912
        0.0000386661   0.0001791866   0.0030873668  -0.0008523832  -0.0043999090
       -0.0176199905  -0.0004651255   0.0281335101   0.0030796985   0.0009883250
       -0.0043394615  -0.0587382613   0.0506554077  -0.0342470682  -0.0587925720
       -0.0498036971  -0.0361363110   0.0007533450  -0.0013825211   0.0007363474
       -0.0006525055  -0.0000935101  -0.0000356220  -0.0006625320   0.0001129639
       -0.0000405603   0.0007858666   0.0014082236   0.0007445852   0.0000627982
       -0.0000142666   0.0000446017
       -0.0008316879  -0.0657720312   0.0016843985  -0.0004828567   0.5450072323
        0.0009981701   0.0007566941  -0.0670156888   0.0000318337   0.0250715949
       -0.0022448416   0.0029827040   0.0025463664  -0.0038449597  -0.0000751827
        0.0000275622  -0.0005715923  -0.0000002330  -0.0024249660  -0.0037269720
        0.0000733974  -0.0250536679  -0.0021112123  -0.0029864291  -0.0000853261
        0.0001443657  -0.0000279146  -0.0107574719  -0.0017556330   0.0236177660
       -0.0000256574   0.0004897386   0.0000052362   0.0105342902  -0.0008745829
       -0.0230497958   0.0512843494  -0.2025223870   0.0915638207  -0.0505100498
       -0.1963334448  -0.0948396939   0.0013950585   0.0007209119   0.0004477052
        0.0012997839  -0.0001484826   0.0002629359  -0.0013924736  -0.0001827993
       -0.0002721481  -0.0014307037   0.0007246041  -0.0004395535   0.0000791614
        0.0000177748   0.0000229828
        0.0553130153   0.0016646379  -0.1675652445   0.0336011880   0.0009981701
        0.4601415484  -0.0279815887  -0.0000123297  -0.0603942337  -0.0037137366
        0.0002901352  -0.0001763479  -0.0013394735   0.0005961832   0.0061003953
       -0.0009497062   0.0000928057   0.0003123785  -0.0013840185  -0.0006710323
        0.0064072296  -0.0038814620  -0.0002428711  -0.0002089574   0.0011739091
       -0.0000300625  -0.0010479770   0.0075859874   0.0040046986  -0.0190860440
        0.0022166010   0.0000237787  -0.0005263122   0.0079463415  -0.0034046875
       -0.0199708065  -0.0338175299   0.0917494197  -0.0969838543  -0.0357764109
       -0.0950490062  -0.1030657995   0.0007077873  -0.0003338137  -0.0020040303
       -0.0001823235   0.0000005336   0.0001461307  -0.0001733057   0.0000138301
        0.0002010292   0.0007154836   0.0003533225  -0.0020885709  -0.0000607578
       -0.0000437124  -0.0001905333
       -0.0258220762  -0.0002216150   0.0109909783  -0.2065901970   0.0007566941
       -0.0279815887   0.6212138150   0.0028778166   0.0622310668  -0.1459421769
        0.1341192255  -0.0139841927  -0.0344654966   0.0251062827  -0.0048969421
        0.0030961036  -0.0002826005   0.0015846689  -0.0348963854  -0.0248026551
       -0.0050184875  -0.1492664301  -0.1374488542  -0.0151163911   0.0010601493
        0.0000873510   0.0000907468   0.0007378573  -0.0000427021  -0.0006746058
       -0.0016793371  -0.0000294657   0.0025549737   0.0007438326   0.0000649725
       -0.0006829911  -0.0149422421   0.0051040877  -0.0025622490  -0.0151346285
       -0.0050481763  -0.0027200314   0.0062493813  -0.0125836656   0.0001742012
       -0.0052886430   0.0000264312  -0.0021031383  -0.0055038347  -0.0000479245
       -0.0021037917   0.0063273913   0.0123002432   0.0002457431   0.0001029171
        0.0000645545  -0.0000279694
       -0.0004407760   0.0015504883   0.0000015142   0.0003856500  -0.0670156888
       -0.0000123297   0.0028778166   0.6556838021   0.0014458135   0.0573068378
       -0.2601743200   0.0078363968   0.0825112636   0.0268580571   0.0123039472
       -0.0005937580  -0.0691653415  -0.0002179921  -0.0824139438   0.0269282811
       -0.0121780171  -0.0607455453  -0.2624103139  -0.0092542594   0.0008909959
        0.0019656010   0.0001207700  -0.0008415892   0.0000111547   0.0002183107
       -0.0000748222   0.0006393631   0.0000995849   0.0008099815   0.0000199947
       -0.0002350119   0.0253836139  -0.0027556319   0.0045555689  -0.0248908282
       -0.0024126999  -0.0045417216   0.0100939770  -0.0267756426   0.0015010056
       -0.0006713873   0.0015922946  -0.0001181708   0.0007973224   0.0016536441
        0.0001093395  -0.0103953025  -0.0268881026  -0.0016551318   0.0000104938
        0.0006950603   0.0000203834
        0.0243398167  -0.0000388989   0.0023269579  -0.0204492735   0.0000318337
       -0.0603942337   0.0622310668   0.0014458135   0.1557134414  -0.0136311999
        0.0191043150  -0.0513986183  -0.0055100347   0.0033342246  -0.0003082261
        0.0018420262  -0.0002585430  -0.0056612401  -0.0059460045  -0.0031454458
       -0.0006794249  -0.0143717670  -0.0204785052  -0.0510881792  -0.0004417109
        0.0000368386  -0.0002595507   0.0005707736  -0.0000889282   0.0006794937
        0.0039020329   0.0000804870  -0.0045588964   0.0005958126   0.0000722608
        0.0006655363  -0.0150267734   0.0014496494  -0.0014970873  -0.0158562288
       -0.0014059373  -0.0016511867   0.0007774803  -0.0020724274   0.0012237225
       -0.0019131008  -0.0000544126   0.0078595112  -0.0018939438   0.0000327488
        0.0076660226   0.0007449533   0.0019085756   0.0011972486   0.0000360749
        0.0000463515   0.0001647092
       -0.0004820904   0.0009913278  -0.0014749921  -0.0228853900   0.0250715949
       -0.0037137366  -0.1459421769   0.0573068378  -0.0136311999   0.6615463562
        0.0091475394   0.0813226391  -0.3399184381   0.0393928548  -0.0441901715
       -0.0339259316  -0.0826139282  -0.0050295033  -0.0464409891   0.0278247073
       -0.0063118664   0.0560264862   0.0275397086   0.0086366409   0.0002517467
       -0.0002335272  -0.0007002671   0.0001188498  -0.0000269604  -0.0001660948
       -0.0001192298   0.0000367504   0.0004985398  -0.0001229954   0.0000686387
        0.0002875022  -0.0053232566   0.0009542327  -0.0009833019   0.0005021451
        0.0019381037   0.0005279921  -0.1047892124  -0.1083608195  -0.0111029547
       -0.0167061301   0.0027986189  -0.0024948055  -0.0001895256   0.0009222241
       -0.0000384029  -0.0007210364  -0.0030659414  -0.0011485209  -0.0008791816
        0.0003080376  -0.0002874963
       -0.0013974320  -0.0002752951   0.0009500749   0.0074205815  -0.0022448416
        0.0002901352   0.1341192255  -0.2601743200   0.0191043150   0.0091475394
        0.6552675567   0.0027768341  -0.0349781302  -0.0942490242  -0.0051548135
       -0.0251486820   0.0314896509  -0.0035391681   0.0299221663  -0.0141026360
        0.0044463801  -0.0285714634  -0.0667417524  -0.0044412955  -0.0017401863
       -0.0063968436  -0.0003340387  -0.0000926677   0.0002249501   0.0003832873
       -0.0003459478  -0.0000426175   0.0000588307   0.0001498015  -0.0003793836
       -0.0002353184  -0.0003022613   0.0000341403   0.0000729688  -0.0019254813
        0.0007086166  -0.0005007149  -0.1079613775  -0.2364188982  -0.0169406952
        0.0256115196  -0.0018189135   0.0037899335   0.0005320197   0.0005150470
        0.0000652636  -0.0027143711  -0.0047499453  -0.0005201940  -0.0017248528
       -0.0006454904  -0.0002717848
        0.0005431356   0.0005421056  -0.0002771431  -0.0037923424   0.0029827040
       -0.0001763479  -0.0139841927   0.0078363968  -0.0513986183   0.0813226391
        0.0027768341   0.1276910708  -0.0439260124   0.0059131570  -0.0487386779
       -0.0048053465  -0.0125404563  -0.0031398763  -0.0066148793   0.0042426223
       -0.0045972792   0.0085268490   0.0039987260   0.0024881607  -0.0007204957
       -0.0000515668   0.0053382993  -0.0000317873  -0.0001323566   0.0001653893
        0.0001624507  -0.0000222808   0.0001024541  -0.0000427444  -0.0000296015
        0.0001313040  -0.0017554425   0.0005836296   0.0001759107   0.0001864157
        0.0005960769   0.0003575649  -0.0110746827  -0.0168240119  -0.0361283736
       -0.0023969857   0.0004091964  -0.0003808151  -0.0000034484   0.0001408292
       -0.0001596790  -0.0012719438  -0.0004674466   0.0073459530  -0.0003211864
        0.0000454427   0.0012007036
       -0.0003829818  -0.0003951657   0.0002926093   0.0006741238   0.0025463664
       -0.0013394735  -0.0344654966   0.0825112636  -0.0055100347  -0.3399184381
       -0.0349781302  -0.0439260124   0.6743818315  -0.0156667272   0.0838276037
       -0.1360571228  -0.0501150681  -0.0124775502   0.0531180897  -0.0265751704
        0.0077406621  -0.0465981219  -0.0292710483  -0.0067918320  -0.0358325703
       -0.0381105923  -0.0059642361  -0.0000949455  -0.0001427767   0.0001531012
       -0.0000015698  -0.0001494103   0.0000778539   0.0000363780  -0.0000484799
       -0.0002821221  -0.0010205228   0.0000088390   0.0002169562   0.0001485276
       -0.0002853545  -0.0000496271  -0.0181359241  -0.0027841735  -0.0026743439
       -0.1089262421   0.1124173011  -0.0109756303  -0.0004843004   0.0033625722
       -0.0010838311  -0.0001352607  -0.0008771501  -0.0000476918  -0.0063054536
       -0.0014470950  -0.0011864012
       -0.0000565944  -0.0001625684   0.0000148758   0.0025187717  -0.0038449597
        0.0005961832   0.0251062827   0.0268580571   0.0033342246   0.0393928548
       -0.0942490242   0.0059131570  -0.0156667272   0.6570811273  -0.0008893120
       -0.1278581079  -0.2644682298  -0.0193369970   0.0254915546  -0.0612964984
        0.0036639020  -0.0280779610  -0.0136427505  -0.0043141779  -0.0114053952
       -0.0014004064  -0.0017581682   0.0000008965  -0.0000749047   0.0000166322
       -0.0001589008  -0.0000359524  -0.0000191132   0.0000658732   0.0000338791
       -0.0000074924   0.0010174624  -0.0000732577   0.0002537889  -0.0002427281
       -0.0002832288  -0.0000793480  -0.0263397160  -0.0020041891  -0.0038898486
        0.1136238606  -0.2389815864   0.0161782590   0.0027417819  -0.0044756955
        0.0003814355  -0.0004376939   0.0005641647  -0.0000846753   0.0002844859
        0.0004560239   0.0000266745
       -0.0014504189   0.0000890204   0.0000406184  -0.0007674660  -0.0000751827
        0.0061003953  -0.0048969421   0.0123039472  -0.0003082261  -0.0441901715
       -0.0051548135  -0.0487386779   0.0838276037  -0.0008893120   0.1218959180
       -0.0127984344  -0.0079749158  -0.0530641086   0.0078645167  -0.0040727257
        0.0015244987  -0.0064981985  -0.0043941235  -0.0043799829  -0.0058356475
       -0.0056117308   0.0027366946  -0.0000831559  -0.0000097310  -0.0000505994
       -0.0002237388  -0.0000707241   0.0003615931  -0.0000190048   0.0000219524
       -0.0000505432   0.0007103799  -0.0001335146   0.0002147344   0.0003686930
        0.0002127277   0.0000638300  -0.0027681065  -0.0004086144  -0.0000325139
       -0.0109718071   0.0160471928  -0.0343801526  -0.0011095345   0.0004704224
        0.0068118987  -0.0000102758  -0.0001312828  -0.0001219112  -0.0011482909
       -0.0002185920   0.0013765345
        0.0007261302  -0.0000016572   0.0004096153  -0.0006209388   0.0000275622
       -0.0009497062   0.0030961036  -0.0005937580   0.0018420262  -0.0339259316
       -0.0251486820  -0.0048053465  -0.1360571228  -0.1278581079  -0.0127984344
        0.6364608668   0.0007027589   0.0751631803  -0.1364489501   0.1333659359
       -0.0125315883  -0.0324104181   0.0249512865  -0.0044921964  -0.2813075452
        0.0048775465  -0.0362084800  -0.0001908678  -0.0000172899  -0.0000256457
        0.0006523494   0.0000004798  -0.0002748613  -0.0001792031   0.0000073523
       -0.0000339916   0.0004789056  -0.0002026705   0.0002935445   0.0004795050
        0.0001842268   0.0003064691  -0.0051039044   0.0000225199  -0.0021083249
        0.0072189415   0.0142802624   0.0008792016   0.0036255016  -0.0144259350
        0.0004149033  -0.0046583859  -0.0000778420  -0.0019780212  -0.0218350360
       -0.0100939886  -0.0031023438
       -0.0000851658   0.0003489711  -0.0000558468  -0.0001155052  -0.0005715923
        0.0000928057  -0.0002826005  -0.0691653415  -0.0002585430  -0.0826139282
        0.0314896509  -0.0125404563  -0.0501150681  -0.2644682298  -0.0079749158
        0.0007027589   0.6705916427   0.0011167962   0.0480507885  -0.2677307821
        0.0068426102   0.0837021870   0.0300440915   0.0128417839   0.0386582121
       -0.0807685518   0.0056328217   0.0000843076   0.0000961425  -0.0002178512
       -0.0000383404   0.0001643541   0.0000333444  -0.0000722093   0.0000912505
        0.0002215648   0.0001109726   0.0002347832  -0.0001995895  -0.0001845680
        0.0002437945   0.0001580486   0.0008305829   0.0014102138   0.0000601062
       -0.0111991651  -0.0277835800  -0.0017242863   0.0102716368  -0.0276278873
        0.0014709831  -0.0011029207   0.0015528313  -0.0001309668  -0.0366019751
        0.0018482387  -0.0053684092
        0.0000191289  -0.0000011133   0.0001357927  -0.0002975341  -0.0000002330
        0.0003123785   0.0015846689  -0.0002179921  -0.0056612401  -0.0050295033
       -0.0035391681  -0.0031398763  -0.0124775502  -0.0193369970  -0.0530641086
        0.0751631803   0.0011167962   0.1388293419  -0.0125503725   0.0193314280
       -0.0517436954  -0.0044798241   0.0036484777  -0.0029287051  -0.0361719268
        0.0006602117  -0.0408776819  -0.0000090044   0.0000287986  -0.0000476914
        0.0000603199   0.0000011773  -0.0000384462  -0.0000079210  -0.0000259728
       -0.0000522254   0.0000470744  -0.0000876654   0.0000244919   0.0000463193
        0.0000831969   0.0000246889  -0.0020386825  -0.0000266978   0.0084692751
        0.0007639848   0.0020183915   0.0019635695   0.0003971978  -0.0021548586
        0.0010796280  -0.0019114782  -0.0000154150   0.0081029902  -0.0031080772
       -0.0014823650  -0.0013884863
       -0.0004669862   0.0003789573   0.0002985567   0.0005569595  -0.0024249660
       -0.0013840185  -0.0348963854  -0.0824139438  -0.0059460045  -0.0464409891
        0.0299221663  -0.0066148793   0.0531180897   0.0254915546   0.0078645167
       -0.1364489501   0.0480507885  -0.0125503725   0.6608281373   0.0046238233
        0.0820015464  -0.3322834412   0.0386244569  -0.0424693817  -0.0424681066
        0.0385697310  -0.0071251918   0.0000363135   0.0000783568  -0.0002934508
       -0.0000078030   0.0001447813   0.0000908255  -0.0000979812   0.0001212891
        0.0001557346   0.0001240642   0.0002525183  -0.0000489978  -0.0010331902
        0.0000246473   0.0002296655  -0.0001383835   0.0009223767  -0.0000587771
       -0.0010254469  -0.0030462012  -0.0011931698  -0.1029677493  -0.1049210567
       -0.0107278788  -0.0178599659   0.0028892319  -0.0026405754   0.0014718145
        0.0027114884   0.0004118528
        0.0000853891  -0.0001654537   0.0000102992  -0.0024309069  -0.0037269720
       -0.0006710323  -0.0248026551   0.0269282811  -0.0031454458   0.0278247073
       -0.0141026360   0.0042426223  -0.0265751704  -0.0612964984  -0.0040727257
        0.1333659359  -0.2677307821   0.0193314280   0.0046238233   0.6546490031
        0.0014091418  -0.0363687104  -0.0939128767  -0.0056888521   0.0061035317
       -0.0039931241   0.0009641029  -0.0000702804   0.0000280867   0.0000056011
        0.0001789816  -0.0000401181   0.0000071189   0.0000001229  -0.0000729461
       -0.0000304641   0.0002477035  -0.0002840323   0.0000826513  -0.0009486101
       -0.0000522194  -0.0002313396   0.0005040947   0.0005952825   0.0001019610
       -0.0026812949  -0.0042062905  -0.0004182054  -0.1043900985  -0.2329091329
       -0.0156247977   0.0268840870  -0.0025514358   0.0039606660  -0.0015506503
        0.0028438648  -0.0002327299
       -0.0015452110  -0.0001064818   0.0000292482  -0.0008170789   0.0000733974
        0.0064072296  -0.0050184875  -0.0121780171  -0.0006794249  -0.0063118664
        0.0044463801  -0.0045972792   0.0077406621   0.0036639020   0.0015244987
       -0.0125315883   0.0068426102  -0.0517436954   0.0820015464   0.0014091418
        0.1202805929  -0.0430539963   0.0054708725  -0.0490755727  -0.0070636120
        0.0056701794   0.0045445804  -0.0000223219  -0.0000199985  -0.0000520477
       -0.0002372162   0.0000567338   0.0003858426  -0.0000912008   0.0000135937
       -0.0000495574   0.0003655275  -0.0002250854   0.0000616249   0.0007820371
        0.0001481860   0.0002269391  -0.0000208810   0.0001402103  -0.0000561127
       -0.0012190412  -0.0004683385   0.0069470617  -0.0107239567  -0.0157499617
       -0.0330919993  -0.0026264310   0.0004125330   0.0001265470   0.0003931160
        0.0004001428  -0.0011884759
       -0.0005105434  -0.0009331885  -0.0014874343  -0.0231120803  -0.0250536679
       -0.0038814620  -0.1492664301  -0.0607455453  -0.0143717670   0.0560264862
       -0.0285714634   0.0085268490  -0.0465981219  -0.0280779610  -0.0064981985
       -0.0324104181   0.0837021870  -0.0044798241  -0.3322834412  -0.0363687104
       -0.0430539963   0.6567973710  -0.0065374010   0.0805109266  -0.0024458558
        0.0001372082  -0.0012721215  -0.0001259597  -0.0000786048   0.0002900409
       -0.0001213980  -0.0000365449   0.0005184253   0.0001357264   0.0000461521
       -0.0001753901   0.0005583393  -0.0019386875   0.0005217493  -0.0052458907
       -0.0009154531  -0.0009977787  -0.0007052245   0.0029514058  -0.0010990314
       -0.0001140239  -0.0009453572  -0.0000373917  -0.0176220751  -0.0029408115
       -0.0026145264  -0.1027075935   0.1068076427  -0.0103289948  -0.0002488668
       -0.0005011993  -0.0000700743
        0.0014312785  -0.0002160586  -0.0009662776  -0.0072071266  -0.0021112123
       -0.0002428711  -0.1374488542  -0.2624103139  -0.0204785052   0.0275397086
       -0.0667417524   0.0039987260  -0.0292710483  -0.0136427505  -0.0043941235
        0.0249512865   0.0300440915   0.0036484777   0.0386244569  -0.0939128767
        0.0054708725  -0.0065374010   0.6592249869  -0.0000267446   0.0034785311
       -0.0058032431   0.0005511555  -0.0001453431  -0.0003849712   0.0002234673
        0.0003478955  -0.0000339379  -0.0000610867   0.0000727310   0.0002296378
       -0.0003494005   0.0019842923   0.0007513351   0.0004854347   0.0003605049
        0.0000381670  -0.0000776407   0.0026778773  -0.0048133360   0.0004632883
       -0.0004813655   0.0004541102  -0.0000605030  -0.0266853521  -0.0020190918
       -0.0039555953   0.1063738753  -0.2380897682   0.0157754124  -0.0000659470
       -0.0005630159  -0.0000040863
        0.0005839695  -0.0005244867  -0.0003089411  -0.0038400997  -0.0029864291
       -0.0002089574  -0.0151163911  -0.0092542594  -0.0510881792   0.0086366409
       -0.0044412955   0.0024881607  -0.0067918320  -0.0043141779  -0.0043799829
       -0.0044921964   0.0128417839  -0.0029287051  -0.0424693817  -0.0056888521
       -0.0490755727   0.0805109266  -0.0000267446   0.1270304832  -0.0013152447
       -0.0000210018   0.0065818450  -0.0000411744   0.0000212400   0.0001257772
        0.0001704807   0.0000164818   0.0000965136  -0.0000324889   0.0001244826
        0.0001636418   0.0002084447  -0.0005836262   0.0003238978  -0.0017816252
       -0.0005753390   0.0001023338  -0.0012308690   0.0003967694   0.0071595760
        0.0000041248  -0.0001430760  -0.0001479590  -0.0026161798  -0.0004375512
       -0.0005497287  -0.0103121853   0.0156722751  -0.0356206653  -0.0000749191
       -0.0000761932   0.0002364624
       -0.0006521911   0.0000027661  -0.0005171787  -0.0002571912  -0.0000853261
        0.0011739091   0.0010601493   0.0008909959  -0.0004417109   0.0002517467
       -0.0017401863  -0.0007204957  -0.0358325703  -0.0114053952  -0.0058356475
       -0.2813075452   0.0386582121  -0.0361719268  -0.0424681066   0.0061035317
       -0.0070636120  -0.0024458558   0.0034785311  -0.0013152447   0.4367828476
        0.0958519790   0.0604991324   0.0001987460   0.0000175042  -0.0001040085
       -0.0005372173  -0.0000037753   0.0002716722   0.0001969284  -0.0000136295
       -0.0001178519  -0.0001556027   0.0000187705  -0.0000986721  -0.0002094775
       -0.0000379973  -0.0001297178  -0.0007297921  -0.0000807237  -0.0000887602
        0.0012560964   0.0003277689   0.0005990554   0.0040411500  -0.0015072990
        0.0007961827  -0.0018048942   0.0002323935  -0.0002288094  -0.0773872205
       -0.1307081206  -0.0105063157
        0.0000368086  -0.0000202773   0.0000290994   0.0000386661   0.0001443657
       -0.0000300625   0.0000873510   0.0019656010   0.0000368386  -0.0002335272
       -0.0063968436  -0.0000515668  -0.0381105923  -0.0014004064  -0.0056117308
        0.0048775465  -0.0807685518   0.0006602117   0.0385697310  -0.0039931241
        0.0056701794   0.0001372082  -0.0058032431  -0.0000210018   0.0958519790
        0.4845052254   0.0144002958   0.0000075089   0.0000102530  -0.0000306002
        0.0000568369  -0.0000082693  -0.0000203605  -0.0000291571   0.0000158672
        0.0000488708  -0.0000514364   0.0000271186  -0.0000320604   0.0001205975
        0.0000472394   0.0000466800  -0.0014563213  -0.0001252640  -0.0002231823
        0.0005541080   0.0020149148   0.0000971620   0.0016761212   0.0019224662
        0.0002427200   0.0016226515  -0.0002074284   0.0002501532  -0.1037560801
       -0.3919296432  -0.0154616455
        0.0001245641   0.0000079794  -0.0001177103   0.0001791866  -0.0000279146
       -0.0010479770   0.0000907468   0.0001207700  -0.0002595507  -0.0007002671
       -0.0003340387   0.0053382993  -0.0059642361  -0.0017581682   0.0027366946
       -0.0362084800   0.0056328217  -0.0408776819  -0.0071251918   0.0009641029
        0.0045445804  -0.0012721215   0.0005511555   0.0065818450   0.0604991324
        0.0144002958   0.0355286472   0.0000121911  -0.0000449062   0.0000082405
       -0.0000132804  -0.0000023311   0.0000011774   0.0000109483   0.0000414435
        0.0000177027  -0.0000818344   0.0000578667  -0.0000064211  -0.0001098485
       -0.0000329357  -0.0000085271  -0.0001288567  -0.0000068371   0.0000307621
        0.0006364247   0.0000664947  -0.0029318818   0.0008349229  -0.0002249503
       -0.0014635831  -0.0002777698   0.0000334518  -0.0001849071  -0.0105062305
       -0.0194443001  -0.0078897092
       -0.0619564584   0.0530893256  -0.0336366601   0.0030873668  -0.0107574719
        0.0075859874   0.0007378573  -0.0008415892   0.0005707736   0.0001188498
       -0.0000926677  -0.0000317873  -0.0000949455   0.0000008965  -0.0000831559
       -0.0001908678   0.0000843076  -0.0000090044   0.0000363135  -0.0000702804
       -0.0000223219  -0.0001259597  -0.0001453431  -0.0000411744   0.0001987460
        0.0000075089   0.0000121911   0.0685292785  -0.0617796393   0.0364233488
       -0.0127654477   0.0284118742  -0.0170728004   0.0027419379  -0.0077068185
        0.0036264410  -0.0006278598  -0.0005229320   0.0030539932   0.0002016961
       -0.0000261601  -0.0005294729   0.0000460648   0.0001897393   0.0001300922
        0.0000265960   0.0000115649   0.0000126523   0.0000338349   0.0000311109
        0.0000019939   0.0000132128   0.0001106785  -0.0000023721  -0.0000102155
        0.0000058955   0.0000112759
        0.0529848626  -0.2080690743   0.0982464029  -0.0008523832  -0.0017556330
        0.0040046986  -0.0000427021   0.0000111547  -0.0000889282  -0.0000269604
        0.0002249501  -0.0001323566  -0.0001427767  -0.0000749047  -0.0000097310
       -0.0000172899   0.0000961425   0.0000287986   0.0000783568   0.0000280867
       -0.0000199985  -0.0000786048  -0.0003849712   0.0000212400   0.0000175042
        0.0000102530  -0.0000449062  -0.0617796393   0.2382668577  -0.1155025217
        0.0022764761  -0.0020199211   0.0013611410   0.0075992121  -0.0285326020
        0.0121474236  -0.0003011295   0.0011999165   0.0006086181   0.0000390466
        0.0007338212  -0.0005308453   0.0000610133   0.0001120696  -0.0001009882
        0.0000454799   0.0000108121   0.0000169478   0.0000344912   0.0000070478
        0.0000139709   0.0001016487   0.0001360059  -0.0000436568   0.0000033941
       -0.0000000115   0.0000246911
       -0.0337894342   0.0982594526  -0.1027093884  -0.0043999090   0.0236177660
       -0.0190860440  -0.0006746058   0.0002183107   0.0006794937  -0.0001660948
        0.0003832873   0.0001653893   0.0001531012   0.0000166322  -0.0000505994
       -0.0000256457  -0.0002178512  -0.0000476914  -0.0002934508   0.0000056011
       -0.0000520477   0.0002900409   0.0002234673   0.0001257772  -0.0001040085
       -0.0000306002   0.0000082405   0.0364233488  -0.1155025217   0.1211623912
       -0.0038576543   0.0058916735  -0.0026705685   0.0038806309  -0.0133234315
        0.0079790858   0.0030743812   0.0006027175  -0.0059358497  -0.0004950573
        0.0005012311   0.0006188993   0.0001350232  -0.0004418738  -0.0001232741
       -0.0000515436  -0.0000193938  -0.0000108052  -0.0000376914  -0.0000175822
       -0.0000122117  -0.0000486056  -0.0001589752  -0.0000324654  -0.0000128252
       -0.0000079097  -0.0000083315
       -0.2789459888   0.0004139320  -0.0336585914  -0.0176199905  -0.0000256574
        0.0022166010  -0.0016793371  -0.0000748222   0.0039020329  -0.0001192298
       -0.0003459478   0.0001624507  -0.0000015698  -0.0001589008  -0.0002237388
        0.0006523494  -0.0000383404   0.0000603199  -0.0000078030   0.0001789816
       -0.0002372162  -0.0001213980   0.0003478955   0.0001704807  -0.0005372173
        0.0000568369  -0.0000132804  -0.0127654477   0.0022764761  -0.0038576543
        0.3230549460  -0.0004302008   0.0360858874  -0.0127499227  -0.0021723128
       -0.0039266281   0.0004387801  -0.0002406629  -0.0003859971   0.0004450868
        0.0002505969  -0.0003836786  -0.0000356565  -0.0000280830   0.0000571338
       -0.0000100395   0.0000249826  -0.0000162277  -0.0000375925  -0.0000395462
       -0.0000231127  -0.0000338120   0.0000227594   0.0000639860   0.0000738431
       -0.0000179868   0.0000072328
        0.0004130557  -0.0453273147  -0.0000140407  -0.0004651255   0.0004897386
        0.0000237787  -0.0000294657   0.0006393631   0.0000804870   0.0000367504
       -0.0000426175  -0.0000222808  -0.0001494103  -0.0000359524  -0.0000707241
        0.0000004798   0.0001643541   0.0000011773   0.0001447813  -0.0000401181
        0.0000567338  -0.0000365449  -0.0000339379   0.0000164818  -0.0000037753
       -0.0000082693  -0.0000023311   0.0284118742  -0.0020199211   0.0058916735
       -0.0004302008   0.0477702132  -0.0000689659  -0.0278940529  -0.0018410451
       -0.0058780958  -0.0005410768   0.0000670533   0.0000513817   0.0005431784
        0.0000716597  -0.0000754101  -0.0000095961   0.0000647249   0.0000554457
       -0.0000103946   0.0000089279  -0.0000179103   0.0000095794   0.0000086664
        0.0000164508   0.0000071890   0.0000605076  -0.0000455197   0.0000027546
        0.0000039674   0.0000016681
       -0.0332591606  -0.0000136022  -0.0461318196   0.0281335101   0.0000052362
       -0.0005263122   0.0025549737   0.0000995849  -0.0045588964   0.0004985398
        0.0000588307   0.0001024541   0.0000778539  -0.0000191132   0.0003615931
       -0.0002748613   0.0000333444  -0.0000384462   0.0000908255   0.0000071189
        0.0003858426   0.0005184253  -0.0000610867   0.0000965136   0.0002716722
       -0.0000203605   0.0000011774  -0.0170728004   0.0013611410  -0.0026705685
        0.0360858874  -0.0000689659   0.0547665631  -0.0179854487  -0.0013630377
       -0.0029102424   0.0001788091  -0.0001264337   0.0007228240   0.0002002487
        0.0001082306   0.0007316900  -0.0000177539  -0.0000023323  -0.0001549622
        0.0000175744  -0.0000027765   0.0000040410   0.0000291923   0.0000081635
        0.0000087328  -0.0000183524   0.0000016463  -0.0001583925  -0.0000291351
       -0.0000055877  -0.0000317917
       -0.0618473752  -0.0517481564  -0.0351210476   0.0030796985   0.0105342902
        0.0079463415   0.0007438326   0.0008099815   0.0005958126  -0.0001229954
        0.0001498015  -0.0000427444   0.0000363780   0.0000658732  -0.0000190048
       -0.0001792031  -0.0000722093  -0.0000079210  -0.0000979812   0.0000001229
       -0.0000912008   0.0001357264   0.0000727310  -0.0000324889   0.0001969284
       -0.0000291571   0.0000109483   0.0027419379   0.0075992121   0.0038806309
       -0.0127499227  -0.0278940529  -0.0179854487   0.0683869365   0.0603522990
        0.0381998105   0.0002041620   0.0000468837  -0.0005317288  -0.0006213799
        0.0004227518   0.0030636082   0.0000134152  -0.0001071796  -0.0000031061
        0.0000250144  -0.0000265917   0.0000009620   0.0000349579  -0.0000084569
        0.0000138034   0.0000520485  -0.0001705697   0.0001094550  -0.0000321787
        0.0000024268   0.0000133186
       -0.0516741205  -0.2016060684  -0.1013179037   0.0009883250  -0.0008745829
       -0.0034046875   0.0000649725   0.0000199947   0.0000722608   0.0000686387
       -0.0003793836  -0.0000296015  -0.0000484799   0.0000338791   0.0000219524
        0.0000073523   0.0000912505  -0.0000259728   0.0001212891  -0.0000729461
        0.0000135937   0.0000461521   0.0002296378   0.0001244826  -0.0000136295
        0.0000158672   0.0000414435  -0.0077068185  -0.0285326020  -0.0133234315
       -0.0021723128  -0.0018410451  -0.0013630377   0.0603522990   0.2306987925
        0.1189567242  -0.0000219943   0.0007434592   0.0005335343   0.0002117263
        0.0012312470  -0.0003829947  -0.0001052113   0.0001293058   0.0000455046
       -0.0000393901   0.0000061178  -0.0000145227  -0.0000319800   0.0000155001
       -0.0000150313  -0.0000540548   0.0000952735   0.0000926113   0.0000072367
       -0.0000036971  -0.0000249242
       -0.0353010592  -0.1013351335  -0.1090067925  -0.0043394615  -0.0230497958
       -0.0199708065  -0.0006829911  -0.0002350119   0.0006655363   0.0002875022
       -0.0002353184   0.0001313040  -0.0002821221  -0.0000074924  -0.0000505432
       -0.0000339916   0.0002215648  -0.0000522254   0.0001557346  -0.0000304641
       -0.0000495574  -0.0001753901  -0.0003494005   0.0001636418  -0.0001178519
        0.0000488708   0.0000177027   0.0036264410   0.0121474236   0.0079790858
       -0.0039266281  -0.0058780958  -0.0029102424   0.0381998105   0.1189567242
        0.1286033710  -0.0004989120  -0.0004962410   0.0006275019   0.0030881719
       -0.0003689020  -0.0059729108  -0.0000478672   0.0001564410  -0.0000317446
       -0.0000392168   0.0000161027  -0.0000130148  -0.0000466055   0.0000251692
       -0.0000108480   0.0001164075   0.0004266111  -0.0001084399   0.0000180293
       -0.0000130521  -0.0000110181
        0.0032701630  -0.0103465873   0.0083137675  -0.0587382613   0.0512843494
       -0.0338175299  -0.0149422421   0.0253836139  -0.0150267734  -0.0053232566
       -0.0003022613  -0.0017554425  -0.0010205228   0.0010174624   0.0007103799
        0.0004789056   0.0001109726   0.0000470744   0.0001240642   0.0002477035
        0.0003655275   0.0005583393   0.0019842923   0.0002084447  -0.0001556027
       -0.0000514364  -0.0000818344  -0.0006278598  -0.0003011295   0.0030743812
        0.0004387801  -0.0005410768   0.0001788091   0.0002041620  -0.0000219943
       -0.0004989120   0.0731928142  -0.0601769654   0.0354289705   0.0030101057
       -0.0069263300   0.0033605762  -0.0000370499  -0.0003457717  -0.0001968624
       -0.0003731824   0.0000029939   0.0000338375   0.0001428973  -0.0000266292
        0.0000426522  -0.0002219331  -0.0009778996  -0.0003529103   0.0000196793
       -0.0000133066  -0.0000341555
       -0.0002757832  -0.0018415135   0.0039583600   0.0506554077  -0.2025223870
        0.0917494197   0.0051040877  -0.0027556319   0.0014496494   0.0009542327
        0.0000341403   0.0005836296   0.0000088390  -0.0000732577  -0.0001335146
       -0.0002026705   0.0002347832  -0.0000876654   0.0002525183  -0.0002840323
       -0.0002250854  -0.0019386875   0.0007513351  -0.0005836262   0.0000187705
        0.0000271186   0.0000578667  -0.0005229320   0.0011999165   0.0006027175
       -0.0002406629   0.0000670533  -0.0001264337   0.0000468837   0.0007434592
       -0.0004962410  -0.0601769654   0.2318857546  -0.1085908521   0.0067406893
       -0.0281994560   0.0117067519  -0.0001436473   0.0004273663   0.0000082146
        0.0000358115   0.0000113793   0.0000029715  -0.0000550287   0.0000437151
        0.0000171750  -0.0002551867   0.0002430825   0.0000909648  -0.0000056762
        0.0000071744   0.0000156976
       -0.0039321975   0.0241728164  -0.0200903852  -0.0342470682   0.0915638207
       -0.0969838543  -0.0025622490   0.0045555689  -0.0014970873  -0.0009833019
        0.0000729688   0.0001759107   0.0002169562   0.0002537889   0.0002147344
        0.0002935445  -0.0001995895   0.0000244919  -0.0000489978   0.0000826513
        0.0000616249   0.0005217493   0.0004854347   0.0003238978  -0.0000986721
       -0.0000320604  -0.0000064211   0.0030539932   0.0006086181  -0.0059358497
       -0.0003859971   0.0000513817   0.0007228240  -0.0005317288   0.0005335343
        0.0006275019   0.0354289705  -0.1085908521   0.1152140799   0.0035542052
       -0.0128624508   0.0073741952  -0.0000207840  -0.0000593476  -0.0000612401
       -0.0000137903  -0.0000159206  -0.0000503903   0.0000540171  -0.0000213613
       -0.0000095649  -0.0003142875  -0.0006149820  -0.0000957277   0.0000156381
        0.0000159802  -0.0000087400
        0.0032910719   0.0100435177   0.0086406957  -0.0587925720  -0.0505100498
       -0.0357764109  -0.0151346285  -0.0248908282  -0.0158562288   0.0005021451
       -0.0019254813   0.0001864157   0.0001485276  -0.0002427281   0.0003686930
        0.0004795050  -0.0001845680   0.0000463193  -0.0010331902  -0.0009486101
        0.0007820371  -0.0052458907   0.0003605049  -0.0017816252  -0.0002094775
        0.0001205975  -0.0001098485   0.0002016961   0.0000390466  -0.0004950573
        0.0004450868   0.0005431784   0.0002002487  -0.0006213799   0.0002117263
        0.0030881719   0.0030101057   0.0067406893   0.0035542052   0.0733498090
        0.0593505660   0.0376408122  -0.0001961626   0.0009456596  -0.0003515607
        0.0001471078   0.0000167692   0.0000439783  -0.0004021239  -0.0000162742
        0.0000406743  -0.0000321029   0.0003440184  -0.0002118483   0.0000924732
        0.0000022657  -0.0000096716
        0.0004028280  -0.0009511801  -0.0033559264  -0.0498036971  -0.1963334448
       -0.0950490062  -0.0050481763  -0.0024126999  -0.0014059373   0.0019381037
        0.0007086166   0.0005960769  -0.0002853545  -0.0002832288   0.0002127277
        0.0001842268   0.0002437945   0.0000831969   0.0000246473  -0.0000522194
        0.0001481860  -0.0009154531   0.0000381670  -0.0005753390  -0.0000379973
        0.0000472394  -0.0000329357  -0.0000261601   0.0007338212   0.0005012311
        0.0002505969   0.0000716597   0.0001082306   0.0004227518   0.0012312470
       -0.0003689020  -0.0069263300  -0.0281994560  -0.0128624508   0.0593505660
        0.2245133048   0.1121529260   0.0002602700   0.0002067566  -0.0000899866
        0.0000729763   0.0000294990  -0.0000144989  -0.0000534628   0.0000046943
       -0.0000044970   0.0001458924   0.0004195111  -0.0000093797   0.0000437720
       -0.0000160821  -0.0000337154
       -0.0039406552  -0.0235369029  -0.0210148378  -0.0361363110  -0.0948396939
       -0.1030657995  -0.0027200314  -0.0045417216  -0.0016511867   0.0005279921
       -0.0005007149   0.0003575649  -0.0000496271  -0.0000793480   0.0000638300
        0.0003064691   0.0001580486   0.0000246889   0.0002296655  -0.0002313396
        0.0002269391  -0.0009977787  -0.0000776407   0.0001023338  -0.0001297178
        0.0000466800  -0.0000085271  -0.0005294729  -0.0005308453   0.0006188993
       -0.0003836786  -0.0000754101   0.0007316900   0.0030636082  -0.0003829947
       -0.0059729108   0.0033605762   0.0117067519   0.0073741952   0.0376408122
        0.1121529260   0.1224359149  -0.0003146565   0.0006241794  -0.0000995357
        0.0000682245   0.0000137090  -0.0000090176  -0.0000281615   0.0000135050
       -0.0000430879  -0.0000171149   0.0000727711  -0.0000598042   0.0000498577
        0.0000080407  -0.0000113487
       -0.0000814725   0.0000926019  -0.0000441606   0.0007533450   0.0013950585
        0.0007077873   0.0062493813   0.0100939770   0.0007774803  -0.1047892124
       -0.1079613775  -0.0110746827  -0.0181359241  -0.0263397160  -0.0027681065
       -0.0051039044   0.0008305829  -0.0020386825  -0.0001383835   0.0005040947
       -0.0000208810  -0.0007052245   0.0026778773  -0.0012308690  -0.0007297921
       -0.0014563213  -0.0001288567   0.0000460648   0.0000610133   0.0001350232
       -0.0000356565  -0.0000095961  -0.0000177539   0.0000134152  -0.0001052113
       -0.0000478672  -0.0000370499  -0.0001436473  -0.0000207840  -0.0001961626
        0.0002602700  -0.0003146565   0.1223639645   0.1204253153   0.0152210596
        0.0007563179  -0.0007912588   0.0005459582  -0.0000852226   0.0000263871
        0.0002413496   0.0002902667   0.0006864045   0.0001233459  -0.0004347503
       -0.0002464544  -0.0000447036
        0.0000037297  -0.0000751930   0.0000768285  -0.0013825211   0.0007209119
       -0.0003338137  -0.0125836656  -0.0267756426  -0.0020724274  -0.1083608195
       -0.2364188982  -0.0168240119  -0.0027841735  -0.0020041891  -0.0004086144
        0.0000225199   0.0014102138  -0.0000266978   0.0009223767   0.0005952825
        0.0001402103   0.0029514058  -0.0048133360   0.0003967694  -0.0000807237
       -0.0001252640  -0.0000068371   0.0001897393   0.0001120696  -0.0004418738
       -0.0000280830   0.0000647249  -0.0000023323  -0.0001071796   0.0001293058
        0.0001564410  -0.0003457717   0.0004273663  -0.0000593476   0.0009456596
        0.0002067566   0.0006241794   0.1204253153   0.2667791936   0.0187268952
        0.0007911183   0.0010764106   0.0001277566   0.0000115800   0.0001168146
        0.0000068250  -0.0006963668  -0.0014392401  -0.0000941183   0.0001058601
        0.0000127127   0.0000141690
        0.0005087963  -0.0001206624   0.0000867740   0.0007363474   0.0004477052
       -0.0020040303   0.0001742012   0.0015010056   0.0012237225  -0.0111029547
       -0.0169406952  -0.0361283736  -0.0026743439  -0.0038898486  -0.0000325139
       -0.0021083249   0.0000601062   0.0084692751  -0.0000587771   0.0001019610
       -0.0000561127  -0.0010990314   0.0004632883   0.0071595760  -0.0000887602
       -0.0002231823   0.0000307621   0.0001300922  -0.0001009882  -0.0001232741
        0.0000571338   0.0000554457  -0.0001549622  -0.0000031061   0.0000455046
       -0.0000317446  -0.0001968624   0.0000082146  -0.0000612401  -0.0003515607
       -0.0000899866  -0.0000995357   0.0152210596   0.0187268952   0.0265681425
        0.0005369220  -0.0000985221  -0.0028397127   0.0002324789   0.0000052762
       -0.0016208409   0.0001196390   0.0000870856  -0.0001478829  -0.0000329489
       -0.0000386028  -0.0002380283
       -0.0000665117   0.0000207668  -0.0000104524  -0.0006525055   0.0012997839
       -0.0001823235  -0.0052886430  -0.0006713873  -0.0019131008  -0.0167061301
        0.0256115196  -0.0023969857  -0.1089262421   0.1136238606  -0.0109718071
        0.0072189415  -0.0111991651   0.0007639848  -0.0010254469  -0.0026812949
       -0.0012190412  -0.0001140239  -0.0004813655   0.0000041248   0.0012560964
        0.0005541080   0.0006364247   0.0000265960   0.0000454799  -0.0000515436
       -0.0000100395  -0.0000103946   0.0000175744   0.0000250144  -0.0000393901
       -0.0000392168  -0.0003731824   0.0000358115  -0.0000137903   0.0001471078
        0.0000729763   0.0000682245   0.0007563179   0.0007911183   0.0005369220
        0.1234909886  -0.1261487925   0.0144606019   0.0002924665  -0.0008252956
        0.0000876864  -0.0000479583  -0.0000398955   0.0002420283  -0.0000028459
        0.0000415562  -0.0000193106
       -0.0000035089  -0.0000176781   0.0000219793  -0.0000935101  -0.0001484826
        0.0000005336   0.0000264312   0.0015922946  -0.0000544126   0.0027986189
       -0.0018189135   0.0004091964   0.1124173011  -0.2389815864   0.0160471928
        0.0142802624  -0.0277835800   0.0020183915  -0.0030462012  -0.0042062905
       -0.0004683385  -0.0009453572   0.0004541102  -0.0001430760   0.0003277689
        0.0020149148   0.0000664947   0.0000115649   0.0000108121  -0.0000193938
        0.0000249826   0.0000089279  -0.0000027765  -0.0000265917   0.0000061178
        0.0000161027   0.0000029939   0.0000113793  -0.0000159206   0.0000167692
        0.0000294990   0.0000137090  -0.0007912588   0.0010764106  -0.0000985221
       -0.1261487925   0.2681979951  -0.0179666210   0.0006163064  -0.0013777219
        0.0000906065  -0.0000385270   0.0001264221  -0.0000004237   0.0005707478
        0.0008053696   0.0000852782
       -0.0000456841  -0.0000237919   0.0000154730  -0.0000356220   0.0002629359
        0.0001461307  -0.0021031383  -0.0001181708   0.0078595112  -0.0024948055
        0.0037899335  -0.0003808151  -0.0109756303   0.0161782590  -0.0343801526
        0.0008792016  -0.0017242863   0.0019635695  -0.0011931698  -0.0004182054
        0.0069470617  -0.0000373917  -0.0000605030  -0.0001479590   0.0005990554
        0.0000971620  -0.0029318818   0.0000126523   0.0000169478  -0.0000108052
       -0.0000162277  -0.0000179103   0.0000040410   0.0000009620  -0.0000145227
       -0.0000130148   0.0000338375   0.0000029715  -0.0000503903   0.0000439783
       -0.0000144989  -0.0000090176   0.0005459582   0.0001277566  -0.0028397127
        0.0144606019  -0.0179666210   0.0256361326   0.0000904142  -0.0001253754
       -0.0002841780   0.0002485955  -0.0000031348  -0.0016435150  -0.0000135873
        0.0000110543   0.0001195225
       -0.0000834150  -0.0000264128  -0.0000400992  -0.0006625320  -0.0013924736
       -0.0001733057  -0.0055038347   0.0007973224  -0.0018939438  -0.0001895256
        0.0005320197  -0.0000034484  -0.0004843004   0.0027417819  -0.0011095345
        0.0036255016   0.0102716368   0.0003971978  -0.1029677493  -0.1043900985
       -0.0107239567  -0.0176220751  -0.0266853521  -0.0026161798   0.0040411500
        0.0016761212   0.0008349229   0.0000338349   0.0000344912  -0.0000376914
       -0.0000375925   0.0000095794   0.0000291923   0.0000349579  -0.0000319800
       -0.0000466055   0.0001428973  -0.0000550287   0.0000540171  -0.0004021239
       -0.0000534628  -0.0000281615  -0.0000852226   0.0000115800   0.0002324789
        0.0002924665   0.0006163064   0.0000904142   0.1195674472   0.1178213688
        0.0144896550   0.0007131377  -0.0007542029   0.0005139614  -0.0004130221
       -0.0011231965   0.0000310869
       -0.0000007301  -0.0000217926  -0.0000396126   0.0001129639  -0.0001827993
        0.0000138301  -0.0000479245   0.0016536441   0.0000327488   0.0009222241
        0.0005150470   0.0001408292   0.0033625722  -0.0044756955   0.0004704224
       -0.0144259350  -0.0276278873  -0.0021548586  -0.1049210567  -0.2329091329
       -0.0157499617  -0.0029408115  -0.0020190918  -0.0004375512  -0.0015072990
        0.0019224662  -0.0002249503   0.0000311109   0.0000070478  -0.0000175822
       -0.0000395462   0.0000086664   0.0000081635  -0.0000084569   0.0000155001
        0.0000251692  -0.0000266292   0.0000437151  -0.0000213613  -0.0000162742
        0.0000046943   0.0000135050   0.0000263871   0.0001168146   0.0000052762
       -0.0008252956  -0.0013777219  -0.0001253754   0.1178213688   0.2633486066
        0.0176969642   0.0007526068   0.0011809104   0.0001064523   0.0017307251
       -0.0002029910   0.0002578923
       -0.0000627682   0.0000239911   0.0000118091  -0.0000405603  -0.0002721481
        0.0002010292  -0.0021037917   0.0001093395   0.0076660226  -0.0000384029
        0.0000652636  -0.0001596790  -0.0010838311   0.0003814355   0.0068118987
        0.0004149033   0.0014709831   0.0010796280  -0.0107278788  -0.0156247977
       -0.0330919993  -0.0026145264  -0.0039555953  -0.0005497287   0.0007961827
        0.0002427200  -0.0014635831   0.0000019939   0.0000139709  -0.0000122117
       -0.0000231127   0.0000164508   0.0000087328   0.0000138034  -0.0000150313
       -0.0000108480   0.0000426522   0.0000171750  -0.0000095649   0.0000406743
       -0.0000044970  -0.0000430879   0.0002413496   0.0000068250  -0.0016208409
        0.0000876864   0.0000906065  -0.0002841780   0.0144896550   0.0176969642
        0.0248744684   0.0005315386  -0.0001043856  -0.0027846431   0.0000344328
       -0.0001592703  -0.0006232240
       -0.0000831034  -0.0000775445  -0.0000415944   0.0007858666  -0.0014307037
        0.0007154836   0.0063273913  -0.0103953025   0.0007449533  -0.0007210364
       -0.0027143711  -0.0012719438  -0.0001352607  -0.0004376939  -0.0000102758
       -0.0046583859  -0.0011029207  -0.0019114782  -0.0178599659   0.0268840870
       -0.0026264310  -0.1027075935   0.1063738753  -0.0103121853  -0.0018048942
        0.0016226515  -0.0002777698   0.0000132128   0.0001016487  -0.0000486056
       -0.0000338120   0.0000071890  -0.0000183524   0.0000520485  -0.0000540548
        0.0001164075  -0.0002219331  -0.0002551867  -0.0003142875  -0.0000321029
        0.0001458924  -0.0000171149   0.0002902667  -0.0006963668   0.0001196390
       -0.0000479583  -0.0000385270   0.0002485955   0.0007131377   0.0007526068
        0.0005315386   0.1199242884  -0.1187781355   0.0143410601   0.0001998344
        0.0000928565   0.0000323610
       -0.0000087242  -0.0000674531  -0.0000847640   0.0014082236   0.0007246041
        0.0003533225   0.0123002432  -0.0268881026   0.0019085756  -0.0030659414
       -0.0047499453  -0.0004674466  -0.0008771501   0.0005641647  -0.0001312828
       -0.0000778420   0.0015528313  -0.0000154150   0.0028892319  -0.0025514358
        0.0004125330   0.1068076427  -0.2380897682   0.0156722751   0.0002323935
       -0.0002074284   0.0000334518   0.0001106785   0.0001360059  -0.0001589752
        0.0000227594   0.0000605076   0.0000016463  -0.0001705697   0.0000952735
        0.0004266111  -0.0009778996   0.0002430825  -0.0006149820   0.0003440184
        0.0004195111   0.0000727711   0.0006864045  -0.0014392401   0.0000870856
       -0.0000398955   0.0001264221  -0.0000031348  -0.0007542029   0.0011809104
       -0.0001043856  -0.1187781355   0.2688885854  -0.0173797502  -0.0000512349
        0.0000014750  -0.0000081357
        0.0005263568   0.0001173416   0.0000841677   0.0007445852  -0.0004395535
       -0.0020885709   0.0002457431  -0.0016551318   0.0011972486  -0.0011485209
       -0.0005201940   0.0073459530  -0.0000476918  -0.0000846753  -0.0001219112
       -0.0019780212  -0.0001309668   0.0081029902  -0.0026405754   0.0039606660
        0.0001265470  -0.0103289948   0.0157754124  -0.0356206653  -0.0002288094
        0.0002501532  -0.0001849071  -0.0000023721  -0.0000436568  -0.0000324654
        0.0000639860  -0.0000455197  -0.0001583925   0.0001094550   0.0000926113
       -0.0001084399  -0.0003529103   0.0000909648  -0.0000957277  -0.0002118483
       -0.0000093797  -0.0000598042   0.0001233459  -0.0000941183  -0.0001478829
        0.0002420283  -0.0000004237  -0.0016435150   0.0005139614   0.0001064523
       -0.0027846431   0.0143410601  -0.0173797502   0.0261729846   0.0000292223
        0.0000097684   0.0000170341
        0.0000544824  -0.0000076354   0.0000550381   0.0000627982   0.0000791614
       -0.0000607578   0.0001029171   0.0000104938   0.0000360749  -0.0008791816
       -0.0017248528  -0.0003211864  -0.0063054536   0.0002844859  -0.0011482909
       -0.0218350360  -0.0366019751  -0.0031080772   0.0014718145  -0.0015506503
        0.0003931160  -0.0002488668  -0.0000659470  -0.0000749191  -0.0773872205
       -0.1037560801  -0.0105062305  -0.0000102155   0.0000033941  -0.0000128252
        0.0000738431   0.0000027546  -0.0000291351  -0.0000321787   0.0000072367
        0.0000180293   0.0000196793  -0.0000056762   0.0000156381   0.0000924732
        0.0000437720   0.0000498577  -0.0004347503   0.0001058601  -0.0000329489
       -0.0000028459   0.0005707478  -0.0000135873  -0.0004130221   0.0017307251
        0.0000344328   0.0001998344  -0.0000512349   0.0000292223   0.1054709289
        0.1409254206   0.0146765493
        0.0000111125   0.0000028224   0.0000164044  -0.0000142666   0.0000177748
       -0.0000437124   0.0000645545   0.0006950603   0.0000463515   0.0003080376
       -0.0006454904   0.0000454427  -0.0014470950   0.0004560239  -0.0002185920
       -0.0100939886   0.0018482387  -0.0014823650   0.0027114884   0.0028438648
        0.0004001428  -0.0005011993  -0.0005630159  -0.0000761932  -0.1307081206
       -0.3919296432  -0.0194443001   0.0000058955  -0.0000000115  -0.0000079097
       -0.0000179868   0.0000039674  -0.0000055877   0.0000024268  -0.0000036971
       -0.0000130521  -0.0000133066   0.0000071744   0.0000159802   0.0000022657
       -0.0000160821   0.0000080407  -0.0002464544   0.0000127127  -0.0000386028
        0.0000415562   0.0008053696   0.0000110543  -0.0011231965  -0.0002029910
       -0.0001592703   0.0000928565   0.0000014750   0.0000097684   0.1409254206
        0.3866664471   0.0209364004
        0.0000601630  -0.0000004062   0.0000214104   0.0000446017   0.0000229828
       -0.0001905333  -0.0000279694   0.0000203834   0.0001647092  -0.0002874963
       -0.0002717848   0.0012007036  -0.0011864012   0.0000266745   0.0013765345
       -0.0031023438  -0.0053684092  -0.0013884863   0.0004118528  -0.0002327299
       -0.0011884759  -0.0000700743  -0.0000040863   0.0002364624  -0.0105063157
       -0.0154616455  -0.0078897092   0.0000112759   0.0000246911  -0.0000083315
        0.0000072328   0.0000016681  -0.0000317917   0.0000133186  -0.0000249242
       -0.0000110181  -0.0000341555   0.0000156976  -0.0000087400  -0.0000096716
       -0.0000337154  -0.0000113487  -0.0000447036   0.0000141690  -0.0002380283
       -0.0000193106   0.0000852782   0.0001195225   0.0000310869   0.0002578923
       -0.0006232240   0.0000323610  -0.0000081357   0.0000170341   0.0146765493
        0.0209364004   0.0084533104
