$hessian                                                                        
        0.6769802514   0.0000030507  -0.0000036610  -0.1525971719   0.1017597612
        0.1006050841  -0.0368126300   0.0180584759   0.0178663321   0.0042555736
       -0.0000008105  -0.0000008606  -0.0368170837  -0.0180571091  -0.0178642813
       -0.1526054771  -0.1017645101  -0.1006074977  -0.0044509956  -0.0004926688
       -0.0004865028  -0.0008864389   0.0000000060   0.0000000054   0.0001483863
       -0.0000979529   0.0000866726   0.0001323793   0.0000344084  -0.0000330321
       -0.0001053282   0.0000001796   0.0000001791   0.0001323769  -0.0000344114
        0.0000330270   0.0001483908   0.0000979627  -0.0000866476  -0.0001487899
        0.0000832759  -0.0000834147   0.0001671111  -0.0000002042  -0.0000001978
       -0.0001487961  -0.0000832527   0.0000834192  -0.0044511089   0.0004928198
        0.0004868033  -0.3063352266   0.0000017657   0.0000055079   0.0066729713
       -0.0080561615  -0.0079691815   0.0066729749   0.0080553756   0.0079682461
        0.0000243157   0.0000174885  -0.0000167595   0.0000243158  -0.0000174889
        0.0000167599
        0.0000030507   0.3850355191   0.2655069473   0.0445019050  -0.1612028748
       -0.1142780796   0.0626863484   0.0131443462   0.0118103392  -0.0000007197
       -0.0327377199  -0.0286086842  -0.0626848586   0.0131458159   0.0118129767
       -0.0445068173  -0.1612006100  -0.1142748013   0.0022916388   0.0036867933
       -0.0013224772  -0.0000000132  -0.0003533939  -0.0000496959   0.0000441604
        0.0000281482   0.0000747363   0.0000286683   0.0000242881  -0.0000190930
       -0.0000000104   0.0000135492  -0.0000078824  -0.0000286226   0.0000242813
       -0.0000190892  -0.0000442334   0.0000281439   0.0000747393  -0.0000275371
        0.0000017618  -0.0000372711   0.0000000034  -0.0000135534  -0.0000892524
        0.0000275709   0.0000017771  -0.0000372671  -0.0022915334   0.0036868466
       -0.0013223522   0.0000018278  -0.0386718823  -0.0042336232   0.0079324606
       -0.0123443617  -0.0124579738  -0.0079332870  -0.0123443559  -0.0124578876
        0.0000199764   0.0000237414  -0.0000321505  -0.0000199779   0.0000237400
       -0.0000321580
       -0.0000036610   0.2655069473   0.3789426997   0.0439834146  -0.1142711557
       -0.1585964716   0.0619841454   0.0118217324   0.0128723402  -0.0000008407
       -0.0286006842  -0.0320821230  -0.0619820088   0.0118235527   0.0128753130
       -0.0439858383  -0.1142667648  -0.1585909587   0.0022655380  -0.0013245837
        0.0037167879   0.0000000001  -0.0000557950  -0.0003494453  -0.0000386501
        0.0000729580   0.0000297366  -0.0000318586  -0.0000228092   0.0000282192
       -0.0000000151  -0.0000044292   0.0000116013   0.0000318970  -0.0000228179
        0.0000282170   0.0000385728   0.0000729500   0.0000297432   0.0000120712
       -0.0000459243   0.0000100740   0.0000000040  -0.0000884149  -0.0000140656
       -0.0000120333  -0.0000459129   0.0000100733  -0.0022652467  -0.0013245798
        0.0037168942   0.0000054583  -0.0042327612  -0.0385739454   0.0078432105
       -0.0124638387  -0.0120552295  -0.0078441567  -0.0124639882  -0.0120552931
       -0.0000200121  -0.0000318403   0.0000229185   0.0000200095  -0.0000318407
        0.0000229143
       -0.1525971719   0.0445019050   0.0439834146   0.6434947780   0.0102874151
        0.0101976765  -0.3183965194   0.0130590607   0.0128567974  -0.0337755842
       -0.0536505339  -0.0530682409  -0.0479885233   0.0202560728   0.0200322157
        0.0576212136   0.0206907826   0.0204573616   0.0008866358  -0.0005369409
       -0.0005296756   0.0002196080  -0.0017097983  -0.0016815356  -0.0005527956
        0.0001495663   0.0000695150   0.0001765874   0.0001351547   0.0000663564
       -0.0000896083   0.0000120687   0.0000050171   0.0001749169   0.0000600052
        0.0001403596  -0.0005706067   0.0000428846   0.0001372557   0.0000148923
        0.0000377299  -0.0000961511   0.0001141047  -0.0000383350  -0.0000370411
        0.0000367240  -0.0001075171   0.0000455937  -0.0235105532   0.0122171903
        0.0120863869  -0.0176847379   0.0183501691   0.0181396314  -0.1069304280
       -0.0816948833  -0.0807716266  -0.0006010473  -0.0021047032  -0.0020774069
       -0.0000209529   0.0000280472   0.0000145992  -0.0000209321   0.0000146596
        0.0000294969
        0.1017597612  -0.1612028748  -0.1142711557   0.0102874151   0.3992552411
        0.2852407910  -0.0342902712  -0.0652688063  -0.0177247455  -0.0165596044
        0.0110421174   0.0112626436   0.0219393001  -0.0082644100  -0.0041718502
       -0.0206938004  -0.0336228737  -0.0352206201  -0.0008212827  -0.0004694610
       -0.0003360545  -0.0015238393   0.0013087961  -0.0054233335  -0.0011420228
       -0.0003442777   0.0001486093  -0.0001256967   0.0003818089  -0.0000317752
        0.0000850765   0.0000243659  -0.0000323280   0.0001137311   0.0001777302
        0.0000604310   0.0006485638   0.0002305195  -0.0001705983   0.0000189672
       -0.0000206778  -0.0000578780  -0.0001024318  -0.0000165213  -0.0000049791
       -0.0000097290  -0.0001245181   0.0000572800   0.0217576850  -0.0046973584
       -0.0071460602   0.0018027121  -0.0005445369  -0.0011151557  -0.0810877541
       -0.1394141819  -0.1053075718  -0.0020261316   0.0015987812  -0.0057164334
       -0.0000852653   0.0000024732  -0.0000298674   0.0000546170  -0.0000313354
       -0.0000093483
        0.1006050841  -0.1142780796  -0.1585964716   0.0101976765   0.2852407910
        0.3928135890  -0.0339121742  -0.0177444946  -0.0648704518  -0.0163765421
        0.0112856846   0.0107998375   0.0216912871  -0.0041677862  -0.0081742898
       -0.0204612863  -0.0352209759  -0.0328157800  -0.0008121707  -0.0003354077
       -0.0004637757  -0.0014934896  -0.0054171789   0.0014309894   0.0006636917
       -0.0001718041   0.0002234679   0.0001204201   0.0000476754   0.0001677396
        0.0000814377  -0.0000355651   0.0000281940  -0.0001298860  -0.0000452371
        0.0003783046  -0.0011596462   0.0001414764  -0.0003258766  -0.0000118075
        0.0000711546  -0.0001305184  -0.0000986898  -0.0000032562  -0.0000155780
        0.0000117868  -0.0000469295  -0.0000298467   0.0215178850  -0.0071459844
       -0.0045457724   0.0017816518  -0.0011145674  -0.0005187707  -0.0801815220
       -0.1053037060  -0.1370538545  -0.0020026471  -0.0057167950   0.0017280790
        0.0000553373  -0.0000089281  -0.0000311749  -0.0000863966  -0.0000300861
        0.0000019602
       -0.0368126300   0.0626863484   0.0619841454  -0.3183965194  -0.0342902712
       -0.0339121742   0.5959821248   0.0443131384   0.0438256348  -0.1431979053
       -0.0524427665  -0.0518360684   0.0582157909  -0.0215997459  -0.0213772584
       -0.0479908458  -0.0219386607  -0.0216899513  -0.0012265769   0.0031915302
        0.0031549088  -0.0265846541  -0.0178888317  -0.0176721413  -0.0016272905
       -0.0021893151   0.0012993719  -0.0007155888   0.0011141886   0.0006305716
        0.0003748686  -0.0000471022  -0.0000409013  -0.0007340374   0.0006148385
        0.0011305750  -0.0016858622   0.0013188810  -0.0021327509   0.0005314038
       -0.0008466325   0.0004118209  -0.0000738437  -0.0001357282  -0.0001392741
        0.0005119575   0.0004705370  -0.0008885493  -0.0573171442   0.0377642072
        0.0373523973  -0.0006945584   0.0018504898   0.0018303287  -0.0178529312
       -0.0016108187  -0.0016000703  -0.0003244781  -0.0003008297  -0.0002978451
       -0.0001886906  -0.0000692887   0.0000369375  -0.0001925892   0.0000358322
       -0.0000697073
        0.0180584759   0.0131443462   0.0118217324   0.0130590607  -0.0652688063
       -0.0177444946   0.0443131384   0.3021326230   0.1991194417  -0.0936709524
       -0.1393386805  -0.0938242791   0.0215967675  -0.0352600760  -0.0359264866
       -0.0202554718  -0.0082635602  -0.0041667513   0.0012127917   0.0023178056
       -0.0028238794  -0.0087497997   0.0002928033  -0.0011219784   0.0021011201
       -0.0008008335  -0.0006277387  -0.0000048905  -0.0002718220   0.0000651980
       -0.0004247202   0.0001181733  -0.0000107171   0.0001790135   0.0001307922
       -0.0000697176   0.0012907853  -0.0002609691   0.0005458024  -0.0004263893
       -0.0000489334  -0.0002265051   0.0003795274  -0.0000036569   0.0000071316
        0.0001220378  -0.0003682618   0.0002530636   0.0377305215  -0.0696552625
       -0.0483286685   0.0021183782   0.0020232245  -0.0057285509  -0.0185319335
       -0.0008162753  -0.0013428161  -0.0003246305   0.0000771886  -0.0000110617
        0.0001261346   0.0000741946   0.0001149648   0.0001010353   0.0000459863
        0.0000263105
        0.0178663321   0.0118103392   0.0128723402   0.0128567974  -0.0177247455
       -0.0648704518   0.0438256348   0.1991194417   0.2976778036  -0.0927728628
       -0.0938663052  -0.1371574961   0.0213732441  -0.0359261465  -0.0344813704
       -0.0200308400  -0.0041706633  -0.0081727635   0.0012081607  -0.0028267088
        0.0023856980  -0.0084644498  -0.0011390362   0.0003277856   0.0012687448
        0.0006152417  -0.0003324284   0.0002056667  -0.0000780549   0.0001260107
       -0.0004246695  -0.0000165978   0.0001223979   0.0000036769   0.0000657303
       -0.0002554791   0.0020501105  -0.0005567631  -0.0008128520   0.0001383098
        0.0002200324  -0.0003302959   0.0003717188   0.0000057944  -0.0000021913
       -0.0004897328  -0.0002392468  -0.0000489112   0.0373391600  -0.0483422579
       -0.0686141487   0.0020959203  -0.0057297996   0.0021551267  -0.0183261120
       -0.0013423936  -0.0007876765  -0.0003206866  -0.0000134901   0.0000794238
        0.0001036226   0.0000244367   0.0000465420   0.0001222539   0.0001111929
        0.0000729367
        0.0042555736  -0.0000007197  -0.0000008407  -0.0337755842  -0.0165596044
       -0.0163765421  -0.1431979053  -0.0936709524  -0.0927728628   0.6260071633
       -0.0000032861  -0.0000036437  -0.1431915593   0.0936704333   0.0927734638
       -0.0337720414   0.0165609526   0.0163784040   0.0058720132  -0.0083515542
       -0.0082599832  -0.2248563807   0.0000029623   0.0000022779  -0.0261935794
        0.0086903436  -0.0083950085   0.0002959828   0.0013314293  -0.0013005693
       -0.0014031965   0.0000000412   0.0000000431   0.0002959587  -0.0013314758
        0.0013005414  -0.0261935462  -0.0086888552   0.0083958338   0.0002732209
        0.0003105533  -0.0002981132   0.0005021902   0.0000000771   0.0000000689
        0.0002731859  -0.0003106145   0.0002980426   0.0058724880   0.0083500709
        0.0082585234   0.0006564421  -0.0000000057  -0.0000000260  -0.0053326829
       -0.0000136286  -0.0000042907  -0.0053327082   0.0000136952   0.0000045640
       -0.0005275154  -0.0000286081   0.0000187890  -0.0005275192   0.0000287457
       -0.0000186715
       -0.0000008105  -0.0327377199  -0.0286006842  -0.0536505339   0.0110421174
        0.0112856846  -0.0524427665  -0.1393386805  -0.0938663052  -0.0000032861
        0.3790633865   0.2343701055   0.0524420005  -0.1393442911  -0.0938726689
        0.0536520304   0.0110406709   0.0112834856  -0.0006677676  -0.0202062240
       -0.0224958610   0.0000021775  -0.0564001264   0.0001552112   0.0177070452
        0.0001216309   0.0011093322   0.0017259692   0.0011910048   0.0051419476
        0.0000002126  -0.0003498822   0.0002934452  -0.0017251415   0.0011910226
        0.0051421322  -0.0177053960   0.0001231984   0.0011094867  -0.0012947808
       -0.0008472628  -0.0007073832  -0.0000001754  -0.0004293095  -0.0004880358
        0.0012947969  -0.0008473523  -0.0007073671   0.0006664470  -0.0202060918
       -0.0224956175  -0.0000000122  -0.0002365474  -0.0005630668  -0.0000207574
        0.0036335415  -0.0031156058   0.0000208326   0.0036335498  -0.0031156152
        0.0008505569  -0.0000484403   0.0000685812  -0.0008506409  -0.0000481946
        0.0000687987
       -0.0000008606  -0.0286086842  -0.0320821230  -0.0530682409   0.0112626436
        0.0107998375  -0.0518360684  -0.0938242791  -0.1371574961  -0.0000036437
        0.2343701055   0.3729271466   0.0518362900  -0.0938311277  -0.1371641589
        0.0530702552   0.0112610200   0.0107975786  -0.0006585346  -0.0224956546
       -0.0197113769   0.0000016172   0.0001776528  -0.0562143097  -0.0174688809
        0.0010949114   0.0001577525  -0.0016955906   0.0051472928   0.0013181326
        0.0000002226   0.0002847256  -0.0003346629   0.0016964854   0.0051470398
        0.0013182159   0.0174700554   0.0010944052   0.0001564241   0.0012617114
       -0.0007263949  -0.0008655672  -0.0000001986  -0.0004876296  -0.0004470785
       -0.0012618484  -0.0007262091  -0.0008656437   0.0006570980  -0.0224955619
       -0.0197113544  -0.0000000250  -0.0005577086  -0.0002299970  -0.0000249420
       -0.0031127032   0.0037006241   0.0000252001  -0.0031126757   0.0037005952
       -0.0008383075   0.0000695248  -0.0000461566   0.0008382059   0.0000693071
       -0.0000463823
       -0.0368170837  -0.0626848586  -0.0619820088  -0.0479885233   0.0219393001
        0.0216912871   0.0582157909   0.0215967675   0.0213732441  -0.1431915593
        0.0524420005   0.0518362900   0.5959804181  -0.0443141337  -0.0438339280
       -0.3183957734   0.0342942485   0.0339209679  -0.0573218352  -0.0377666164
       -0.0373541971  -0.0265831116   0.0178895162   0.0176729853  -0.0016860790
       -0.0013188022   0.0021326381  -0.0007342098  -0.0006147876  -0.0011304370
        0.0003747639   0.0000467080   0.0000405233  -0.0007157880  -0.0011140739
       -0.0006305298  -0.0016275050   0.0021892607  -0.0012993260   0.0005120029
       -0.0004705694   0.0008884612  -0.0000737336   0.0001361253   0.0001396611
        0.0005314400   0.0008465755  -0.0004118525  -0.0012269066  -0.0031915316
       -0.0031547894  -0.0006947782  -0.0018506145  -0.0018303042  -0.0003244699
        0.0003008114   0.0002979125  -0.0178518276   0.0016112046   0.0016006139
       -0.0001925632  -0.0000358251   0.0000697188  -0.0001886683   0.0000692948
       -0.0000369306
       -0.0180571091   0.0131458159   0.0118235527   0.0202560728  -0.0082644100
       -0.0041677862  -0.0215997459  -0.0352600760  -0.0359261465   0.0936704333
       -0.1393442911  -0.0938311277  -0.0443141337   0.3021373736   0.1991246311
       -0.0130548469  -0.0652690914  -0.0177446699  -0.0377330581  -0.0696540907
       -0.0483267231   0.0087503580   0.0002921836  -0.0011228189  -0.0012907690
       -0.0002609242   0.0005458277  -0.0001790063   0.0001308945  -0.0000695821
        0.0004246412   0.0001181500  -0.0000106988   0.0000050273  -0.0002716994
        0.0000652944  -0.0021011696  -0.0008008567  -0.0006276555  -0.0001220354
       -0.0003682301   0.0002530168  -0.0003794319  -0.0000038480   0.0000068642
        0.0004263938  -0.0000489815  -0.0002264990  -0.0012128024   0.0023179485
       -0.0028237376  -0.0021185772   0.0020232974  -0.0057284883   0.0003246473
        0.0000771694  -0.0000110920   0.0185322274  -0.0008166360  -0.0013435751
       -0.0001010284   0.0000460494   0.0000263859  -0.0001260871   0.0000742528
        0.0001150278
       -0.0178642813   0.0118129767   0.0128753130   0.0200322157  -0.0041718502
       -0.0081742898  -0.0213772584  -0.0359264866  -0.0344813704   0.0927734638
       -0.0938726689  -0.1371641589  -0.0438339280   0.1991246311   0.2976822770
       -0.0128482866  -0.0177257419  -0.0648713968  -0.0373409602  -0.0483403826
       -0.0686113581   0.0084650741  -0.0011398821   0.0003270549  -0.0020501875
       -0.0005565944  -0.0008129434  -0.0000035463   0.0000658193  -0.0002553515
        0.0004245844  -0.0000165720   0.0001223781  -0.0002056392  -0.0000779043
        0.0001261165  -0.0012686751   0.0006152774  -0.0003324327   0.0004896608
       -0.0002392671  -0.0000488894  -0.0003716198   0.0000055185  -0.0000023775
       -0.0001383567   0.0002199891  -0.0003302721  -0.0012080495  -0.0028265535
        0.0023858100  -0.0020958829  -0.0057297398   0.0021552992   0.0003207107
       -0.0000135003   0.0000793757   0.0183267804  -0.0013428425  -0.0007883775
       -0.0001222048   0.0001112568   0.0000729876  -0.0001036137   0.0000245172
        0.0000466061
       -0.1526054771  -0.0445068173  -0.0439858383   0.0576212136  -0.0206938004
       -0.0204612863  -0.0479908458  -0.0202554718  -0.0200308400  -0.0337720414
        0.0536520304   0.0530702552  -0.3183957734  -0.0130548469  -0.0128482866
        0.6434946912  -0.0102813199  -0.0102016687  -0.0235123148  -0.0122169870
       -0.0120856378   0.0002197866   0.0017096135   0.0016814663  -0.0005706446
       -0.0000428352  -0.0001372584   0.0001749200  -0.0000600409  -0.0001403654
       -0.0000895621  -0.0000120999  -0.0000050468   0.0001765846  -0.0001351658
       -0.0000663849  -0.0005528407  -0.0001495903  -0.0000694453   0.0000367040
        0.0001075424  -0.0000456058   0.0001140708   0.0000383512   0.0000370588
        0.0000148921  -0.0000377290   0.0000961422   0.0008867111   0.0005368970
        0.0005295466  -0.0176858461  -0.0183498852  -0.0181389948  -0.0006008285
        0.0021045488   0.0020773784  -0.1069215066   0.0816903255   0.0807689179
       -0.0000209365  -0.0000146690  -0.0000294997  -0.0000209563  -0.0000280501
       -0.0000146062
       -0.1017645101  -0.1612006100  -0.1142667648   0.0206907826  -0.0336228737
       -0.0352209759  -0.0219386607  -0.0082635602  -0.0041706633   0.0165609526
        0.0110406709   0.0112610200   0.0342942485  -0.0652690914  -0.0177257419
       -0.0102813199   0.3992559771   0.2852417434  -0.0217574510  -0.0046965911
       -0.0071449017   0.0015237213   0.0013087869  -0.0054234600  -0.0006486239
        0.0002305451  -0.0001705527  -0.0001136812   0.0001777038   0.0000604020
       -0.0000849957   0.0000241774  -0.0000324041   0.0001257600   0.0003817493
       -0.0000318127   0.0011420087  -0.0003443625   0.0001485633   0.0000097350
       -0.0001245173   0.0000572700   0.0001023828  -0.0000163124  -0.0000048628
       -0.0000189620  -0.0000206714  -0.0000578843   0.0008212457  -0.0004694997
       -0.0003361222  -0.0018024695  -0.0005441940  -0.0011147912   0.0020259406
        0.0015987119  -0.0057165337   0.0810832703  -0.1394171375  -0.1053122925
       -0.0000546313  -0.0000313358  -0.0000093358   0.0000852575   0.0000024346
       -0.0000298990
       -0.1006074977  -0.1142748013  -0.1585909587   0.0204573616  -0.0352206201
       -0.0328157800  -0.0216899513  -0.0041667513  -0.0081727635   0.0163784040
        0.0112834856   0.0107975786   0.0339209679  -0.0177446699  -0.0648713968
       -0.0102016687   0.2852417434   0.3928144839  -0.0215172149  -0.0071449922
       -0.0045444404   0.0014933165  -0.0054172938   0.0014309244   0.0011596495
        0.0001414180  -0.0003259470   0.0001299280  -0.0000452806   0.0003782442
       -0.0000813733  -0.0000356349   0.0000280097  -0.0001203706   0.0000476588
        0.0001677124  -0.0006637100  -0.0001717572   0.0002234994  -0.0000117931
       -0.0000469329  -0.0000298389   0.0000986466  -0.0000031412  -0.0000153737
        0.0000118132   0.0000711417  -0.0001305217   0.0008121082  -0.0003354424
       -0.0004638362  -0.0017810043  -0.0011137816  -0.0005179966   0.0020026273
       -0.0057168619   0.0017278931   0.0801787196  -0.1053084503  -0.1370602458
        0.0000863871  -0.0000301200   0.0000019251  -0.0000553456  -0.0000089158
       -0.0000311714
       -0.0044509956   0.0022916388   0.0022655380   0.0008866358  -0.0008212827
       -0.0008121707  -0.0012265769   0.0012127917   0.0012081607   0.0058720132
       -0.0006677676  -0.0006585346  -0.0573218352  -0.0377330581  -0.0373409602
       -0.0235123148  -0.0217574510  -0.0215172149   0.0786457380   0.0561023735
        0.0554747577   0.0002406192   0.0013238763   0.0012900692   0.0005957184
        0.0004606903   0.0001281357  -0.0000268274  -0.0000263311  -0.0000023690
        0.0000690177  -0.0000563769  -0.0000737243  -0.0000016823  -0.0000001573
       -0.0000189274   0.0005733877   0.0001082982   0.0005281790  -0.0002711159
        0.0004645446  -0.0003317995  -0.0001274091  -0.0000178538  -0.0000174184
       -0.0002551953  -0.0003203513   0.0004366863   0.0000789111   0.0003620694
        0.0003578431  -0.0005943943  -0.0007882995  -0.0007787911   0.0001462704
        0.0001988389   0.0001953817   0.0006488983  -0.0002715149  -0.0002684121
        0.0000144353  -0.0000033537  -0.0000605977   0.0000167015  -0.0000613239
       -0.0000038315
       -0.0004926688   0.0036867933  -0.0013245837  -0.0005369409  -0.0004694610
       -0.0003354077   0.0031915302   0.0023178056  -0.0028267088  -0.0083515542
       -0.0202062240  -0.0224956546  -0.0377666164  -0.0696540907  -0.0483403826
       -0.0122169870  -0.0046965911  -0.0071449922   0.0561023735   0.0917000937
        0.0798887513  -0.0002872756  -0.0008744295   0.0007556308   0.0008772182
       -0.0000772950  -0.0002198560  -0.0000501049  -0.0000018633  -0.0001011082
       -0.0000138169  -0.0000538306  -0.0000007052  -0.0001334998  -0.0001372841
        0.0000488765   0.0005019139  -0.0004117798   0.0002709782  -0.0004403779
        0.0007353836  -0.0005135503  -0.0000563900  -0.0000082725  -0.0000076571
       -0.0002994359  -0.0003875679   0.0004908375  -0.0003621168  -0.0006421891
       -0.0005102930   0.0000174085  -0.0002133904  -0.0000533547   0.0001121370
       -0.0003118287   0.0008582689   0.0003013257  -0.0002234783   0.0015959070
       -0.0000349856  -0.0000093527  -0.0000318274  -0.0000611362  -0.0000611476
       -0.0000031690
       -0.0004865028  -0.0013224772   0.0037167879  -0.0005296756  -0.0003360545
       -0.0004637757   0.0031549088  -0.0028238794   0.0023856980  -0.0082599832
       -0.0224958610  -0.0197113769  -0.0373541971  -0.0483267231  -0.0686113581
       -0.0120856378  -0.0071449017  -0.0045444404   0.0554747577   0.0798887513
        0.0899878195  -0.0002737568   0.0007354060  -0.0008935289   0.0004436250
        0.0002586529  -0.0003721552  -0.0001223679   0.0000612851  -0.0001439099
       -0.0000146888  -0.0000069793  -0.0000466369  -0.0000571821  -0.0000863757
       -0.0000127436   0.0009181014  -0.0002532018  -0.0000773885  -0.0003090529
        0.0005037427  -0.0003963655  -0.0000560678  -0.0000071269  -0.0000092916
       -0.0004153961  -0.0005011717   0.0006943641  -0.0003578895  -0.0005102948
       -0.0006306831   0.0000173242  -0.0000543690  -0.0002110096   0.0001108465
        0.0008586598  -0.0003312499   0.0002977366   0.0015953984  -0.0002583868
       -0.0000633397  -0.0000027334  -0.0000616047  -0.0000315620  -0.0000297466
       -0.0000087642
       -0.0008864389  -0.0000000132   0.0000000001   0.0002196080  -0.0015238393
       -0.0014934896  -0.0265846541  -0.0087497997  -0.0084644498  -0.2248563807
        0.0000021775   0.0000016172  -0.0265831116   0.0087503580   0.0084650741
        0.0002197866   0.0015237213   0.0014933165   0.0002406192  -0.0002872756
       -0.0002737568   0.6269349813  -0.0000111054  -0.0000132098  -0.1423179329
        0.0935951014  -0.0925818355  -0.0342236831   0.0162561048  -0.0160552202
        0.0045010084  -0.0000010981  -0.0000004573  -0.0342249839  -0.0162520604
        0.0160583037  -0.1423207611  -0.0935902741   0.0925888579   0.0057839210
        0.0083865891  -0.0082847995  -0.0006618983  -0.0000002158  -0.0000002367
        0.0057837362  -0.0083872294   0.0082849820   0.0002405404   0.0002873278
        0.0002738166   0.0001548532  -0.0000000273  -0.0000000142  -0.0005583006
        0.0000340993   0.0000246773  -0.0005582818  -0.0000341319  -0.0000246701
       -0.0051513069  -0.0000743354   0.0000846526  -0.0051513204   0.0000759263
       -0.0000831586
        0.0000000060  -0.0003533939  -0.0000557950  -0.0017097983   0.0013087961
       -0.0054171789  -0.0178888317   0.0002928033  -0.0011390362   0.0000029623
       -0.0564001264   0.0001776528   0.0178895162   0.0002921836  -0.0011398821
        0.0017096135   0.0013087869  -0.0054172938   0.0013238763  -0.0008744295
        0.0007354060  -0.0000111054   0.3766439196  -0.2337629239   0.0521859157
       -0.1382649853   0.0927991070   0.0524607041   0.0107977367  -0.0106253332
       -0.0000009530  -0.0329048008   0.0295719332  -0.0524562991   0.0108054886
       -0.0106216347  -0.0521825943  -0.1382592017   0.0927937479   0.0006486231
       -0.0202392496   0.0225906010   0.0000001088   0.0007354991  -0.0006379881
       -0.0006494915  -0.0202396206   0.0225895159  -0.0013238925  -0.0008744182
        0.0007354434   0.0000000162  -0.0007132882   0.0007772675  -0.0009237755
       -0.0000715012  -0.0000181969   0.0009237885  -0.0000715004  -0.0000182551
       -0.0000910410   0.0035403573   0.0030411436   0.0000926516   0.0035409449
        0.0030416996
        0.0000000054  -0.0000496959  -0.0003494453  -0.0016815356  -0.0054233335
        0.0014309894  -0.0176721413  -0.0011219784   0.0003277856   0.0000022779
        0.0001552112  -0.0562143097   0.0176729853  -0.0011228189   0.0003270549
        0.0016814663  -0.0054234600   0.0014309244   0.0012900692   0.0007556308
       -0.0008935289  -0.0000132098  -0.2337629239   0.3700326697  -0.0515140323
        0.0927517068  -0.1358904501  -0.0518329490  -0.0106039802   0.0105542729
       -0.0000002749   0.0295861869  -0.0322085490   0.0518364791  -0.0106087934
        0.0105477885   0.0515192822   0.0927552036  -0.1358940123  -0.0006379944
        0.0225907821  -0.0196901206   0.0000001067  -0.0006421673   0.0007191513
        0.0006380307   0.0225916293  -0.0196895117  -0.0012901065   0.0007556426
       -0.0008935335  -0.0000000035   0.0007778009  -0.0007358832  -0.0009119377
       -0.0000194628  -0.0000715033   0.0009119528  -0.0000194871  -0.0000715414
        0.0000866232   0.0030394288   0.0036161777  -0.0000850935   0.0030388785
        0.0036155748
        0.0001483863   0.0000441604  -0.0000386501  -0.0005527956  -0.0011420228
        0.0006636917  -0.0016272905   0.0021011201   0.0012687448  -0.0261935794
        0.0177070452  -0.0174688809  -0.0016860790  -0.0012907690  -0.0020501875
       -0.0005706446  -0.0006486239   0.0011596495   0.0005957184   0.0008772182
        0.0004436250  -0.1423179329   0.0521859157  -0.0515140323   0.5930768145
       -0.0440106093   0.0434336386  -0.3192197655   0.0343493359  -0.0338984413
       -0.0396646661  -0.0625661711   0.0617982709  -0.0449728572   0.0205223104
       -0.0202609768   0.0567048776   0.0217080069  -0.0214670926  -0.0009217440
       -0.0035363542   0.0034927217   0.0014680920   0.0000091458  -0.0000080570
       -0.0572233535  -0.0380234411   0.0375642208   0.0005734441  -0.0005018967
       -0.0009181178   0.0001001851   0.0002140555  -0.0002181751  -0.0001871514
        0.0000763164   0.0000458214  -0.0001918115  -0.0000451647  -0.0000768585
       -0.0171392148   0.0017846926  -0.0017688495  -0.0001986320   0.0001857296
       -0.0001820648
       -0.0000979529   0.0000281482   0.0000729580   0.0001495663  -0.0003442777
       -0.0001718041  -0.0021893151  -0.0008008335   0.0006152417   0.0086903436
        0.0001216309   0.0010949114  -0.0013188022  -0.0002609242  -0.0005565944
       -0.0000428352   0.0002305451   0.0001414180   0.0004606903  -0.0000772950
        0.0002586529   0.0935951014  -0.1382649853   0.0927517068  -0.0440106093
        0.3012076950  -0.1988723459  -0.0121762837  -0.0634766116   0.0186969687
       -0.0175655590   0.0134251548  -0.0123383940   0.0203531313  -0.0075211832
        0.0049322821  -0.0217162247  -0.0354696027   0.0365309051  -0.0012036478
        0.0022261593   0.0026502225  -0.0023706316   0.0006565008   0.0043133779
       -0.0383334615  -0.0708538677   0.0493753791  -0.0001083500  -0.0004117197
       -0.0002531915  -0.0000337791   0.0000406817  -0.0000426008  -0.0001222331
        0.0000512098  -0.0001243979  -0.0000967279   0.0000584574  -0.0000010209
        0.0179222782  -0.0005176082   0.0009114684   0.0002153021  -0.0000472742
        0.0000148570
        0.0000866726   0.0000747363   0.0000297366   0.0000695150   0.0001486093
        0.0002234679   0.0012993719  -0.0006277387  -0.0003324284  -0.0083950085
        0.0011093322   0.0001577525   0.0021326381   0.0005458277  -0.0008129434
       -0.0001372584  -0.0001705527  -0.0003259470   0.0001281357  -0.0002198560
       -0.0003721552  -0.0925818355   0.0927991070  -0.1358904501   0.0434336386
       -0.1988723459   0.2962930474   0.0119954850   0.0186719328  -0.0630066645
        0.0173686688  -0.0123199395   0.0130993040  -0.0200992689   0.0049358303
       -0.0073954566   0.0214611368   0.0365252041  -0.0345887126   0.0011971455
        0.0026537421   0.0022953129   0.0023397127   0.0043134645   0.0007644340
        0.0378917196   0.0493901926  -0.0696749079  -0.0005282070   0.0002709820
       -0.0000772999   0.0000336486  -0.0000400920   0.0000427215   0.0000990801
        0.0000014183   0.0000589733   0.0001181366  -0.0001200962   0.0000510907
       -0.0177006030   0.0009128231  -0.0004942589  -0.0002125242   0.0000174187
       -0.0000446162
        0.0001323793   0.0000286683  -0.0000318586   0.0001765874  -0.0001256967
        0.0001204201  -0.0007155888  -0.0000048905   0.0002056667   0.0002959828
        0.0017259692  -0.0016955906  -0.0007342098  -0.0001790063  -0.0000035463
        0.0001749200  -0.0001136812   0.0001299280  -0.0000268274  -0.0000501049
       -0.0001223679  -0.0342236831   0.0524607041  -0.0518329490  -0.3192197655
       -0.0121762837   0.0119954850   0.6447004683  -0.0158624071   0.0156187801
       -0.1272196641  -0.0431795312   0.0426444867   0.0497404378  -0.0181105371
        0.0178790053  -0.0449735988  -0.0203467849   0.0201050914   0.0003980991
        0.0010128809  -0.0009999642  -0.0352719034  -0.0172223784   0.0170161727
       -0.0243294159  -0.0125687057   0.0124236687  -0.0000016981   0.0001334098
        0.0000571197  -0.0000003410   0.0000203669  -0.0000196117  -0.0000425841
       -0.0000332728   0.0000107819  -0.0000424865  -0.0000108616   0.0000345154
       -0.1077003703   0.0827253027  -0.0816855410  -0.0011167378   0.0018768403
       -0.0018496925
        0.0000344084   0.0000242881  -0.0000228092   0.0001351547   0.0003818089
        0.0000476754   0.0011141886  -0.0002718220  -0.0000780549   0.0013314293
        0.0011910048   0.0051472928  -0.0006147876   0.0001308945   0.0000658193
       -0.0000600409   0.0001777038  -0.0000452806  -0.0000263311  -0.0000018633
        0.0000612851   0.0162561048   0.0107977367  -0.0106039802   0.0343493359
       -0.0634766116   0.0186719328  -0.0158624071   0.3919753311  -0.2834458034
       -0.0897631023  -0.1603827826   0.1134853678   0.0181024533  -0.0311888586
        0.0319787934  -0.0205161337  -0.0075151413   0.0049365433   0.0007798175
       -0.0003078501   0.0002297435  -0.0082087839   0.0010920716   0.0013753818
       -0.0216546825  -0.0044899816   0.0068766203   0.0000001529  -0.0001372650
       -0.0000863653   0.0000055393  -0.0000356100   0.0000392469   0.0000726228
       -0.0000007071   0.0000300277  -0.0000707705  -0.0000257087   0.0000150592
        0.0827754957  -0.1391909074   0.1060911802   0.0018203361   0.0012542699
        0.0052303239
       -0.0000330321  -0.0000190930   0.0000282192   0.0000663564  -0.0000317752
        0.0001677396   0.0006305716   0.0000651980   0.0001260107  -0.0013005693
        0.0051419476   0.0013181326  -0.0011304370  -0.0000695821  -0.0002553515
       -0.0001403654   0.0000604020   0.0003782442  -0.0000023690  -0.0001011082
       -0.0001439099  -0.0160552202  -0.0106253332   0.0105542729  -0.0338984413
        0.0186969687  -0.0630066645   0.0156187801  -0.2834458034   0.3849244675
        0.0886551887   0.1134840338  -0.1575605884  -0.0178850644   0.0319835921
       -0.0303835673   0.0202666074   0.0049309260  -0.0074006810  -0.0007701765
        0.0002289662  -0.0003031405   0.0081169707   0.0013781353   0.0011214312
        0.0213927823   0.0068745782  -0.0043304694   0.0000189360   0.0000488652
       -0.0000127601  -0.0000057849   0.0000366309  -0.0000342794   0.0000713760
        0.0000145970  -0.0000256275  -0.0000738394   0.0000300407  -0.0000013705
       -0.0817464035   0.1060867349  -0.1365462155  -0.0017958661   0.0052310786
        0.0013861075
       -0.0001053282  -0.0000000104  -0.0000000151  -0.0000896083   0.0000850765
        0.0000814377   0.0003748686  -0.0004247202  -0.0004246695  -0.0014031965
        0.0000002126   0.0000002226   0.0003747639   0.0004246412   0.0004245844
       -0.0000895621  -0.0000849957  -0.0000813733   0.0000690177  -0.0000138169
       -0.0000146888   0.0045010084  -0.0000009530  -0.0000002749  -0.0396646661
       -0.0175655590   0.0173686688  -0.1272196641  -0.0897631023   0.0886551887
        0.4752327755  -0.0000423150  -0.0000448135  -0.1272171780   0.0897771606
       -0.0886379709  -0.0396631359   0.0175717075  -0.0173636132  -0.0035436611
        0.0000006497   0.0000027914  -0.1518291730   0.0000235572   0.0000228275
       -0.0035436417   0.0000006158  -0.0000015964   0.0000690796   0.0000137343
        0.0000146063   0.0000377100   0.0000000106  -0.0000000006   0.0000592849
        0.0000366140   0.0000365638   0.0000592735  -0.0000366010  -0.0000365716
        0.0067955192   0.0081967860  -0.0081006721   0.0067955137  -0.0081986925
        0.0080993688
        0.0000001796   0.0000135492  -0.0000044292   0.0000120687   0.0000243659
       -0.0000355651  -0.0000471022   0.0001181733  -0.0000165978   0.0000000412
       -0.0003498822   0.0002847256   0.0000467080   0.0001181500  -0.0000165720
       -0.0000120999   0.0000241774  -0.0000356349  -0.0000563769  -0.0000538306
       -0.0000069793  -0.0000010981  -0.0329048008   0.0295861869  -0.0625661711
        0.0134251548  -0.0123199395  -0.0431795312  -0.1603827826   0.1134840338
       -0.0000423150   0.3685112069  -0.2630569470   0.0431955005  -0.1604118937
        0.1134924034   0.0625723156   0.0134107166  -0.0123263422  -0.0022166851
        0.0035309032   0.0015489417   0.0000218426  -0.0237293034   0.0027713058
        0.0022178413   0.0035303489   0.0015482889   0.0000563611  -0.0000536575
       -0.0000070660  -0.0000000423  -0.0000045867   0.0000210026  -0.0000028641
        0.0000154306  -0.0000030042   0.0000029120   0.0000153837  -0.0000028504
       -0.0079844006  -0.0124242720   0.0125480532   0.0079829157  -0.0124225508
        0.0125469858
        0.0000001791  -0.0000078824   0.0000116013   0.0000050171  -0.0000323280
        0.0000281940  -0.0000409013  -0.0000107171   0.0001223979   0.0000000431
        0.0002934452  -0.0003346629   0.0000405233  -0.0000106988   0.0001223781
       -0.0000050468  -0.0000324041   0.0000280097  -0.0000737243  -0.0000007052
       -0.0000466369  -0.0000004573   0.0295719332  -0.0322085490   0.0617982709
       -0.0123383940   0.0130993040   0.0426444867   0.1134853678  -0.1575605884
       -0.0000448135  -0.2630569470   0.3619136778  -0.0426254081   0.1134782743
       -0.1575335648  -0.0617931416  -0.0123308643   0.0131122556   0.0021884370
        0.0015508535   0.0035687392   0.0000210880   0.0027699043  -0.0236627715
       -0.0021873657   0.0015515145   0.0035692577   0.0000737097  -0.0000007810
       -0.0000464751  -0.0000000408   0.0000201033  -0.0000033016  -0.0000024140
       -0.0000029007   0.0000165498   0.0000024656  -0.0000027566   0.0000165105
        0.0078853461   0.0125524131  -0.0121052933  -0.0078862531   0.0125535697
       -0.0121070322
        0.0001323769  -0.0000286226   0.0000318970   0.0001749169   0.0001137311
       -0.0001298860  -0.0007340374   0.0001790135   0.0000036769   0.0002959587
       -0.0017251415   0.0016964854  -0.0007157880   0.0000050273  -0.0002056392
        0.0001765846   0.0001257600  -0.0001203706  -0.0000016823  -0.0001334998
       -0.0000571821  -0.0342249839  -0.0524562991   0.0518364791  -0.0449728572
        0.0203531313  -0.0200992689   0.0497404378   0.0181024533  -0.0178850644
       -0.1272171780   0.0431955005  -0.0426254081   0.6447010239   0.0157802016
       -0.0157025901  -0.3192198001   0.0122106991  -0.0119653899  -0.0243287538
        0.0125724992  -0.0124201052  -0.0352715668   0.0172334614  -0.0170056171
        0.0003980603  -0.0010135365   0.0009993041  -0.0000268540   0.0000500537
        0.0001222977  -0.0000003412  -0.0000203100   0.0000196683  -0.0000425253
        0.0000109018  -0.0000344806  -0.0000425493   0.0000333071  -0.0000107380
       -0.0011168072  -0.0018760776   0.0018505198  -0.1077036345  -0.0827122539
        0.0817014121
       -0.0000344114   0.0000242813  -0.0000228179   0.0000600052   0.0001777302
       -0.0000452371   0.0006148385   0.0001307922   0.0000657303  -0.0013314758
        0.0011910226   0.0051470398  -0.0011140739  -0.0002716994  -0.0000779043
       -0.0001351658   0.0003817493   0.0000476588  -0.0000001573  -0.0001372841
       -0.0000863757  -0.0162520604   0.0108054886  -0.0106087934   0.0205223104
       -0.0075211832   0.0049358303  -0.0181105371  -0.0311888586   0.0319835921
        0.0897771606  -0.1604118937   0.1134782743   0.0157802016   0.3919771950
       -0.2834450984  -0.0343093178  -0.0634702006   0.0186784139   0.0216568007
       -0.0044935124   0.0068758884   0.0082200392   0.0010854262   0.0013782889
       -0.0007799734  -0.0003075796   0.0002299811   0.0000263475  -0.0000018836
        0.0000612663  -0.0000055190  -0.0000356046   0.0000392437   0.0000707961
       -0.0000256964   0.0000150703  -0.0000725905  -0.0000007218   0.0000300227
       -0.0018189779   0.0012555931   0.0052307582  -0.0827642394  -0.1391631604
        0.1060891678
        0.0000330270  -0.0000190892   0.0000282170   0.0001403596   0.0000604310
        0.0003783046   0.0011305750  -0.0000697176  -0.0002554791   0.0013005414
        0.0051421322   0.0013182159  -0.0006305298   0.0000652944   0.0001261165
       -0.0000663849  -0.0000318127   0.0001677124  -0.0000189274   0.0000488765
       -0.0000127436   0.0160583037  -0.0106216347   0.0105477885  -0.0202609768
        0.0049322821  -0.0073954566   0.0178790053   0.0319787934  -0.0303835673
       -0.0886379709   0.1134924034  -0.1575335648  -0.0157025901  -0.2834450984
        0.3849214134   0.0339341776   0.0186902058  -0.0630126940  -0.0213908650
        0.0068758793  -0.0043275867  -0.0081062519   0.0013755297   0.0011276430
        0.0007700289   0.0002286971  -0.0003033713   0.0000023682  -0.0001011013
       -0.0001438964   0.0000058051   0.0000366363  -0.0000342839   0.0000738722
        0.0000300491  -0.0000013596  -0.0000713525   0.0000145849  -0.0000256376
        0.0017972974   0.0052306031   0.0013848668   0.0817604879   0.1060860554
       -0.1365706372
        0.0001483908  -0.0000442334   0.0000385728  -0.0005706067   0.0006485638
       -0.0011596462  -0.0016858622   0.0012907853   0.0020501105  -0.0261935462
       -0.0177053960   0.0174700554  -0.0016275050  -0.0021011696  -0.0012686751
       -0.0005528407   0.0011420087  -0.0006637100   0.0005733877   0.0005019139
        0.0009181014  -0.1423207611  -0.0521825943   0.0515192822   0.0567048776
       -0.0217162247   0.0214611368  -0.0449735988  -0.0205161337   0.0202666074
       -0.0396631359   0.0625723156  -0.0617931416  -0.3192198001  -0.0343093178
        0.0339341776   0.5930776747   0.0439591737  -0.0434838691  -0.0572219302
        0.0380232074  -0.0375633598   0.0014681478  -0.0000095521   0.0000077541
       -0.0009216574   0.0035372933  -0.0034917876   0.0005957537  -0.0008771966
       -0.0004436012   0.0001001917  -0.0002141590   0.0002180627  -0.0001917113
        0.0000450982   0.0000768023  -0.0001872519  -0.0000763723  -0.0000458868
       -0.0001986391  -0.0001845945   0.0001832029  -0.0171395775  -0.0017834159
        0.0017698112
        0.0000979627   0.0000281439   0.0000729500   0.0000428846   0.0002305195
        0.0001414764   0.0013188810  -0.0002609691  -0.0005567631  -0.0086888552
        0.0001231984   0.0010944052   0.0021892607  -0.0008008567   0.0006152774
       -0.0001495903  -0.0003443625  -0.0001717572   0.0001082982  -0.0004117798
       -0.0002532018  -0.0935902741  -0.1382592017   0.0927552036   0.0217080069
       -0.0354696027   0.0365252041  -0.0203467849  -0.0075151413   0.0049309260
        0.0175717075   0.0134107166  -0.0123308643   0.0122106991  -0.0634702006
        0.0186902058   0.0439591737   0.3012045174  -0.1988719099   0.0383343613
       -0.0708580554   0.0493760298   0.0023724983   0.0006554375   0.0043128305
        0.0012041809   0.0022260257   0.0026506236  -0.0004607220  -0.0000772133
        0.0002586522   0.0000337729   0.0000406846  -0.0000426281   0.0000967565
        0.0000584840  -0.0000010723   0.0001222322   0.0000511713  -0.0001243788
       -0.0002152738  -0.0000469606   0.0000150418  -0.0179191762  -0.0005145552
        0.0009137490
       -0.0000866476   0.0000747393   0.0000297432   0.0001372557  -0.0001705983
       -0.0003258766  -0.0021327509   0.0005458024  -0.0008128520   0.0083958338
        0.0011094867   0.0001564241  -0.0012993260  -0.0006276555  -0.0003324327
       -0.0000694453   0.0001485633   0.0002234994   0.0005281790   0.0002709782
       -0.0000773885   0.0925888579   0.0927937479  -0.1358940123  -0.0214670926
        0.0365309051  -0.0345887126   0.0201050914   0.0049365433  -0.0074006810
       -0.0173636132  -0.0123263422   0.0131122556  -0.0119653899   0.0186784139
       -0.0630126940  -0.0434838691  -0.1988719099   0.2962953352  -0.0378896617
        0.0493909952  -0.0696722527  -0.0023377395   0.0043140293   0.0007654494
       -0.0011966103   0.0026534148   0.0022953451  -0.0001281970  -0.0002198492
       -0.0003720965  -0.0000336469  -0.0000400663   0.0000427251  -0.0001181403
       -0.0001201182   0.0000511342  -0.0000990554   0.0000014653   0.0000589511
        0.0002125505   0.0000172364  -0.0000449226   0.0177034174   0.0009102185
       -0.0004969409
       -0.0001487899  -0.0000275371   0.0000120712   0.0000148923   0.0000189672
       -0.0000118075   0.0005314038  -0.0004263893   0.0001383098   0.0002732209
       -0.0012947808   0.0012617114   0.0005120029  -0.0001220354   0.0004896608
        0.0000367040   0.0000097350  -0.0000117931  -0.0002711159  -0.0004403779
       -0.0003090529   0.0057839210   0.0006486231  -0.0006379944  -0.0009217440
       -0.0012036478   0.0011971455   0.0003980991   0.0007798175  -0.0007701765
       -0.0035436611  -0.0022166851   0.0021884370  -0.0243287538   0.0216568007
       -0.0213908650  -0.0572219302   0.0383343613  -0.0378896617   0.0790823025
       -0.0565575311   0.0558552827  -0.0006264356   0.0006540603  -0.0006451008
        0.0000679082  -0.0003509267   0.0003463346  -0.0002552032   0.0002994431
        0.0004154088  -0.0000395492   0.0000326639  -0.0000331110   0.0000150811
        0.0000087513  -0.0000493652   0.0000172327   0.0000499121  -0.0000092951
        0.0001099572  -0.0001757318   0.0001724298   0.0005144571   0.0003225076
       -0.0003185685
        0.0000832759   0.0000017618  -0.0000459243   0.0000377299  -0.0000206778
        0.0000711546  -0.0008466325  -0.0000489334   0.0002200324   0.0003105533
       -0.0008472628  -0.0007263949  -0.0004705694  -0.0003682301  -0.0002392671
        0.0001075424  -0.0001245173  -0.0000469329   0.0004645446   0.0007353836
        0.0005037427   0.0083865891  -0.0202392496   0.0225907821  -0.0035363542
        0.0022261593   0.0026537421   0.0010128809  -0.0003078501   0.0002289662
        0.0000006497   0.0035309032   0.0015508535   0.0125724992  -0.0044935124
        0.0068758793   0.0380232074  -0.0708580554   0.0493909952  -0.0565575311
        0.0927604203  -0.0808053266  -0.0000646849  -0.0001499814   0.0000103028
        0.0003508879  -0.0007144835   0.0005245503   0.0003203436  -0.0003876199
       -0.0005011729   0.0000527386  -0.0000228256   0.0000116316   0.0000384724
       -0.0000056777   0.0000282883   0.0000714305  -0.0000523663   0.0000041960
       -0.0001187373  -0.0002709162  -0.0007744365  -0.0002388362  -0.0003424687
       -0.0015256620
       -0.0000834147  -0.0000372711   0.0000100740  -0.0000961511  -0.0000578780
       -0.0001305184   0.0004118209  -0.0002265051  -0.0003302959  -0.0002981132
       -0.0007073832  -0.0008655672   0.0008884612   0.0002530168  -0.0000488894
       -0.0000456058   0.0000572700  -0.0000298389  -0.0003317995  -0.0005135503
       -0.0003963655  -0.0082847995   0.0225906010  -0.0196901206   0.0034927217
        0.0026502225   0.0022953129  -0.0009999642   0.0002297435  -0.0003031405
        0.0000027914   0.0015489417   0.0035687392  -0.0124201052   0.0068758884
       -0.0043275867  -0.0375633598   0.0493760298  -0.0696722527   0.0558552827
       -0.0808053266   0.0908300163   0.0000628088   0.0000107854  -0.0001490022
       -0.0003463484   0.0005246012  -0.0007019309  -0.0004366532   0.0004908416
        0.0006943485  -0.0000520800   0.0000103524  -0.0000247099  -0.0000731947
        0.0000034347  -0.0000531345  -0.0000349395   0.0000258165  -0.0000056307
        0.0001171907  -0.0007748176  -0.0002902005   0.0002354514  -0.0015248138
       -0.0003793066
        0.0001671111   0.0000000034   0.0000000040   0.0001141047  -0.0001024318
       -0.0000986898  -0.0000738437   0.0003795274   0.0003717188   0.0005021902
       -0.0000001754  -0.0000001986  -0.0000737336  -0.0003794319  -0.0003716198
        0.0001140708   0.0001023828   0.0000986466  -0.0001274091  -0.0000563900
       -0.0000560678  -0.0006618983   0.0000001088   0.0000001067   0.0014680920
       -0.0023706316   0.0023397127  -0.0352719034  -0.0082087839   0.0081169707
       -0.1518291730   0.0000218426   0.0000210880  -0.0352715668   0.0082200392
       -0.0081062519   0.0014681478   0.0023724983  -0.0023377395  -0.0006264356
       -0.0000646849   0.0000628088   0.2188975001  -0.0000340056  -0.0000327880
       -0.0006264420   0.0000645659  -0.0000629406  -0.0001274388   0.0000564281
        0.0000561082   0.0000104711  -0.0000000001   0.0000000042   0.0000511433
       -0.0000299525  -0.0000295781   0.0000511652   0.0000299547   0.0000295882
        0.0009229246   0.0000201222  -0.0000200984   0.0009229234  -0.0000209859
        0.0000192156
       -0.0000002042  -0.0000135534  -0.0000884149  -0.0000383350  -0.0000165213
       -0.0000032562  -0.0001357282  -0.0000036569   0.0000057944   0.0000000771
       -0.0004293095  -0.0004876296   0.0001361253  -0.0000038480   0.0000055185
        0.0000383512  -0.0000163124  -0.0000031412  -0.0000178538  -0.0000082725
       -0.0000071269  -0.0000002158   0.0007354991  -0.0006421673   0.0000091458
        0.0006565008   0.0043134645  -0.0172223784   0.0010920716   0.0013781353
        0.0000235572  -0.0237293034   0.0027699043   0.0172334614   0.0010854262
        0.0013755297  -0.0000095521   0.0006554375   0.0043140293   0.0006540603
       -0.0001499814   0.0000107854  -0.0000340056   0.0213611212  -0.0103879100
       -0.0006537923  -0.0001499616   0.0000109203   0.0000178662  -0.0000084648
       -0.0000071037   0.0000000010  -0.0000020378   0.0000074601  -0.0000049167
       -0.0000019335   0.0000098976   0.0000048103  -0.0000018662   0.0000097928
       -0.0004797351  -0.0005254230  -0.0012920473   0.0004792614  -0.0005256108
       -0.0012924349
       -0.0000001978  -0.0000892524  -0.0000140656  -0.0000370411  -0.0000049791
       -0.0000155780  -0.0001392741   0.0000071316  -0.0000021913   0.0000000689
       -0.0004880358  -0.0004470785   0.0001396611   0.0000068642  -0.0000023775
        0.0000370588  -0.0000048628  -0.0000153737  -0.0000174184  -0.0000076571
       -0.0000092916  -0.0000002367  -0.0006379881   0.0007191513  -0.0000080570
        0.0043133779   0.0007644340   0.0170161727   0.0013753818   0.0011214312
        0.0000228275   0.0027713058  -0.0236627715  -0.0170056171   0.0013782889
        0.0011276430   0.0000077541   0.0043128305   0.0007654494  -0.0006451008
        0.0000103028  -0.0001490022  -0.0000327880  -0.0103879100   0.0211001734
        0.0006453646   0.0000101659  -0.0001490092   0.0000174286  -0.0000076382
       -0.0000094783   0.0000000033   0.0000079127  -0.0000023448  -0.0000057040
        0.0000096466  -0.0000022222   0.0000056020   0.0000095471  -0.0000021571
        0.0004731044  -0.0012924100  -0.0005577567  -0.0004736107  -0.0012920224
       -0.0005575842
       -0.0001487961   0.0000275709  -0.0000120333   0.0000367240  -0.0000097290
        0.0000117868   0.0005119575   0.0001220378  -0.0004897328   0.0002731859
        0.0012947969  -0.0012618484   0.0005314400   0.0004263938  -0.0001383567
        0.0000148921  -0.0000189620   0.0000118132  -0.0002551953  -0.0002994359
       -0.0004153961   0.0057837362  -0.0006494915   0.0006380307  -0.0572233535
       -0.0383334615   0.0378917196  -0.0243294159  -0.0216546825   0.0213927823
       -0.0035436417   0.0022178413  -0.0021873657   0.0003980603  -0.0007799734
        0.0007700289  -0.0009216574   0.0012041809  -0.0011966103   0.0000679082
        0.0003508879  -0.0003463484  -0.0006264420  -0.0006537923   0.0006453646
        0.0790845724   0.0565537999  -0.0558605337  -0.0002711445   0.0004404153
        0.0003090906  -0.0000395517  -0.0000326425   0.0000331383   0.0000172122
       -0.0000499015   0.0000093121   0.0000150986  -0.0000087353   0.0000493810
        0.0005144490  -0.0003227567   0.0003183075   0.0001099618   0.0001756395
       -0.0001725300
       -0.0000832527   0.0000017771  -0.0000459129  -0.0001075171  -0.0001245181
       -0.0000469295   0.0004705370  -0.0003682618  -0.0002392468  -0.0003106145
       -0.0008473523  -0.0007262091   0.0008465755  -0.0000489815   0.0002199891
       -0.0000377290  -0.0000206714   0.0000711417  -0.0003203513  -0.0003875679
       -0.0005011717  -0.0083872294  -0.0202396206   0.0225916293  -0.0380234411
       -0.0708538677   0.0493901926  -0.0125687057  -0.0044899816   0.0068745782
        0.0000006158   0.0035303489   0.0015515145  -0.0010135365  -0.0003075796
        0.0002286971   0.0035372933   0.0022260257   0.0026534148  -0.0003509267
       -0.0007144835   0.0005246012   0.0000645659  -0.0001499616   0.0000101659
        0.0565537999   0.0927534384  -0.0808043569  -0.0004645261   0.0007353716
        0.0005037743  -0.0000527350  -0.0000228258   0.0000116324  -0.0000714359
       -0.0000523850   0.0000042196  -0.0000384731  -0.0000056566   0.0000282636
        0.0002385372  -0.0003423024  -0.0015255676   0.0001185495  -0.0002709443
       -0.0007744197
        0.0000834192  -0.0000372671   0.0000100733   0.0000455937   0.0000572800
       -0.0000298467  -0.0008885493   0.0002530636  -0.0000489112   0.0002980426
       -0.0007073671  -0.0008656437  -0.0004118525  -0.0002264990  -0.0003302721
        0.0000961422  -0.0000578843  -0.0001305217   0.0004366863   0.0004908375
        0.0006943641   0.0082849820   0.0225895159  -0.0196895117   0.0375642208
        0.0493753791  -0.0696749079   0.0124236687   0.0068766203  -0.0043304694
       -0.0000015964   0.0015482889   0.0035692577   0.0009993041   0.0002299811
       -0.0003033713  -0.0034917876   0.0026506236   0.0022953451   0.0003463346
        0.0005245503  -0.0007019309  -0.0000629406   0.0000109203  -0.0001490092
       -0.0558605337  -0.0808043569   0.0908349225   0.0003318042  -0.0005135489
       -0.0003964255   0.0000520859   0.0000103465  -0.0000247183   0.0000349433
        0.0000258383  -0.0000056517   0.0000731933   0.0000034108  -0.0000531249
       -0.0002357702  -0.0015249055  -0.0003794708  -0.0001173906  -0.0007748274
       -0.0002901757
       -0.0044511089  -0.0022915334  -0.0022652467  -0.0235105532   0.0217576850
        0.0215178850  -0.0573171442   0.0377305215   0.0373391600   0.0058724880
        0.0006664470   0.0006570980  -0.0012269066  -0.0012128024  -0.0012080495
        0.0008867111   0.0008212457   0.0008121082   0.0000789111  -0.0003621168
       -0.0003578895   0.0002405404  -0.0013238925  -0.0012901065   0.0005734441
       -0.0001083500  -0.0005282070  -0.0000016981   0.0000001529   0.0000189360
        0.0000690796   0.0000563611   0.0000737097  -0.0000268540   0.0000263475
        0.0000023682   0.0005957537  -0.0004607220  -0.0001281970  -0.0002552032
        0.0003203436  -0.0004366532  -0.0001274388   0.0000178662   0.0000174286
       -0.0002711445  -0.0004645261   0.0003318042   0.0786391989  -0.0560987664
       -0.0554724363  -0.0005943535   0.0007883082   0.0007788151   0.0006488689
        0.0002715792   0.0002684405   0.0001462536  -0.0001988142  -0.0001953824
        0.0000167126   0.0000613253   0.0000038161   0.0000144432   0.0000033406
        0.0000605985
        0.0004928198   0.0036868466  -0.0013245798   0.0122171903  -0.0046973584
       -0.0071459844   0.0377642072  -0.0696552625  -0.0483422579   0.0083500709
       -0.0202060918  -0.0224955619  -0.0031915316   0.0023179485  -0.0028265535
        0.0005368970  -0.0004694997  -0.0003354424   0.0003620694  -0.0006421891
       -0.0005102948   0.0002873278  -0.0008744182   0.0007556426  -0.0005018967
       -0.0004117197   0.0002709820   0.0001334098  -0.0001372650   0.0000488652
        0.0000137343  -0.0000536575  -0.0000007810   0.0000500537  -0.0000018836
       -0.0001011013  -0.0008771966  -0.0000772133  -0.0002198492   0.0002994431
       -0.0003876199   0.0004908416   0.0000564281  -0.0000084648  -0.0000076382
        0.0004404153   0.0007353716  -0.0005135489  -0.0560987664   0.0917017045
        0.0798914499  -0.0000173890  -0.0002134216  -0.0000533792  -0.0003012813
       -0.0002234935   0.0015959154  -0.0001121111  -0.0003118276   0.0008582726
        0.0000611256  -0.0000611398  -0.0000031656   0.0000349804  -0.0000093451
       -0.0000318314
        0.0004868033  -0.0013223522   0.0037168942   0.0120863869  -0.0071460602
       -0.0045457724   0.0373523973  -0.0483286685  -0.0686141487   0.0082585234
       -0.0224956175  -0.0197113544  -0.0031547894  -0.0028237376   0.0023858100
        0.0005295466  -0.0003361222  -0.0004638362   0.0003578431  -0.0005102930
       -0.0006306831   0.0002738166   0.0007354434  -0.0008935335  -0.0009181178
       -0.0002531915  -0.0000772999   0.0000571197  -0.0000863653  -0.0000127601
        0.0000146063  -0.0000070660  -0.0000464751   0.0001222977   0.0000612663
       -0.0001438964  -0.0004436012   0.0002586522  -0.0003720965   0.0004154088
       -0.0005011729   0.0006943485   0.0000561082  -0.0000071037  -0.0000094783
        0.0003090906   0.0005037743  -0.0003964255  -0.0554724363   0.0798914499
        0.0899917515  -0.0000173044  -0.0000544074  -0.0002110487  -0.0002977362
        0.0015953987  -0.0002584043  -0.0001108505   0.0008586578  -0.0003312372
        0.0000315569  -0.0000297505  -0.0000087546   0.0000633306  -0.0000027341
       -0.0000615991
       -0.3063352266   0.0000018278   0.0000054583  -0.0176847379   0.0018027121
        0.0017816518  -0.0006945584   0.0021183782   0.0020959203   0.0006564421
       -0.0000000122  -0.0000000250  -0.0006947782  -0.0021185772  -0.0020958829
       -0.0176858461  -0.0018024695  -0.0017810043  -0.0005943943   0.0000174085
        0.0000173242   0.0001548532   0.0000000162  -0.0000000035   0.0001001851
       -0.0000337791   0.0000336486  -0.0000003410   0.0000055393  -0.0000057849
        0.0000377100  -0.0000000423  -0.0000000408  -0.0000003412  -0.0000055190
        0.0000058051   0.0001001917   0.0000337729  -0.0000336469  -0.0000395492
        0.0000527386  -0.0000520800   0.0000104711   0.0000000010   0.0000000033
       -0.0000395517  -0.0000527350   0.0000520859  -0.0005943535  -0.0000173890
       -0.0000173044   0.3416302676  -0.0000019147  -0.0000060805   0.0008132579
       -0.0004652322  -0.0004604150   0.0008132472   0.0004652733   0.0004603649
        0.0000235257   0.0000021508  -0.0000020467   0.0000235268  -0.0000021484
        0.0000020525
        0.0000017657  -0.0386718823  -0.0042327612   0.0183501691  -0.0005445369
       -0.0011145674   0.0018504898   0.0020232245  -0.0057297996  -0.0000000057
       -0.0002365474  -0.0005577086  -0.0018506145   0.0020232974  -0.0057297398
       -0.0183498852  -0.0005441940  -0.0011137816  -0.0007882995  -0.0002133904
       -0.0000543690  -0.0000000273  -0.0007132882   0.0007778009   0.0002140555
        0.0000406817  -0.0000400920   0.0000203669  -0.0000356100   0.0000366309
        0.0000000106  -0.0000045867   0.0000201033  -0.0000203100  -0.0000356046
        0.0000366363  -0.0002141590   0.0000406846  -0.0000400663   0.0000326639
       -0.0000228256   0.0000103524  -0.0000000001  -0.0000020378   0.0000079127
       -0.0000326425  -0.0000228258   0.0000103465   0.0007883082  -0.0002134216
       -0.0000544074  -0.0000019147   0.0389251999   0.0146586745   0.0006632848
       -0.0008976076   0.0015584616  -0.0006632537  -0.0008976111   0.0015585007
        0.0000075561   0.0000014351  -0.0000040642  -0.0000075579   0.0000014467
       -0.0000040628
        0.0000055079  -0.0042336232  -0.0385739454   0.0181396314  -0.0011151557
       -0.0005187707   0.0018303287  -0.0057285509   0.0021551267  -0.0000000260
       -0.0005630668  -0.0002299970  -0.0018303042  -0.0057284883   0.0021552992
       -0.0181389948  -0.0011147912  -0.0005179966  -0.0007787911  -0.0000533547
       -0.0002110096  -0.0000000142   0.0007772675  -0.0007358832  -0.0002181751
       -0.0000426008   0.0000427215  -0.0000196117   0.0000392469  -0.0000342794
       -0.0000000006   0.0000210026  -0.0000033016   0.0000196683   0.0000392437
       -0.0000342839   0.0002180627  -0.0000426281   0.0000427251  -0.0000331110
        0.0000116316  -0.0000247099   0.0000000042   0.0000074601  -0.0000023448
        0.0000331383   0.0000116324  -0.0000247183   0.0007788151  -0.0000533792
       -0.0002110487  -0.0000060805   0.0146586745   0.0385893055   0.0006557482
        0.0015587251  -0.0009327673  -0.0006557923   0.0015587318  -0.0009327615
       -0.0000080910  -0.0000039899   0.0000013225   0.0000080876  -0.0000039873
        0.0000013176
        0.0066729713   0.0079324606   0.0078432105  -0.1069304280  -0.0810877541
       -0.0801815220  -0.0178529312  -0.0185319335  -0.0183261120  -0.0053326829
       -0.0000207574  -0.0000249420  -0.0003244699   0.0003246473   0.0003207107
       -0.0006008285   0.0020259406   0.0020026273   0.0001462704   0.0001121370
        0.0001108465  -0.0005583006  -0.0009237755  -0.0009119377  -0.0001871514
       -0.0001222331   0.0000990801  -0.0000425841   0.0000726228   0.0000713760
        0.0000592849  -0.0000028641  -0.0000024140  -0.0000425253   0.0000707961
        0.0000738722  -0.0001917113   0.0000967565  -0.0001181403   0.0000150811
        0.0000384724  -0.0000731947   0.0000511433  -0.0000049167  -0.0000057040
        0.0000172122  -0.0000714359   0.0000349433   0.0006488689  -0.0003012813
       -0.0002977362   0.0008132579   0.0006632848   0.0006557482   0.1233394128
        0.0892880696   0.0882927387   0.0002511979   0.0004438040   0.0004385882
        0.0000248897  -0.0000024988   0.0000004238   0.0000240230   0.0000004586
       -0.0000024626
       -0.0080561615  -0.0123443617  -0.0124638387  -0.0816948833  -0.1394141819
       -0.1053037060  -0.0016108187  -0.0008162753  -0.0013423936  -0.0000136286
        0.0036335415  -0.0031127032   0.0003008114   0.0000771694  -0.0000135003
        0.0021045488   0.0015987119  -0.0057168619   0.0001988389  -0.0003118287
        0.0008586598   0.0000340993  -0.0000715012  -0.0000194628   0.0000763164
        0.0000512098   0.0000014183  -0.0000332728  -0.0000007071   0.0000145970
        0.0000366140   0.0000154306  -0.0000029007   0.0000109018  -0.0000256964
        0.0000300491   0.0000450982   0.0000584840  -0.0001201182   0.0000087513
       -0.0000056777   0.0000034347  -0.0000299525  -0.0000019335   0.0000096466
       -0.0000499015  -0.0000523850   0.0000258383   0.0002715792  -0.0002234935
        0.0015953987  -0.0004652322  -0.0008976076   0.0015587251   0.0892880696
        0.1492341033   0.1245429639  -0.0004438412  -0.0005044240  -0.0005432707
        0.0000085192  -0.0000025424  -0.0000002909   0.0000135442   0.0000039655
       -0.0000016847
       -0.0079691815  -0.0124579738  -0.0120552295  -0.0807716266  -0.1053075718
       -0.1370538545  -0.0016000703  -0.0013428161  -0.0007876765  -0.0000042907
       -0.0031156058   0.0037006241   0.0002979125  -0.0000110920   0.0000793757
        0.0020773784  -0.0057165337   0.0017278931   0.0001953817   0.0008582689
       -0.0003312499   0.0000246773  -0.0000181969  -0.0000715033   0.0000458214
       -0.0001243979   0.0000589733   0.0000107819   0.0000300277  -0.0000256275
        0.0000365638  -0.0000030042   0.0000165498  -0.0000344806   0.0000150703
       -0.0000013596   0.0000768023  -0.0000010723   0.0000511342  -0.0000493652
        0.0000282883  -0.0000531345  -0.0000295781   0.0000098976  -0.0000022222
        0.0000093121   0.0000042196  -0.0000056517   0.0002684405   0.0015959154
       -0.0002584043  -0.0004604150   0.0015584616  -0.0009327673   0.0882927387
        0.1245429639   0.1464350221  -0.0004386330  -0.0005432854  -0.0004921141
        0.0000135225  -0.0000014794   0.0000039390   0.0000083079  -0.0000000839
       -0.0000027164
        0.0066729749  -0.0079332870  -0.0078441567  -0.0006010473  -0.0020261316
       -0.0020026471  -0.0003244781  -0.0003246305  -0.0003206866  -0.0053327082
        0.0000208326   0.0000252001  -0.0178518276   0.0185322274   0.0183267804
       -0.1069215066   0.0810832703   0.0801787196   0.0006488983   0.0003013257
        0.0002977366  -0.0005582818   0.0009237885   0.0009119528  -0.0001918115
       -0.0000967279   0.0001181366  -0.0000424865  -0.0000707705  -0.0000738394
        0.0000592735   0.0000029120   0.0000024656  -0.0000425493  -0.0000725905
       -0.0000713525  -0.0001872519   0.0001222322  -0.0000990554   0.0000172327
        0.0000714305  -0.0000349395   0.0000511652   0.0000048103   0.0000056020
        0.0000150986  -0.0000384731   0.0000731933   0.0001462536  -0.0001121111
       -0.0001108505   0.0008132472  -0.0006632537  -0.0006557923   0.0002511979
       -0.0004438412  -0.0004386330   0.1233296890  -0.0892830557  -0.0882898772
        0.0000240254  -0.0000004618   0.0000024693   0.0000248925   0.0000025051
       -0.0000004261
        0.0080553756  -0.0123443559  -0.0124639882  -0.0021047032   0.0015987812
       -0.0057167950  -0.0003008297   0.0000771886  -0.0000134901   0.0000136952
        0.0036335498  -0.0031126757   0.0016112046  -0.0008166360  -0.0013428425
        0.0816903255  -0.1394171375  -0.1053084503  -0.0002715149  -0.0002234783
        0.0015953984  -0.0000341319  -0.0000715004  -0.0000194871  -0.0000451647
        0.0000584574  -0.0001200962  -0.0000108616  -0.0000257087   0.0000300407
       -0.0000366010   0.0000153837  -0.0000027566   0.0000333071  -0.0000007218
        0.0000145849  -0.0000763723   0.0000511713   0.0000014653   0.0000499121
       -0.0000523663   0.0000258165   0.0000299547  -0.0000018662   0.0000095471
       -0.0000087353  -0.0000056566   0.0000034108  -0.0001988142  -0.0003118276
        0.0008586578   0.0004652733  -0.0008976111   0.0015587318   0.0004438040
       -0.0005044240  -0.0005432854  -0.0892830557   0.1492373541   0.1245481882
       -0.0000135459   0.0000039527  -0.0000016804  -0.0000085219  -0.0000025485
       -0.0000002941
        0.0079682461  -0.0124578876  -0.0120552931  -0.0020774069  -0.0057164334
        0.0017280790  -0.0002978451  -0.0000110617   0.0000794238   0.0000045640
       -0.0031156152   0.0037005952   0.0016006139  -0.0013435751  -0.0007883775
        0.0807689179  -0.1053122925  -0.1370602458  -0.0002684121   0.0015959070
       -0.0002583868  -0.0000246701  -0.0000182551  -0.0000715414  -0.0000768585
       -0.0000010209   0.0000510907   0.0000345154   0.0000150592  -0.0000013705
       -0.0000365716  -0.0000028504   0.0000165105  -0.0000107380   0.0000300227
       -0.0000256376  -0.0000458868  -0.0001243788   0.0000589511  -0.0000092951
        0.0000041960  -0.0000056307   0.0000295882   0.0000097928  -0.0000021571
        0.0000493810   0.0000282636  -0.0000531249  -0.0001953824   0.0008582726
       -0.0003312372   0.0004603649   0.0015585007  -0.0009327615   0.0004385882
       -0.0005432707  -0.0004921141  -0.0882898772   0.1245481882   0.1464420224
       -0.0000083117  -0.0000000883  -0.0000027248  -0.0000135243  -0.0000014733
        0.0000039303
        0.0000243157   0.0000199764  -0.0000200121  -0.0000209529  -0.0000852653
        0.0000553373  -0.0001886906   0.0001261346   0.0001036226  -0.0005275154
        0.0008505569  -0.0008383075  -0.0001925632  -0.0001010284  -0.0001222048
       -0.0000209365  -0.0000546313   0.0000863871   0.0000144353  -0.0000349856
       -0.0000633397  -0.0051513069  -0.0000910410   0.0000866232  -0.0171392148
        0.0179222782  -0.0177006030  -0.1077003703   0.0827754957  -0.0817464035
        0.0067955192  -0.0079844006   0.0078853461  -0.0011168072  -0.0018189779
        0.0017972974  -0.0001986391  -0.0002152738   0.0002125505   0.0001099572
       -0.0001187373   0.0001171907   0.0009229246  -0.0004797351   0.0004731044
        0.0005144490   0.0002385372  -0.0002357702   0.0000167126   0.0000611256
        0.0000315569   0.0000235257   0.0000075561  -0.0000080910   0.0000248897
        0.0000085192   0.0000135225   0.0000240254  -0.0000135459  -0.0000083117
        0.1234775958  -0.0905300923   0.0894043823   0.0003086469  -0.0004824654
        0.0004761225
        0.0000174885   0.0000237414  -0.0000318403   0.0000280472   0.0000024732
       -0.0000089281  -0.0000692887   0.0000741946   0.0000244367  -0.0000286081
       -0.0000484403   0.0000695248  -0.0000358251   0.0000460494   0.0001112568
       -0.0000146690  -0.0000313358  -0.0000301200  -0.0000033537  -0.0000093527
       -0.0000027334  -0.0000743354   0.0035403573   0.0030394288   0.0017846926
       -0.0005176082   0.0009128231   0.0827253027  -0.1391909074   0.1060867349
        0.0081967860  -0.0124242720   0.0125524131  -0.0018760776   0.0012555931
        0.0052306031  -0.0001845945  -0.0000469606   0.0000172364  -0.0001757318
       -0.0002709162  -0.0007748176   0.0000201222  -0.0005254230  -0.0012924100
       -0.0003227567  -0.0003423024  -0.0015249055   0.0000613253  -0.0000611398
       -0.0000297505   0.0000021508   0.0000014351  -0.0000039899  -0.0000024988
       -0.0000025424  -0.0000014794  -0.0000004618   0.0000039527  -0.0000000883
       -0.0905300923   0.1489958760  -0.1248977642   0.0004823780  -0.0004724719
        0.0005543696
       -0.0000167595  -0.0000321505   0.0000229185   0.0000145992  -0.0000298674
       -0.0000311749   0.0000369375   0.0001149648   0.0000465420   0.0000187890
        0.0000685812  -0.0000461566   0.0000697188   0.0000263859   0.0000729876
       -0.0000294997  -0.0000093358   0.0000019251  -0.0000605977  -0.0000318274
       -0.0000616047   0.0000846526   0.0030411436   0.0036161777  -0.0017688495
        0.0009114684  -0.0004942589  -0.0816855410   0.1060911802  -0.1365462155
       -0.0081006721   0.0125480532  -0.0121052933   0.0018505198   0.0052307582
        0.0013848668   0.0001832029   0.0000150418  -0.0000449226   0.0001724298
       -0.0007744365  -0.0002902005  -0.0000200984  -0.0012920473  -0.0005577567
        0.0003183075  -0.0015255676  -0.0003794708   0.0000038161  -0.0000031656
       -0.0000087546  -0.0000020467  -0.0000040642   0.0000013225   0.0000004238
       -0.0000002909   0.0000039390   0.0000024693  -0.0000016804  -0.0000027248
        0.0894043823  -0.1248977642   0.1458764137  -0.0004761840   0.0005546206
       -0.0004585592
        0.0000243158  -0.0000199779   0.0000200095  -0.0000209321   0.0000546170
       -0.0000863966  -0.0001925892   0.0001010353   0.0001222539  -0.0005275192
       -0.0008506409   0.0008382059  -0.0001886683  -0.0001260871  -0.0001036137
       -0.0000209563   0.0000852575  -0.0000553456   0.0000167015  -0.0000611362
       -0.0000315620  -0.0051513204   0.0000926516  -0.0000850935  -0.0001986320
        0.0002153021  -0.0002125242  -0.0011167378   0.0018203361  -0.0017958661
        0.0067955137   0.0079829157  -0.0078862531  -0.1077036345  -0.0827642394
        0.0817604879  -0.0171395775  -0.0179191762   0.0177034174   0.0005144571
       -0.0002388362   0.0002354514   0.0009229234   0.0004792614  -0.0004736107
        0.0001099618   0.0001185495  -0.0001173906   0.0000144432   0.0000349804
        0.0000633306   0.0000235268  -0.0000075579   0.0000080876   0.0000240230
        0.0000135442   0.0000083079   0.0000248925  -0.0000085219  -0.0000135243
        0.0003086469   0.0004823780  -0.0004761840   0.1234811617   0.0905153449
       -0.0894221877
       -0.0000174889   0.0000237400  -0.0000318407   0.0000146596  -0.0000313354
       -0.0000300861   0.0000358322   0.0000459863   0.0001111929   0.0000287457
       -0.0000481946   0.0000693071   0.0000692948   0.0000742528   0.0000245172
       -0.0000280501   0.0000024346  -0.0000089158  -0.0000613239  -0.0000611476
       -0.0000297466   0.0000759263   0.0035409449   0.0030388785   0.0001857296
       -0.0000472742   0.0000174187   0.0018768403   0.0012542699   0.0052310786
       -0.0081986925  -0.0124225508   0.0125535697  -0.0827122539  -0.1391631604
        0.1060860554  -0.0017834159  -0.0005145552   0.0009102185   0.0003225076
       -0.0003424687  -0.0015248138  -0.0000209859  -0.0005256108  -0.0012920224
        0.0001756395  -0.0002709443  -0.0007748274   0.0000033406  -0.0000093451
       -0.0000027341  -0.0000021484   0.0000014467  -0.0000039873   0.0000004586
        0.0000039655  -0.0000000839   0.0000025051  -0.0000025485  -0.0000014733
       -0.0004824654  -0.0004724719   0.0005546206   0.0905153449   0.1489645666
       -0.1248963260
        0.0000167599  -0.0000321580   0.0000229143   0.0000294969  -0.0000093483
        0.0000019602  -0.0000697073   0.0000263105   0.0000729367  -0.0000186715
        0.0000687987  -0.0000463823  -0.0000369306   0.0001150278   0.0000466061
       -0.0000146062  -0.0000298990  -0.0000311714  -0.0000038315  -0.0000031690
       -0.0000087642  -0.0000831586   0.0030416996   0.0036155748  -0.0001820648
        0.0000148570  -0.0000446162  -0.0018496925   0.0052303239   0.0013861075
        0.0080993688   0.0125469858  -0.0121070322   0.0817014121   0.1060891678
       -0.1365706372   0.0017698112   0.0009137490  -0.0004969409  -0.0003185685
       -0.0015256620  -0.0003793066   0.0000192156  -0.0012924349  -0.0005575842
       -0.0001725300  -0.0007744197  -0.0002901757   0.0000605985  -0.0000318314
       -0.0000615991   0.0000020525  -0.0000040628   0.0000013176  -0.0000024626
       -0.0000016847  -0.0000027164  -0.0000004261  -0.0000002941   0.0000039303
        0.0004761225   0.0005543696  -0.0004585592  -0.0894221877  -0.1248963260
        0.1459041383
