$hessian                                                                        
        0.5159458153   0.0187633676   0.0027525791  -0.0676643166   0.0165328749
        0.0057029331  -0.0039399024   0.0253108850   0.0089475617   0.0016742886
       -0.0004941192  -0.0002078722  -0.0005585305  -0.0003746114  -0.0010600148
       -0.2702960738   0.0465748641  -0.0145734881  -0.1067658751  -0.0800725033
        0.0700289895  -0.0635278494  -0.0063755619  -0.0655895812   0.0015287108
       -0.0128983035  -0.0035644960   0.0011155388  -0.0106141116  -0.0042953989
       -0.0045507419   0.0030560871   0.0011727664   0.0001940530  -0.0000770044
        0.0000579316  -0.0000924573   0.0001211528   0.0000114985  -0.0005532431
        0.0003109942   0.0004049114  -0.0025094166   0.0002359895   0.0002116800
        0.0187633676   0.4699704635  -0.0196052583   0.0127723964  -0.1865060199
       -0.0414434331   0.0071554637  -0.0106123630  -0.0037161301  -0.0011201203
        0.0009466900   0.0003566745   0.0006324893   0.0001696096   0.0002812898
        0.0468237319  -0.0518388536   0.0045848669  -0.0807400496  -0.1433485151
        0.0899240627  -0.0063557146  -0.0443288205  -0.0183894334   0.0001896591
       -0.0264706676  -0.0055040348   0.0003435717  -0.0082545500  -0.0061769064
        0.0013461958   0.0002686966  -0.0001945628  -0.0000541620   0.0001009530
       -0.0001667376   0.0000269662  -0.0001925334   0.0000769610   0.0001866851
        0.0000037753   0.0001388594   0.0000295196   0.0000921352  -0.0001662179
        0.0027525791  -0.0196052583   0.5253615423   0.0041361770  -0.0413611566
       -0.0820999865   0.0027200291  -0.0034098179  -0.0007746535  -0.0003496200
        0.0000963220  -0.0000877355   0.0002396907   0.0004205822  -0.0003540741
       -0.0143783687   0.0043968812  -0.0463770504   0.0707895938   0.0903623190
       -0.1247705847  -0.0653710891  -0.0181063165  -0.2647903438  -0.0006976776
        0.0162161326   0.0055324347   0.0007334987  -0.0284581610  -0.0128499717
        0.0005649280  -0.0004404001   0.0012907033  -0.0000161339  -0.0000046956
       -0.0000149840   0.0002938130   0.0001394676  -0.0003253456  -0.0002076946
        0.0000685816   0.0000033075  -0.0012097255  -0.0003144801   0.0002567418
       -0.0676643166   0.0127723964   0.0041361770   0.4665492620  -0.0048145035
       -0.0034375314  -0.1903053454   0.0469067945   0.0174004376  -0.0316422996
        0.0064877007   0.0020904069   0.0012377992   0.0001833400   0.0005663455
       -0.0075456674   0.0297962146   0.0097318259   0.0023661817  -0.0143176071
       -0.0046530914   0.0018526249  -0.0086504500  -0.0032703253  -0.0856535747
       -0.0621723031   0.0629017268  -0.0819229437  -0.0081805049  -0.0853217493
       -0.0058382009   0.0044100958   0.0012564773  -0.0017326044  -0.0016280609
       -0.0011910698  -0.0002294440  -0.0004248441  -0.0000231585   0.0003117715
        0.0000123810   0.0000499956   0.0002167575  -0.0003806496  -0.0002364667
        0.0165328749  -0.1865060199  -0.0413611566  -0.0048145035   0.4901503420
       -0.0003686805   0.0445080988  -0.0821494148  -0.0086261641  -0.0084624309
        0.0064797332   0.0030730022   0.0001270540  -0.0002625935   0.0015040585
        0.0047709405  -0.0113689672  -0.0040188628   0.0012117599  -0.0253725848
       -0.0044663000  -0.0002998821  -0.0061633058  -0.0054368672  -0.0662920681
       -0.1279314439   0.0875245968  -0.0096421850  -0.0444420221  -0.0164945659
        0.0252483068  -0.0144465541  -0.0067704978  -0.0025035547   0.0024056016
       -0.0043198105  -0.0002543821  -0.0003453677   0.0000237304   0.0002074222
       -0.0001434616  -0.0001229633  -0.0003374508   0.0000960585  -0.0001395190
        0.0057029331  -0.0414434331  -0.0820999865  -0.0034375314  -0.0003686805
        0.4938694749   0.0141314491  -0.0077975262  -0.0639068816  -0.0042260366
        0.0030173388   0.0010003771   0.0005835406   0.0016013402  -0.0024804185
        0.0008647532  -0.0007966822   0.0003067364  -0.0022986761   0.0156314000
        0.0057156398   0.0036580623  -0.0289630052  -0.0128166687   0.0654972848
        0.0863053119  -0.1301826227  -0.0895771561  -0.0160021149  -0.2186174968
        0.0103320793  -0.0066887902  -0.0013480683  -0.0012681510  -0.0047575135
        0.0108797220  -0.0000382213   0.0006703690   0.0001588469   0.0000049163
        0.0000409477   0.0000644505   0.0000707538  -0.0004489617  -0.0005431044
       -0.0039399024   0.0071554637   0.0027200291  -0.1903053454   0.0445080988
        0.0141314491   0.7792957638   0.1245789274   0.0680577498  -0.4538760843
       -0.1673745147  -0.0786128840  -0.0058349900  -0.0104668489  -0.0040041702
        0.0008260438   0.0000352638   0.0002743966   0.0008851655  -0.0007412316
        0.0002395106   0.0003136707  -0.0003333408  -0.0004632882  -0.0264260157
        0.0006355650   0.0054102018  -0.0263500050   0.0038693645  -0.0040438032
       -0.0415277502   0.0021465386   0.0011173040  -0.0355361058  -0.0078603849
       -0.0044257046   0.0008082387   0.0029402071  -0.0006034511   0.0008379752
       -0.0005979066  -0.0001973179   0.0008293413   0.0015047986   0.0003999779
        0.0253108850  -0.0106123630  -0.0034098179   0.0469067945  -0.0821494148
       -0.0077975262   0.1245789274   0.5023988695   0.1655663532  -0.1737607183
       -0.1489540612  -0.0550524360  -0.0247949817  -0.0160236097  -0.0059572756
        0.0015323542  -0.0051832202  -0.0020820067   0.0003435267   0.0008577587
        0.0000645552  -0.0000953776   0.0002324227   0.0000376841  -0.0165651072
        0.0048497611   0.0016333446   0.0003029047   0.0013038539   0.0000464292
        0.0053682010  -0.2458308414  -0.0920581205   0.0135703940   0.0034427462
        0.0017725469  -0.0011623441  -0.0014914703  -0.0012053727  -0.0008338739
       -0.0037608288  -0.0017530354  -0.0007015846   0.0009203972   0.0001946777
        0.0089475617  -0.0037161301  -0.0007746535   0.0174004376  -0.0086261641
       -0.0639068816   0.0680577498   0.1655663532   0.1982751236  -0.0830945268
       -0.0551780141  -0.0558673010  -0.0101932419  -0.0064774886  -0.0039686046
        0.0004279544  -0.0017372659  -0.0000596892  -0.0003978933   0.0002199418
        0.0002714972   0.0002521533   0.0000043976   0.0001062455   0.0198632982
       -0.0036883307  -0.0007495904  -0.0267580253   0.0056625153   0.0015146939
        0.0022215789  -0.0920255652  -0.0742697377   0.0054420355   0.0017474159
       -0.0000241714  -0.0003067935   0.0006038584   0.0001781652  -0.0012092454
       -0.0026933223  -0.0011789221  -0.0006530431   0.0003377988   0.0004538260
        0.0016742886  -0.0011201203  -0.0003496200  -0.0316422996  -0.0084624309
       -0.0042260366  -0.4538760843  -0.1737607183  -0.0830945268   0.7739730157
        0.1162972735   0.0568898974  -0.0751861477  -0.0249458281  -0.0125647783
        0.0004357871  -0.0002058629  -0.0000393564   0.0002044477   0.0003791388
       -0.0001349411   0.0002223887   0.0001446456   0.0002551181  -0.0015034447
        0.0011569400  -0.0003949644  -0.0020503924   0.0009400446   0.0008793540
       -0.0068480918  -0.0051496515  -0.0027306433  -0.1989157721   0.1105329632
        0.0488645004  -0.0010997011  -0.0080405191  -0.0002804407  -0.0106311062
       -0.0258591731  -0.0117877610   0.0052431121   0.0180932986   0.0087141989
       -0.0004941192   0.0009466900   0.0000963220   0.0064877007   0.0064797332
        0.0030173388  -0.1673745147  -0.1489540612  -0.0551780141   0.1162972735
        0.5139883068   0.1717724229  -0.0322070994  -0.1884686154  -0.0613104245
       -0.0003064613  -0.0002894097  -0.0001660584   0.0003413776  -0.0003021803
        0.0005041465   0.0003913535   0.0000239638  -0.0003528237   0.0024483890
        0.0001038329  -0.0004735990   0.0035435566  -0.0002855168   0.0007386764
       -0.0273905087  -0.0202967942  -0.0089424686   0.1083817090  -0.1164625573
       -0.0351471037  -0.0083005066  -0.0286417753  -0.0053181020  -0.0040625125
       -0.0035590535  -0.0022262271   0.0022443627  -0.0142825628  -0.0070140856
       -0.0002078722   0.0003566745  -0.0000877355   0.0020904069   0.0030730022
        0.0010003771  -0.0786128840  -0.0550524360  -0.0558673010   0.0568898974
        0.1717724229   0.1987281397  -0.0137457525  -0.0556511614  -0.0851120146
       -0.0001123250  -0.0001137000  -0.0001231812   0.0001589831  -0.0000946236
        0.0001553093   0.0000816651   0.0000088756  -0.0001331202   0.0026847982
        0.0000411439  -0.0006601263  -0.0003095979   0.0002990456  -0.0000575509
       -0.0120959337  -0.0087188335  -0.0045667155   0.0474521862  -0.0360139509
       -0.0487487145   0.0045482581   0.0150232726   0.0099928079  -0.0060706453
       -0.0151707208  -0.0062684147  -0.0027511846  -0.0197590109  -0.0082517597
       -0.0005585305   0.0006324893   0.0002396907   0.0012377992   0.0001270540
        0.0005835406  -0.0058349900  -0.0247949817  -0.0101932419  -0.0751861477
       -0.0322070994  -0.0137457525   0.5196750257  -0.0203276213  -0.0124991038
       -0.0002492331  -0.0003334777  -0.0002330111  -0.0008476813  -0.0001651710
        0.0001140188  -0.0013291881  -0.0000433555  -0.0003397028  -0.0000650929
       -0.0000378118  -0.0000926047   0.0003048753  -0.0000574269   0.0002020479
       -0.0028885396  -0.0025232324  -0.0009912523   0.0019802106   0.0191631248
        0.0062588412  -0.0426207731  -0.0108268550   0.0132650671  -0.2323015796
        0.0174932246  -0.0949418008  -0.1613161550   0.0539011400   0.1123732635
       -0.0003746114   0.0001696096   0.0004205822   0.0001833400  -0.0002625935
        0.0016013402  -0.0104668489  -0.0160236097  -0.0064774886  -0.0249458281
       -0.1884686154  -0.0556511614  -0.0203276213   0.4691540165   0.0052591306
       -0.0001553905   0.0001889444  -0.0001485505  -0.0000190007   0.0001466710
       -0.0001824898  -0.0000939343   0.0000360703  -0.0000817328  -0.0004426307
        0.0000778692   0.0000600772  -0.0001477043   0.0001453671   0.0000678887
       -0.0013875977   0.0028691846  -0.0044761302  -0.0009916604  -0.0188248278
       -0.0102453174  -0.0110217445  -0.1435039794   0.1134083023   0.0174404106
       -0.0419439360   0.0076477825   0.0527508224  -0.0637601709  -0.0512022328
       -0.0010600148   0.0002812898  -0.0003540741   0.0005663455   0.0015040585
       -0.0024804185  -0.0040041702  -0.0059572756  -0.0039686046  -0.0125647783
       -0.0613104245  -0.0851120146  -0.0124991038   0.0052591306   0.4965030049
       -0.0004286251  -0.0001130444   0.0000558127  -0.0004729593  -0.0001051178
        0.0003599144   0.0002850698   0.0001289091  -0.0004363833   0.0004010669
        0.0001624090  -0.0000841425  -0.0001990380  -0.0003131818  -0.0001611214
       -0.0010149579  -0.0042744155   0.0102747058  -0.0007493190  -0.0115975880
       -0.0019023394   0.0146491257   0.1197701179  -0.1674659197  -0.0956660983
        0.0080430736  -0.0938952437   0.1127574568  -0.0514779409  -0.1513331762
       -0.2702960738   0.0468237319  -0.0143783687  -0.0075456674   0.0047709405
        0.0008647532   0.0008260438   0.0015323542   0.0004279544   0.0004357871
       -0.0003064613  -0.0001123250  -0.0002492331  -0.0001553905  -0.0004286251
        0.3125325723  -0.0559781025   0.0167767004  -0.0219558730   0.0012308920
        0.0004944276  -0.0140089320   0.0020451935  -0.0040386591   0.0003447898
       -0.0001716511  -0.0003343647   0.0006890281  -0.0005528148   0.0002274362
       -0.0003378538   0.0003024098   0.0000987626   0.0000644542   0.0000229626
        0.0000401481   0.0001257543   0.0001259912  -0.0000804446  -0.0000995637
        0.0001116978   0.0000884057  -0.0005252328   0.0001982466   0.0003541988
        0.0465748641  -0.0518388536   0.0043968812   0.0297962146  -0.0113689672
       -0.0007966822   0.0000352638  -0.0051832202  -0.0017372659  -0.0002058629
       -0.0002894097  -0.0001137000  -0.0003334777   0.0001889444  -0.0001130444
       -0.0559781025   0.0627554792  -0.0019786089  -0.0209408201   0.0036158999
       -0.0003377233  -0.0012036738   0.0013014153   0.0003992775   0.0003907498
        0.0004195026   0.0001763227   0.0005444902   0.0008599290   0.0003158841
        0.0012832309  -0.0007570160  -0.0003570805   0.0000289584   0.0001321696
       -0.0000091043   0.0001217594   0.0000615108  -0.0000842937  -0.0001505553
        0.0000654154   0.0000187975   0.0000369609   0.0000372004   0.0002203403
       -0.0145734881   0.0045848669  -0.0463770504   0.0097318259  -0.0040188628
        0.0003067364   0.0002743966  -0.0020820067  -0.0000596892  -0.0000393564
       -0.0001660584  -0.0001231812  -0.0002330111  -0.0001485505   0.0000558127
        0.0167767004  -0.0019786089   0.0504225587   0.0199800775  -0.0020858291
        0.0007566283  -0.0330890926   0.0058274117  -0.0054185294  -0.0002569108
        0.0003635229   0.0000330262   0.0010345909  -0.0003360686   0.0002933268
        0.0004392597  -0.0002684055  -0.0001081974   0.0000040646   0.0000992212
       -0.0000547063  -0.0001360579   0.0000186637   0.0000810437  -0.0000842406
        0.0000052006   0.0001313679   0.0001712420   0.0001855036   0.0000608531
       -0.1067658751  -0.0807400496   0.0707895938   0.0023661817   0.0012117599
       -0.0022986761   0.0008851655   0.0003435267  -0.0003978933   0.0002044477
        0.0003413776   0.0001589831  -0.0008476813  -0.0000190007  -0.0004729593
       -0.0219558730  -0.0209408201   0.0199800775   0.1229476335   0.0934740849
       -0.0816339553   0.0044411947   0.0054201492  -0.0052820190   0.0007969997
        0.0011171668  -0.0000913016  -0.0001931223  -0.0001882779  -0.0000312723
       -0.0001350485  -0.0000299599   0.0000037051   0.0000143187  -0.0001252004
        0.0000659384  -0.0008982382  -0.0001454734   0.0001135754  -0.0001600551
       -0.0000544241   0.0000550829  -0.0007000481   0.0003351410  -0.0009588791
       -0.0800725033  -0.1433485151   0.0903623190  -0.0143176071  -0.0253725848
        0.0156314000  -0.0007412316   0.0008577587   0.0002199418   0.0003791388
       -0.0003021803  -0.0000946236  -0.0001651710   0.0001466710  -0.0001051178
        0.0012308920   0.0036158999  -0.0020858291   0.0934740849   0.1682627488
       -0.1036008616   0.0002599816   0.0009587113   0.0011525738   0.0003999676
       -0.0067057212  -0.0022912450  -0.0001128795   0.0004907683   0.0003901761
       -0.0002598783   0.0004989852   0.0000263710  -0.0001191817   0.0000586641
        0.0000077264   0.0001361298   0.0004654879  -0.0001492553  -0.0002795837
        0.0001076232  -0.0000080065   0.0001878415   0.0002656830   0.0005444308
        0.0700289895   0.0899240627  -0.1247705847  -0.0046530914  -0.0044663000
        0.0057156398   0.0002395106   0.0000645552   0.0002714972  -0.0001349411
        0.0005041465   0.0001553093   0.0001140188  -0.0001824898   0.0003599144
        0.0004944276  -0.0003377233   0.0007566283  -0.0816339553  -0.1036008616
        0.1405264586   0.0163707348   0.0206988759  -0.0230225198   0.0000163332
       -0.0021183578   0.0006656465  -0.0001793519  -0.0003505086   0.0004394910
       -0.0000662042  -0.0000384873  -0.0000979139   0.0000115032  -0.0001327721
       -0.0001157293  -0.0000975970  -0.0001988296   0.0004423553   0.0003438256
       -0.0001495267  -0.0001671809  -0.0008542024   0.0003842166  -0.0011590118
       -0.0635278494  -0.0063557146  -0.0653710891   0.0018526249  -0.0002998821
        0.0036580623   0.0003136707  -0.0000953776   0.0002521533   0.0002223887
        0.0003913535   0.0000816651  -0.0013291881  -0.0000939343   0.0002850698
       -0.0140089320  -0.0012036738  -0.0330890926   0.0044411947   0.0002599816
        0.0163707348   0.0743299001   0.0078285179   0.0778476975  -0.0000168737
       -0.0003366681  -0.0003466752   0.0009652404   0.0005673507   0.0004175106
       -0.0001218557  -0.0000350982  -0.0000427417  -0.0000166152  -0.0000960339
       -0.0000469492   0.0000727436  -0.0000363159  -0.0000313645   0.0000333046
       -0.0000498137  -0.0001231630  -0.0032097538  -0.0004446915   0.0001381819
       -0.0063755619  -0.0443288205  -0.0181063165  -0.0086504500  -0.0061633058
       -0.0289630052  -0.0003333408   0.0002324227   0.0000043976   0.0001446456
        0.0000239638   0.0000088756  -0.0000433555   0.0000360703   0.0001289091
        0.0020451935   0.0013014153   0.0058274117   0.0054201492   0.0009587113
        0.0206988759   0.0078285179   0.0520270118   0.0241013194  -0.0001276130
        0.0009553872  -0.0006939437   0.0005456403  -0.0059645544  -0.0033654868
       -0.0000434652   0.0000873166   0.0002805501  -0.0000973191  -0.0000553496
        0.0000306842  -0.0000254722  -0.0000037150   0.0001161991   0.0000718704
       -0.0000129338  -0.0000790554  -0.0003594393   0.0009063801   0.0000105849
       -0.0655895812  -0.0183894334  -0.2647903438  -0.0032703253  -0.0054368672
       -0.0128166687  -0.0004632882   0.0000376841   0.0001062455   0.0002551181
       -0.0003528237  -0.0001331202  -0.0003397028  -0.0000817328  -0.0004363833
       -0.0040386591   0.0003992775  -0.0054185294  -0.0052820190   0.0011525738
       -0.0230225198   0.0778476975   0.0241013194   0.3038386759   0.0000478058
        0.0005620557   0.0009510426   0.0005666190  -0.0030030859  -0.0000050729
       -0.0000361099   0.0002362995   0.0001917236  -0.0000808114   0.0001644659
        0.0000590338  -0.0000275713   0.0000665459  -0.0000411342  -0.0003323098
        0.0001489860   0.0001946127   0.0007431377   0.0003947351   0.0013224383
        0.0015287108   0.0001896591  -0.0006976776  -0.0856535747  -0.0662920681
        0.0654972848  -0.0264260157  -0.0165651072   0.0198632982  -0.0015034447
        0.0024483890   0.0026847982  -0.0000650929  -0.0004426307   0.0004010669
        0.0003447898   0.0003907498  -0.0002569108   0.0007969997   0.0003999676
        0.0000163332  -0.0000168737  -0.0001276130   0.0000478058   0.1047805410
        0.0722381751  -0.0756902873   0.0065753012   0.0070598543  -0.0087997532
        0.0003264006  -0.0001509118  -0.0002899836  -0.0007173491   0.0009749789
       -0.0025698136   0.0000239211  -0.0000462712  -0.0000857209   0.0000971120
       -0.0000458894  -0.0001042316  -0.0000914254  -0.0000312825  -0.0000162085
       -0.0128983035  -0.0264706676   0.0162161326  -0.0621723031  -0.1279314439
        0.0863053119   0.0006355650   0.0048497611  -0.0036883307   0.0011569400
        0.0001038329   0.0000411439  -0.0000378118   0.0000778692   0.0001624090
       -0.0001716511   0.0004195026   0.0003635229   0.0011171668  -0.0067057212
       -0.0021183578  -0.0003366681   0.0009553872   0.0005620557   0.0722381751
        0.1535791694  -0.1001724404  -0.0001519741   0.0007788278   0.0021098825
        0.0003939146   0.0003886612  -0.0001308064   0.0000918099  -0.0001008951
        0.0003246418   0.0000943743   0.0001242115  -0.0001283368  -0.0000165426
        0.0000893473   0.0000096246   0.0000573085  -0.0001578425   0.0001435473
       -0.0035644960  -0.0055040348   0.0055324347   0.0629017268   0.0875245968
       -0.1301826227   0.0054102018   0.0016333446  -0.0007495904  -0.0003949644
       -0.0004735990  -0.0006601263  -0.0000926047   0.0000600772  -0.0000841425
       -0.0003343647   0.0001763227   0.0000330262  -0.0000913016  -0.0022912450
        0.0006656465  -0.0003466752  -0.0006939437   0.0009510426  -0.0756902873
       -0.1001724404   0.1504990598   0.0121233117   0.0201100254  -0.0265069377
        0.0001413312  -0.0002224602   0.0001445781  -0.0000913555  -0.0001498966
        0.0003075139  -0.0000196749   0.0000011891  -0.0000268214  -0.0000279349
       -0.0000029338   0.0000554741   0.0000770879   0.0000049977   0.0000214650
        0.0011155388   0.0003435717   0.0007334987  -0.0819229437  -0.0096421850
       -0.0895771561  -0.0263500050   0.0003029047  -0.0267580253  -0.0020503924
        0.0035435566  -0.0003095979   0.0003048753  -0.0001477043  -0.0001990380
        0.0006890281   0.0005444902   0.0010345909  -0.0001931223  -0.0001128795
       -0.0001793519   0.0009652404   0.0005456403   0.0005666190   0.0065753012
       -0.0001519741   0.0121233117   0.1015226121   0.0062183226   0.1003607994
        0.0003454999  -0.0004052256  -0.0001604445  -0.0009053544  -0.0011652284
        0.0022847868  -0.0001156369  -0.0000557948   0.0000043070   0.0001330680
        0.0000994666   0.0000881330  -0.0001137091   0.0000830391  -0.0000124328
       -0.0106141116  -0.0082545500  -0.0284581610  -0.0081805049  -0.0444420221
       -0.0160021149   0.0038693645   0.0013038539   0.0056625153   0.0009400446
       -0.0002855168   0.0002990456  -0.0000574269   0.0001453671  -0.0003131818
       -0.0005528148   0.0008599290  -0.0003360686  -0.0001882779   0.0004907683
       -0.0003505086   0.0005673507  -0.0059645544  -0.0030030859   0.0070598543
        0.0007788278   0.0201100254   0.0062183226   0.0549249744   0.0220616557
        0.0007978383   0.0001366777   0.0005414687   0.0000280159   0.0002148970
       -0.0003736175   0.0000445322   0.0001300622   0.0000360246  -0.0000040295
       -0.0000330740  -0.0000005897   0.0000718424  -0.0000056402   0.0001265929
       -0.0042953989  -0.0061769064  -0.0128499717  -0.0853217493  -0.0164945659
       -0.2186174968  -0.0040438032   0.0000464292   0.0015146939   0.0008793540
        0.0007386764  -0.0000575509   0.0002020479   0.0000678887  -0.0001611214
        0.0002274362   0.0003158841   0.0002933268  -0.0000312723   0.0003901761
        0.0004394910   0.0004175106  -0.0033654868  -0.0000050729  -0.0087997532
        0.0021098825  -0.0265069377   0.1003607994   0.0220616557   0.2548379894
        0.0003322764   0.0001372214   0.0007795772   0.0000784922  -0.0000103883
        0.0001635577  -0.0000602182   0.0000191718   0.0000677405   0.0000474666
        0.0000352271   0.0000307668   0.0000068119   0.0001251344   0.0000710082
       -0.0045507419   0.0013461958   0.0005649280  -0.0058382009   0.0252483068
        0.0103320793  -0.0415277502   0.0053682010   0.0022215789  -0.0068480918
       -0.0273905087  -0.0120959337  -0.0028885396  -0.0013875977  -0.0010149579
       -0.0003378538   0.0012832309   0.0004392597  -0.0001350485  -0.0002598783
       -0.0000662042  -0.0001218557  -0.0000434652  -0.0000361099   0.0003264006
        0.0003939146   0.0001413312   0.0003454999   0.0007978383   0.0003322764
        0.0619452119  -0.0019464607   0.0005192903   0.0002475076  -0.0023834521
       -0.0008955814  -0.0001543260  -0.0002245092  -0.0001630880  -0.0002561205
       -0.0008105403  -0.0002807835  -0.0002060911   0.0000087248   0.0000019148
        0.0030560871   0.0002686966  -0.0004404001   0.0044100958  -0.0144465541
       -0.0066887902   0.0021465386  -0.2458308414  -0.0920255652  -0.0051496515
       -0.0202967942  -0.0087188335  -0.0025232324   0.0028691846  -0.0042744155
        0.0003024098  -0.0007570160  -0.0002684055  -0.0000299599   0.0004989852
       -0.0000384873  -0.0000350982   0.0000873166   0.0002362995  -0.0001509118
        0.0003886612  -0.0002224602  -0.0004052256   0.0001366777   0.0001372214
       -0.0019464607   0.2769613684   0.1097243117   0.0006296371   0.0003179791
        0.0027999499   0.0003112162   0.0010089812   0.0001598904  -0.0005288768
       -0.0011532023  -0.0005065322  -0.0000865678  -0.0000534424   0.0001262168
        0.0011727664  -0.0001945628   0.0012907033   0.0012564773  -0.0067704978
       -0.0013480683   0.0011173040  -0.0920581205  -0.0742697377  -0.0027306433
       -0.0089424686  -0.0045667155  -0.0009912523  -0.0044761302   0.0102747058
        0.0000987626  -0.0003570805  -0.0001081974   0.0000037051   0.0000263710
       -0.0000979139  -0.0000427417   0.0002805501   0.0001917236  -0.0002899836
       -0.0001308064   0.0001445781  -0.0001604445   0.0005414687   0.0007795772
        0.0005192903   0.1097243117   0.0722022173   0.0003870213   0.0029102839
       -0.0049574999  -0.0008061476  -0.0024679118  -0.0008336972   0.0003339720
        0.0007567152   0.0005967278   0.0001319141   0.0011578782   0.0007015967
        0.0001940530  -0.0000541620  -0.0000161339  -0.0017326044  -0.0025035547
       -0.0012681510  -0.0355361058   0.0135703940   0.0054420355  -0.1989157721
        0.1083817090   0.0474521862   0.0019802106  -0.0009916604  -0.0007493190
        0.0000644542   0.0000289584   0.0000040646   0.0000143187  -0.0001191817
        0.0000115032  -0.0000166152  -0.0000973191  -0.0000808114  -0.0007173491
        0.0000918099  -0.0000913555  -0.0009053544   0.0000280159   0.0000784922
        0.0002475076   0.0006296371   0.0003870213   0.2332383821  -0.1165321897
       -0.0499429886  -0.0001747831  -0.0000900129   0.0001099366   0.0014014102
       -0.0015461640  -0.0006602298   0.0008582476  -0.0007962799  -0.0006762504
       -0.0000770044   0.0001009530  -0.0000046956  -0.0016280609   0.0024056016
       -0.0047575135  -0.0078603849   0.0034427462   0.0017474159   0.1105329632
       -0.1164625573  -0.0360139509   0.0191631248  -0.0188248278  -0.0115975880
        0.0000229626   0.0001321696   0.0000992212  -0.0001252004   0.0000586641
       -0.0001327721  -0.0000960339  -0.0000553496   0.0001644659   0.0009749789
       -0.0001008951  -0.0001498966  -0.0011652284   0.0002148970  -0.0000103883
       -0.0023834521   0.0003179791   0.0029102839  -0.1165321897   0.1337879556
        0.0495221210  -0.0002038553  -0.0008076054  -0.0003191881   0.0005941369
        0.0007092651   0.0000544479  -0.0012167565  -0.0049189960  -0.0015119626
        0.0000579316  -0.0001667376  -0.0000149840  -0.0011910698  -0.0043198105
        0.0108797220  -0.0044257046   0.0017725469  -0.0000241714   0.0488645004
       -0.0351471037  -0.0487487145   0.0062588412  -0.0102453174  -0.0019023394
        0.0000401481  -0.0000091043  -0.0000547063   0.0000659384   0.0000077264
       -0.0001157293  -0.0000469492   0.0000306842   0.0000590338  -0.0025698136
        0.0003246418   0.0003075139   0.0022847868  -0.0003736175   0.0001635577
       -0.0008955814   0.0027999499  -0.0049574999  -0.0499429886   0.0495221210
        0.0452508786   0.0006728685  -0.0007255753  -0.0006837504   0.0009593170
       -0.0004182586   0.0002302811  -0.0001322248  -0.0030521453  -0.0003890920
       -0.0000924573   0.0000269662   0.0002938130  -0.0002294440  -0.0002543821
       -0.0000382213   0.0008082387  -0.0011623441  -0.0003067935  -0.0010997011
       -0.0083005066   0.0045482581  -0.0426207731  -0.0110217445   0.0146491257
        0.0001257543   0.0001217594  -0.0001360579  -0.0008982382   0.0001361298
       -0.0000975970   0.0000727436  -0.0000254722  -0.0000275713   0.0000239211
        0.0000943743  -0.0000196749  -0.0001156369   0.0000445322  -0.0000602182
       -0.0001543260   0.0003112162  -0.0008061476  -0.0001747831  -0.0002038553
        0.0006728685   0.0476352765   0.0148281556  -0.0146355527  -0.0004509987
        0.0200678111  -0.0241881330  -0.0028295759  -0.0146626401   0.0201519023
        0.0001211528  -0.0001925334   0.0001394676  -0.0004248441  -0.0003453677
        0.0006703690   0.0029402071  -0.0014914703   0.0006038584  -0.0080405191
       -0.0286417753   0.0150232726  -0.0108268550  -0.1435039794   0.1197701179
        0.0001259912   0.0000615108   0.0000186637  -0.0001454734   0.0004654879
       -0.0001988296  -0.0000363159  -0.0000037150   0.0000665459  -0.0000462712
        0.0001242115   0.0000011891  -0.0000557948   0.0001300622   0.0000191718
       -0.0002245092   0.0010089812  -0.0024679118  -0.0000900129  -0.0008076054
       -0.0007255753   0.0148281556   0.1704266436  -0.1342759359   0.0015025907
       -0.0030697159   0.0060966109   0.0003724981   0.0058392652  -0.0047410141
        0.0000114985   0.0000769610  -0.0003253456  -0.0000231585   0.0000237304
        0.0001588469  -0.0006034511  -0.0012053727   0.0001781652  -0.0002804407
       -0.0053181020   0.0099928079   0.0132650671   0.1134083023  -0.1674659197
       -0.0000804446  -0.0000842937   0.0000810437   0.0001135754  -0.0001492553
        0.0004423553  -0.0000313645   0.0001161991  -0.0000411342  -0.0000857209
       -0.0001283368  -0.0000268214   0.0000043070   0.0000360246   0.0000677405
       -0.0001630880   0.0001598904  -0.0008336972   0.0001099366  -0.0003191881
       -0.0006837504  -0.0146355527  -0.1342759359   0.1938144074  -0.0017335550
        0.0125743109  -0.0148246987   0.0041323911   0.0150850658  -0.0205339997
       -0.0005532431   0.0001866851  -0.0002076946   0.0003117715   0.0002074222
        0.0000049163   0.0008379752  -0.0008338739  -0.0012092454  -0.0106311062
       -0.0040625125  -0.0060706453  -0.2323015796   0.0174404106  -0.0956660983
       -0.0000995637  -0.0001505553  -0.0000842406  -0.0001600551  -0.0002795837
        0.0003438256   0.0000333046   0.0000718704  -0.0003323098   0.0000971120
       -0.0000165426  -0.0000279349   0.0001330680  -0.0000040295   0.0000474666
       -0.0002561205  -0.0005288768   0.0003339720   0.0014014102   0.0005941369
        0.0009593170  -0.0004509987   0.0015025907  -0.0017335550   0.2670327491
       -0.0182278339   0.1128931623  -0.0253947238   0.0041006924  -0.0092509359
        0.0003109942   0.0000037753   0.0000685816   0.0000123810  -0.0001434616
        0.0000409477  -0.0005979066  -0.0037608288  -0.0026933223  -0.0258591731
       -0.0035590535  -0.0151707208   0.0174932246  -0.0419439360   0.0080430736
        0.0001116978   0.0000654154   0.0000052006  -0.0000544241   0.0001076232
       -0.0001495267  -0.0000498137  -0.0000129338   0.0001489860  -0.0000458894
        0.0000893473  -0.0000029338   0.0000994666  -0.0000330740   0.0000352271
       -0.0008105403  -0.0011532023   0.0007567152  -0.0015461640   0.0007092651
       -0.0004182586   0.0200678111  -0.0030697159   0.0125743109  -0.0182278339
        0.0531249485  -0.0071028885   0.0090961697  -0.0004241687   0.0038646081
        0.0004049114   0.0001388594   0.0000033075   0.0000499956  -0.0001229633
        0.0000644505  -0.0001973179  -0.0017530354  -0.0011789221  -0.0117877610
       -0.0022262271  -0.0062684147  -0.0949418008   0.0076477825  -0.0938952437
        0.0000884057   0.0000187975   0.0001313679   0.0000550829  -0.0000080065
       -0.0001671809  -0.0001231630  -0.0000790554   0.0001946127  -0.0001042316
        0.0000096246   0.0000554741   0.0000881330  -0.0000005897   0.0000307668
       -0.0002807835  -0.0005065322   0.0005967278  -0.0006602298   0.0000544479
        0.0002302811  -0.0241881330   0.0060966109  -0.0148246987   0.1128931623
       -0.0071028885   0.1061980897   0.0187037298  -0.0021668247   0.0088293819
       -0.0025094166   0.0000295196  -0.0012097255   0.0002167575  -0.0003374508
        0.0000707538   0.0008293413  -0.0007015846  -0.0006530431   0.0052431121
        0.0022443627  -0.0027511846  -0.1613161550   0.0527508224   0.1127574568
       -0.0005252328   0.0000369609   0.0001712420  -0.0007000481   0.0001878415
       -0.0008542024  -0.0032097538  -0.0003594393   0.0007431377  -0.0000914254
        0.0000573085   0.0000770879  -0.0001137091   0.0000718424   0.0000068119
       -0.0002060911  -0.0000865678   0.0001319141   0.0008582476  -0.0012167565
       -0.0001322248  -0.0028295759   0.0003724981   0.0041323911  -0.0253947238
        0.0090961697   0.0187037298   0.1897486730  -0.0621455269  -0.1311941446
        0.0002359895   0.0000921352  -0.0003144801  -0.0003806496   0.0000960585
       -0.0004489617   0.0015047986   0.0009203972   0.0003377988   0.0180932986
       -0.0142825628  -0.0197590109   0.0539011400  -0.0637601709  -0.0514779409
        0.0001982466   0.0000372004   0.0001855036   0.0003351410   0.0002656830
        0.0003842166  -0.0004446915   0.0009063801   0.0003947351  -0.0000312825
       -0.0001578425   0.0000049977   0.0000830391  -0.0000056402   0.0001251344
        0.0000087248  -0.0000534424   0.0011578782  -0.0007962799  -0.0049189960
       -0.0030521453  -0.0146626401   0.0058392652   0.0150850658   0.0041006924
       -0.0004241687  -0.0021668247  -0.0621455269   0.0754457037   0.0595440333
        0.0002116800  -0.0001662179   0.0002567418  -0.0002364667  -0.0001395190
       -0.0005431044   0.0003999779   0.0001946777   0.0004538260   0.0087141989
       -0.0070140856  -0.0082517597   0.1123732635  -0.0512022328  -0.1513331762
        0.0003541988   0.0002203403   0.0000608531  -0.0009588791   0.0005444308
       -0.0011590118   0.0001381819   0.0000105849   0.0013224383  -0.0000162085
        0.0001435473   0.0000214650  -0.0000124328   0.0001265929   0.0000710082
        0.0000019148   0.0001262168   0.0007015967  -0.0006762504  -0.0015119626
       -0.0003890920   0.0201519023  -0.0047410141  -0.0205339997  -0.0092509359
        0.0038646081   0.0088293819  -0.1311941446   0.0595440333   0.1704928330
