           1           2   1.01815461752538     
           2           3   1.02395344033430     
           3           4   1.92737197492543     
           4           5   1.03334637606721     
           1           6  0.987014264744068     
           1           7  0.986989629477265     
           1           8  0.984918520904332     
           2           9  0.961246528112736     
           2          10  0.963124765171848     
           3          11  0.965983711630944     
           4          12  0.967857987850156     
           5          13  0.966769053398659     
           5          14  0.984097854601000     
           5          15  0.976785307452288     
