$hessian                                                                        
        0.4686184117   0.0054876043   0.0022482658  -0.2196276682  -0.0047468509
        0.0008592119  -0.0234981662  -0.0076237491   0.0008900414   0.0016528569
       -0.0030055110   0.0002999637  -0.0005508093   0.0011233615  -0.0001593122
       -0.0020480481   0.0027058799  -0.0004644444  -0.0238308567   0.0042775566
       -0.0006201581  -0.0000524565  -0.0000816507   0.0000530867  -0.0697943569
        0.0353606628  -0.0697994264  -0.0653303676  -0.0702982369   0.0012056287
       -0.0669196852   0.0369741634   0.0651843027   0.0009066402   0.0010285188
       -0.0000055710  -0.0006385657   0.0002062755  -0.0000016925   0.0011487917
       -0.0013499069   0.0003076587  -0.0000385878   0.0000146156   0.0000111185
        0.0000547720  -0.0000801998   0.0000028485  -0.0000519041   0.0000074668
       -0.0000115221
        0.0054876043   0.5262714562  -0.0051477221  -0.0089680281  -0.0652905475
        0.0008730445  -0.0263623374  -0.0027342169   0.0005622622  -0.0022366943
       -0.0040903434   0.0016486465  -0.0002979125  -0.0000365780  -0.0000299294
        0.0047781214  -0.0042764246   0.0014437557   0.0218189433  -0.0003196190
        0.0000430694   0.0001638399   0.0002170426  -0.0002628551   0.0371994588
       -0.0909190341   0.0876702171  -0.0703937602  -0.2632704736   0.0058249919
        0.0393832358  -0.0976321489  -0.0918254465  -0.0008654640   0.0013342097
       -0.0005566590  -0.0015225485  -0.0001478849   0.0000123149   0.0017657924
        0.0008560264  -0.0002362221   0.0000330941  -0.0000156498   0.0000430747
       -0.0000935929   0.0000589042  -0.0000130730   0.0001102478  -0.0000047182
       -0.0000494695
        0.0022482658  -0.0051477221   0.4899128818  -0.0001582528   0.0008712231
       -0.0589914428   0.0033228637   0.0005285058   0.0000263770   0.0001287148
        0.0014709804   0.0071906736   0.0000486105  -0.0000531292  -0.0002639399
       -0.0008260010   0.0016084866   0.0075067279  -0.0029837362   0.0000072792
        0.0011634773  -0.0000035643  -0.0002627737  -0.0018371792  -0.0722583540
        0.0878173307  -0.2016221569   0.0014630546   0.0058759541  -0.0448335541
        0.0688324203  -0.0919406176  -0.1945150583   0.0001678590  -0.0004263874
       -0.0023072737   0.0001691001   0.0000390807   0.0001830315  -0.0001725790
       -0.0003678237  -0.0015146871  -0.0003226068  -0.0000918593  -0.0000198706
        0.0000130321  -0.0000092207  -0.0000320993   0.0003311730   0.0000806931
       -0.0000459073
       -0.2196276682  -0.0089680281  -0.0001582528   0.6459215203  -0.0033861693
        0.0010219093  -0.1423253743  -0.1289133250   0.0166792556  -0.0326106753
       -0.0282939684   0.0037201893   0.0065245902   0.0051417540  -0.0005668178
       -0.0617313333   0.0250088868  -0.0035316224  -0.1486635325   0.1334736589
       -0.0179386452  -0.0002215387  -0.0002708228  -0.0000009513  -0.0197825261
        0.0043911320  -0.0040635602  -0.0140470848  -0.0061459820   0.0008927573
       -0.0201218068   0.0042164724   0.0048609279   0.0069372497   0.0136023001
       -0.0019524910  -0.0058998108  -0.0002058385  -0.0000611001   0.0045493329
       -0.0095746364   0.0010993685   0.0003400764   0.0000931042   0.0002315309
        0.0004027551  -0.0001984731   0.0000195092   0.0003558263   0.0000299352
       -0.0002520073
       -0.0047468509  -0.0652905475   0.0008712231  -0.0033861693   0.6283076534
       -0.0643460110  -0.0529200391  -0.2606175751   0.0276629813  -0.0820823562
        0.0276749761  -0.0043240405  -0.0013666363  -0.0711699296   0.0081656545
        0.0929050394   0.0360520483  -0.0021624148   0.0525904920  -0.2408185441
        0.0247119447  -0.0019821087  -0.0000564080   0.0000443085   0.0142037977
        0.0002715575   0.0006274360  -0.0292111814  -0.0036847105   0.0005496264
        0.0150021625   0.0008015229  -0.0007226887  -0.0095415170  -0.0271111907
        0.0040086461   0.0007541192   0.0020672480   0.0010096392   0.0108704421
       -0.0277211288   0.0040838545  -0.0004659909   0.0005956718   0.0001472883
       -0.0001558374   0.0001626949  -0.0000176644  -0.0004673656   0.0005366614
       -0.0003097831
        0.0008592119   0.0008730445  -0.0589914428   0.0010219093  -0.0643460110
        0.1498379540   0.0066876242   0.0272322317  -0.0550616548   0.0106374159
       -0.0040178988  -0.0022177502   0.0002533099   0.0082506374  -0.0102526507
       -0.0125339439  -0.0026364620   0.0169414840  -0.0073456060   0.0252151314
       -0.0561908218   0.0002315342   0.0000375484   0.0003273553  -0.0249112140
       -0.0001529508   0.0001539708   0.0008331037   0.0003623273   0.0003904747
        0.0243806120   0.0002182503  -0.0000390077   0.0012803338   0.0041441840
        0.0029578092  -0.0001300754   0.0010279351   0.0096109576  -0.0013927095
        0.0039502875   0.0024435212   0.0000690158  -0.0000879564  -0.0000602426
        0.0000204931  -0.0000077458   0.0001460407   0.0000389849  -0.0000625530
        0.0000040032
       -0.0234981662  -0.0263623374   0.0033228637  -0.1423253743  -0.0529200391
        0.0066876242   0.6696266960  -0.0164998573   0.0043021992  -0.3458646363
       -0.0396160718   0.0041045743  -0.0352679859   0.0877316049  -0.0117523412
       -0.0520008223  -0.0351169148   0.0044315279   0.0624342635  -0.0233799545
        0.0034538306   0.0020298653   0.0025376654  -0.0003327447   0.0002843320
       -0.0017998679   0.0008067303  -0.0065486017  -0.0009452150   0.0000661076
       -0.0000579754  -0.0017905023  -0.0003286104  -0.1095495660   0.1090557711
       -0.0147823075  -0.0179897629  -0.0029275331   0.0002997987  -0.0011456951
        0.0034213674  -0.0004861078   0.0003051708  -0.0006849061  -0.0000301296
       -0.0007323275  -0.0000548419   0.0000352557   0.0003005861  -0.0006483677
        0.0002017289
       -0.0076237491  -0.0027342169   0.0005285058  -0.1289133250  -0.2606175751
        0.0272322317  -0.0164998573   0.6433730877  -0.0694981984   0.0362169315
       -0.0956381529   0.0068092455   0.0251703580   0.0313534241  -0.0039906303
       -0.0356112500  -0.0135940383   0.0008429349   0.0348875880  -0.0640927301
        0.0088436382   0.0036534312  -0.0041928200   0.0013885741   0.0013937487
        0.0001627191   0.0005732025  -0.0003159948  -0.0000312609   0.0000710052
        0.0012353819  -0.0002057774  -0.0005168130   0.1089435930  -0.2264471041
        0.0256171211  -0.0265300729  -0.0021072216   0.0002522957   0.0028671278
       -0.0042392957   0.0016215272  -0.0000044199  -0.0004361416  -0.0001223754
        0.0014038317  -0.0001349224   0.0000748096  -0.0002733230  -0.0004179739
        0.0002729256
        0.0008900414   0.0005622622   0.0000263770   0.0166792556   0.0276629813
       -0.0550616548   0.0043021992  -0.0694981984   0.1283881710  -0.0058173393
        0.0064956502  -0.0457580119  -0.0034651267  -0.0036078795   0.0010826350
        0.0044226001   0.0008141516  -0.0061422656  -0.0042106368   0.0085226597
        0.0004565999  -0.0005056227   0.0013727792   0.0059904032  -0.0002455934
       -0.0000219275   0.0005999556  -0.0001776600   0.0000011484   0.0011013911
        0.0000280076  -0.0000201998   0.0007120486  -0.0147850885   0.0255881917
       -0.0400054959   0.0034527487   0.0003447065   0.0005162353  -0.0004195812
        0.0015885733   0.0076019294   0.0010150227   0.0002036475   0.0001435019
       -0.0001820322   0.0000472151   0.0002298001  -0.0009811945  -0.0000557613
        0.0001183798
        0.0016528569  -0.0022366943   0.0001287148  -0.0326106753  -0.0820823562
        0.0106374159  -0.3458646363   0.0362169315  -0.0058173393   0.6675971876
        0.0265207125  -0.0014389997  -0.1406876561   0.0478733616  -0.0066114900
        0.0616044887   0.0230757582  -0.0028545856  -0.0521368925   0.0259097938
       -0.0036870390  -0.0253878523   0.0250297540  -0.0034317761   0.0001950442
        0.0005471330  -0.0002222293  -0.0006530769   0.0001582873   0.0001259625
        0.0000057784   0.0006187220   0.0000772670  -0.0186600961   0.0034482739
       -0.0005363373  -0.1079365591  -0.1103716760   0.0143656557  -0.0000726316
        0.0006830801  -0.0000863091  -0.0002833676   0.0019544789   0.0003249164
       -0.0064804624   0.0008607442  -0.0001507583  -0.0002814495   0.0017936954
       -0.0008230686
       -0.0030055110  -0.0040903434   0.0014709804  -0.0282939684   0.0276749761
       -0.0040178988  -0.0396160718  -0.0956381529   0.0064956502   0.0265207125
        0.6421838941  -0.0701225914   0.1259418473  -0.2339822477   0.0239599149
       -0.0410190312  -0.0875189161   0.0137337668   0.0363041447  -0.0123942312
        0.0008448129   0.0083975520  -0.0024173540   0.0006190816   0.0003140186
       -0.0003783940   0.0002409175  -0.0013301162  -0.0001808152   0.0000189704
       -0.0000543771  -0.0003718873  -0.0001139075   0.0268980106  -0.0017794786
        0.0006810050  -0.1096760812  -0.2314447766   0.0258378215   0.0004634649
        0.0009923057  -0.0000797161  -0.0008894706  -0.0003443264  -0.0003027054
       -0.0000073499  -0.0001106394   0.0001858078  -0.0009477733  -0.0001996129
        0.0005480901
        0.0002999637   0.0016486465   0.0071906736   0.0037201893  -0.0043240405
       -0.0022177502   0.0041045743   0.0068092455  -0.0457580119  -0.0014389997
       -0.0701225914   0.1209398498  -0.0169330706   0.0237062830  -0.0594425681
        0.0055357124   0.0140138699   0.0162163999  -0.0049472214   0.0007714435
       -0.0076620906  -0.0011928700   0.0006641594   0.0019532093   0.0011767245
       -0.0002051551   0.0001950751   0.0003812398   0.0000674354   0.0002187319
       -0.0014942986   0.0002172325   0.0002411988  -0.0036144047   0.0005891075
        0.0024717102   0.0142654522   0.0258010973  -0.0372236514  -0.0000744265
       -0.0000998525   0.0002787626   0.0003394690   0.0000166957   0.0007068286
       -0.0000283435   0.0002023364   0.0013355570  -0.0000996902   0.0002440871
        0.0005560755
       -0.0005508093  -0.0002979125   0.0000486105   0.0065245902  -0.0013666363
        0.0002533099  -0.0352679859   0.0251703580  -0.0034651267  -0.1406876561
        0.1259418473  -0.0169330706   0.6355387523   0.0076402690   0.0006909317
       -0.1477866163  -0.1143935999   0.0147582531  -0.0507906152  -0.0413940855
        0.0052346475  -0.2114693613   0.0148061682  -0.0024935281   0.0004098526
       -0.0001241810   0.0002788898   0.0002311156   0.0002105116  -0.0000030625
        0.0003891275  -0.0001387715  -0.0002882350  -0.0061345025   0.0000910097
       -0.0000800403   0.0063909814  -0.0137358802   0.0018446883  -0.0072934206
       -0.0004831570  -0.0000006682  -0.0177043023  -0.0045876699  -0.0034752316
       -0.0138737363   0.0061581621  -0.0008546658  -0.0179254136  -0.0034964319
        0.0044842980
        0.0011233615  -0.0000365780  -0.0000531292   0.0051417540  -0.0711699296
        0.0082506374   0.0877316049   0.0313534241  -0.0036078795   0.0478733616
       -0.2339822477   0.0237062830   0.0076402690   0.6334573370  -0.0622243675
       -0.0642706961  -0.2942174173   0.0309122274  -0.1028584860   0.0211236132
       -0.0030893199   0.0082431519  -0.0657955162   0.0007190699   0.0003776941
        0.0003880402  -0.0003175878   0.0001624766   0.0002541275   0.0000988934
        0.0003867614   0.0004883109   0.0000790345  -0.0016424228   0.0024545359
        0.0009693016   0.0084645332  -0.0222358119   0.0030015057  -0.0014663176
        0.0006369369   0.0011847968  -0.0174620741   0.0004781377  -0.0012442704
        0.0314202685  -0.0039179739   0.0007128413  -0.0108652400   0.0007210114
        0.0009019633
       -0.0001593122  -0.0000299294  -0.0002639399  -0.0005668178   0.0081656545
       -0.0102526507  -0.0117523412  -0.0039906303   0.0010826350  -0.0066114900
        0.0239599149  -0.0594425681   0.0006909317  -0.0622243675   0.1701212438
        0.0082126189   0.0307005588  -0.0621450445   0.0132954830  -0.0026711699
        0.0021727697  -0.0015838175   0.0007168970  -0.0608304501  -0.0001825993
       -0.0000696973   0.0000020342  -0.0000482028  -0.0000166295   0.0000620217
        0.0000828443  -0.0000645546  -0.0000709778   0.0001568530   0.0009916141
        0.0097468030  -0.0011005651   0.0029480976  -0.0000380541   0.0001281134
        0.0012146868   0.0098053225  -0.0226197738   0.0000735586  -0.0002412941
       -0.0042766173   0.0006355911   0.0005840343   0.0263346924  -0.0003395950
       -0.0002918850
       -0.0020480481   0.0047781214  -0.0008260010  -0.0617313333   0.0929050394
       -0.0125339439  -0.0520008223  -0.0356112500   0.0044226001   0.0616044887
       -0.0410190312   0.0055357124  -0.1477866163  -0.0642706961   0.0082126189
        0.6134989037   0.0996001496  -0.0111129590  -0.3522762800  -0.0105889864
        0.0003306980  -0.0285919292  -0.0332632290   0.0042827948  -0.0018208293
        0.0000936849   0.0002441850   0.0006431325  -0.0004369987   0.0000252779
       -0.0015094375  -0.0001143391  -0.0000411898  -0.0001074958  -0.0005329170
        0.0000781228  -0.0001648139   0.0018849854  -0.0002869445  -0.0235850758
       -0.0103098525   0.0012484985  -0.0035561960  -0.0010436508  -0.0000159874
        0.0029519305  -0.0010626636   0.0001828116  -0.0035195780  -0.0010083663
        0.0002537057
        0.0027058799  -0.0042764246   0.0016084866   0.0250088868   0.0360520483
       -0.0026364620  -0.0351169148  -0.0135940383   0.0008141516   0.0230757582
       -0.0875189161   0.0140138699  -0.1143935999  -0.2942174173   0.0307005588
        0.0996001496   0.4759132420  -0.0516529156   0.0360290330  -0.1015534837
        0.0064229632  -0.0126675875  -0.0021873596   0.0000351691   0.0008500517
       -0.0001278843   0.0000495697  -0.0003023853  -0.0001241443  -0.0000200473
        0.0001049271  -0.0001151730   0.0001435902  -0.0002439134   0.0003554864
       -0.0006590348   0.0044823496  -0.0088075720   0.0021646680  -0.0305083231
       -0.0011112014  -0.0006257376   0.0003675531   0.0004415026   0.0003895662
        0.0002013796   0.0006274993  -0.0002045963   0.0008067552   0.0002438358
       -0.0005437999
       -0.0004644444   0.0014437557   0.0075067279  -0.0035316224  -0.0021624148
        0.0169414840   0.0044315279   0.0008429349  -0.0061422656  -0.0028545856
        0.0137337668   0.0162163999   0.0147582531   0.0309122274  -0.0621450445
       -0.0111129590  -0.0516529156   0.0878742128  -0.0058525675   0.0061649791
       -0.0551448409   0.0015733091   0.0000023919  -0.0013262704   0.0015076440
       -0.0002171618   0.0001693233   0.0001358990   0.0000978608  -0.0001136328
       -0.0017844688   0.0003107546   0.0001598906   0.0000446761  -0.0006766062
       -0.0046184387  -0.0006193515   0.0021420870   0.0070987280   0.0039584537
       -0.0005529101  -0.0050396666  -0.0016718318   0.0001573615  -0.0003316603
       -0.0000098296  -0.0002185842  -0.0009752569   0.0014918977  -0.0003275271
       -0.0001296899
       -0.0238308567   0.0218189433  -0.0029837362  -0.1486635325   0.0525904920
       -0.0073456060   0.0624342635   0.0348875880  -0.0042106368  -0.0521368925
        0.0363041447  -0.0049472214  -0.0507906152  -0.1028584860   0.0132954830
       -0.3522762800   0.0360290330  -0.0058525675   0.6551577175   0.0087353691
        0.0009185222  -0.0024971060  -0.0022507792   0.0002433290  -0.0030791335
        0.0005599220   0.0000163862   0.0007332334   0.0024382734  -0.0002360709
       -0.0022514235   0.0007263829  -0.0003570368  -0.0003722148  -0.0041778931
        0.0005468198  -0.0001367081   0.0014767848  -0.0002031800  -0.0784718521
       -0.0867161397   0.0111872951  -0.0017784145   0.0003436887   0.0003534693
       -0.0002696136  -0.0001596436   0.0000029880  -0.0017705715   0.0002523197
       -0.0004282370
        0.0042775566  -0.0003196190   0.0000072792   0.1334736589  -0.2408185441
        0.0252151314  -0.0233799545  -0.0640927301   0.0085226597   0.0259097938
       -0.0123942312   0.0007714435  -0.0413940855   0.0211236132  -0.0026711699
       -0.0105889864  -0.1015534837   0.0061649791   0.0087353691   0.6497215642
       -0.0684230269  -0.0019288779  -0.0043163811   0.0017821339  -0.0014519289
        0.0002362452  -0.0002205024  -0.0024674216   0.0007655120  -0.0001843607
       -0.0011645335   0.0002105836   0.0003238308  -0.0030471078  -0.0042378148
        0.0016681849   0.0002929231   0.0008675685  -0.0001598502  -0.0869332739
       -0.2445886249   0.0271023128  -0.0002024228  -0.0002513158   0.0000210061
        0.0005531023  -0.0000517481   0.0000120636  -0.0006838110  -0.0003005938
        0.0000678850
       -0.0006201581   0.0000430694   0.0011634773  -0.0179386452   0.0247119447
       -0.0561908218   0.0034538306   0.0088436382   0.0004565999  -0.0036870390
        0.0008448129  -0.0076620906   0.0052346475  -0.0030893199   0.0021727697
        0.0003306980   0.0064229632  -0.0551448409   0.0009185222  -0.0684230269
        0.1370428640   0.0002241672   0.0018021607   0.0091251597  -0.0009618518
        0.0000522562  -0.0002184027   0.0003566957  -0.0000570049  -0.0000238061
        0.0011847846   0.0000772661  -0.0003907152   0.0003662434   0.0017156453
        0.0085699301  -0.0000384978  -0.0001575692  -0.0003560517   0.0111549743
        0.0270999545  -0.0387762090   0.0019265049   0.0002587304   0.0000517044
       -0.0000745682   0.0000188751   0.0000947258  -0.0018303084  -0.0001643957
        0.0000857071
       -0.0000524565   0.0001638399  -0.0000035643  -0.0002215387  -0.0019821087
        0.0002315342   0.0020298653   0.0036534312  -0.0005056227  -0.0253878523
        0.0083975520  -0.0011928700  -0.2114693613   0.0082431519  -0.0015838175
       -0.0285919292  -0.0126675875   0.0015733091  -0.0024971060  -0.0019288779
        0.0002241672   0.4673031583   0.0013844207  -0.0001558415  -0.0000962518
        0.0000049301  -0.0000197074   0.0000201212   0.0000413637   0.0000104822
       -0.0001306704   0.0000055127   0.0000116665  -0.0008699978   0.0000015599
       -0.0000074594   0.0005183823  -0.0009685779   0.0001460406  -0.0010049168
        0.0001084592  -0.0000216654  -0.0679021170  -0.0449759285  -0.0626107128
       -0.0629207502   0.0677471158  -0.0092167868  -0.0687265791  -0.0272282565
        0.0731208479
       -0.0000816507   0.0002170426  -0.0002627737  -0.0002708228  -0.0000564080
        0.0000375484   0.0025376654  -0.0041928200   0.0013727792   0.0250297540
       -0.0024173540   0.0006641594   0.0148061682  -0.0657955162   0.0007168970
       -0.0332632290  -0.0021873596   0.0000023919  -0.0022507792  -0.0043163811
        0.0018021607   0.0013844207   0.5356297901  -0.0058861860  -0.0001340855
        0.0000063271  -0.0000612831   0.0000731936   0.0000449806  -0.0000044108
       -0.0000339606  -0.0000196344   0.0000421813   0.0015836825  -0.0002197184
       -0.0000095338   0.0007275045   0.0010181871  -0.0003132672  -0.0015466966
       -0.0001870534   0.0000746617  -0.0468830296  -0.1193920818  -0.1009015350
        0.0666292553  -0.2666552810   0.0300854371  -0.0283073902  -0.0714767196
        0.0726407730
        0.0000530867  -0.0002628551  -0.0018371792  -0.0000009513   0.0000443085
        0.0003273553  -0.0003327447   0.0013885741   0.0059904032  -0.0034317761
        0.0006190816   0.0019532093  -0.0024935281   0.0007190699  -0.0608304501
        0.0042827948   0.0000351691  -0.0013262704   0.0002433290   0.0017821339
        0.0091251597  -0.0001558415  -0.0058861860   0.4914838628  -0.0003212913
        0.0001077965  -0.0000574247  -0.0000306261  -0.0000259665  -0.0000069281
        0.0003885674  -0.0000977826  -0.0000571734  -0.0002231242  -0.0000182910
       -0.0003662349  -0.0000851355  -0.0003261020  -0.0013551062   0.0001955952
        0.0000825413   0.0004298832  -0.0654834509  -0.1016345978  -0.1737854618
       -0.0090439914   0.0300936961  -0.0489156743   0.0764390880   0.0733794101
       -0.2207719705
       -0.0697943569   0.0371994588  -0.0722583540  -0.0197825261   0.0142037977
       -0.0249112140   0.0002843320   0.0013937487  -0.0002455934   0.0001950442
        0.0003140186   0.0011767245   0.0004098526   0.0003776941  -0.0001825993
       -0.0018208293   0.0008500517   0.0015076440  -0.0030791335  -0.0014519289
       -0.0009618518  -0.0000962518  -0.0001340855  -0.0003212913   0.0852039482
       -0.0441682722   0.0817310988   0.0037284303  -0.0038200299   0.0069088879
        0.0045603546  -0.0039089733   0.0080540516   0.0000918052  -0.0006008604
       -0.0004384007   0.0001364205   0.0000078809   0.0000465907  -0.0000479677
       -0.0002513806  -0.0001003253  -0.0000599079  -0.0000096761  -0.0000180211
        0.0000430633  -0.0000193350  -0.0000057271   0.0000277222   0.0000178912
        0.0000183804
        0.0353606628  -0.0909190341   0.0878173307   0.0043911320   0.0002715575
       -0.0001529508  -0.0017998679   0.0001627191  -0.0000219275   0.0005471330
       -0.0003783940  -0.0002051551  -0.0001241810   0.0003880402  -0.0000696973
        0.0000936849  -0.0001278843  -0.0002171618   0.0005599220   0.0002362452
        0.0000522562   0.0000049301   0.0000063271   0.0001077965  -0.0441682722
        0.1016835626  -0.1022457838   0.0099265295  -0.0182489618   0.0276222656
       -0.0044526191   0.0068351401  -0.0129440992  -0.0001524616  -0.0001119541
        0.0001743742  -0.0000218770   0.0000149805   0.0000053821  -0.0001604081
        0.0001942840   0.0000753198   0.0000123337  -0.0000017010  -0.0000006911
        0.0000032865  -0.0000159704   0.0000098224  -0.0000199275   0.0000110433
       -0.0000070809
       -0.0697994264   0.0876702171  -0.2016221569  -0.0040635602   0.0006274360
        0.0001539708   0.0008067303   0.0005732025   0.0005999556  -0.0002222293
        0.0002409175   0.0001950751   0.0002788898  -0.0003175878   0.0000020342
        0.0002441850   0.0000495697   0.0001693233   0.0000163862  -0.0002205024
       -0.0002184027  -0.0000197074  -0.0000612831  -0.0000574247   0.0817310988
       -0.1022457838   0.2324267726  -0.0004973260   0.0029788894  -0.0024005130
       -0.0083459169   0.0114347847  -0.0291781491  -0.0002065532  -0.0005336439
       -0.0000822899   0.0000669993  -0.0000250884  -0.0000082946   0.0000458064
       -0.0001803841   0.0000202666  -0.0000263887  -0.0000001884  -0.0000225478
        0.0000068322   0.0000127470  -0.0000076551  -0.0000158199  -0.0000033019
        0.0000300356
       -0.0653303676  -0.0703937602   0.0014630546  -0.0140470848  -0.0292111814
        0.0008331037  -0.0065486017  -0.0003159948  -0.0001776600  -0.0006530769
       -0.0013301162   0.0003812398   0.0002311156   0.0001624766  -0.0000482028
        0.0006431325  -0.0003023853   0.0001358990   0.0007332334  -0.0024674216
        0.0003566957   0.0000201212   0.0000731936  -0.0000306261   0.0037284303
        0.0099265295  -0.0004973260   0.0784618647   0.0828790467  -0.0021830670
        0.0037328728   0.0094866872   0.0000378346  -0.0001138263   0.0003350176
       -0.0000832485  -0.0004391520   0.0000001970   0.0000149781  -0.0004521430
        0.0011405298  -0.0002004237   0.0000292418  -0.0000045655   0.0000053219
       -0.0000256643   0.0000254251  -0.0000037793   0.0000299043  -0.0000036782
       -0.0000037939
       -0.0702982369  -0.2632704736   0.0058759541  -0.0061459820  -0.0036847105
        0.0003623273  -0.0009452150  -0.0000312609   0.0000011484   0.0001582873
       -0.0001808152   0.0000674354   0.0002105116   0.0002541275  -0.0000166295
       -0.0004369987  -0.0001241443   0.0000978608   0.0024382734   0.0007655120
       -0.0000570049   0.0000413637   0.0000449806  -0.0000259665  -0.0038200299
       -0.0182489618   0.0029788894   0.0828790467   0.3034936545  -0.0067974506
       -0.0041448998  -0.0198287520  -0.0023042839   0.0001081762   0.0004342609
       -0.0000610064  -0.0000782725  -0.0000089154  -0.0000133024   0.0000451631
        0.0003780003  -0.0001090753   0.0000061706  -0.0000193685  -0.0000134195
       -0.0000296230   0.0000420908  -0.0000039576   0.0000122650  -0.0000152244
        0.0000184815
        0.0012056287   0.0058249919  -0.0448335541   0.0008927573   0.0005496264
        0.0003904747   0.0000661076   0.0000710052   0.0011013911   0.0001259625
        0.0000189704   0.0002187319  -0.0000030625   0.0000988934   0.0000620217
        0.0000252779  -0.0000200473  -0.0001136328  -0.0002360709  -0.0001843607
       -0.0000238061   0.0000104822  -0.0000044108  -0.0000069281   0.0069088879
        0.0276222656  -0.0024005130  -0.0021830670  -0.0067974506   0.0468406373
       -0.0067228151  -0.0271731598  -0.0010035906  -0.0000244602  -0.0000547360
       -0.0000711309   0.0000181838  -0.0000125278  -0.0001260300  -0.0000789394
        0.0000632603  -0.0000298685  -0.0000069716  -0.0000079168  -0.0000070851
       -0.0000001206  -0.0000012497   0.0000053976   0.0000022194   0.0000068464
       -0.0000025151
       -0.0669196852   0.0393832358   0.0688324203  -0.0201218068   0.0150021625
        0.0243806120  -0.0000579754   0.0012353819   0.0000280076   0.0000057784
       -0.0000543771  -0.0014942986   0.0003891275   0.0003867614   0.0000828443
       -0.0015094375   0.0001049271  -0.0017844688  -0.0022514235  -0.0011645335
        0.0011847846  -0.0001306704  -0.0000339606   0.0003885674   0.0045603546
       -0.0044526191  -0.0083459169   0.0037328728  -0.0041448998  -0.0067228151
        0.0820887038  -0.0458784672  -0.0773367691   0.0001404273  -0.0002359317
        0.0005991184   0.0001005296   0.0000080066  -0.0000418451  -0.0000205718
       -0.0001567701   0.0002180548   0.0000285511   0.0000183935  -0.0000232416
        0.0000345126  -0.0000155013   0.0000159000  -0.0000692871  -0.0000018083
        0.0000190458
        0.0369741634  -0.0976321489  -0.0919406176   0.0042164724   0.0008015229
        0.0002182503  -0.0017905023  -0.0002057774  -0.0000201998   0.0006187220
       -0.0003718873   0.0002172325  -0.0001387715   0.0004883109  -0.0000645546
       -0.0001143391  -0.0001151730   0.0003107546   0.0007263829   0.0002105836
        0.0000772661   0.0000055127  -0.0000196344  -0.0000977826  -0.0039089733
        0.0068351401   0.0114347847   0.0094866872  -0.0198287520  -0.0271731598
       -0.0458784672   0.1098885912   0.1072950202  -0.0000751395  -0.0001178316
       -0.0001249821  -0.0000253496   0.0000041592   0.0000111598  -0.0000991178
        0.0000762190  -0.0001434742  -0.0000178815   0.0000094721   0.0000066336
        0.0000071891  -0.0000178661  -0.0000074144   0.0000134120  -0.0000049284
        0.0000010832
        0.0651843027  -0.0918254465  -0.1945150583   0.0048609279  -0.0007226887
       -0.0000390077  -0.0003286104  -0.0005168130   0.0007120486   0.0000772670
       -0.0001139075   0.0002411988  -0.0002882350   0.0000790345  -0.0000709778
       -0.0000411898   0.0001435902   0.0001598906  -0.0003570368   0.0003238308
       -0.0003907152   0.0000116665   0.0000421813  -0.0000571734   0.0080540516
       -0.0129440992  -0.0291781491   0.0000378346  -0.0023042839  -0.0010035906
       -0.0773367691   0.1072950202   0.2243799975   0.0001727945   0.0004061560
       -0.0002016151  -0.0000614007   0.0000175732  -0.0000072330  -0.0000183929
        0.0001287531  -0.0000330578   0.0000174522   0.0000099973   0.0000296573
       -0.0000037106  -0.0000145935  -0.0000056714   0.0000190482  -0.0000043043
       -0.0000205433
        0.0009066402  -0.0008654640   0.0001678590   0.0069372497  -0.0095415170
        0.0012803338  -0.1095495660   0.1089435930  -0.0147850885  -0.0186600961
        0.0268980106  -0.0036144047  -0.0061345025  -0.0016424228   0.0001568530
       -0.0001074958  -0.0002439134   0.0000446761  -0.0003722148  -0.0030471078
        0.0003662434  -0.0008699978   0.0015836825  -0.0002231242   0.0000918052
       -0.0001524616  -0.0002065532  -0.0001138263   0.0001081762  -0.0000244602
        0.0001404273  -0.0000751395   0.0001727945   0.1266905337  -0.1220286062
        0.0166330285   0.0009207593   0.0006659317  -0.0000681460   0.0003374429
       -0.0006830384   0.0001134323   0.0001192066   0.0000250392   0.0000686604
       -0.0004586347   0.0000510777  -0.0000107861   0.0001222692   0.0000041598
       -0.0000713182
        0.0010285188   0.0013342097  -0.0004263874   0.0136023001  -0.0271111907
        0.0041441840   0.1090557711  -0.2264471041   0.0255881917   0.0034482739
       -0.0017794786   0.0005891075   0.0000910097   0.0024545359   0.0009916141
       -0.0005329170   0.0003554864  -0.0006766062  -0.0041778931  -0.0042378148
        0.0017156453   0.0000015599  -0.0002197184  -0.0000182910  -0.0006008604
       -0.0001119541  -0.0005336439   0.0003350176   0.0004342609  -0.0000547360
       -0.0002359317  -0.0001178316   0.0004061560  -0.1220286062   0.2557625237
       -0.0312213023  -0.0007511496   0.0011544962  -0.0005760160   0.0007501444
       -0.0014941907   0.0001023565  -0.0000115638   0.0000149278   0.0000163608
        0.0000214403   0.0000061892  -0.0000273457   0.0000048861   0.0000026534
       -0.0000192874
       -0.0000055710  -0.0005566590  -0.0023072737  -0.0019524910   0.0040086461
        0.0029578092  -0.0147823075   0.0256171211  -0.0400054959  -0.0005363373
        0.0006810050   0.0024717102  -0.0000800403   0.0009693016   0.0097468030
        0.0000781228  -0.0006590348  -0.0046184387   0.0005468198   0.0016681849
        0.0085699301  -0.0000074594  -0.0000095338  -0.0003662349  -0.0004384007
        0.0001743742  -0.0000822899  -0.0000832485  -0.0000610064  -0.0000711309
        0.0005991184  -0.0001249821  -0.0002016151   0.0166330285  -0.0312213023
        0.0278705898   0.0001107772  -0.0005704318  -0.0030800114  -0.0000801652
        0.0001130953  -0.0007021709  -0.0000613755   0.0000297116  -0.0000118417
       -0.0000046482  -0.0000239913  -0.0001714692   0.0000641779  -0.0000344982
        0.0000011301
       -0.0006385657  -0.0015225485   0.0001691001  -0.0058998108   0.0007541192
       -0.0001300754  -0.0179897629  -0.0265300729   0.0034527487  -0.1079365591
       -0.1096760812   0.0142654522   0.0063909814   0.0084645332  -0.0011005651
       -0.0001648139   0.0044823496  -0.0006193515  -0.0001367081   0.0002929231
       -0.0000384978   0.0005183823   0.0007275045  -0.0000851355   0.0001364205
       -0.0000218770   0.0000669993  -0.0004391520  -0.0000782725   0.0000181838
        0.0001005296  -0.0000253496  -0.0000614007   0.0009207593  -0.0007511496
        0.0001107772   0.1251164366   0.1235980076  -0.0160134464  -0.0000342749
        0.0000343638   0.0000007398   0.0000715974   0.0001475193  -0.0002161931
       -0.0000844327  -0.0000933492   0.0000108777   0.0000689731   0.0001973800
        0.0001697867
        0.0002062755  -0.0001478849   0.0000390807  -0.0002058385   0.0020672480
        0.0010279351  -0.0029275331  -0.0021072216   0.0003447065  -0.1103716760
       -0.2314447766   0.0258010973  -0.0137358802  -0.0222358119   0.0029480976
        0.0018849854  -0.0088075720   0.0021420870   0.0014767848   0.0008675685
       -0.0001575692  -0.0009685779   0.0010181871  -0.0003261020   0.0000078809
        0.0000149805  -0.0000250884   0.0000001970  -0.0000089154  -0.0000125278
        0.0000080066   0.0000041592   0.0000175732   0.0006659317   0.0011544962
       -0.0005704318   0.1235980076   0.2594254471  -0.0308574272  -0.0000209055
        0.0000360839  -0.0003218189   0.0003120204  -0.0000628921   0.0004779056
       -0.0003288491   0.0004009616  -0.0000617728   0.0003991703  -0.0001740577
       -0.0004657448
       -0.0000016925   0.0000123149   0.0001830315  -0.0000611001   0.0010096392
        0.0096109576   0.0002997987   0.0002522957   0.0005162353   0.0143656557
        0.0258378215  -0.0372236514   0.0018446883   0.0030015057  -0.0000380541
       -0.0002869445   0.0021646680   0.0070987280  -0.0002031800  -0.0001598502
       -0.0003560517   0.0001460406  -0.0003132672  -0.0013551062   0.0000465907
        0.0000053821  -0.0000082946   0.0000149781  -0.0000133024  -0.0001260300
       -0.0000418451   0.0000111598  -0.0000072330  -0.0000681460  -0.0005760160
       -0.0030800114  -0.0160134464  -0.0308574272   0.0273733717   0.0000127717
       -0.0003143447  -0.0023132712  -0.0003837342  -0.0000663038  -0.0001570433
        0.0000414166  -0.0000643804  -0.0000765102   0.0002881487   0.0000701050
       -0.0000410674
        0.0011487917   0.0017657924  -0.0001725790   0.0045493329   0.0108704421
       -0.0013927095  -0.0011456951   0.0028671278  -0.0004195812  -0.0000726316
        0.0004634649  -0.0000744265  -0.0072934206  -0.0014663176   0.0001281134
       -0.0235850758  -0.0305083231   0.0039584537  -0.0784718521  -0.0869332739
        0.0111549743  -0.0010049168  -0.0015466966   0.0001955952  -0.0000479677
       -0.0001604081   0.0000458064  -0.0004521430   0.0000451631  -0.0000789394
       -0.0000205718  -0.0000991178  -0.0000183929   0.0003374429   0.0007501444
       -0.0000801652  -0.0000342749  -0.0000209055   0.0000127717   0.1063270803
        0.1041414594  -0.0132784751  -0.0002227926  -0.0000295991   0.0000156177
        0.0002041709  -0.0001054472   0.0000141215  -0.0002154766  -0.0000335053
       -0.0000101853
       -0.0013499069   0.0008560264  -0.0003678237  -0.0095746364  -0.0277211288
        0.0039502875   0.0034213674  -0.0042392957   0.0015885733   0.0006830801
        0.0009923057  -0.0000998525  -0.0004831570   0.0006369369   0.0012146868
       -0.0103098525  -0.0011112014  -0.0005529101  -0.0867161397  -0.2445886249
        0.0270999545   0.0001084592  -0.0001870534   0.0000825413  -0.0002513806
        0.0001942840  -0.0001803841   0.0011405298   0.0003780003   0.0000632603
       -0.0001567701   0.0000762190   0.0001287531  -0.0006830384  -0.0014941907
        0.0001130953   0.0000343638   0.0000360839  -0.0003143447   0.1041414594
        0.2761672694  -0.0327324349   0.0000275493  -0.0000162279   0.0000249512
       -0.0000139286   0.0000412176  -0.0000094853  -0.0000179988  -0.0000206203
       -0.0000088680
        0.0003076587  -0.0002362221  -0.0015146871   0.0010993685   0.0040838545
        0.0024435212  -0.0004861078   0.0016215272   0.0076019294  -0.0000863091
       -0.0000797161   0.0002787626  -0.0000006682   0.0011847968   0.0098053225
        0.0012484985  -0.0006257376  -0.0050396666   0.0111872951   0.0271023128
       -0.0387762090  -0.0000216654   0.0000746617   0.0004298832  -0.0001003253
        0.0000753198   0.0000202666  -0.0002004237  -0.0001090753  -0.0000298685
        0.0002180548  -0.0001434742  -0.0000330578   0.0001134323   0.0001023565
       -0.0007021709   0.0000007398  -0.0003218189  -0.0023132712  -0.0132784751
       -0.0327324349   0.0278059576   0.0001750035   0.0000058930   0.0000401967
        0.0000036801  -0.0000128908  -0.0000613358  -0.0001797566   0.0000106477
        0.0000444270
       -0.0000385878   0.0000330941  -0.0003226068   0.0003400764  -0.0004659909
        0.0000690158   0.0003051708  -0.0000044199   0.0010150227  -0.0002833676
       -0.0008894706   0.0003394690  -0.0177043023  -0.0174620741  -0.0226197738
       -0.0035561960   0.0003675531  -0.0016718318  -0.0017784145  -0.0002024228
        0.0019265049  -0.0679021170  -0.0468830296  -0.0654834509  -0.0000599079
        0.0000123337  -0.0000263887   0.0000292418   0.0000061706  -0.0000069716
        0.0000285511  -0.0000178815   0.0000174522   0.0001192066  -0.0000115638
       -0.0000613755   0.0000715974   0.0003120204  -0.0003837342  -0.0002227926
        0.0000275493   0.0001750035   0.0824082648   0.0553216442   0.0731086425
        0.0036190011   0.0045592832   0.0061180927   0.0046245757   0.0052972046
        0.0078069301
        0.0000146156  -0.0000156498  -0.0000918593   0.0000931042   0.0005956718
       -0.0000879564  -0.0006849061  -0.0004361416   0.0002036475   0.0019544789
       -0.0003443264   0.0000166957  -0.0045876699   0.0004781377   0.0000735586
       -0.0010436508   0.0004415026   0.0001573615   0.0003436887  -0.0002513158
        0.0002587304  -0.0449759285  -0.1193920818  -0.1016345978  -0.0000096761
       -0.0000017010  -0.0000001884  -0.0000045655  -0.0000193685  -0.0000079168
        0.0000183935   0.0000094721   0.0000099973   0.0000250392   0.0000149278
        0.0000297116   0.0001475193  -0.0000628921  -0.0000663038  -0.0000295991
       -0.0000162279   0.0000058930   0.0553216442   0.1346697088   0.1180773364
       -0.0095760324  -0.0217840621  -0.0243017748   0.0029935448   0.0061143461
        0.0073576654
        0.0000111185   0.0000430747  -0.0000198706   0.0002315309   0.0001472883
       -0.0000602426  -0.0000301296  -0.0001223754   0.0001435019   0.0003249164
       -0.0003027054   0.0007068286  -0.0034752316  -0.0012442704  -0.0002412941
       -0.0000159874   0.0003895662  -0.0003316603   0.0003534693   0.0000210061
        0.0000517044  -0.0626107128  -0.1009015350  -0.1737854618  -0.0000180211
       -0.0000006911  -0.0000225478   0.0000053219  -0.0000134195  -0.0000070851
       -0.0000232416   0.0000066336   0.0000296573   0.0000686604   0.0000163608
       -0.0000118417  -0.0002161931   0.0004779056  -0.0001570433   0.0000156177
        0.0000249512   0.0000401967   0.0731086425   0.1180773364   0.1999509873
        0.0009874052   0.0001703912   0.0020181430  -0.0087171657  -0.0167895172
       -0.0283039718
        0.0000547720  -0.0000935929   0.0000130321   0.0004027551  -0.0001558374
        0.0000204931  -0.0007323275   0.0014038317  -0.0001820322  -0.0064804624
       -0.0000073499  -0.0000283435  -0.0138737363   0.0314202685  -0.0042766173
        0.0029519305   0.0002013796  -0.0000098296  -0.0002696136   0.0005531023
       -0.0000745682  -0.0629207502   0.0666292553  -0.0090439914   0.0000430633
        0.0000032865   0.0000068322  -0.0000256643  -0.0000296230  -0.0000001206
        0.0000345126   0.0000071891  -0.0000037106  -0.0004586347   0.0000214403
       -0.0000046482  -0.0000844327  -0.0003288491   0.0000414166   0.0002041709
       -0.0000139286   0.0000036801   0.0036190011  -0.0095760324   0.0009874052
        0.0738730406  -0.0803783874   0.0109102071   0.0036623755  -0.0096561527
        0.0016407951
       -0.0000801998   0.0000589042  -0.0000092207  -0.0001984731   0.0001626949
       -0.0000077458  -0.0000548419  -0.0001349224   0.0000472151   0.0008607442
       -0.0001106394   0.0002023364   0.0061581621  -0.0039179739   0.0006355911
       -0.0010626636   0.0006274993  -0.0002185842  -0.0001596436  -0.0000517481
        0.0000188751   0.0677471158  -0.2666552810   0.0300936961  -0.0000193350
       -0.0000159704   0.0000127470   0.0000254251   0.0000420908  -0.0000012497
       -0.0000155013  -0.0000178661  -0.0000145935   0.0000510777   0.0000061892
       -0.0000239913  -0.0000933492   0.0004009616  -0.0000643804  -0.0001054472
        0.0000412176  -0.0000128908   0.0045592832  -0.0217840621   0.0001703912
       -0.0803783874   0.3053132733  -0.0350694216   0.0027660342  -0.0139643676
        0.0042412261
        0.0000028485  -0.0000130730  -0.0000320993   0.0000195092  -0.0000176644
        0.0001460407   0.0000352557   0.0000748096   0.0002298001  -0.0001507583
        0.0001858078   0.0013355570  -0.0008546658   0.0007128413   0.0005840343
        0.0001828116  -0.0002045963  -0.0009752569   0.0000029880   0.0000120636
        0.0000947258  -0.0092167868   0.0300854371  -0.0489156743  -0.0000057271
        0.0000098224  -0.0000076551  -0.0000037793  -0.0000039576   0.0000053976
        0.0000159000  -0.0000074144  -0.0000056714  -0.0000107861  -0.0000273457
       -0.0001714692   0.0000108777  -0.0000617728  -0.0000765102   0.0000141215
       -0.0000094853  -0.0000613358   0.0061180927  -0.0243017748   0.0020181430
        0.0109102071  -0.0350694216   0.0516880493  -0.0070701086   0.0286357241
       -0.0058560756
       -0.0000519041   0.0001102478   0.0003311730   0.0003558263  -0.0004673656
        0.0000389849   0.0003005861  -0.0002733230  -0.0009811945  -0.0002814495
       -0.0009477733  -0.0000996902  -0.0179254136  -0.0108652400   0.0263346924
       -0.0035195780   0.0008067552   0.0014918977  -0.0017705715  -0.0006838110
       -0.0018303084  -0.0687265791  -0.0283073902   0.0764390880   0.0000277222
       -0.0000199275  -0.0000158199   0.0000299043   0.0000122650   0.0000022194
       -0.0000692871   0.0000134120   0.0000190482   0.0001222692   0.0000048861
        0.0000641779   0.0000689731   0.0003991703   0.0002881487  -0.0002154766
       -0.0000179988  -0.0001797566   0.0046245757   0.0029935448  -0.0087171657
        0.0036623755   0.0027660342  -0.0070701086   0.0833680271   0.0344765141
       -0.0861153862
        0.0000074668  -0.0000047182   0.0000806931   0.0000299352   0.0005366614
       -0.0000625530  -0.0006483677  -0.0004179739  -0.0000557613   0.0017936954
       -0.0001996129   0.0002440871  -0.0034964319   0.0007210114  -0.0003395950
       -0.0010083663   0.0002438358  -0.0003275271   0.0002523197  -0.0003005938
       -0.0001643957  -0.0272282565  -0.0714767196   0.0733794101   0.0000178912
        0.0000110433  -0.0000033019  -0.0000036782  -0.0000152244   0.0000068464
       -0.0000018083  -0.0000049284  -0.0000043043   0.0000041598   0.0000026534
       -0.0000344982   0.0001973800  -0.0001740577   0.0000701050  -0.0000335053
       -0.0000206203   0.0000106477   0.0052972046   0.0061143461  -0.0167895172
       -0.0096561527  -0.0139643676   0.0286357241   0.0344765141   0.0789492653
       -0.0846460598
       -0.0000115221  -0.0000494695  -0.0000459073  -0.0002520073  -0.0003097831
        0.0000040032   0.0002017289   0.0002729256   0.0001183798  -0.0008230686
        0.0005480901   0.0005560755   0.0044842980   0.0009019633  -0.0002918850
        0.0002537057  -0.0005437999  -0.0001296899  -0.0004282370   0.0000678850
        0.0000857071   0.0731208479   0.0726407730  -0.2207719705   0.0000183804
       -0.0000070809   0.0000300356  -0.0000037939   0.0000184815  -0.0000025151
        0.0000190458   0.0000010832  -0.0000205433  -0.0000713182  -0.0000192874
        0.0000011301   0.0001697867  -0.0004657448  -0.0000410674  -0.0000101853
       -0.0000088680   0.0000444270   0.0078069301   0.0073576654  -0.0283039718
        0.0016407951   0.0042412261  -0.0058560756  -0.0861153862  -0.0846460598
        0.2546238675
