$hessian                                                                        
        0.5885791381  -0.1483172626  -0.0613079265  -0.1468534311   0.1642227517
       -0.0575919635  -0.0208662041   0.0280066148  -0.0092772682  -0.0003426776
        0.0027946440  -0.0014103649  -0.2913730973   0.0592962687   0.0426654681
       -0.1286889469  -0.0946545996   0.0804000748   0.0058321777  -0.0141555894
        0.0063806517  -0.0033403208   0.0016433903   0.0003686930  -0.0029466381
        0.0011637820  -0.0002273646
       -0.1483172626   0.6686069948  -0.2768015864   0.1608497171  -0.4295657046
        0.1755384542   0.0167674267  -0.0129274525   0.0028053959  -0.0009588941
        0.0003723767   0.0001812097   0.0619632564  -0.0544123440  -0.0051919261
       -0.0961181887  -0.1500947081   0.0928047009   0.0061161641  -0.0231735204
        0.0115088815  -0.0008752524   0.0003898553  -0.0010111960   0.0005730335
        0.0008045028   0.0001660663
       -0.0613079265  -0.2768015864   0.2662661123  -0.0556932426   0.1745545094
       -0.1114128951  -0.0029856219  -0.0004357190   0.0019854575   0.0006498315
       -0.0009506248   0.0005462737   0.0411826997  -0.0044067152  -0.0408678341
        0.0811933362   0.0923817709  -0.1088675980  -0.0049081122   0.0173979371
       -0.0075995539   0.0000735536  -0.0004270441   0.0003802889   0.0017954821
       -0.0013125279  -0.0004302513
       -0.1468534311   0.1608497171  -0.0556932426   0.5193911410  -0.1438937784
       -0.0347011464  -0.1899793156   0.0493931673   0.0101174748  -0.0244904845
       -0.0078581649   0.0121635874  -0.0155666214   0.0271577968  -0.0112255725
        0.0078322173  -0.0141512774   0.0057497159  -0.1245890823  -0.0889783790
        0.0756470663  -0.0191862556   0.0093682320  -0.0041344884  -0.0065581677
        0.0081126864   0.0020766054
        0.1642227517  -0.4295657046   0.1745545094  -0.1438937784   0.6902761413
       -0.2731715430   0.0439071428  -0.0757776288  -0.0043322335  -0.0159832002
        0.0014410687   0.0050485954   0.0055962365  -0.0101391855   0.0027485745
        0.0042137484  -0.0221495687   0.0115044700  -0.0922415778  -0.1386990382
        0.0846810735   0.0074088629  -0.0018343206   0.0018565484   0.0267698141
       -0.0135517636  -0.0028899947
       -0.0575919635   0.1755384542  -0.1114128951  -0.0347011464  -0.2731715430
        0.2870690599   0.0131654147  -0.0059497567  -0.0611638265   0.0167244849
        0.0027406178  -0.0041953822   0.0007437650  -0.0035118590  -0.0005227720
       -0.0044376530   0.0168215293  -0.0074739416   0.0774876601   0.0837292588
       -0.1040982249  -0.0241421137   0.0102720700   0.0013792800   0.0127515519
       -0.0064687714   0.0004187024
       -0.0208662041   0.0167674267  -0.0029856219  -0.1899793156   0.0439071428
        0.0131654147   0.3964023913  -0.0459655374   0.0481351749  -0.0518401479
       -0.0339420878   0.0257568205   0.0009898051   0.0027411475   0.0021165446
       -0.0000576404  -0.0027348808  -0.0000089141  -0.0209498756   0.0020166675
        0.0055527380  -0.0783875789   0.0115942671  -0.0919007364  -0.0353114340
        0.0056158545   0.0001685798
        0.0280066148  -0.0129274525  -0.0004357190   0.0493931673  -0.0757776288
       -0.0059497567  -0.0459655374   0.4091358028   0.0493938030  -0.0340436022
       -0.0698737816   0.0330559199   0.0028900881  -0.0002864158   0.0068593448
       -0.0006234413  -0.0008349532  -0.0023122646  -0.0146289568   0.0032043236
        0.0035335540   0.0088252948  -0.0391231186   0.0158774810   0.0061463728
       -0.2135167759  -0.1000223623
       -0.0092772682   0.0028053959   0.0019854575   0.0101174748  -0.0043322335
       -0.0611638265   0.0481351749   0.0493938030   0.4321881612   0.0258367386
        0.0330402253  -0.0542990048   0.0020262696   0.0068748830   0.0090453971
       -0.0011723737  -0.0016868423  -0.0039735969   0.0147969813  -0.0013134840
       -0.0016878376  -0.0920722475   0.0193886331  -0.2267255762   0.0016092501
       -0.1041703806  -0.0953691738
       -0.0003426776  -0.0009588941   0.0006498315  -0.0244904845  -0.0159832002
        0.0167244849  -0.0518401479  -0.0340436022   0.0258367386   0.0835912059
        0.0587676605  -0.0510765078   0.0007072093  -0.0008941243   0.0002194158
       -0.0019505949   0.0017260395  -0.0003873216  -0.0040654976   0.0016711752
        0.0004675949   0.0024822615  -0.0008464213   0.0038503844  -0.0040912742
       -0.0094386331   0.0037153793
        0.0027946440   0.0003723767  -0.0009506248  -0.0078581649   0.0014410687
        0.0027406178  -0.0339420878  -0.0698737816   0.0330402253   0.0587676605
        0.0943386941  -0.0581772013   0.0006565791   0.0000396706  -0.0003051604
        0.0019462413   0.0010302823  -0.0011536094   0.0009334353   0.0007998969
       -0.0002861003  -0.0061699027  -0.0072257559   0.0101716325  -0.0171284048
       -0.0209224518   0.0149202206
       -0.0014103649   0.0001812097   0.0005462737   0.0121635874   0.0050485954
       -0.0041953822   0.0257568205   0.0330559199  -0.0542990048  -0.0510765078
       -0.0581772013   0.0679783141  -0.0006041706   0.0001906463   0.0000141818
       -0.0005302183  -0.0011097450   0.0006686162   0.0008958474  -0.0004798012
        0.0008292473   0.0153296802   0.0197388849  -0.0158500493  -0.0005246739
        0.0015514913   0.0043078032
       -0.2913730973   0.0619632564   0.0411826997  -0.0155666214   0.0055962365
        0.0007437650   0.0009898051   0.0028900881   0.0020262696   0.0007072093
        0.0006565791  -0.0006041706   0.3219561111  -0.0734535225  -0.0462495894
       -0.0170077600   0.0034389226   0.0038245889   0.0008160865  -0.0014051486
       -0.0010349612   0.0003671669  -0.0000792625   0.0001913598  -0.0008889002
        0.0003928509  -0.0000799617
        0.0592962687  -0.0544123440  -0.0044067152   0.0271577968  -0.0101391855
       -0.0035118590   0.0027411475  -0.0002864158   0.0068748830  -0.0008941243
        0.0000396706   0.0001906463  -0.0734535225   0.0615555385  -0.0003532912
       -0.0164723340   0.0041965794   0.0039432259   0.0002301357  -0.0005024121
       -0.0028250655   0.0018072370  -0.0008724936  -0.0000424797  -0.0004126049
        0.0004210625   0.0001306554
        0.0426654681  -0.0051919261  -0.0408678341  -0.0112255725   0.0027485745
       -0.0005227720   0.0021165446   0.0068593448   0.0090453971   0.0002194158
       -0.0003051604   0.0000141818  -0.0462495894  -0.0003532912   0.0361911159
        0.0149130980  -0.0018275300  -0.0006383241  -0.0019500933  -0.0023468474
       -0.0035701200   0.0017927658  -0.0008549579   0.0001845869  -0.0022820371
        0.0012717937   0.0001637686
       -0.1286889469  -0.0961181887   0.0811933362   0.0078322173   0.0042137484
       -0.0044376530  -0.0000576404  -0.0006234413  -0.0011723737  -0.0019505949
        0.0019462413  -0.0005302183  -0.0170077600  -0.0164723340   0.0149130980
        0.1396486676   0.1036491322  -0.0917389330   0.0006537926   0.0037265752
        0.0015432606  -0.0003654744  -0.0000069953   0.0000278137  -0.0000642610
       -0.0003147377   0.0002016694
       -0.0946545996  -0.1500947081   0.0923817709  -0.0141512774  -0.0221495687
        0.0168215293  -0.0027348808  -0.0008349532  -0.0016868423   0.0017260395
        0.0010302823  -0.0011097450   0.0034389226   0.0041965794  -0.0018275300
        0.1036491322   0.1685860777  -0.1113552182   0.0034801825  -0.0009555191
        0.0067975355  -0.0006876608   0.0003440303  -0.0002646790  -0.0000658582
       -0.0001222206   0.0002431788
        0.0804000748   0.0928047009  -0.1088675980   0.0057497159   0.0115044700
       -0.0074739416  -0.0000089141  -0.0023122646  -0.0039735969  -0.0003873216
       -0.0011536094   0.0006686162   0.0038245889   0.0039432259  -0.0006383241
       -0.0917389330  -0.1113552182   0.1117017580   0.0016777451   0.0067286406
        0.0088490659  -0.0001922121   0.0005627989  -0.0002270866   0.0006752562
       -0.0007227440  -0.0000388930
        0.0058321777   0.0061161641  -0.0049081122  -0.1245890823  -0.0922415778
        0.0774876601  -0.0209498756  -0.0146289568   0.0147969813  -0.0040654976
        0.0009334353   0.0008958474   0.0008160865   0.0002301357  -0.0019500933
        0.0006537926   0.0034801825   0.0016777451   0.1421557100   0.0966687029
       -0.0884127554   0.0000848552  -0.0003387220   0.0001048296   0.0000618334
       -0.0002193639   0.0003078974
       -0.0141555894  -0.0231735204   0.0173979371  -0.0889783790  -0.1386990382
        0.0837292588   0.0020166675   0.0032043236  -0.0013134840   0.0016711752
        0.0007998969  -0.0004798012  -0.0014051486  -0.0005024121  -0.0023468474
        0.0037265752  -0.0009555191   0.0067286406   0.0966687029   0.1587274360
       -0.1035224916   0.0002969324   0.0002392808  -0.0001813882   0.0001590638
        0.0003595526  -0.0000118242
        0.0063806517   0.0115088815  -0.0075995539   0.0756470663   0.0846810735
       -0.1040982249   0.0055527380   0.0035335540  -0.0016878376   0.0004675949
       -0.0002861003   0.0008292473  -0.0010349612  -0.0028250655  -0.0035701200
        0.0015432606   0.0067975355   0.0088490659  -0.0884127554  -0.1035224916
        0.1067988543   0.0000970275   0.0000626588   0.0002765005  -0.0002406224
        0.0000499541   0.0002020684
       -0.0033403208  -0.0008752524   0.0000735536  -0.0191862556   0.0074088629
       -0.0241421137  -0.0783875789   0.0088252948  -0.0920722475   0.0024822615
       -0.0061699027   0.0153296802   0.0003671669   0.0018072370   0.0017927658
       -0.0003654744  -0.0006876608  -0.0001922121   0.0000848552   0.0002969324
        0.0000970275   0.0970526304  -0.0101817450   0.1006363755   0.0012927157
       -0.0004237663  -0.0015228294
        0.0016433903   0.0003898553  -0.0004270441   0.0093682320  -0.0018343206
        0.0102720700   0.0115942671  -0.0391231186   0.0193886331  -0.0008464213
       -0.0072257559   0.0197388849  -0.0000792625  -0.0008724936  -0.0008549579
       -0.0000069953   0.0003440303   0.0005627989  -0.0003387220   0.0002392808
        0.0000626588  -0.0101817450   0.0477354866  -0.0233841250  -0.0111527433
        0.0003470356  -0.0253589187
        0.0003686930  -0.0010111960   0.0003802889  -0.0041344884   0.0018565484
        0.0013792800  -0.0919007364   0.0158774810  -0.2267255762   0.0038503844
        0.0101716325  -0.0158500493   0.0001913598  -0.0000424797   0.0001845869
        0.0000278137  -0.0002646790  -0.0002270866   0.0001048296  -0.0001813882
        0.0002765005   0.1006363755  -0.0233841250   0.2592349326  -0.0091442313
       -0.0030217941  -0.0186528770
       -0.0029466381   0.0005730335   0.0017954821  -0.0065581677   0.0267698141
        0.0127515519  -0.0353114340   0.0061463728   0.0016092501  -0.0040912742
       -0.0171284048  -0.0005246739  -0.0008889002  -0.0004126049  -0.0022820371
       -0.0000642610  -0.0000658582   0.0006752562   0.0000618334   0.0001590638
       -0.0002406224   0.0012927157  -0.0111527433  -0.0091442313   0.0485061261
       -0.0048886729  -0.0046399756
        0.0011637820   0.0008045028  -0.0013125279   0.0081126864  -0.0135517636
       -0.0064687714   0.0056158545  -0.2135167759  -0.1041703806  -0.0094386331
       -0.0209224518   0.0015514913   0.0003928509   0.0004210625   0.0012717937
       -0.0003147377  -0.0001222206  -0.0007227440  -0.0002193639   0.0003595526
        0.0000499541  -0.0004237663   0.0003470356  -0.0030217941  -0.0048886729
        0.2461810585   0.1128229789
       -0.0002273646   0.0001660663  -0.0004302513   0.0020766054  -0.0028899947
        0.0004187024   0.0001685798  -0.1000223623  -0.0953691738   0.0037153793
        0.0149202206   0.0043078032  -0.0000799617   0.0001306554   0.0001637686
        0.0002016694   0.0002431788  -0.0000388930   0.0003078974  -0.0000118242
        0.0002020684  -0.0015228294  -0.0253589187  -0.0186528770  -0.0046399756
        0.1128229789   0.1093988526
