           1           2   1.00742485285692     
           2           3   1.00253460595885     
           2           4  0.918456661188062     
           4           5   1.14277479988190     
           4           6  0.174664851141694     
           5           6   1.74790304560255     
           5           7  0.983952322776818     
           1           8  0.983841939769764     
           1           9  0.985081737850342     
           1          10  0.984463700907543     
           2          11  0.960850220266578     
           3          12  0.984368727167623     
           3          13  0.985501707331021     
           3          14  0.983867856453788     
           7          15  0.957138159759172     
           7          16  0.976225564584343     
           7          17  0.980039026930280     
