           1           2   1.01274212086326     
           2           3  0.938698954201123     
           3           4   1.13258488491868     
           3           5  0.172887685476260     
           4           5   1.75508523976067     
           4           6  0.985927481734917     
           1           7  0.986307331416211     
           1           8  0.983632959701501     
           1           9  0.984868744846177     
           2          10  0.972677478198229     
           2          11  0.969108223662515     
           6          12  0.956355305207032     
           6          13  0.979632908564168     
           6          14  0.975944248719056     
