$hessian                                                                        
        0.5182115364   0.0234635450  -0.0107658562  -0.0845795924   0.0487469582
       -0.0239786485  -0.0030172596   0.0073483300  -0.0047171825  -0.0145777943
        0.0202068438  -0.0051899278  -0.0036639193   0.0025897789   0.0013924539
        0.0018752828  -0.0177111099   0.0052418660  -0.1447212951  -0.1191808222
       -0.0113956766  -0.2117030072   0.0434498070   0.1059760292  -0.0584654589
       -0.0098122107  -0.0557015347   0.0003362618   0.0010750855  -0.0004146610
        0.0003052459  -0.0001762057  -0.0004468617
        0.0234635450   0.4699437054   0.0244620572   0.0519652462  -0.1465323007
        0.0436531831   0.0010833101  -0.0006376436   0.0021972948   0.0113491588
       -0.0124696073   0.0018114885   0.0009696452   0.0000247955  -0.0008136389
       -0.0039876168  -0.0290388528   0.0069361386  -0.1184916258  -0.1793911959
       -0.0134890250   0.0441317738  -0.0535376631  -0.0289346162  -0.0093221796
       -0.0490350069  -0.0361903061  -0.0006247044   0.0004463861   0.0003013353
       -0.0005365524   0.0002273833   0.0000660886
       -0.0107658562   0.0244620572   0.5164589605  -0.0235514837   0.0402841394
       -0.0880500882  -0.0133826046   0.0233031613  -0.0136819589   0.0047459779
       -0.0081649811   0.0048056143   0.0027817836  -0.0023141598   0.0003219409
        0.0016923286   0.0018937965   0.0024701747  -0.0115348266  -0.0136307816
       -0.0448881967   0.1053818821  -0.0287157876  -0.1106095394  -0.0558843668
       -0.0362690550  -0.2676989872  -0.0000246376  -0.0004210441   0.0002746872
        0.0005418033  -0.0004273453   0.0005973928
       -0.0845795924   0.0519652462  -0.0235514837   0.3761169979  -0.0580732741
        0.0203113649  -0.0504101510  -0.0039584928  -0.0503314794  -0.1335183344
        0.0214694330   0.0551715958  -0.0158289517   0.0142474087   0.0001495336
       -0.0629459573  -0.0422202127  -0.0055024798   0.0060864401  -0.0142696286
        0.0061341502  -0.0139546261   0.0232690340  -0.0085514462  -0.0042987215
        0.0075634054  -0.0060555272  -0.0200537238   0.0008538557   0.0123410356
        0.0033866201  -0.0008467749  -0.0001152637
        0.0487469582  -0.1465323007   0.0402841394  -0.0580732741   0.3642823325
        0.0035669368  -0.0033341496  -0.0394020479  -0.0264454806   0.0281843357
       -0.0609877909  -0.0256821535   0.0214783121  -0.0153028928  -0.0026096551
       -0.0413582447  -0.0697057581  -0.0057031820   0.0064152578  -0.0243677685
        0.0089474884   0.0062779291  -0.0101372452   0.0024954076  -0.0001372519
        0.0012031135   0.0026464010  -0.0158263107   0.0033752857   0.0102684957
        0.0076264380  -0.0024249275  -0.0077683977
       -0.0239786485   0.0436531831  -0.0880500882   0.0203113649   0.0035669368
        0.5073245268  -0.0549112041  -0.0298428989  -0.2586650488   0.0548925421
       -0.0208551103  -0.1061120907  -0.0084210235   0.0042848319   0.0057418717
       -0.0070684085  -0.0074457694  -0.0296630380   0.0010202291   0.0003941508
        0.0006121365   0.0061259209  -0.0114768565   0.0055521248  -0.0140744205
        0.0258078206  -0.0159166651   0.0033195016   0.0002465080  -0.0008813386
        0.0227841466  -0.0083327961  -0.0199423903
       -0.0030172596   0.0010833101  -0.0133826046  -0.0504101510  -0.0033341496
       -0.0549112041   0.0648435593   0.0066661785   0.0571473330   0.0021613444
        0.0051915120   0.0236015552   0.0008709741  -0.0008348707   0.0003579508
       -0.0111661806  -0.0125014873  -0.0142982076   0.0003559551  -0.0003251206
        0.0002902965  -0.0000716476  -0.0002132662  -0.0004301627  -0.0005435645
        0.0026767946  -0.0014001560   0.0004034808   0.0002635259   0.0001313285
       -0.0034265104   0.0013275734   0.0028938709
        0.0073483300  -0.0006376436   0.0233031613  -0.0039584928  -0.0394020479
       -0.0298428989   0.0066661785   0.0546194820   0.0306715324   0.0005471647
       -0.0010636859  -0.0095392112  -0.0002427880   0.0000675533  -0.0004844481
       -0.0138654399  -0.0111393094  -0.0159312036   0.0001094600   0.0004695649
        0.0003544471  -0.0003770092   0.0005525341   0.0002209592   0.0023581003
       -0.0037399406   0.0024331794  -0.0002280059   0.0001295488   0.0002236487
        0.0016425024   0.0001439442  -0.0014091662
       -0.0047171825   0.0021972948  -0.0136819589  -0.0503314794  -0.0264454806
       -0.2586650488   0.0571473330   0.0306715324   0.2925529809   0.0001048861
       -0.0036640628  -0.0204531921  -0.0002444381  -0.0003064581   0.0012814791
       -0.0039061048  -0.0041761204   0.0005816981   0.0002285317  -0.0001326299
        0.0001057707   0.0002181275  -0.0004413422   0.0006232956  -0.0011684227
        0.0025544708  -0.0005367447  -0.0003222858   0.0000920251  -0.0000596498
        0.0029910350  -0.0003492291  -0.0017486302
       -0.0145777943   0.0113491588   0.0047459779  -0.1335183344   0.0281843357
        0.0548925421   0.0021613444   0.0005471647   0.0001048861   0.4132511546
        0.0820382116  -0.0025900881  -0.0442715986   0.0310916636  -0.0216654928
       -0.0262835211  -0.0083006126   0.0095950731   0.0001877292  -0.0004666436
        0.0002058030  -0.0011139720   0.0018890140  -0.0005206093   0.0001007715
       -0.0004734136   0.0003585535  -0.1399461669  -0.1228505287   0.0087568835
       -0.0559896124  -0.0230083497  -0.0538835290
        0.0202068438  -0.0124696073  -0.0081649811   0.0214694330  -0.0609877909
       -0.0208551103   0.0051915120  -0.0010636859  -0.0036640628   0.0820382116
        0.3954259885   0.0580206256   0.0309324771  -0.0825416109   0.0351283373
       -0.0198076881  -0.0024250001   0.0086662983   0.0010061480   0.0000259904
       -0.0002588653   0.0024589708  -0.0033014862   0.0014643139  -0.0001537723
        0.0005709369  -0.0007941767  -0.1186455841  -0.1709226746   0.0047489874
       -0.0246965518  -0.0623110601  -0.0742913664
       -0.0051899278   0.0018114885   0.0048056143   0.0551715958  -0.0256821535
       -0.1061120907   0.0236015552  -0.0095392112  -0.0204531921  -0.0025900881
        0.0580206256   0.4511760142  -0.0227190955   0.0364288473  -0.0504934392
        0.0042307553   0.0037241984   0.0018460809  -0.0002953974  -0.0000283483
        0.0001152786  -0.0012723429   0.0019333545   0.0000601414  -0.0008442059
        0.0007675217   0.0008979863   0.0064795038   0.0029248601  -0.0422513074
       -0.0565723526  -0.0703611831  -0.2395910863
       -0.0036639193   0.0009696452   0.0027817836  -0.0158289517   0.0214783121
       -0.0084210235   0.0008709741  -0.0002427880  -0.0002444381  -0.0442715986
        0.0309324771  -0.0227190955   0.0620939538  -0.0627447395   0.0352613601
       -0.0000107980   0.0004274926  -0.0005072948   0.0001090988  -0.0000457025
        0.0000203296  -0.0004250896   0.0012259340  -0.0003856814   0.0002233460
       -0.0002317620   0.0001459062   0.0063098898  -0.0020219142   0.0028582089
       -0.0054069052   0.0102530451  -0.0087900551
        0.0025897789   0.0000247955  -0.0023141598   0.0142474087  -0.0153028928
        0.0042848319  -0.0008348707   0.0000675533  -0.0003064581   0.0310916636
       -0.0825416109   0.0364288473  -0.0627447395   0.1221577415  -0.0593951739
       -0.0000432864   0.0019573882   0.0001410842  -0.0001670323   0.0003270694
        0.0000514711   0.0003707221  -0.0008086406   0.0002896510  -0.0003243477
        0.0001759540  -0.0000503034   0.0113634875  -0.0244466032   0.0144043788
        0.0044512156  -0.0016107544   0.0064658308
        0.0013924539  -0.0008136389   0.0003219409   0.0001495336  -0.0026096551
        0.0057418717   0.0003579508  -0.0004844481   0.0012814791  -0.0216654928
        0.0351283373  -0.0504934392   0.0352613601  -0.0593951739   0.0580250527
       -0.0004349563  -0.0010881363   0.0001092275   0.0000819487   0.0000205677
       -0.0001106268   0.0002093020  -0.0001637347   0.0001922767   0.0003263466
       -0.0001986486   0.0000447394  -0.0025618438   0.0087841353  -0.0021054638
       -0.0131166028   0.0208203953  -0.0130070582
        0.0018752828  -0.0039876168   0.0016923286  -0.0629459573  -0.0413582447
       -0.0070684085  -0.0111661806  -0.0138654399  -0.0039061048  -0.0262835211
       -0.0198076881   0.0042307553  -0.0000107980  -0.0000432864  -0.0004349563
        0.0989875355   0.0774438190   0.0022586984   0.0007610318   0.0005213309
        0.0000286960   0.0014354361   0.0003135547  -0.0003488189   0.0005374987
        0.0004188680   0.0008427277  -0.0042939799   0.0006220748   0.0030123157
        0.0011036520  -0.0002573714  -0.0003072332
       -0.0177111099  -0.0290388528   0.0018937965  -0.0422202127  -0.0697057581
       -0.0074457694  -0.0125014873  -0.0111393094  -0.0041761204  -0.0083006126
       -0.0024250001   0.0037241984   0.0004274926   0.0019573882  -0.0010881363
        0.0774438190   0.1139839184   0.0032974522   0.0016662839  -0.0055622645
        0.0026218525   0.0003464209   0.0001708368  -0.0004670393   0.0000599863
        0.0010424250   0.0003685853   0.0000565589   0.0003329271   0.0005648253
        0.0007328610   0.0003836894   0.0007063552
        0.0052418660   0.0069361386   0.0024701747  -0.0055024798  -0.0057031820
       -0.0296630380  -0.0142982076  -0.0159312036   0.0005816981   0.0095950731
        0.0086662983   0.0018460809  -0.0005072948   0.0001410842   0.0001092275
        0.0022586984   0.0032974522   0.0241929508  -0.0001490894   0.0019349531
       -0.0000673823  -0.0000599150  -0.0002547027   0.0000618984   0.0006353429
        0.0000127024   0.0004811454   0.0026229662  -0.0000011726  -0.0007090682
        0.0001630399   0.0009016321   0.0006963129
       -0.1447212951  -0.1184916258  -0.0115348266   0.0060864401   0.0064152578
        0.0010202291   0.0003559551   0.0001094600   0.0002285317   0.0001877292
        0.0010061480  -0.0002953974   0.0001090988  -0.0001670323   0.0000819487
        0.0007610318   0.0016662839  -0.0001490894   0.1657294293   0.1374082664
        0.0133485015  -0.0218335089  -0.0209483621  -0.0002958412  -0.0063062871
       -0.0075207398  -0.0024809516  -0.0002388329   0.0005922145   0.0000750529
       -0.0001297603  -0.0000698706   0.0000018423
       -0.1191808222  -0.1793911959  -0.0136307816  -0.0142696286  -0.0243677685
        0.0003941508  -0.0003251206   0.0004695649  -0.0001326299  -0.0004666436
        0.0000259904  -0.0000283483  -0.0000457025   0.0003270694   0.0000205677
        0.0005213309  -0.0055622645   0.0019349531   0.1374082664   0.2095720682
        0.0139651997   0.0015599146   0.0043088847   0.0006155230  -0.0060761097
       -0.0052161367  -0.0029543055   0.0009651409  -0.0001192242  -0.0001683787
       -0.0000906255  -0.0000469879  -0.0000159503
       -0.0113956766  -0.0134890250  -0.0448881967   0.0061341502   0.0089474884
        0.0006121365   0.0002902965   0.0003544471   0.0001057707   0.0002058030
       -0.0002588653   0.0001152786   0.0000203296   0.0000514711  -0.0001106268
        0.0000286960   0.0026218525  -0.0000673823   0.0133485015   0.0139651997
        0.0477495803   0.0127533236   0.0120675191   0.0011621869  -0.0215652426
       -0.0240115996  -0.0048225193   0.0002514141  -0.0001459146   0.0002521918
       -0.0000715954  -0.0001025736  -0.0001084196
       -0.2117030072   0.0441317738   0.1053818821  -0.0139546261   0.0062779291
        0.0061259209  -0.0000716476  -0.0003770092   0.0002181275  -0.0011139720
        0.0024589708  -0.0012723429  -0.0004250896   0.0003707221   0.0002093020
        0.0014354361   0.0003464209  -0.0000599150  -0.0218335089   0.0015599146
        0.0127533236   0.2423699190  -0.0536195960  -0.1214316623   0.0049933735
       -0.0011875010  -0.0016519880   0.0002962208   0.0001123487  -0.0000936249
        0.0000069020  -0.0000739739  -0.0001790230
        0.0434498070  -0.0535376631  -0.0287157876   0.0232690340  -0.0101372452
       -0.0114768565  -0.0002132662   0.0005525341  -0.0004413422   0.0018890140
       -0.0033014862   0.0019333545   0.0012259340  -0.0008086406  -0.0001637347
        0.0003135547   0.0001708368  -0.0002547027  -0.0209483621   0.0043088847
        0.0120675191  -0.0536195960   0.0632243743   0.0316138809   0.0047151568
       -0.0004611975  -0.0047334933  -0.0000717611  -0.0001104255   0.0000788419
       -0.0000095149   0.0001000282   0.0000923207
        0.1059760292  -0.0289346162  -0.1106095394  -0.0085514462   0.0024954076
        0.0055521248  -0.0004301627   0.0002209592   0.0006232956  -0.0005206093
        0.0014643139   0.0000601414  -0.0003856814   0.0002896510   0.0001922767
       -0.0003488189  -0.0004670393   0.0000618984  -0.0002958412   0.0006155230
        0.0011621869  -0.1214316623   0.0316138809   0.1241197908   0.0262632094
       -0.0075343452  -0.0212297788  -0.0001170852   0.0000071057  -0.0000891125
       -0.0001579312   0.0002291593   0.0001567162
       -0.0584654589  -0.0093221796  -0.0558843668  -0.0042987215  -0.0001372519
       -0.0140744205  -0.0005435645   0.0023581003  -0.0011684227   0.0001007715
       -0.0001537723  -0.0008442059   0.0002233460  -0.0003243477   0.0003263466
        0.0005374987   0.0000599863   0.0006353429  -0.0063062871  -0.0060761097
       -0.0215652426   0.0049933735   0.0047151568   0.0262632094   0.0641444297
        0.0084353506   0.0662527935  -0.0003073729  -0.0001253303  -0.0001304170
       -0.0000780145   0.0005703974   0.0001893832
       -0.0098122107  -0.0490350069  -0.0362690550   0.0075634054   0.0012031135
        0.0258078206   0.0026767946  -0.0037399406   0.0025544708  -0.0004734136
        0.0005709369   0.0007675217  -0.0002317620   0.0001759540  -0.0001986486
        0.0004188680   0.0010424250   0.0000127024  -0.0075207398  -0.0052161367
       -0.0240115996  -0.0011875010  -0.0004611975  -0.0075343452   0.0084353506
        0.0557604420   0.0390926424  -0.0000977176  -0.0000805368  -0.0001126673
        0.0002289261  -0.0002200528  -0.0001088422
       -0.0557015347  -0.0361903061  -0.2676989872  -0.0060555272   0.0026464010
       -0.0159166651  -0.0014001560   0.0024331794  -0.0005367447   0.0003585535
       -0.0007941767   0.0008979863   0.0001459062  -0.0000503034   0.0000447394
        0.0008427277   0.0003685853   0.0004811454  -0.0024809516  -0.0029543055
       -0.0048225193  -0.0016519880  -0.0047334933  -0.0212297788   0.0662527935
        0.0390926424   0.3085621262  -0.0001569871  -0.0000268282  -0.0001030221
       -0.0001528361   0.0002086051   0.0003217200
        0.0003362618  -0.0006247044  -0.0000246376  -0.0200537238  -0.0158263107
        0.0033195016   0.0004034808  -0.0002280059  -0.0003222858  -0.1399461669
       -0.1186455841   0.0064795038   0.0063098898   0.0113634875  -0.0025618438
       -0.0042939799   0.0000565589   0.0026229662  -0.0002388329   0.0009651409
        0.0002514141   0.0002962208  -0.0000717611  -0.0001170852  -0.0003073729
       -0.0000977176  -0.0001569871   0.1633090088   0.1311862563  -0.0079985320
       -0.0058147856  -0.0080773596  -0.0014920143
        0.0010750855   0.0004463861  -0.0004210441   0.0008538557   0.0033752857
        0.0002465080   0.0002635259   0.0001295488   0.0000920251  -0.1228505287
       -0.1709226746   0.0029248601  -0.0020219142  -0.0244466032   0.0087841353
        0.0006220748   0.0003329271  -0.0000011726   0.0005922145  -0.0001192242
       -0.0001459146   0.0001123487  -0.0001104255   0.0000071057  -0.0001253303
       -0.0000805368  -0.0000268282   0.1311862563   0.2001926510  -0.0090490638
       -0.0097075883  -0.0087973345  -0.0024106111
       -0.0004146610   0.0003013353   0.0002746872   0.0123410356   0.0102684957
       -0.0008813386   0.0001313285   0.0002236487  -0.0000596498   0.0087568835
        0.0047489874  -0.0422513074   0.0028582089   0.0144043788  -0.0021054638
        0.0030123157   0.0005648253  -0.0007090682   0.0000750529  -0.0001683787
        0.0002521918  -0.0000936249   0.0000788419  -0.0000891125  -0.0001304170
       -0.0001126673  -0.0001030221  -0.0079985320  -0.0090490638   0.0462718803
       -0.0185375903  -0.0212604033  -0.0005997970
        0.0003052459  -0.0005365524   0.0005418033   0.0033866201   0.0076264380
        0.0227841466  -0.0034265104   0.0016425024   0.0029910350  -0.0559896124
       -0.0246965518  -0.0565723526  -0.0054069052   0.0044512156  -0.0131166028
        0.0011036520   0.0007328610   0.0001630399  -0.0001297603  -0.0000906255
       -0.0000715954   0.0000069020  -0.0000095149  -0.0001579312  -0.0000780145
        0.0002289261  -0.0001528361  -0.0058147856  -0.0097075883  -0.0185375903
        0.0660431683   0.0203588899   0.0621288835
       -0.0001762057   0.0002273833  -0.0004273453  -0.0008467749  -0.0024249275
       -0.0083327961   0.0013275734   0.0001439442  -0.0003492291  -0.0230083497
       -0.0623110601  -0.0703611831   0.0102530451  -0.0016107544   0.0208203953
       -0.0002573714   0.0003836894   0.0009016321  -0.0000698706  -0.0000469879
       -0.0001025736  -0.0000739739   0.0001000282   0.0002291593   0.0005703974
       -0.0002200528   0.0002086051  -0.0080773596  -0.0087973345  -0.0212604033
        0.0203588899   0.0745560722   0.0786737387
       -0.0004468617   0.0000660886   0.0005973928  -0.0001152637  -0.0077683977
       -0.0199423903   0.0028938709  -0.0014091662  -0.0017486302  -0.0538835290
       -0.0742913664  -0.2395910863  -0.0087900551   0.0064658308  -0.0130070582
       -0.0003072332   0.0007063552   0.0006963129   0.0000018423  -0.0000159503
       -0.0001084196  -0.0001790230   0.0000923207   0.0001567162   0.0001893832
       -0.0001088422   0.0003217200  -0.0014920143  -0.0024106111  -0.0005997970
        0.0621288835   0.0786737387   0.2732252397
