$hessian                                                                        
        0.4032494082   0.0002296914  -0.0000249013  -0.1358098974   0.0537652581
        0.0117468801   0.0030649031   0.0098937436  -0.0019706494   0.0029751511
       -0.0100162923   0.0019637270  -0.1362141899  -0.0536626877  -0.0117852039
       -0.0390520003  -0.0002447081   0.0002056050  -0.0392132847  -0.0000567668
       -0.0001311186  -0.0098544261   0.0089472757   0.0037004513  -0.0188602356
        0.0144806285   0.0017576749  -0.0007469242  -0.0001690005  -0.0000244200
       -0.0007370609   0.0001557343   0.0000253355  -0.0098927106  -0.0089158920
       -0.0037074012  -0.0189087327  -0.0144069844  -0.0017559794
        0.0002296914   0.5293453317  -0.0166722412   0.0552673571  -0.1037437051
       -0.0106072639   0.0151208133  -0.0316401313  -0.0020592219  -0.0152435293
       -0.0315552183  -0.0020652600  -0.0551672391  -0.1033648669  -0.0105666455
       -0.0002439218  -0.1811625533   0.1189305597  -0.0000562435  -0.0718243661
       -0.0744025785   0.0013148641  -0.0005801471  -0.0017178648  -0.0011176164
        0.0019546558   0.0002438346  -0.0026254991  -0.0044381719   0.0001860979
        0.0026125346  -0.0044481651   0.0001857545  -0.0012839878  -0.0005451275
       -0.0017051951   0.0011927765   0.0020024650   0.0002500242
       -0.0000249013  -0.0166722412   0.5370523084   0.0132059148  -0.0119487822
       -0.0708460465  -0.0007941220   0.0032452891   0.0018036849   0.0008066650
        0.0032448119   0.0018035969  -0.0132482498  -0.0119019414  -0.0708438717
        0.0002017061   0.1171304077  -0.1438144325  -0.0001297293  -0.0742618060
       -0.2517049925   0.0211224988  -0.0155817085  -0.0049980650  -0.0133105473
        0.0101338464   0.0018695540   0.0002352304   0.0010161194   0.0014043221
       -0.0002315384   0.0010172359   0.0014040548  -0.0211798551  -0.0155075814
       -0.0049986787   0.0133469280   0.0100863503   0.0018685657
       -0.1358098974   0.0552673571   0.0132059148   0.5204873898   0.0374820194
        0.0110186829  -0.0830384312  -0.0473840424   0.0042850829  -0.0298713736
       -0.0281173437   0.0035821385  -0.0301702118   0.0023405956   0.0033670847
       -0.0025791823   0.0030337449   0.0004031837  -0.0048737031   0.0040430504
        0.0028983187  -0.0738435803  -0.0104177309   0.0773748714  -0.1560262741
       -0.0282813896  -0.1132793170   0.0060008340   0.0139883137  -0.0016284924
       -0.0050674451   0.0005111719   0.0002858943  -0.0015429560  -0.0006820715
       -0.0002578194  -0.0036651689  -0.0017836748  -0.0012555432
        0.0537652581  -0.1037437051  -0.0119487822   0.0374820194   0.4268376778
        0.0038066217  -0.0526815066  -0.1887901869   0.0118214526  -0.0237517995
       -0.0132706981   0.0025453876  -0.0022061340   0.0075503257   0.0023726537
        0.0197297696  -0.0142568672  -0.0022796025   0.0110086911  -0.0065038904
       -0.0033158957  -0.0074517686  -0.0410269457   0.0225868593  -0.0261891409
       -0.0468435579  -0.0276697695  -0.0078484880  -0.0180489950   0.0014303919
       -0.0003983712  -0.0000519372   0.0007369589   0.0000090797  -0.0001219502
       -0.0002644936  -0.0014676091  -0.0017292697   0.0001782178
        0.0117468801  -0.0106072639  -0.0708460465   0.0110186829   0.0038066217
        0.5052629836   0.0034034425   0.0108712570  -0.0613531260   0.0027606452
        0.0009783860   0.0038600302  -0.0033565652   0.0023851408  -0.0031758892
       -0.0133046228   0.0106220213   0.0021729797   0.0221263098  -0.0176808197
       -0.0060309890   0.0789348655   0.0276903449  -0.2307677680  -0.1129574077
       -0.0292352281  -0.1514051512   0.0002467328   0.0007989567   0.0005743859
       -0.0003097668   0.0006882636   0.0121055146  -0.0010689262   0.0003522479
       -0.0005424642   0.0007597301  -0.0006699283   0.0001455401
        0.0030649031   0.0151208133  -0.0007941220  -0.0830384312  -0.0526815066
        0.0034034425   0.8475906163  -0.0810565909   0.0019964580  -0.5624474770
        0.0021980766  -0.0013689143  -0.0296861566   0.0238100458  -0.0027530292
       -0.0030614487   0.0016441886   0.0002232106  -0.0011269745   0.0006517073
        0.0001799258  -0.0072684272  -0.0158656788   0.0054415732  -0.0112201139
       -0.0226537221   0.0003643738  -0.1344652968   0.1272317158  -0.0079550974
       -0.0184975014  -0.0004500423   0.0003302675   0.0002741997   0.0001625829
        0.0013095994  -0.0001178918   0.0018884104  -0.0003776878
        0.0098937436  -0.0316401313   0.0032452891  -0.0473840424  -0.1887901869
        0.0108712570  -0.0810565909   0.5503833357  -0.0348934723  -0.0004509287
       -0.0727597575   0.0016651744   0.0281749589  -0.0134557862   0.0009855394
        0.0026080500  -0.0032078813  -0.0010696365   0.0005627475  -0.0008535559
       -0.0000595290  -0.0077030833  -0.0087862522   0.0057305613  -0.0071778178
       -0.0081566555  -0.0006286970   0.1250998319  -0.2143265215   0.0129765305
       -0.0259404410  -0.0004900727   0.0002906656   0.0017816402  -0.0032489517
        0.0009569666   0.0015919321  -0.0046675830  -0.0000706491
       -0.0019706494  -0.0020592219   0.0018036849   0.0042850829   0.0118214526
       -0.0613531260   0.0019964580  -0.0348934723   0.1239358133   0.0014372205
        0.0016604279  -0.0327412656  -0.0035705012   0.0025558777   0.0038600327
       -0.0000074387  -0.0000631640   0.0002293101   0.0005101513   0.0002390223
        0.0000320924   0.0109018427   0.0264842603  -0.0026840567  -0.0070985332
       -0.0191812849   0.0027158761  -0.0082688588   0.0127571918  -0.0332864354
        0.0020154001  -0.0001455051  -0.0023624522  -0.0007272177   0.0011505062
       -0.0002243040   0.0004970434  -0.0003260905   0.0000748304
        0.0029751511  -0.0152435293   0.0008066650  -0.0298713736  -0.0237517995
        0.0027606452  -0.5624474770  -0.0004509287   0.0014372205   0.8481642649
        0.0799964825  -0.0021910372  -0.0826833694   0.0523033532  -0.0033662880
       -0.0030766970  -0.0016453638  -0.0002267432  -0.0011313628  -0.0006504312
       -0.0001800701   0.0002669649  -0.0001756726  -0.0013055586  -0.0001295472
       -0.0019040841   0.0003776515  -0.0184033372   0.0005138966  -0.0003261911
       -0.1353657017  -0.1275145714   0.0080039226  -0.0071845131   0.0158608006
       -0.0054221905  -0.0111130019   0.0226618478  -0.0003680261
       -0.0100162923  -0.0315552183   0.0032448119  -0.0281173437  -0.0132706981
        0.0009783860   0.0021980766  -0.0727597575   0.0016604279   0.0799964825
        0.5498098673  -0.0348962361   0.0470062004  -0.1891418178   0.0108859328
       -0.0026087039  -0.0031921322  -0.0010684961  -0.0005615078  -0.0008492260
       -0.0000587561  -0.0017939331  -0.0032422591   0.0009617623  -0.0016092669
       -0.0046549482  -0.0000720758   0.0260039021  -0.0005840835   0.0002884797
       -0.1253826053  -0.2134283691   0.0129520735   0.0076972300  -0.0088699649
        0.0057505612   0.0071877614  -0.0082613928  -0.0006268713
        0.0019637270  -0.0020652600   0.0018035969   0.0035821385   0.0025453876
        0.0038600302  -0.0013689143   0.0016651744  -0.0327412656  -0.0021910372
       -0.0348962361   0.1239363113  -0.0042430938   0.0118372775  -0.0613527530
        0.0000073902  -0.0000633311   0.0002293421  -0.0005091956   0.0002409067
        0.0000320180   0.0007310083   0.0011477790  -0.0002245105  -0.0004979474
       -0.0003241717   0.0000745746  -0.0020152565  -0.0001383554  -0.0023622278
        0.0083192494   0.0127335615  -0.0332868568  -0.0108071097   0.0265228179
       -0.0026847260   0.0070290412  -0.0192055502   0.0027164666
       -0.1362141899  -0.0551672391  -0.0132482498  -0.0301702118  -0.0022061340
       -0.0033565652  -0.0296861566   0.0281749589  -0.0035705012  -0.0826833694
        0.0470062004  -0.0042430938   0.5202306263  -0.0378057972  -0.0110151535
       -0.0026597605  -0.0030749254  -0.0004112275  -0.0049297127  -0.0040507124
       -0.0029108148  -0.0015405557   0.0006874606   0.0002569759  -0.0036539685
        0.0017904819   0.0012564618  -0.0050675841  -0.0004931362  -0.0002816039
        0.0059789400  -0.0140738518   0.0016332298  -0.0737742421   0.0105332533
       -0.0772856590  -0.1558298150   0.0286794411   0.1131762010
       -0.0536626877  -0.1033648669  -0.0119019414   0.0023405956   0.0075503257
        0.0023851408   0.0238100458  -0.0134557862   0.0025558777   0.0523033532
       -0.1891418178   0.0118372775  -0.0378057972   0.4271219689   0.0038597461
       -0.0197726700  -0.0141787634  -0.0022767553  -0.0110159788  -0.0064517616
       -0.0033060904  -0.0000040142  -0.0001244242  -0.0002653415   0.0014752934
       -0.0017410109   0.0001736318   0.0004161782  -0.0000518071   0.0007377313
        0.0077629873  -0.0180271490   0.0014242443   0.0075666131  -0.0410899161
        0.0228569359   0.0265860813  -0.0470449915  -0.0280804568
       -0.0117852039  -0.0105666455  -0.0708438717   0.0033670847   0.0023726537
       -0.0031758892  -0.0027530292   0.0009855394   0.0038600327  -0.0033662880
        0.0108859328  -0.0613527530  -0.0110151535   0.0038597461   0.5052533712
        0.0133424058   0.0105759511   0.0021722374  -0.0221901411  -0.0176043774
       -0.0060316811   0.0010702065   0.0003483146  -0.0005425060  -0.0007621403
       -0.0006673529   0.0001450971   0.0003143025   0.0006870678   0.0121050800
       -0.0002441426   0.0008007641   0.0005748238  -0.0788264635   0.0279673860
       -0.2307646820   0.1128485627  -0.0296449799  -0.1513992592
       -0.0390520003  -0.0002439218   0.0002017061  -0.0025791823   0.0197297696
       -0.0133046228  -0.0030614487   0.0026080500  -0.0000074387  -0.0030766970
       -0.0026087039   0.0000073902  -0.0026597605  -0.0197726700   0.0133424058
        0.0494410232   0.0002803687  -0.0002311969   0.0015889071   0.0000099583
       -0.0000089977   0.0010008045   0.0002413149  -0.0006291523  -0.0016492513
        0.0012532556  -0.0000871906   0.0003520395   0.0008595134   0.0000982640
        0.0003504392  -0.0008628760  -0.0000985022   0.0010014475  -0.0002429633
        0.0006299789  -0.0016563209  -0.0012510956   0.0000873562
       -0.0002447081  -0.1811625533   0.1171304077   0.0030337449  -0.0142568672
        0.0106220213   0.0016441886  -0.0032078813  -0.0000631640  -0.0016453638
       -0.0031921322  -0.0000633311  -0.0030749254  -0.0141787634   0.0105759511
        0.0002803687   0.2110403270  -0.1337338872   0.0000093859   0.0070333100
       -0.0047522369  -0.0005170081   0.0007063033   0.0002197166   0.0008061918
       -0.0011583160   0.0000159552  -0.0004266049  -0.0005891828  -0.0000925064
        0.0004234786  -0.0005880241  -0.0000921590   0.0005157355   0.0007049204
        0.0002174735  -0.0008044838  -0.0011511404   0.0000157593
        0.0002056050   0.1189305597  -0.1438144325   0.0004031837  -0.0022796025
        0.0021729797   0.0002232106  -0.0010696365   0.0002293101  -0.0002267432
       -0.0010684961   0.0002293421  -0.0004112275  -0.0022767553   0.0021722374
       -0.0002311969  -0.1337338872   0.1629810238   0.0000416200   0.0239977127
       -0.0272212857   0.0005066458  -0.0010802807   0.0014501280   0.0000137171
        0.0000346740   0.0001370861  -0.0000202230  -0.0002049971   0.0000383693
        0.0000195095  -0.0002051100   0.0000382408  -0.0005106289  -0.0010790026
        0.0014502267  -0.0000134722   0.0000348217   0.0001367741
       -0.0392132847  -0.0000562435  -0.0001297293  -0.0048737031   0.0110086911
        0.0221263098  -0.0011269745   0.0005627475   0.0005101513  -0.0011313628
       -0.0005615078  -0.0005091956  -0.0049297127  -0.0110159788  -0.0221901411
        0.0015889071   0.0000093859   0.0000416200   0.0551234759   0.0000477147
        0.0001551795  -0.0032706518   0.0035421341   0.0015335205   0.0005503970
        0.0003303958   0.0014611364   0.0000121038   0.0001608027  -0.0001160196
        0.0000119750  -0.0001613039   0.0001161426  -0.0032914201  -0.0035376400
       -0.0015365440   0.0005502509  -0.0003291978  -0.0014624304
       -0.0000567668  -0.0718243661  -0.0742618060   0.0040430504  -0.0065038904
       -0.0176808197   0.0006517073  -0.0008535559   0.0002390223  -0.0006504312
       -0.0008492260   0.0002409067  -0.0040507124  -0.0064517616  -0.0176043774
        0.0000099583   0.0070333100   0.0239977127   0.0000477147   0.0815513340
        0.0871723943   0.0021905403  -0.0019572473  -0.0008162916  -0.0004600011
        0.0010494584  -0.0002921247  -0.0001247387  -0.0001528543   0.0000518604
        0.0001243464  -0.0001527742   0.0000514303  -0.0021863154  -0.0019371971
       -0.0008109730   0.0004616483   0.0010487706  -0.0002869343
       -0.0001311186  -0.0744025785  -0.2517049925   0.0028983187  -0.0033158957
       -0.0060309890   0.0001799258  -0.0000595290   0.0000320924  -0.0001800701
       -0.0000587561   0.0000320180  -0.0029108148  -0.0033060904  -0.0060316811
       -0.0000089977  -0.0047522369  -0.0272212857   0.0001551795   0.0871723943
        0.2868331762   0.0011737576  -0.0013654498   0.0004534952  -0.0004339675
        0.0006826683   0.0016610463  -0.0000530118   0.0000429992  -0.0000684638
        0.0000531662   0.0000427596  -0.0000686786  -0.0011787147  -0.0013614760
        0.0004533833   0.0004363473   0.0006811910   0.0016608792
       -0.0098544261   0.0013148641   0.0211224988  -0.0738435803  -0.0074517686
        0.0789348655  -0.0072684272  -0.0077030833   0.0109018427   0.0002669649
       -0.0017939331   0.0007310083  -0.0015405557  -0.0000040142   0.0010702065
        0.0010008045  -0.0005170081   0.0005066458  -0.0032706518   0.0021905403
        0.0011737576   0.0882130121   0.0119596437  -0.0921682627   0.0070443005
        0.0022185849  -0.0209605919  -0.0000872292  -0.0000176874   0.0002927585
       -0.0002378917  -0.0000583230  -0.0011944946   0.0002002444   0.0000752267
       -0.0001246744  -0.0006225645  -0.0002130419  -0.0002855599
        0.0089472757  -0.0005801471  -0.0155817085  -0.0104177309  -0.0410269457
        0.0276903449  -0.0158656788  -0.0087862522   0.0264842603  -0.0001756726
       -0.0032422591   0.0011477790   0.0006874606  -0.0001244242   0.0003483146
        0.0002413149   0.0007063033  -0.0010802807   0.0035421341  -0.0019572473
       -0.0013654498   0.0119596437   0.0527342229  -0.0294662902   0.0014025118
        0.0025567065  -0.0053536210  -0.0000675646  -0.0002976479  -0.0002730164
       -0.0005043904  -0.0001488242  -0.0025243999  -0.0000764041  -0.0001273712
       -0.0000509753   0.0003271005   0.0002938860   0.0000250429
        0.0037004513  -0.0017178648  -0.0049980650   0.0773748714   0.0225868593
       -0.2307677680   0.0054415732   0.0057305613  -0.0026840567  -0.0013055586
        0.0009617623  -0.0002245105   0.0002569759  -0.0002653415  -0.0005425060
       -0.0006291523   0.0002197166   0.0014501280   0.0015335205  -0.0008162916
        0.0004534952  -0.0921682627  -0.0294662902   0.2660351317   0.0057489626
        0.0026884323  -0.0292658529  -0.0000234806   0.0001613218  -0.0000345585
       -0.0000696826  -0.0000716608   0.0004921291   0.0001243449  -0.0000514303
        0.0000182872   0.0000154371   0.0000402254   0.0000681465
       -0.0188602356  -0.0011176164  -0.0133105473  -0.1560262741  -0.0261891409
       -0.1129574077  -0.0112201139  -0.0071778178  -0.0070985332  -0.0001295472
       -0.0016092669  -0.0004979474  -0.0036539685   0.0014752934  -0.0007621403
       -0.0016492513   0.0008061918   0.0000137171   0.0005503970  -0.0004600011
       -0.0004339675   0.0070443005   0.0014025118   0.0057489626   0.1848112522
        0.0332342542   0.1283650548   0.0002873205   0.0001693253   0.0000908077
       -0.0004079647   0.0000877733   0.0009801879  -0.0006229531  -0.0003235234
       -0.0000152081  -0.0001229618  -0.0002979832  -0.0001229785
        0.0144806285   0.0019546558   0.0101338464  -0.0282813896  -0.0468435579
       -0.0292352281  -0.0226537221  -0.0081566555  -0.0191812849  -0.0019040841
       -0.0046549482  -0.0003241717   0.0017904819  -0.0017410109  -0.0006673529
        0.0012532556  -0.0011583160   0.0000346740   0.0003303958   0.0010494584
        0.0006826683   0.0022185849   0.0025567065   0.0026884323   0.0332342542
        0.0559737080   0.0335440570  -0.0000024357   0.0003985879   0.0000389979
       -0.0009815389   0.0001452826   0.0021793102   0.0002163251   0.0002942157
        0.0000402199   0.0002992444   0.0001818736   0.0000658314
        0.0017576749   0.0002438346   0.0018695540  -0.1132793170  -0.0276697695
       -0.1514051512   0.0003643738  -0.0006286970   0.0027158761   0.0003776515
       -0.0000720758   0.0000745746   0.0012564618   0.0001736318   0.0001450971
       -0.0000871906   0.0000159552   0.0001370861   0.0014611364  -0.0002921247
        0.0016610463  -0.0209605919  -0.0053536210  -0.0292658529   0.1283650548
        0.0335440570   0.1738226396   0.0001210653  -0.0001653582   0.0001543080
        0.0002148468   0.0001147340  -0.0000164453   0.0002855871   0.0000240464
        0.0000679607   0.0001232471   0.0000653872   0.0000393068
       -0.0007469242  -0.0026254991   0.0002352304   0.0060008340  -0.0078484880
        0.0002467328  -0.1344652968   0.1250998319  -0.0082688588  -0.0184033372
        0.0260039021  -0.0020152565  -0.0050675841   0.0004161782   0.0003143025
        0.0003520395  -0.0004266049  -0.0000202230   0.0000121038  -0.0001247387
       -0.0000530118  -0.0000872292  -0.0000675646  -0.0000234806   0.0002873205
       -0.0000024357   0.0001210653   0.1521255018  -0.1420645196   0.0096232232
        0.0006328177   0.0001518172  -0.0000146161  -0.0002355152   0.0005041847
        0.0000694568  -0.0004047308   0.0009839363  -0.0002145641
       -0.0001690005  -0.0044381719   0.0010161194   0.0139883137  -0.0180489950
        0.0007989567   0.1272317158  -0.2143265215   0.0127571918   0.0005138966
       -0.0005840835  -0.0001383554  -0.0004931362  -0.0000518071   0.0006870678
        0.0008595134  -0.0005891828  -0.0002049971   0.0001608027  -0.0001528543
        0.0000429992  -0.0000176874  -0.0002976479   0.0001613218   0.0001693253
        0.0003985879  -0.0001653582  -0.1420645196   0.2375691385  -0.0147670431
       -0.0001521862   0.0005301990  -0.0002315430   0.0000586336  -0.0001507802
       -0.0000718795  -0.0000856712   0.0001421188   0.0001155196
       -0.0000244200   0.0001860979   0.0014043221  -0.0016284924   0.0014303919
        0.0005743859  -0.0079550974   0.0129765305  -0.0332864354  -0.0003261911
        0.0002884797  -0.0023622278  -0.0002816039   0.0007377313   0.0121050800
        0.0000982640  -0.0000925064   0.0000383693  -0.0001160196   0.0000518604
       -0.0000684638   0.0002927585  -0.0002730164  -0.0000345585   0.0000908077
        0.0000389979   0.0001543080   0.0096232232  -0.0147670431   0.0233888918
        0.0000134641  -0.0002315202  -0.0023895068   0.0011854995  -0.0025285005
        0.0004921500  -0.0009721925   0.0021824967  -0.0000163146
       -0.0007370609   0.0026125346  -0.0002315384  -0.0050674451  -0.0003983712
       -0.0003097668  -0.0184975014  -0.0259404410   0.0020154001  -0.1353657017
       -0.1253826053   0.0083192494   0.0059789400   0.0077629873  -0.0002441426
        0.0003504392   0.0004234786   0.0000195095   0.0000119750   0.0001243464
        0.0000531662  -0.0002378917  -0.0005043904  -0.0000696826  -0.0004079647
       -0.0009815389   0.0002148468   0.0006328177  -0.0001521862   0.0000134641
        0.1531394814   0.1423666781  -0.0096830665  -0.0000869181   0.0000666844
        0.0000240881   0.0002868303   0.0000028237  -0.0001215274
        0.0001557343  -0.0044481651   0.0010172359   0.0005111719  -0.0000519372
        0.0006882636  -0.0004500423  -0.0004900727  -0.0001455051  -0.1275145714
       -0.2134283691   0.0127335615  -0.0140738518  -0.0180271490   0.0008007641
       -0.0008628760  -0.0005880241  -0.0002051100  -0.0001613039  -0.0001527742
        0.0000427596  -0.0000583230  -0.0001488242  -0.0000716608   0.0000877733
        0.0001452826   0.0001147340   0.0001518172   0.0005301990  -0.0002315202
        0.1423666781   0.2365585793  -0.0147397967   0.0000169051  -0.0002979765
        0.0001612476  -0.0001691114   0.0003992312  -0.0001649735
        0.0000253355   0.0001857545   0.0014040548   0.0002858943   0.0007369589
        0.0121055146   0.0003302675   0.0002906656  -0.0023624522   0.0080039226
        0.0129520735  -0.0332868568   0.0016332298   0.0014242443   0.0005748238
       -0.0000985022  -0.0000921590   0.0000382408   0.0001161426   0.0000514303
       -0.0000686786  -0.0011944946  -0.0025243999   0.0004921291   0.0009801879
        0.0021793102  -0.0000164453  -0.0000146161  -0.0002315430  -0.0023895068
       -0.0096830665  -0.0147397967   0.0233892964  -0.0002935894  -0.0002718836
       -0.0000344113  -0.0000907113   0.0000393449   0.0001542914
       -0.0098927106  -0.0012839878  -0.0211798551  -0.0015429560   0.0000090797
       -0.0010689262   0.0002741997   0.0017816402  -0.0007272177  -0.0071845131
        0.0076972300  -0.0108071097  -0.0737742421   0.0075666131  -0.0788264635
        0.0010014475   0.0005157355  -0.0005106289  -0.0032914201  -0.0021863154
       -0.0011787147   0.0002002444  -0.0000764041   0.0001243449  -0.0006229531
        0.0002163251   0.0002855871  -0.0002355152   0.0000586336   0.0011854995
       -0.0000869181   0.0000169051  -0.0002935894   0.0881241768  -0.0120816875
        0.0920556520   0.0070311601  -0.0022337676   0.0209414219
       -0.0089158920  -0.0005451275  -0.0155075814  -0.0006820715  -0.0001219502
        0.0003522479   0.0001625829  -0.0032489517   0.0011505062   0.0158608006
       -0.0088699649   0.0265228179   0.0105332533  -0.0410899161   0.0279673860
       -0.0002429633   0.0007049204  -0.0010790026  -0.0035376400  -0.0019371971
       -0.0013614760   0.0000752267  -0.0001273712  -0.0000514303  -0.0003235234
        0.0002942157   0.0000240464   0.0005041847  -0.0001507802  -0.0025285005
        0.0000666844  -0.0002979765  -0.0002718836  -0.0120816875   0.0528205930
       -0.0297874431  -0.0014189549   0.0025695063  -0.0054296869
       -0.0037074012  -0.0017051951  -0.0049986787  -0.0002578194  -0.0002644936
       -0.0005424642   0.0013095994   0.0009569666  -0.0002243040  -0.0054221905
        0.0057505612  -0.0026847260  -0.0772856590   0.0228569359  -0.2307646820
        0.0006299789   0.0002174735   0.0014502267  -0.0015365440  -0.0008109730
        0.0004533833  -0.0001246744  -0.0000509753   0.0000182872  -0.0000152081
        0.0000402199   0.0000679607   0.0000694568  -0.0000718795   0.0004921500
        0.0000240881   0.0001612476  -0.0000344113   0.0920556520  -0.0297874431
        0.2660322208  -0.0057392786   0.0027075548  -0.0292649625
       -0.0189087327   0.0011927765   0.0133469280  -0.0036651689  -0.0014676091
        0.0007597301  -0.0001178918   0.0015919321   0.0004970434  -0.0111130019
        0.0071877614   0.0070290412  -0.1558298150   0.0265860813   0.1128485627
       -0.0016563209  -0.0008044838  -0.0000134722   0.0005502509   0.0004616483
        0.0004363473  -0.0006225645   0.0003271005   0.0000154371  -0.0001229618
        0.0002992444   0.0001232471  -0.0004047308  -0.0000856712  -0.0009721925
        0.0002868303  -0.0001691114  -0.0000907113   0.0070311601  -0.0014189549
       -0.0057392786   0.1845729469  -0.0337007141  -0.1282406824
       -0.0144069844   0.0020024650   0.0100863503  -0.0017836748  -0.0017292697
       -0.0006699283   0.0018884104  -0.0046675830  -0.0003260905   0.0226618478
       -0.0082613928  -0.0192055502   0.0286794411  -0.0470449915  -0.0296449799
       -0.0012510956  -0.0011511404   0.0000348217  -0.0003291978   0.0010487706
        0.0006811910  -0.0002130419   0.0002938860   0.0000402254  -0.0002979832
        0.0001818736   0.0000653872   0.0009839363   0.0001421188   0.0021824967
        0.0000028237   0.0003992312   0.0000393449  -0.0022337676   0.0025695063
        0.0027075548  -0.0337007141   0.0562165261   0.0340091767
       -0.0017559794   0.0002500242   0.0018685657  -0.0012555432   0.0001782178
        0.0001455401  -0.0003776878  -0.0000706491   0.0000748304  -0.0003680261
       -0.0006268713   0.0027164666   0.1131762010  -0.0280804568  -0.1513992592
        0.0000873562   0.0000157593   0.0001367741  -0.0014624304  -0.0002869343
        0.0016608792  -0.0002855599   0.0000250429   0.0000681465  -0.0001229785
        0.0000658314   0.0000393068  -0.0002145641   0.0001155196  -0.0000163146
       -0.0001215274  -0.0001649735   0.0001542914   0.0209414219  -0.0054296869
       -0.0292649625  -0.1282406824   0.0340091767   0.1738157357
