           1           2   1.00266808274570     
           2           3   1.02283668353694     
           3           4   1.93127643580466     
           1           5   1.00267225265423     
           4           5   1.02283473554280     
           1           6  0.983713070399659     
           1           7  0.984068284291723     
           2           8  0.963145489589523     
           2           9  0.971336195328688     
           3          10  0.970310365229548     
           4          11  0.970310789524466     
           5          12  0.963143515661340     
           5          13  0.971338359141813     
