$hessian                                                                        
        0.4733908559   0.0209278880   0.0185056244  -0.1632465261   0.0492305500
        0.0356388177  -0.0286722211   0.0047626032   0.0038400317   0.0009266292
        0.0006518651   0.0011283718  -0.0038428562  -0.0022355730  -0.0018494568
       -0.0006882316   0.0015780185  -0.0000721533  -0.1776911285  -0.0967604106
       -0.0726635729  -0.0442135266  -0.0012698081   0.0159506884  -0.0440443253
        0.0145148776  -0.0059349222  -0.0049644500   0.0048108856   0.0008038189
       -0.0064724763   0.0029901113   0.0047129983  -0.0012192403   0.0006423903
        0.0002497996   0.0000612781  -0.0000850832  -0.0002966523   0.0001523498
       -0.0001981430   0.0000297970   0.0005238690   0.0004398285  -0.0000431904
        0.0209278880   0.5098935962  -0.0073123833   0.0465994945  -0.0897664824
       -0.0154403480  -0.0084899358   0.0060188912   0.0032874383  -0.0003207068
        0.0001951824   0.0004757710  -0.0020707093  -0.0004824854  -0.0008777319
       -0.0001951021   0.0000365534   0.0002983316  -0.0969817206  -0.1107391041
       -0.0500011050  -0.0013053388  -0.0457677432   0.0077101683   0.0161368675
       -0.2543765562   0.0714143727   0.0274573072  -0.0164653864  -0.0082593683
        0.0000845849   0.0008910698  -0.0006613534  -0.0005864100   0.0003918980
        0.0000230640   0.0000135257  -0.0000568705   0.0000676078  -0.0001283453
        0.0000936071  -0.0000941436  -0.0011413991   0.0001338300  -0.0006303202
        0.0185056244  -0.0073123833   0.5166270688   0.0344151171  -0.0155027555
       -0.0792965790  -0.0086664875   0.0046370492   0.0031802585  -0.0014117423
        0.0002840863   0.0008383258  -0.0023038983  -0.0010166212  -0.0005435771
       -0.0002926682   0.0001970475   0.0002623727  -0.0729823800  -0.0500127864
       -0.0828937537   0.0167584696   0.0073747137  -0.2796122897  -0.0060855047
        0.0708059039  -0.0692294868  -0.0053406237   0.0029570268   0.0027710011
        0.0274056365  -0.0128034387  -0.0124725530  -0.0006935888   0.0002139299
        0.0002619215  -0.0001093270   0.0000147343   0.0000615680   0.0000841793
       -0.0000338097  -0.0000283647   0.0007171934   0.0001973031   0.0000740877
       -0.1632465261   0.0465994945   0.0344151171   0.4486226596  -0.0089023975
       -0.0145418350  -0.1276677360  -0.0351104525  -0.0398807537  -0.0013681355
       -0.0007838644  -0.0024071207  -0.0284663966  -0.0068046255  -0.0102387311
       -0.0049600346  -0.0123271253  -0.0012788017  -0.0266767616   0.0090047897
        0.0061715686  -0.0055785649   0.0021570582   0.0058580050  -0.0040137838
        0.0057928085   0.0004298413  -0.0402157264   0.0013504394  -0.0002428469
       -0.0436719026  -0.0023976922   0.0208508030  -0.0047781605   0.0019463318
        0.0008330589   0.0009771960  -0.0007918994  -0.0008238337   0.0001221295
       -0.0007824760  -0.0001709812   0.0009217433   0.0010496105   0.0010265103
        0.0492305500  -0.0897664824  -0.0155027555  -0.0089023975   0.5149677718
       -0.0292241260  -0.0334021303  -0.0758641015  -0.0215082980  -0.0026083483
        0.0004932520  -0.0038297085   0.0085624667   0.0044040062   0.0044418049
       -0.0304157661  -0.0372589933  -0.0067559795  -0.0122392808   0.0055782506
        0.0038771751   0.0005563304   0.0004056332  -0.0017050780   0.0271519370
       -0.0156361561  -0.0079737709   0.0010548785  -0.2596380746   0.0577594017
       -0.0027139367  -0.0474186455   0.0203494551   0.0030895489  -0.0010687815
       -0.0004900601   0.0001180049   0.0002179307   0.0004354882   0.0008846748
        0.0002931816   0.0000888217  -0.0003665316   0.0002912089   0.0000376297
        0.0356388177  -0.0154403480  -0.0792965790  -0.0145418350  -0.0292241260
        0.5210135797  -0.0407887115  -0.0221980941  -0.0927322867  -0.0243094685
       -0.0134380718  -0.0213030514   0.0032010954   0.0019398931   0.0028460352
        0.0073444036   0.0064240983   0.0066251124  -0.0098817375   0.0040096386
        0.0034161139   0.0280365517  -0.0128520303  -0.0131428325  -0.0071990978
        0.0029286109   0.0028591291  -0.0008706751   0.0574674860  -0.0610003048
        0.0203769115   0.0209529874  -0.2712289717   0.0017227562  -0.0003834902
        0.0004814563   0.0012535585   0.0000197389   0.0007478207  -0.0000218392
        0.0000944976  -0.0000337165   0.0000392700  -0.0003007903   0.0007484954
       -0.0286722211  -0.0084899358  -0.0086664875  -0.1276677360  -0.0334021303
       -0.0407887115   0.4720397305  -0.0124775569  -0.0184880526  -0.0461410666
        0.0015835545   0.0212898433  -0.1580202434   0.0476934533   0.0285879588
       -0.0773438576  -0.0373489457   0.0225488200  -0.0046825120   0.0019601906
        0.0010665862   0.0008663010  -0.0004554642  -0.0008677617   0.0006090546
       -0.0006664952  -0.0002221248  -0.0013678486  -0.0024170064  -0.0008321250
       -0.0003891928  -0.0007973829  -0.0028031359  -0.0277124651   0.0107805495
        0.0043924866  -0.0064858170   0.0036469248   0.0060790628   0.0001039989
        0.0007034620  -0.0002571831   0.0048638753   0.0296867826  -0.0110391756
        0.0047626032   0.0060188912   0.0046370492  -0.0351104525  -0.0758641015
       -0.0221980941  -0.0124775569   0.4411563242   0.0048461747   0.0013581388
       -0.0384926677  -0.0099367183   0.0521004234  -0.0873469690  -0.0160370079
       -0.0105441606  -0.1923104927   0.0491878609   0.0030021651  -0.0008971733
       -0.0006765108  -0.0000027754   0.0005240709  -0.0000200539   0.0004982421
       -0.0012973127   0.0006940729  -0.0205812777  -0.0178860842  -0.0111671609
        0.0007830450   0.0008429596  -0.0006852044  -0.0110399911   0.0063649818
        0.0028197263   0.0020484047  -0.0005424102  -0.0025941805   0.0228345790
       -0.0176240425  -0.0048367693   0.0023686128  -0.0226459739   0.0059668161
        0.0038400317   0.0032874383   0.0031802585  -0.0398807537  -0.0215082980
       -0.0927322867  -0.0184880526   0.0048461747   0.4998034362   0.0218841903
       -0.0073080708  -0.2334189735   0.0278446502  -0.0145163493  -0.0773890856
        0.0146985818   0.0559567797  -0.0750494234   0.0022280362  -0.0005419878
        0.0000345039   0.0020251118   0.0003609555   0.0003435448  -0.0002542976
        0.0004853882   0.0000962174   0.0049326267   0.0039444853   0.0030583130
       -0.0245857470  -0.0149164634  -0.0207787451  -0.0107596661   0.0052492625
        0.0030132239   0.0283690507  -0.0158211008  -0.0125209626  -0.0086447170
        0.0059551854   0.0018873180  -0.0032090454  -0.0054733995   0.0004726610
        0.0009266292  -0.0003207068  -0.0014117423  -0.0013681355  -0.0026083483
       -0.0243094685  -0.0461410666   0.0013581388   0.0218841903   0.0584259214
        0.0009415675  -0.0278444354  -0.0074100692   0.0039797074   0.0266677801
        0.0022724616  -0.0041948571   0.0057775533   0.0001925024   0.0000480195
        0.0002040963  -0.0004800260  -0.0000510158   0.0004052871  -0.0000236062
        0.0000687028   0.0000062777   0.0003200633   0.0003509378   0.0000579106
       -0.0036662113  -0.0022533020  -0.0029468866   0.0005983892  -0.0001876893
        0.0005125700  -0.0046190722   0.0028741969   0.0021132944   0.0005752557
       -0.0003579179   0.0000180937   0.0003969641   0.0003525666  -0.0011345206
        0.0006518651   0.0001951824   0.0002840863  -0.0007838644   0.0004932520
       -0.0134380718   0.0015835545  -0.0384926677  -0.0073080708   0.0009415675
        0.0598838864  -0.0021209859   0.0045082974  -0.0006532644  -0.0144391573
       -0.0073148385  -0.0205129623   0.0393398347   0.0001375680  -0.0000385921
        0.0000212163  -0.0000299419   0.0002018755   0.0001702138  -0.0000329344
       -0.0001020504   0.0000925073   0.0001823314   0.0002257525  -0.0003015976
       -0.0022945363  -0.0008570549  -0.0017404265  -0.0006110113   0.0002141038
        0.0002556724   0.0030610248  -0.0010783882  -0.0012693920   0.0000047603
        0.0002447592  -0.0005333149  -0.0000038422   0.0002761682   0.0009874859
        0.0011283718   0.0004757710   0.0008383258  -0.0024071207  -0.0038297085
       -0.0213030514   0.0212898433  -0.0099367183  -0.2334189735  -0.0278444354
       -0.0021209859   0.2808656702   0.0046183278  -0.0024587284  -0.0110480298
        0.0045405402   0.0208028845  -0.0169033580   0.0003775642   0.0000655057
        0.0001717405  -0.0006623709   0.0000749582   0.0006822582   0.0000635504
       -0.0000345244  -0.0001114267   0.0002271426  -0.0001341340   0.0001314576
       -0.0028539527  -0.0021143681  -0.0014939555  -0.0002414428   0.0004406585
        0.0003690281   0.0019750470  -0.0010391852   0.0002064801  -0.0003956733
       -0.0001369234   0.0003032757   0.0001846085  -0.0000545020   0.0007105586
       -0.0038428562  -0.0020707093  -0.0023038983  -0.0284663966   0.0085624667
        0.0032010954  -0.1580202434   0.0521004234   0.0278446502  -0.0074100692
        0.0045082974   0.0046183278   0.4734995271   0.0300931397   0.0152804373
       -0.0001615121   0.0071359631  -0.0012747493  -0.0013668672   0.0005416368
        0.0002716229   0.0000790987  -0.0000615905  -0.0002658600  -0.0000307465
       -0.0000989192   0.0000784346   0.0001383799   0.0010571647   0.0003589434
        0.0007180285   0.0004896198   0.0006554960  -0.1866700750  -0.0933876662
       -0.0776291602  -0.0462663946  -0.0004746251   0.0260945584  -0.0422720876
       -0.0083954713   0.0028585447   0.0000722144   0.0000002701   0.0002115572
       -0.0022355730  -0.0004824854  -0.0010166212  -0.0068046255   0.0044040062
        0.0019398931   0.0476934533  -0.0873469690  -0.0145163493   0.0039797074
       -0.0006532644  -0.0024587284   0.0300931397   0.5228102548  -0.0117247223
        0.0305875144  -0.0302746897  -0.0035422052  -0.0006476486   0.0002410946
        0.0001140623   0.0000609253  -0.0000514887  -0.0000293473  -0.0001714485
        0.0000140646  -0.0000061832  -0.0010637709   0.0005767168  -0.0001514890
       -0.0003173451   0.0000848881   0.0002349083  -0.0929879493  -0.1023786993
       -0.0492208185  -0.0003373582  -0.0442483173  -0.0015670932  -0.0095226226
       -0.2554447188   0.0806488756   0.0016736014  -0.0072503924   0.0012958185
       -0.0018494568  -0.0008777319  -0.0005435771  -0.0102387311   0.0044418049
        0.0028460352   0.0285879588  -0.0160370079  -0.0773890856   0.0266677801
       -0.0144391573  -0.0110480298   0.0152804373  -0.0117247223   0.5232910807
       -0.0083549054   0.0057929984   0.0051838845  -0.0005783722   0.0002258715
        0.0002712429  -0.0001258370  -0.0000182079   0.0001349592   0.0000613845
        0.0001018664  -0.0000269077   0.0001650008   0.0003731087   0.0002625225
       -0.0009104135   0.0002882579   0.0005723162  -0.0772819858  -0.0491300640
       -0.0859525752   0.0259635023  -0.0018296978  -0.2840419641   0.0033461981
        0.0801793643  -0.0738466786  -0.0007325601   0.0026533169   0.0002867769
       -0.0006882316  -0.0001951021  -0.0002926682  -0.0049600346  -0.0304157661
        0.0073444036  -0.0773438576  -0.0105441606   0.0146985818   0.0022724616
       -0.0073148385   0.0045405402  -0.0001615121   0.0305875144  -0.0083549054
        0.4268481594  -0.1287794534  -0.1024168117   0.0001518753  -0.0002904120
        0.0000294267   0.0000697648  -0.0000315531   0.0001704584  -0.0006273647
       -0.0010728264   0.0000492819  -0.0046595283  -0.0040617582  -0.0022281768
        0.0013576292   0.0012475759   0.0013134798   0.0016861237  -0.0004951183
       -0.0002560948   0.0008829359  -0.0005070995  -0.0002739206  -0.0050629793
        0.0047627402   0.0010670088  -0.3397654416   0.1471102577   0.0846093963
        0.0015780185   0.0000365534   0.0001970475  -0.0123271253  -0.0372589933
        0.0064240983  -0.0373489457  -0.1923104927   0.0559567797  -0.0041948571
       -0.0205129623   0.0208028845   0.0071359631  -0.0302746897   0.0057929984
       -0.1287794534   0.4021029865  -0.0535017439   0.0001581812   0.0003512181
       -0.0000124323   0.0002806022  -0.0003366029   0.0003053883   0.0002317346
        0.0014762003  -0.0003423817  -0.0057479831  -0.0037962367  -0.0026329517
        0.0016015712   0.0014706089   0.0006259730  -0.0004785051   0.0010488857
        0.0006326124  -0.0013868489   0.0010419471  -0.0002347372   0.0040180219
       -0.0022018062  -0.0011843193   0.1752596258  -0.1208366163  -0.0328292161
       -0.0000721533   0.0002983316   0.0002623727  -0.0012788017  -0.0067559795
        0.0066251124   0.0225488200   0.0491878609  -0.0750494234   0.0057775533
        0.0393398347  -0.0169033580  -0.0012747493  -0.0035422052   0.0051838845
       -0.1024168117  -0.0535017439   0.1004945827   0.0000225940  -0.0000998335
        0.0001152484  -0.0005208951  -0.0000911271   0.0003143635   0.0003876448
       -0.0006295428  -0.0001849818  -0.0016015072  -0.0020187756   0.0002286892
        0.0010304163   0.0003788232   0.0022324410   0.0005393051  -0.0002864533
       -0.0001688202  -0.0009450693   0.0005255549   0.0012632337   0.0009909835
       -0.0014150020   0.0004963013   0.0768126706  -0.0213897424  -0.0249096461
       -0.1776911285  -0.0969817206  -0.0729823800  -0.0266767616  -0.0122392808
       -0.0098817375  -0.0046825120   0.0030021651   0.0022280362   0.0001925024
        0.0001375680   0.0003775642  -0.0013668672  -0.0006476486  -0.0005783722
        0.0001518753   0.0001581812   0.0000225940   0.2085838356   0.1100918256
        0.0836300007   0.0004054697  -0.0006880892  -0.0019032263   0.0001079239
       -0.0024290169  -0.0003446418   0.0007002684  -0.0003269226  -0.0004828673
        0.0003863761  -0.0003913991  -0.0000516796  -0.0003496960   0.0002168019
        0.0000881573   0.0000394687  -0.0000368857  -0.0000343488   0.0000570393
       -0.0000369705  -0.0000253033   0.0001422059   0.0001713922  -0.0000617958
       -0.0967604106  -0.1107391041  -0.0500127864   0.0090047897   0.0055782506
        0.0040096386   0.0019601906  -0.0008971733  -0.0005419878   0.0000480195
       -0.0000385921   0.0000655057   0.0005416368   0.0002410946   0.0002258715
       -0.0002904120   0.0003512181  -0.0000998335   0.1100918256   0.1267904994
        0.0591371337  -0.0004023931   0.0002090045  -0.0009256173  -0.0250082857
       -0.0226989023  -0.0123970797   0.0006308095   0.0007958076   0.0002328508
       -0.0001761574   0.0000668649   0.0002587311   0.0001703395  -0.0000480585
       -0.0000065819  -0.0000550794   0.0000114736   0.0000431022  -0.0000406515
        0.0000824362  -0.0000057441   0.0002857783   0.0002951806   0.0000167971
       -0.0726635729  -0.0500011050  -0.0828937537   0.0061715686   0.0038771751
        0.0034161139   0.0010665862  -0.0006765108   0.0000345039   0.0002040963
        0.0000212163   0.0001717405   0.0002716229   0.0001140623   0.0002712429
        0.0000294267  -0.0000124323   0.0001152484   0.0836300007   0.0591371337
        0.0924943432  -0.0256579100  -0.0189742392  -0.0181756154   0.0070507990
        0.0059219579   0.0042841477  -0.0003087267   0.0002205308   0.0001197015
        0.0003666697   0.0001997642   0.0003317085   0.0001121332  -0.0000314150
       -0.0000136796  -0.0000628421   0.0000313909   0.0000558204  -0.0000247250
        0.0000193799  -0.0000081239  -0.0001851266   0.0001530913  -0.0002033982
       -0.0442135266  -0.0013053388   0.0167584696  -0.0055785649   0.0005563304
        0.0280365517   0.0008663010  -0.0000027754   0.0020251118  -0.0004800260
       -0.0000299419  -0.0006623709   0.0000790987   0.0000609253  -0.0001258370
        0.0000697648   0.0002806022  -0.0005208951   0.0004054697  -0.0004023931
       -0.0256579100   0.0521726050  -0.0005202804  -0.0213317610   0.0007882130
       -0.0003862990  -0.0009999140   0.0006346388  -0.0004533905  -0.0000449839
       -0.0049244002   0.0025942505   0.0024642559   0.0000698579  -0.0000514416
       -0.0000614825   0.0001156103  -0.0000339531  -0.0001697013   0.0000370018
       -0.0000048739   0.0000298907  -0.0000420431  -0.0003014208   0.0002605760
       -0.0012698081  -0.0457677432   0.0073747137   0.0021570582   0.0004056332
       -0.0128520303  -0.0004554642   0.0005240709   0.0003609555  -0.0000510158
        0.0002018755   0.0000749582  -0.0000615905  -0.0000514887  -0.0000182079
       -0.0000315531  -0.0003366029  -0.0000911271  -0.0006880892   0.0002090045
       -0.0189742392  -0.0005202804   0.0489698242  -0.0075025113  -0.0013703369
       -0.0038037279   0.0330607975  -0.0000784886   0.0001898298  -0.0006393956
        0.0025574907  -0.0003686204  -0.0011775825  -0.0000428303   0.0000106067
        0.0000258632  -0.0000286454  -0.0000347016   0.0000099056   0.0000298065
       -0.0000344116  -0.0000344270  -0.0001462529  -0.0001135484   0.0003823272
        0.0159506884   0.0077101683  -0.2796122897   0.0058580050  -0.0017050780
       -0.0131428325  -0.0008677617  -0.0000200539   0.0003435448   0.0004052871
        0.0001702138   0.0006822582  -0.0002658600  -0.0000293473   0.0001349592
        0.0001704584   0.0003053883   0.0003143635  -0.0019032263  -0.0009256173
       -0.0181756154  -0.0213317610  -0.0075025113   0.3243424497   0.0000515811
        0.0033914525  -0.0147340427  -0.0003745649  -0.0000103023   0.0003728455
        0.0024064963  -0.0016685613  -0.0000896131  -0.0000411301   0.0000413835
        0.0000546255  -0.0001903972   0.0000278368   0.0000501202  -0.0000041796
       -0.0000568520   0.0000000124   0.0001363646   0.0002718803  -0.0005407857
       -0.0440443253   0.0161368675  -0.0060855047  -0.0040137838   0.0271519370
       -0.0071990978   0.0006090546   0.0004982421  -0.0002542976  -0.0000236062
       -0.0000329344   0.0000635504  -0.0000307465  -0.0001714485   0.0000613845
       -0.0006273647   0.0002317346   0.0003876448   0.0001079239  -0.0250082857
        0.0070507990   0.0007882130  -0.0013703369   0.0000515811   0.0523032119
       -0.0189382802   0.0057175666  -0.0049655143   0.0032051018   0.0014772167
        0.0009493730  -0.0000942656  -0.0005783000   0.0000219742  -0.0000710719
       -0.0000174069   0.0000740929   0.0000250797  -0.0000399952   0.0001504960
       -0.0001436613   0.0000541551  -0.0012989986  -0.0014186781  -0.0006892959
        0.0145148776  -0.2543765562   0.0708059039   0.0057928085  -0.0156361561
        0.0029286109  -0.0006664952  -0.0012973127   0.0004853882   0.0000687028
       -0.0001020504  -0.0000345244  -0.0000989192   0.0000140646   0.0001018664
       -0.0010728264   0.0014762003  -0.0006295428  -0.0024290169  -0.0226989023
        0.0059219579  -0.0003862990  -0.0038037279   0.0033914525  -0.0189382802
        0.2962065801  -0.0819290528   0.0033207461  -0.0008760599  -0.0012885706
       -0.0004386130   0.0003703269   0.0000687650  -0.0000098004   0.0000731390
        0.0000200439  -0.0000454902  -0.0000295492  -0.0000027651  -0.0000666020
        0.0001095871  -0.0000522257   0.0004552075   0.0005704167   0.0002126928
       -0.0059349222   0.0714143727  -0.0692294868   0.0004298413  -0.0079737709
        0.0028591291  -0.0002221248   0.0006940729   0.0000962174   0.0000062777
        0.0000925073  -0.0001114267   0.0000784346  -0.0000061832  -0.0000269077
        0.0000492819  -0.0003423817  -0.0001849818  -0.0003446418  -0.0123970797
        0.0042841477  -0.0009999140   0.0330607975  -0.0147340427   0.0057175666
       -0.0819290528   0.0754220044   0.0019067676  -0.0013366526   0.0004535825
        0.0000260967  -0.0008692047   0.0005324437  -0.0000137994   0.0000094810
       -0.0000094353   0.0000171176  -0.0000345589   0.0000105227   0.0000128479
       -0.0000286012  -0.0000320550  -0.0007288297  -0.0003537458   0.0006702885
       -0.0049644500   0.0274573072  -0.0053406237  -0.0402157264   0.0010548785
       -0.0008706751  -0.0013678486  -0.0205812777   0.0049326267   0.0003200633
        0.0001823314   0.0002271426   0.0001383799  -0.0010637709   0.0001650008
       -0.0046595283  -0.0057479831  -0.0016015072   0.0007002684   0.0006308095
       -0.0003087267   0.0006346388  -0.0000784886  -0.0003745649  -0.0049655143
        0.0033207461   0.0019067676   0.0541409302  -0.0032606004   0.0005598373
        0.0011862485  -0.0024932834   0.0010082536   0.0002197044   0.0001162250
        0.0000516701  -0.0000856931  -0.0000365200   0.0001588898  -0.0009927028
        0.0002133531  -0.0004308389  -0.0000887700   0.0002862731  -0.0000832521
        0.0048108856  -0.0164653864   0.0029570268   0.0013504394  -0.2596380746
        0.0574674860  -0.0024170064  -0.0178860842   0.0039444853   0.0003509378
        0.0002257525  -0.0001341340   0.0010571647   0.0005767168   0.0003731087
       -0.0040617582  -0.0037962367  -0.0020187756  -0.0003269226   0.0007958076
        0.0002205308  -0.0004533905   0.0001898298  -0.0000103023   0.0032051018
       -0.0008760599  -0.0013366526  -0.0032606004   0.3018278507  -0.0659333198
       -0.0002609964  -0.0060328802   0.0043701343   0.0004159796   0.0001132094
        0.0000674026  -0.0001471538  -0.0001444778   0.0001239529  -0.0001601957
        0.0007376163  -0.0002100656  -0.0001024848   0.0003724166   0.0001191227
        0.0008038189  -0.0082593683   0.0027710011  -0.0002428469   0.0577594017
       -0.0610003048  -0.0008321250  -0.0111671609   0.0030583130   0.0000579106
       -0.0003015976   0.0001314576   0.0003589434  -0.0001514890   0.0002625225
       -0.0022281768  -0.0026329517   0.0002286892  -0.0004828673   0.0002328508
        0.0001197015  -0.0000449839  -0.0006393956   0.0003728455   0.0014772167
       -0.0012885706   0.0004535825   0.0005598373  -0.0659333198   0.0660009592
        0.0004885585   0.0324836642  -0.0122340149   0.0000811621  -0.0001184833
       -0.0001150662   0.0000535032   0.0002176805  -0.0001980714  -0.0001183821
       -0.0000807935   0.0003007663   0.0000684311  -0.0001204669  -0.0001523811
       -0.0064724763   0.0000845849   0.0274056365  -0.0436719026  -0.0027139367
        0.0203769115  -0.0003891928   0.0007830450  -0.0245857470  -0.0036662113
       -0.0022945363  -0.0028539527   0.0007180285  -0.0003173451  -0.0009104135
        0.0013576292   0.0016015712   0.0010304163   0.0003863761  -0.0001761574
        0.0003666697  -0.0049244002   0.0025574907   0.0024064963   0.0009493730
       -0.0004386130   0.0000260967   0.0011862485  -0.0002609964   0.0004885585
        0.0551989856   0.0009987963  -0.0243012074   0.0001748372   0.0000480801
        0.0002524970  -0.0006328426   0.0000470692   0.0002405070  -0.0000239823
       -0.0000121666   0.0000214609  -0.0001904698   0.0000931140   0.0000360700
        0.0029901113   0.0008910698  -0.0128034387  -0.0023976922  -0.0474186455
        0.0209529874  -0.0007973829   0.0008429596  -0.0149164634  -0.0022533020
       -0.0008570549  -0.0021143681   0.0004896198   0.0000848881   0.0002882579
        0.0012475759   0.0014706089   0.0003788232  -0.0003913991   0.0000668649
        0.0001997642   0.0025942505  -0.0003686204  -0.0016685613  -0.0000942656
        0.0003703269  -0.0008692047  -0.0024932834  -0.0060328802   0.0324836642
        0.0009987963   0.0511885507  -0.0215823839   0.0000586708  -0.0000418798
       -0.0000450940   0.0002080502   0.0002370794  -0.0000166891  -0.0000591027
       -0.0001248136   0.0001381267  -0.0001006468  -0.0003084539  -0.0004254204
        0.0047129983  -0.0006613534  -0.0124725530   0.0208508030   0.0203494551
       -0.2712289717  -0.0028031359  -0.0006852044  -0.0207787451  -0.0029468866
       -0.0017404265  -0.0014939555   0.0006554960   0.0002349083   0.0005723162
        0.0013134798   0.0006259730   0.0022324410  -0.0000516796   0.0002587311
        0.0003317085   0.0024642559  -0.0011775825  -0.0000896131  -0.0005783000
        0.0000687650   0.0005324437   0.0010082536   0.0043701343  -0.0122340149
       -0.0243012074  -0.0215823839   0.3146656748   0.0003205978   0.0000988742
        0.0002121341  -0.0004762134   0.0000479310   0.0005490616   0.0000247213
       -0.0000185797  -0.0001473653  -0.0001931828  -0.0001892415  -0.0006505613
       -0.0012192403  -0.0005864100  -0.0006935888  -0.0047781605   0.0030895489
        0.0017227562  -0.0277124651  -0.0110399911  -0.0107596661   0.0005983892
       -0.0006110113  -0.0002414428  -0.1866700750  -0.0929879493  -0.0772819858
        0.0016861237  -0.0004785051   0.0005393051  -0.0003496960   0.0001703395
        0.0001121332   0.0000698579  -0.0000428303  -0.0000411301   0.0000219742
       -0.0000098004  -0.0000137994   0.0002197044   0.0004159796   0.0000811621
        0.0001748372   0.0000586708   0.0003205978   0.2181752563   0.1065226913
        0.0890501153   0.0014270684  -0.0000609118  -0.0012415002  -0.0022024121
       -0.0037601277  -0.0012786763   0.0005588378  -0.0006796930  -0.0002742803
        0.0006423903   0.0003918980   0.0002139299   0.0019463318  -0.0010687815
       -0.0003834902   0.0107805495   0.0063649818   0.0052492625  -0.0001876893
        0.0002141038   0.0004406585  -0.0933876662  -0.1023786993  -0.0491300640
       -0.0004951183   0.0010488857  -0.0002864533   0.0002168019  -0.0000480585
       -0.0000314150  -0.0000514416   0.0000106067   0.0000413835  -0.0000710719
        0.0000731390   0.0000094810   0.0001162250   0.0001132094  -0.0001184833
        0.0000480801  -0.0000418798   0.0000988742   0.1065226913   0.1145800282
        0.0576534106  -0.0013387046  -0.0002669135  -0.0015888493  -0.0248829028
       -0.0190427137  -0.0122021843   0.0001415248   0.0000501936   0.0000339392
        0.0002497996   0.0000230640   0.0002619215   0.0008330589  -0.0004900601
        0.0004814563   0.0043924866   0.0028197263   0.0030132239   0.0005125700
        0.0002556724   0.0003690281  -0.0776291602  -0.0492208185  -0.0859525752
       -0.0002560948   0.0006326124  -0.0001688202   0.0000881573  -0.0000065819
       -0.0000136796  -0.0000614825   0.0000258632   0.0000546255  -0.0000174069
        0.0000200439  -0.0000094353   0.0000516701   0.0000674026  -0.0001150662
        0.0002524970  -0.0000450940   0.0002121341   0.0890501153   0.0576534106
        0.0958252254  -0.0258297498  -0.0173469067  -0.0184578708   0.0080948451
        0.0057054270   0.0046273659   0.0002686942  -0.0000937610  -0.0001275335
        0.0000612781   0.0000135257  -0.0001093270   0.0009771960   0.0001180049
        0.0012535585  -0.0064858170   0.0020484047   0.0283690507  -0.0046190722
        0.0030610248   0.0019750470  -0.0462663946  -0.0003373582   0.0259635023
        0.0008829359  -0.0013868489  -0.0009450693   0.0000394687  -0.0000550794
       -0.0000628421   0.0001156103  -0.0000286454  -0.0001903972   0.0000740929
       -0.0000454902   0.0000171176  -0.0000856931  -0.0001471538   0.0000535032
       -0.0006328426   0.0002080502  -0.0004762134   0.0014270684  -0.0013387046
       -0.0258297498   0.0537684443  -0.0011348961  -0.0322432211   0.0004844217
       -0.0006805253   0.0021402050   0.0002593032  -0.0002943086   0.0000848354
       -0.0000850832  -0.0000568705   0.0000147343  -0.0007918994   0.0002179307
        0.0000197389   0.0036469248  -0.0005424102  -0.0158211008   0.0028741969
       -0.0010783882  -0.0010391852  -0.0004746251  -0.0442483173  -0.0018296978
       -0.0005070995   0.0010419471   0.0005255549  -0.0000368857   0.0000114736
        0.0000313909  -0.0000339531  -0.0000347016   0.0000278368   0.0000250797
       -0.0000295492  -0.0000345589  -0.0000365200  -0.0001444778   0.0002176805
        0.0000470692   0.0002370794   0.0000479310  -0.0000609118  -0.0002669135
       -0.0173469067  -0.0011348961   0.0465231268   0.0036110609  -0.0032144860
       -0.0018122429   0.0316967604  -0.0002169107   0.0001823137  -0.0001212392
       -0.0002966523   0.0000676078   0.0000615680  -0.0008238337   0.0004354882
        0.0007478207   0.0060790628  -0.0025941805  -0.0125209626   0.0021132944
       -0.0012693920   0.0002064801   0.0260945584  -0.0015670932  -0.2840419641
       -0.0002739206  -0.0002347372   0.0012632337  -0.0000343488   0.0000431022
        0.0000558204  -0.0001697013   0.0000099056   0.0000501202  -0.0000399952
       -0.0000027651   0.0000105227   0.0001588898   0.0001239529  -0.0001980714
        0.0002405070  -0.0000166891   0.0005490616  -0.0012415002  -0.0015888493
       -0.0184578708  -0.0322432211   0.0036110609   0.3275603536   0.0011411663
        0.0025884798  -0.0152345672  -0.0007043055   0.0003941089  -0.0000515450
        0.0001523498  -0.0001283453   0.0000841793   0.0001221295   0.0008846748
       -0.0000218392   0.0001039989   0.0228345790  -0.0086447170   0.0005752557
        0.0000047603  -0.0003956733  -0.0422720876  -0.0095226226   0.0033461981
       -0.0050629793   0.0040180219   0.0009909835   0.0000570393  -0.0000406515
       -0.0000247250   0.0000370018   0.0000298065  -0.0000041796   0.0001504960
       -0.0000666020   0.0000128479  -0.0009927028  -0.0001601957  -0.0001183821
       -0.0000239823  -0.0000591027   0.0000247213  -0.0022024121  -0.0248829028
        0.0080948451   0.0004844217  -0.0032144860   0.0011411663   0.0489237796
        0.0086939353  -0.0041868634  -0.0000523083   0.0016091307  -0.0002985618
       -0.0001981430   0.0000936071  -0.0000338097  -0.0007824760   0.0002931816
        0.0000944976   0.0007034620  -0.0176240425   0.0059551854  -0.0003579179
        0.0002447592  -0.0001369234  -0.0083954713  -0.2554447188   0.0801793643
        0.0047627402  -0.0022018062  -0.0014150020  -0.0000369705   0.0000824362
        0.0000193799  -0.0000048739  -0.0000344116  -0.0000568520  -0.0001436613
        0.0001095871  -0.0000286012   0.0002133531   0.0007376163  -0.0000807935
       -0.0000121666  -0.0001248136  -0.0000185797  -0.0037601277  -0.0190427137
        0.0057054270  -0.0006805253  -0.0018122429   0.0025884798   0.0086939353
        0.2958644797  -0.0930292077  -0.0000011571  -0.0011409180   0.0002574351
        0.0000297970  -0.0000941436  -0.0000283647  -0.0001709812   0.0000888217
       -0.0000337165  -0.0002571831  -0.0048367693   0.0018873180   0.0000180937
       -0.0005333149   0.0003032757   0.0028585447   0.0806488756  -0.0738466786
        0.0010670088  -0.0011843193   0.0004963013  -0.0000253033  -0.0000057441
       -0.0000081239   0.0000298907  -0.0000344270   0.0000000124   0.0000541551
       -0.0000522257  -0.0000320550  -0.0004308389  -0.0002100656   0.0003007663
        0.0000214609   0.0001381267  -0.0001473653  -0.0012786763  -0.0122021843
        0.0046273659   0.0021402050   0.0316967604  -0.0152345672  -0.0041868634
       -0.0930292077   0.0814522768   0.0001306903  -0.0003901829   0.0002635547
        0.0005238690  -0.0011413991   0.0007171934   0.0009217433  -0.0003665316
        0.0000392700   0.0048638753   0.0023686128  -0.0032090454   0.0003969641
       -0.0000038422   0.0001846085   0.0000722144   0.0016736014  -0.0007325601
       -0.3397654416   0.1752596258   0.0768126706   0.0001422059   0.0002857783
       -0.0001851266  -0.0000420431  -0.0001462529   0.0001363646  -0.0012989986
        0.0004552075  -0.0007288297  -0.0000887700  -0.0001024848   0.0000684311
       -0.0001904698  -0.0001006468  -0.0001931828   0.0005588378   0.0001415248
        0.0002686942   0.0002593032  -0.0002169107  -0.0007043055  -0.0000523083
       -0.0000011571   0.0001306903   0.3336990184  -0.1781051255  -0.0726048727
        0.0004398285   0.0001338300   0.0001973031   0.0010496105   0.0002912089
       -0.0003007903   0.0296867826  -0.0226459739  -0.0054733995   0.0003525666
        0.0002761682  -0.0000545020   0.0000002701  -0.0072503924   0.0026533169
        0.1471102577  -0.1208366163  -0.0213897424   0.0001713922   0.0002951806
        0.0001530913  -0.0003014208  -0.0001135484   0.0002718803  -0.0014186781
        0.0005704167  -0.0003537458   0.0002862731   0.0003724166  -0.0001204669
        0.0000931140  -0.0003084539  -0.0001892415  -0.0006796930   0.0000501936
       -0.0000937610  -0.0002943086   0.0001823137   0.0003941089   0.0016091307
       -0.0011409180  -0.0003901829  -0.1781051255   0.1501241747   0.0246961318
       -0.0000431904  -0.0006303202   0.0000740877   0.0010265103   0.0000376297
        0.0007484954  -0.0110391756   0.0059668161   0.0004726610  -0.0011345206
        0.0009874859   0.0007105586   0.0002115572   0.0012958185   0.0002867769
        0.0846093963  -0.0328292161  -0.0249096461  -0.0000617958   0.0000167971
       -0.0002033982   0.0002605760   0.0003823272  -0.0005407857  -0.0006892959
        0.0002126928   0.0006702885  -0.0000832521   0.0001191227  -0.0001523811
        0.0000360700  -0.0004254204  -0.0006505613  -0.0002742803   0.0000339392
       -0.0001275335   0.0000848354  -0.0001212392  -0.0000515450  -0.0002985618
        0.0002574351   0.0002635547  -0.0726048727   0.0246961318   0.0234094280
