$hessian                                                                        
        0.6751412949  -0.0140168912   0.0002670743  -0.1044128185   0.0884650643
       -0.0000210586   0.0000059061   0.0337569705   0.0000009630   0.0015840725
       -0.0217006084   0.0000032815  -0.0615617853   0.0044723773  -0.0000291823
       -0.2234532144  -0.1559893558  -0.0000973487  -0.0014131856   0.0013142931
       -0.0000034332  -0.0046354568  -0.0000728757  -0.0000003988   0.0010948220
        0.0004601400  -0.0000007895  -0.0010637261   0.0006229854   0.0000007576
       -0.0006177410  -0.0010656717   0.0000004168   0.0011469049   0.0002153350
       -0.0000006138  -0.0000032908  -0.0003437140   0.0000014589  -0.0041623233
        0.0022283393  -0.0000008557   0.0000362718  -0.0000286357  -0.0000001095
        0.0002904039  -0.0000818911  -0.0000012870  -0.0000633196   0.0001116959
        0.0000000911  -0.2800560118   0.0788192713  -0.0001147927   0.0033530432
       -0.0215631534  -0.0000004985  -0.0052765228   0.0021375099  -0.0000057614
        0.0041023513   0.0022563651   0.0000021174  -0.0000356746   0.0000024500
       -0.0000000311
       -0.0140168912   0.6545957004   0.0000377172   0.0095323143  -0.3257832204
       -0.0000209589   0.0919114107  -0.0117347691   0.0000441758  -0.0159949925
       -0.0631784252  -0.0000136485  -0.0539310097   0.0591561947  -0.0000248948
       -0.0786040112  -0.1997063787  -0.0000456610   0.0035642110  -0.0051832818
       -0.0000010943  -0.0022484476   0.0007746010   0.0000018897   0.0029035225
        0.0006588383   0.0000000183  -0.0020465564   0.0020607015   0.0000003179
       -0.0013079342  -0.0028615678   0.0000019433   0.0033500027   0.0004669264
       -0.0000005946  -0.0027611138  -0.0014391292   0.0000017392  -0.0024066666
        0.0050520042  -0.0000025216  -0.0001094665   0.0001031943   0.0000003828
        0.0001147054   0.0000072573  -0.0000017173  -0.0000264884  -0.0001237272
        0.0000000867   0.0786735128  -0.0697305882   0.0000339071   0.0020084718
       -0.0222838292  -0.0000004514   0.0018262309   0.0004894392   0.0000003216
       -0.0204257188  -0.0213382834  -0.0000110323  -0.0000050854  -0.0000016572
        0.0000000752
        0.0002670743   0.0000377172   0.1144244227  -0.0000256918   0.0000165050
       -0.0470444027   0.0000041975   0.0000139557   0.0019257433   0.0000038169
       -0.0000138221  -0.0044664614  -0.0000351142   0.0000031268  -0.0019922121
       -0.0000915273  -0.0000851940  -0.0441891030   0.0000009991   0.0000056264
        0.0061672944  -0.0000039513  -0.0000022648   0.0013419710   0.0000006497
        0.0000004935  -0.0000657420  -0.0000001378  -0.0000004417  -0.0001847972
       -0.0000001313  -0.0000023219   0.0000029168   0.0000011891   0.0000008649
       -0.0000728440   0.0000016208  -0.0000011829  -0.0000969712  -0.0000033933
        0.0000017287  -0.0000377332  -0.0000002141   0.0000007054  -0.0000037028
       -0.0000014025   0.0000006305   0.0000278660  -0.0000003746   0.0000011583
        0.0000144478  -0.0001137351   0.0000351083  -0.0334872940   0.0000018996
       -0.0000126902   0.0002628703  -0.0000059276   0.0000006900   0.0072508928
        0.0000004024  -0.0000005487   0.0002085053  -0.0000002484   0.0000001558
        0.0000143330
       -0.1044128185   0.0095323143  -0.0000256918   0.6612976802   0.0171281048
        0.0002759439  -0.3062802665   0.1087067713  -0.0001214470  -0.0600218004
       -0.0574455974  -0.0000342056  -0.0230737612   0.0394862790  -0.0000054821
        0.0445698374  -0.0087876753   0.0000199851  -0.0024050939  -0.0056704931
       -0.0000062088  -0.0015149494   0.0005901972   0.0000028209   0.0023738994
        0.0005992073  -0.0000013376  -0.0016166307   0.0016947508   0.0000005210
       -0.0011155135  -0.0021753894   0.0000008970   0.0022282513   0.0002920526
       -0.0000003829  -0.0045568048  -0.0023620787   0.0000011246  -0.0004604447
        0.0009171285  -0.0000069842  -0.0000370855  -0.0000304994  -0.0000009527
        0.0000492404   0.0000141616   0.0000022771  -0.0000236470   0.0000122537
        0.0000001221  -0.0080877166   0.0278433359  -0.0000014000  -0.1872476258
       -0.1308643973  -0.0000922905  -0.0067766316   0.0041727819  -0.0000017306
       -0.0028490559  -0.0036422117  -0.0000048344  -0.0000390627  -0.0000109964
       -0.0000007435
        0.0884650643  -0.3257832204   0.0000165050   0.0171281048   0.6682624953
        0.0000602692   0.0312635377  -0.1166737940   0.0000077880   0.0010715469
        0.0576685051   0.0000070720   0.0339359954  -0.0384503785   0.0000155691
       -0.0669454040  -0.0563415375  -0.0000380407  -0.0013422680   0.0034997892
        0.0000024574   0.0028685964  -0.0001258116  -0.0000015893  -0.0025375780
       -0.0008007696   0.0000001187   0.0017590207  -0.0015474372  -0.0000006128
        0.0007445486   0.0021159171  -0.0000008033  -0.0022022338  -0.0005187463
        0.0000000966  -0.0002162501   0.0006202836  -0.0000019433  -0.0011186828
       -0.0062649408   0.0000018429   0.0000645873  -0.0001577898  -0.0000000763
       -0.0000991352  -0.0000140329  -0.0000003283   0.0000483168   0.0002015271
        0.0000000146   0.0042747830  -0.0108326793   0.0000013924  -0.1307116083
       -0.1625043345  -0.0000798996   0.0268521632  -0.0104287849   0.0000116199
       -0.0033213697  -0.0019201465  -0.0000016088   0.0000182651  -0.0000041135
        0.0000001567
       -0.0000210586  -0.0000209589  -0.0470444027   0.0002759439   0.0000602692
        0.1143142261  -0.0001269310   0.0000482643  -0.0442246945  -0.0000310179
       -0.0000236157  -0.0019695325  -0.0000048667   0.0000147341  -0.0044612518
        0.0000138042  -0.0000074818   0.0019420382  -0.0000034015   0.0000000761
       -0.0000437237   0.0000024324  -0.0000007819  -0.0000908532   0.0000000865
       -0.0000004212  -0.0000656371   0.0000010668   0.0000002535   0.0000084197
       -0.0000008088  -0.0000030643  -0.0002073019   0.0000016274   0.0000003502
       -0.0000713059  -0.0000058621  -0.0000032067   0.0013321545   0.0000028191
        0.0000001649   0.0061978713  -0.0000002708   0.0000008860   0.0000189860
       -0.0000017916   0.0000007758   0.0000178600  -0.0000003329   0.0000014766
       -0.0000034823  -0.0000034603   0.0000126347   0.0002812363  -0.0000914616
       -0.0000792346  -0.0334364571  -0.0000014040   0.0000013516   0.0002267803
       -0.0000048904  -0.0000026198   0.0072508105  -0.0000002220   0.0000001480
        0.0000282598
        0.0000059061   0.0919114107   0.0000041975  -0.3062802665   0.0312635377
       -0.0001269310   0.6638553574  -0.0136960508   0.0002725977  -0.2094557590
       -0.0767200088  -0.0000850996   0.0364661745  -0.0702639783   0.0000111910
       -0.0572695879  -0.0144866921  -0.0000273294   0.0039047804   0.0111782072
        0.0000041170   0.0012498770  -0.0002019582  -0.0000034422  -0.0037032376
       -0.0009449216   0.0000026010   0.0024860062  -0.0024839560  -0.0000004624
        0.0010125752   0.0033352762  -0.0000009472  -0.0041769384  -0.0019251459
        0.0000025118  -0.0012453616   0.0049210561  -0.0000073600  -0.0458481360
       -0.0254812547  -0.0000240257   0.0003057685  -0.0004822318   0.0000008976
       -0.0000109775  -0.0001928967  -0.0000013257   0.0000326826  -0.0000122630
       -0.0000000486   0.0006044303   0.0015474025  -0.0000027165  -0.0246286864
        0.0049824851  -0.0000109749  -0.0568049890   0.0580223138  -0.0000081586
       -0.0005068112  -0.0002526626  -0.0000002090   0.0000071928  -0.0000176688
        0.0000009172
        0.0337569705  -0.0117347691   0.0000139557   0.1087067713  -0.1166737940
        0.0000482643  -0.0136960508   0.6764130802   0.0000405046  -0.1570759668
       -0.2091848798  -0.0000866100  -0.0112434181  -0.0501904728  -0.0000096721
       -0.0111542332   0.0003990608  -0.0000058788   0.0026874282  -0.0049265933
        0.0000016012   0.0001398005   0.0010282230  -0.0000011475  -0.0010309084
       -0.0006664072  -0.0000000432   0.0006816430  -0.0006845154   0.0000000997
        0.0002182638   0.0006204146  -0.0000012848   0.0000902968   0.0003958060
        0.0000002142   0.0025070529  -0.0012335773   0.0000035912   0.0031385770
        0.0112459135  -0.0000046953   0.0000926292   0.0000232489  -0.0000002470
        0.0001805533  -0.0000381828   0.0000013523  -0.0000319376   0.0002608199
       -0.0000000171   0.0016864720  -0.0056009130   0.0000001194  -0.0184440885
        0.0051148125  -0.0000086208   0.0590406476  -0.2953459860   0.0000081812
       -0.0002426295   0.0008071770   0.0000002244  -0.0000078731  -0.0000284659
        0.0000001082
        0.0000009630   0.0000441758   0.0019257433  -0.0001214470   0.0000077880
       -0.0442246945   0.0002725977   0.0000405046   0.1093851237  -0.0000889311
       -0.0000535745  -0.0459223214   0.0000237047  -0.0000356778  -0.0023448040
       -0.0000267316  -0.0000057751  -0.0032503538  -0.0000017745  -0.0000003912
        0.0067865630  -0.0000023394  -0.0000020576  -0.0001366243  -0.0000019237
       -0.0000003258  -0.0000817505   0.0000007086   0.0000004267  -0.0000611547
        0.0000002295  -0.0000002951  -0.0000608484  -0.0000021127   0.0000000351
       -0.0002386789  -0.0000014621   0.0000024101   0.0003432646  -0.0000274627
       -0.0000064675   0.0036815786   0.0000004740  -0.0000008100  -0.0000133948
        0.0000006195  -0.0000000595   0.0001070450   0.0000001275   0.0000004473
       -0.0000607537  -0.0000031297  -0.0000004879   0.0073627903  -0.0000142280
        0.0000033143   0.0000669823  -0.0000072972   0.0000068536  -0.0330774967
       -0.0000006570  -0.0000000515  -0.0002069348   0.0000000722   0.0000000179
        0.0000207196
        0.0015840725  -0.0159949925   0.0000038169  -0.0600218004   0.0010715469
       -0.0000310179  -0.2094557590  -0.1570759668  -0.0000889311   0.6124377393
        0.0402305509   0.0002201727  -0.0662895590   0.0985666440   0.0000000703
       -0.0081288898   0.0297962543   0.0000056221  -0.0288852191  -0.0498308705
       -0.0000207692   0.0149601266  -0.0008952718   0.0000018834   0.0015262865
       -0.0021174484   0.0000030156  -0.0020995428   0.0036214032  -0.0000009658
       -0.0045655406  -0.0040491042   0.0000055486   0.0024872792  -0.0000749431
       -0.0000006181  -0.0543881761  -0.0143950546  -0.0000012234  -0.1955464142
        0.0636338086  -0.0000869393   0.0002331503   0.0003010355  -0.0000005014
       -0.0001515552   0.0001749754   0.0000017312   0.0000780099   0.0013771003
       -0.0000007646   0.0004346435  -0.0005119603  -0.0000000834  -0.0044395220
        0.0017515071  -0.0000050757   0.0047146501   0.0026807054   0.0000019159
       -0.0044678189   0.0017901865  -0.0000067612  -0.0000161608  -0.0000501061
       -0.0000001258
       -0.0217006084  -0.0631784252  -0.0000138221  -0.0574455974   0.0576685051
       -0.0000236157  -0.0767200088  -0.2091848798  -0.0000535745   0.0402305509
        0.6631989547   0.0000279574  -0.0032258848  -0.2818576225  -0.0000104142
        0.0889728636  -0.0057182672   0.0000440348  -0.0054827367  -0.0439904883
       -0.0000081721  -0.0020325452   0.0030877284  -0.0000014056   0.0004431556
        0.0015287088   0.0000020079   0.0005361169  -0.0005481317  -0.0000003628
        0.0005765995   0.0013349737   0.0000014578  -0.0036570510  -0.0044471247
        0.0000030849  -0.0183370289   0.0154630591  -0.0000153660   0.0770227874
       -0.1081191496   0.0000629744   0.0004394208  -0.0003013550   0.0000004805
       -0.0003038664  -0.0002038514  -0.0000023961  -0.0000830878   0.0003483678
       -0.0000001699  -0.0002601862  -0.0006774548  -0.0000012423   0.0023072472
        0.0003595608   0.0000007958  -0.0219349824  -0.0251994039  -0.0000118845
        0.0006168083   0.0004502865  -0.0000002140   0.0000380340  -0.0000139906
       -0.0000001537
        0.0000032815  -0.0000136485  -0.0044664614  -0.0000342056   0.0000070720
       -0.0019695325  -0.0000850996  -0.0000866100  -0.0459223214   0.0002201727
        0.0000279574   0.1155806145  -0.0000060214   0.0000364215  -0.0488365289
        0.0000005368   0.0000141880  -0.0023360357  -0.0000077640  -0.0000309785
        0.0030668421  -0.0000026333  -0.0000010043  -0.0002662862   0.0000033011
        0.0000009260  -0.0003044117  -0.0000014269   0.0000009491  -0.0000813364
        0.0000015839  -0.0000042948   0.0014029676   0.0000064381   0.0000045199
        0.0003559047   0.0000097422  -0.0000140818  -0.0029279851  -0.0000945449
        0.0000530687  -0.0312496937  -0.0000000585   0.0000022721   0.0001228873
       -0.0000013442   0.0000012019  -0.0000328290  -0.0000001932   0.0000018248
        0.0000730781  -0.0000001866  -0.0000001845   0.0006978081  -0.0000058215
       -0.0000000064   0.0076526633   0.0000001738  -0.0000001717   0.0015777523
       -0.0000056238   0.0000004931   0.0079888824  -0.0000003065   0.0000000860
       -0.0001259782
       -0.0615617853  -0.0539310097  -0.0000351142  -0.0230737612   0.0339359954
       -0.0000048667   0.0364661745  -0.0112434181   0.0000237047  -0.0662895590
       -0.0032258848  -0.0000060214   0.6512348837  -0.0446923995   0.0002075340
       -0.2954733262   0.1184369020  -0.0001054602  -0.1303390441  -0.0736678685
       -0.0000369863  -0.0550563539  -0.0175567400  -0.0000041836  -0.0003845639
        0.0023264002   0.0000014737  -0.0042872705   0.0006068870   0.0000045024
       -0.0026633662  -0.0026786372   0.0000007791   0.0016968853   0.0015449961
        0.0000025294   0.0117322783   0.0059918637  -0.0000000327  -0.0521691618
        0.0457337714  -0.0000257806   0.0005107163  -0.0011543090   0.0000014286
        0.0017300360  -0.0005409908  -0.0000048677   0.0005014451  -0.0000557816
       -0.0000011687  -0.0021669388  -0.0028550596  -0.0000054666  -0.0000422906
        0.0007979637  -0.0000005326  -0.0027605129  -0.0031894272  -0.0000061920
       -0.0073109048   0.0052555085  -0.0000059517  -0.0002935802   0.0001612381
        0.0000006733
        0.0044723773   0.0591561947   0.0000031268   0.0394862790  -0.0384503785
        0.0000147341  -0.0702639783  -0.0501904728  -0.0000356778   0.0985666440
       -0.2818576225   0.0000364215  -0.0446923995   0.6256052765   0.0000098175
        0.0382490706  -0.1225785755   0.0000136061  -0.0872029803  -0.1752859251
       -0.0000608794  -0.0128617416   0.0156190454   0.0000095884   0.0050128407
       -0.0017911977  -0.0000010996  -0.0021065386   0.0011406443  -0.0000002898
       -0.0026267778  -0.0017060126   0.0000016745   0.0001641125   0.0020031039
       -0.0000015658   0.0057494079   0.0070613477  -0.0000003854   0.0015244997
       -0.0212147355   0.0000090794   0.0000962322  -0.0000998049   0.0000016834
        0.0013324974  -0.0004352488  -0.0000060387  -0.0000085578  -0.0005142198
       -0.0000002723  -0.0034218581  -0.0019282349  -0.0000031566   0.0005443126
       -0.0001981190  -0.0000000007  -0.0020427650  -0.0012200975  -0.0000029860
        0.0298617638  -0.0131378290   0.0000118726   0.0001675591   0.0000228613
        0.0000007478
       -0.0000291823  -0.0000248948  -0.0019922121  -0.0000054821   0.0000155691
       -0.0044612518   0.0000111910  -0.0000096721  -0.0023448040   0.0000000703
       -0.0000104142  -0.0488365289   0.0002075340   0.0000098175   0.1157712420
       -0.0001098777   0.0000484972  -0.0459818421  -0.0000543699  -0.0000645030
       -0.0313225331   0.0000069593   0.0000118427  -0.0029535097   0.0000060162
       -0.0000016005   0.0002976474   0.0000014878   0.0000019487   0.0013160630
       -0.0000017199  -0.0000023115  -0.0000694353   0.0000037368   0.0000000331
       -0.0002419086  -0.0000039581  -0.0000031723  -0.0001343911  -0.0000206637
        0.0000315203   0.0029551129   0.0000001217   0.0000002214   0.0000732232
       -0.0000007713   0.0000001968  -0.0001334220   0.0000005250  -0.0000000497
        0.0001567914  -0.0000047931  -0.0000018476   0.0076683986  -0.0000003451
        0.0000002252   0.0006941111  -0.0000053468  -0.0000024861   0.0079850346
       -0.0000015214   0.0000011623   0.0015688926   0.0000003893  -0.0000000827
       -0.0000146783
       -0.2234532144  -0.0786040112  -0.0000915273   0.0445698374  -0.0669454040
        0.0000138042  -0.0572695879  -0.0111542332  -0.0000267316  -0.0081288898
        0.0889728636   0.0000005368  -0.2954733262   0.0382490706  -0.0001098777
        0.6555800662   0.0048751445   0.0002556506  -0.0449733065   0.0004423490
       -0.0000212848   0.0014800792  -0.0035009762  -0.0000048230  -0.0040319210
       -0.0001651982   0.0000025848   0.0021059827  -0.0022339751  -0.0000005095
        0.0017647798   0.0032319187  -0.0000013970  -0.0040545217  -0.0004691470
        0.0000019222   0.0011402868  -0.0002877125  -0.0000033631   0.0080801611
       -0.0053994656   0.0000036920   0.0000502954  -0.0000474762   0.0000008191
       -0.0003385448   0.0000823320  -0.0000000810   0.0000929021   0.0006085869
       -0.0000005419  -0.0247335405  -0.0181978327  -0.0000122996   0.0007922148
        0.0012941078  -0.0000024023  -0.0004844736  -0.0002793429  -0.0000007208
       -0.0526155291   0.0495308911  -0.0000041224  -0.0000997498  -0.0000024896
        0.0000006724
       -0.1559893558  -0.1997063787  -0.0000851940  -0.0087876753  -0.0563415375
       -0.0000074818  -0.0144866921   0.0003990608  -0.0000057751   0.0297962543
       -0.0057182672   0.0000141880   0.1184369020  -0.1225785755   0.0000484972
        0.0048751445   0.6844120902   0.0000437433  -0.0281676836   0.0102166729
       -0.0000083533  -0.0011633351  -0.0040014902  -0.0000048510  -0.0018776349
        0.0003742387   0.0000005265   0.0001860714  -0.0007219822   0.0000006607
        0.0004585261   0.0005229872  -0.0000004176  -0.0004465264  -0.0004172365
        0.0000007709   0.0000718218   0.0010838723  -0.0000000372   0.0029358331
       -0.0087411056  -0.0000015628  -0.0000601229   0.0002286055  -0.0000002294
       -0.0001823377   0.0000337972   0.0000015313  -0.0000464015   0.0002015721
       -0.0000001105   0.0052201790   0.0052272988   0.0000038234   0.0011399578
       -0.0057807187  -0.0000006108  -0.0003132741   0.0007883663  -0.0000002237
        0.0485090631  -0.2995121509   0.0000011930  -0.0001087137   0.0000308809
       -0.0000000872
       -0.0000973487  -0.0000456610  -0.0441891030   0.0000199851  -0.0000380407
        0.0019420382  -0.0000273294  -0.0000058788  -0.0032503538   0.0000056221
        0.0000440348  -0.0023360357  -0.0001054602   0.0000136061  -0.0459818421
        0.0002556506   0.0000437433   0.1092919940  -0.0000241467  -0.0000033657
        0.0037059660   0.0000009456  -0.0000026543   0.0003674315  -0.0000016072
       -0.0000006278  -0.0002648121   0.0000006592  -0.0000000197   0.0000109677
       -0.0000003820  -0.0000000547  -0.0001058119  -0.0000009221   0.0000001780
       -0.0001008416  -0.0000025828   0.0000007994  -0.0001448154  -0.0000028624
        0.0000006064   0.0067911940   0.0000002202  -0.0000004540  -0.0000439936
        0.0000004074  -0.0000001087   0.0000154193   0.0000000427   0.0000008187
       -0.0000112701  -0.0000116612  -0.0000087407   0.0000833576  -0.0000032873
       -0.0000006508   0.0073520798  -0.0000005354  -0.0000002156  -0.0002068385
       -0.0000054919   0.0000026566  -0.0330430118   0.0000000844   0.0000000293
        0.0001182817
       -0.0014131856   0.0035642110   0.0000009991  -0.0024050939  -0.0013422680
       -0.0000034015   0.0039047804   0.0026874282  -0.0000017745  -0.0288852191
       -0.0054827367  -0.0000077640  -0.1303390441  -0.0872029803  -0.0000543699
       -0.0449733065  -0.0281676836  -0.0000241467   0.4743102777   0.0206371374
       -0.0000680266  -0.2150090644   0.0815021719   0.0001011684  -0.0502379181
        0.0112643850   0.0000366620  -0.0006299525  -0.0005553898  -0.0000028282
        0.0021663521  -0.0028358475  -0.0000045625   0.0076142979  -0.0009623327
        0.0000102541  -0.0539721455   0.0002216734   0.0000263176   0.0420126440
        0.0103167922  -0.0000041613  -0.0010981459   0.0010167231   0.0000017419
       -0.0040675284   0.0013235866  -0.0000062312   0.0031737913  -0.0047881014
       -0.0000016617  -0.0013751503  -0.0010008131  -0.0000016419   0.0001745326
        0.0000964765  -0.0000008052  -0.0005292215  -0.0002313694   0.0000006466
        0.0025644878  -0.0007710483   0.0000015792  -0.0009861879   0.0007099854
        0.0000020063
        0.0013142931  -0.0051832818   0.0000056264  -0.0056704931   0.0034997892
        0.0000000761   0.0111782072  -0.0049265933  -0.0000003912  -0.0498308705
       -0.0439904883  -0.0000309785  -0.0736678685  -0.1752859251  -0.0000645030
        0.0004423490   0.0102166729  -0.0000033657   0.0206371374   0.3441369440
        0.0001403652   0.0709249844  -0.1115770225  -0.0000444517  -0.0244281692
        0.0047450262   0.0000023142   0.0007159338  -0.0064391308   0.0000055346
        0.0028402538   0.0049727561  -0.0000002341  -0.0068588508  -0.0069505289
       -0.0000006249   0.0481917307  -0.0215951335  -0.0000284504   0.0074672426
        0.0037047831   0.0000073832   0.0014685603  -0.0012201711  -0.0000038521
       -0.0000005533   0.0000751932   0.0000104428  -0.0024829436   0.0055730704
        0.0000009497   0.0006110129   0.0002584272   0.0000020826   0.0003340341
        0.0003865896   0.0000007694  -0.0017422327  -0.0014382996   0.0000003495
       -0.0003670402   0.0009224453   0.0000018288  -0.0010767175   0.0001148777
       -0.0000008710
       -0.0000034332  -0.0000010943   0.0061672944  -0.0000062088   0.0000024574
       -0.0000437237   0.0000041170   0.0000016012   0.0067865630  -0.0000207692
       -0.0000081721   0.0030668421  -0.0000369863  -0.0000608794  -0.0313225331
       -0.0000212848  -0.0000083533   0.0037059660  -0.0000680266   0.0001403652
        0.0372108767   0.0000893675  -0.0000508903  -0.0307257375   0.0000339742
        0.0000000139   0.0032454909   0.0000005592   0.0000004920   0.0044693258
        0.0000031816   0.0000083693   0.0001143887  -0.0000061253   0.0000017740
        0.0065754683   0.0000263675   0.0000059605   0.0026986390   0.0000002249
       -0.0000221933  -0.0034038067   0.0000001321  -0.0000026052  -0.0003714967
        0.0000020348  -0.0000015040  -0.0008070482  -0.0000024376  -0.0000046521
       -0.0018895138   0.0000000420  -0.0000004396  -0.0001345393   0.0000011799
        0.0000002638  -0.0015337864   0.0000004483   0.0000004878  -0.0004293363
        0.0000030256  -0.0000005079  -0.0032861270   0.0000006173  -0.0000004936
       -0.0000932064
       -0.0046354568  -0.0022484476  -0.0000039513  -0.0015149494   0.0028685964
        0.0000024324   0.0012498770   0.0001398005  -0.0000023394   0.0149601266
       -0.0020325452  -0.0000026333  -0.0550563539  -0.0128617416   0.0000069593
        0.0014800792  -0.0011633351   0.0000009456  -0.2150090644   0.0709249844
        0.0000893675   0.6231321057   0.0274356445  -0.0002593060  -0.2040923170
       -0.1532282586   0.0001142835  -0.0552464242   0.0009283107   0.0000351346
       -0.0031274506  -0.0142149846   0.0000066088  -0.0082368009   0.0302868885
       -0.0000171932  -0.0615239957   0.1002238352  -0.0000152042  -0.0310698629
       -0.0533476050   0.0000275405  -0.0031146502   0.0008647711   0.0000020400
        0.0030881351  -0.0005471657   0.0000077513   0.0020692737   0.0038422281
       -0.0000000351   0.0000692944  -0.0002405279   0.0000013583   0.0001379933
        0.0002681032   0.0000015089   0.0004749556   0.0007428019   0.0000007978
       -0.0002460336   0.0000899490   0.0000008775  -0.0037884811   0.0012686977
        0.0000030566
       -0.0000728757   0.0007746010  -0.0000022648   0.0005901972  -0.0001258116
       -0.0000007819  -0.0002019582   0.0010282230  -0.0000020576  -0.0008952718
        0.0030877284  -0.0000010043  -0.0175567400   0.0156190454   0.0000118427
       -0.0035009762  -0.0040014902  -0.0000026543   0.0815021719  -0.1115770225
       -0.0000508903   0.0274356445   0.6398635905  -0.0001099578  -0.0789986512
       -0.1659809227   0.0000781876  -0.0486532400   0.0484285616   0.0000140764
       -0.0193553335  -0.0555186964   0.0000194676   0.0840061022  -0.0116171603
       -0.0000435085  -0.0053669055  -0.2712741045   0.0000496000  -0.0068282716
       -0.0456263662   0.0000256913  -0.0016632326   0.0037439333   0.0000026966
        0.0001291545   0.0007280759  -0.0000052618  -0.0127012653  -0.0472730955
        0.0000179527  -0.0003269326  -0.0001231881  -0.0000008094  -0.0000829803
       -0.0000862364  -0.0000004521   0.0000603165   0.0002090029  -0.0000002478
        0.0001928783  -0.0001806001  -0.0000001655   0.0022881693  -0.0000980674
        0.0000005412
       -0.0000003988   0.0000018897   0.0013419710   0.0000028209  -0.0000015893
       -0.0000908532  -0.0000034422  -0.0000011475  -0.0001366243   0.0000018834
       -0.0000014056  -0.0002662862  -0.0000041836   0.0000095884  -0.0029535097
       -0.0000048230  -0.0000048510   0.0003674315   0.0001011684  -0.0000444517
       -0.0307257375  -0.0002593060  -0.0001099578   0.1077153636   0.0001052207
        0.0001095017  -0.0428694875   0.0000428008  -0.0000153046  -0.0020851536
        0.0000043670   0.0000208635  -0.0012313921  -0.0000128099  -0.0000135683
       -0.0027079427   0.0000068131  -0.0000086369  -0.0431725510   0.0000129901
        0.0000468464   0.0033038907   0.0000041368   0.0000002374   0.0048204879
       -0.0000039133   0.0000010447   0.0002907378   0.0000026210   0.0000105089
        0.0021601965  -0.0000004126  -0.0000002154  -0.0000434737   0.0000000625
       -0.0000000617  -0.0001705690  -0.0000003605  -0.0000004092   0.0000928648
        0.0000000831   0.0000000149   0.0000948961   0.0000046822   0.0000011032
        0.0062657407
        0.0010948220   0.0029035225   0.0000006497   0.0023738994  -0.0025375780
        0.0000000865  -0.0037032376  -0.0010309084  -0.0000019237   0.0015262865
        0.0004431556   0.0000033011  -0.0003845639   0.0050128407   0.0000060162
       -0.0040319210  -0.0018776349  -0.0000016072  -0.0502379181  -0.0244281692
        0.0000339742  -0.2040923170  -0.0789986512   0.0001052207   0.6300005298
        0.0224458745  -0.0003031543  -0.3018171172   0.0267898908   0.0001348038
       -0.0018595189   0.0900924233  -0.0000162674  -0.0517949511  -0.0121701468
        0.0000292410   0.0327752880  -0.0674372972   0.0000022581   0.0045041146
        0.0124883482  -0.0000033826   0.0005506280  -0.0011555632  -0.0000010074
        0.0000813177  -0.0007107356   0.0000022992  -0.0314587214   0.0256616387
        0.0000022469  -0.0000532796  -0.0001198282  -0.0000004674   0.0000839510
        0.0000024322  -0.0000013850  -0.0000707215  -0.0000964547  -0.0000011852
        0.0001583864  -0.0002390022   0.0000009559  -0.0236449562   0.0049618430
        0.0000093269
        0.0004601400   0.0006588383   0.0000004935   0.0005992073  -0.0008007696
       -0.0000004212  -0.0009449216  -0.0006664072  -0.0000003258  -0.0021174484
        0.0015287088   0.0000009260   0.0023264002  -0.0017911977  -0.0000016005
       -0.0001651982   0.0003742387  -0.0000006278   0.0112643850   0.0047450262
        0.0000000139  -0.1532282586  -0.1659809227   0.0001095017   0.0224458745
        0.4803131695  -0.0001098343   0.0913899169  -0.0970907112  -0.0000341347
        0.0330969664  -0.0134160482  -0.0000128284  -0.0120822523  -0.0006486862
        0.0000055057  -0.0108736372  -0.0553677670   0.0000175228   0.0064724451
       -0.0012185236  -0.0000011060   0.0000426404   0.0000872943   0.0000007244
        0.0008812197  -0.0037765538   0.0000009960   0.0278794922  -0.1522026720
        0.0000167411   0.0001088910  -0.0000379881  -0.0000000138   0.0000716521
       -0.0000092286  -0.0000002423  -0.0000389829  -0.0000581758   0.0000001817
        0.0002826962  -0.0001342690  -0.0000001438  -0.0178712281   0.0054926451
        0.0000086720
       -0.0000007895   0.0000000183  -0.0000657420  -0.0000013376   0.0000001187
       -0.0000656371   0.0000026010  -0.0000000432  -0.0000817505   0.0000030156
        0.0000020079  -0.0003044117   0.0000014737  -0.0000010996   0.0002976474
        0.0000025848   0.0000005265  -0.0002648121   0.0000366620   0.0000023142
        0.0032454909   0.0001142835   0.0000781876  -0.0428694875  -0.0003031543
       -0.0001098343   0.0897808893   0.0001215325   0.0000031995  -0.0395508222
       -0.0000057728  -0.0000439673   0.0013224890   0.0000278850   0.0000064344
       -0.0016133452  -0.0000266186   0.0000481667  -0.0025760055   0.0000020340
        0.0000020771   0.0067485878   0.0000011433  -0.0000033415  -0.0000915218
        0.0000060860   0.0000011410   0.0047665670   0.0000013121   0.0000189380
       -0.0186981786  -0.0000001991  -0.0000001247   0.0001266608  -0.0000000867
       -0.0000000249   0.0000362279  -0.0000002522  -0.0000002581  -0.0000601171
       -0.0000004494   0.0000001614  -0.0000048239   0.0000180468  -0.0000045976
       -0.0000779050
       -0.0010637261  -0.0020465564  -0.0000001378  -0.0016166307   0.0017590207
        0.0000010668   0.0024860062   0.0006816430   0.0000007086  -0.0020995428
        0.0005361169  -0.0000014269  -0.0042872705  -0.0021065386   0.0000014878
        0.0021059827   0.0001860714   0.0000006592  -0.0006299525   0.0007159338
        0.0000005592  -0.0552464242  -0.0486532400   0.0000428008  -0.3018171172
        0.0913899169   0.0001215325   0.6546469393   0.0235960354  -0.0003122987
       -0.0858652502   0.0045773999   0.0000209299   0.0358530076  -0.0073208153
       -0.0000177403  -0.0188465073   0.0348873722   0.0000000872  -0.0025205129
       -0.0065499282  -0.0000009629  -0.0026915640  -0.0018617981   0.0000019672
       -0.0197531274   0.0298915310   0.0000122891  -0.0078623115   0.0155638601
        0.0000003439  -0.0000960396  -0.0000053390   0.0000008429  -0.0000620301
       -0.0000243360   0.0000015533   0.0000188642   0.0000495972   0.0000008638
        0.0000072438   0.0000220271   0.0000001858  -0.1906600369  -0.1352879739
        0.0001246888
        0.0006229854   0.0020607015  -0.0000004417   0.0016947508  -0.0015474372
        0.0000002535  -0.0024839560  -0.0006845154   0.0000004267   0.0036214032
       -0.0005481317   0.0000009491   0.0006068870   0.0011406443   0.0000019487
       -0.0022339751  -0.0007219822  -0.0000000197  -0.0005553898  -0.0064391308
        0.0000004920   0.0009283107   0.0484285616  -0.0000153046   0.0267898908
       -0.0970907112   0.0000031995   0.0235960354   0.6599343566  -0.0001518870
        0.0702579752  -0.3208425796   0.0000351013  -0.0584264158  -0.0528351055
        0.0000488647   0.0289515993  -0.0322907347  -0.0000114107  -0.0025666693
        0.0030726127  -0.0000005120  -0.0012275627  -0.0011357194   0.0000034386
        0.0175707524  -0.0136405515  -0.0000143703   0.0280362672  -0.0239051902
       -0.0000087059  -0.0000282155   0.0000073579  -0.0000006862  -0.0000080915
       -0.0000069654  -0.0000005012   0.0000197331   0.0000165636  -0.0000000049
       -0.0000417515  -0.0000311321  -0.0000005275  -0.1351245631  -0.1629409115
        0.0001096979
        0.0000007576   0.0000003179  -0.0001847972   0.0000005210  -0.0000006128
        0.0000084197  -0.0000004624   0.0000000997  -0.0000611547  -0.0000009658
       -0.0000003628  -0.0000813364   0.0000045024  -0.0000002898   0.0013160630
       -0.0000005095   0.0000006607   0.0000109677  -0.0000028282   0.0000055346
        0.0044693258   0.0000351346   0.0000140764  -0.0020851536   0.0001348038
       -0.0000341347  -0.0395508222  -0.0003122987  -0.0001518870   0.0995337163
        0.0000075696   0.0000669854  -0.0404307979  -0.0000035750   0.0000166458
        0.0005873563   0.0000000712  -0.0000090715  -0.0004975979   0.0000025834
        0.0000018763   0.0000323663   0.0000040586   0.0000008349   0.0039302156
        0.0000081328  -0.0000127520   0.0018184763  -0.0000009880  -0.0000062461
        0.0016495391   0.0000001265   0.0000000734   0.0000015080  -0.0000000146
       -0.0000000001   0.0000299185  -0.0000000035  -0.0000000057  -0.0000078347
        0.0000000670  -0.0000000539   0.0000265004   0.0001233173   0.0001083112
       -0.0305148785
       -0.0006177410  -0.0013079342  -0.0000001313  -0.0011155135   0.0007445486
       -0.0000008088   0.0010125752   0.0002182638   0.0000002295  -0.0045655406
        0.0005765995   0.0000015839  -0.0026633662  -0.0026267778  -0.0000017199
        0.0017647798   0.0004585261  -0.0000003820   0.0021663521   0.0028402538
        0.0000031816  -0.0031274506  -0.0193553335   0.0000043670  -0.0018595189
        0.0330969664  -0.0000057728  -0.0858652502   0.0702579752   0.0000075696
        0.4837772363   0.0278351441  -0.0002237834  -0.1907707428  -0.1406530048
        0.0001124459  -0.0587901071   0.0039097878   0.0000294854   0.0013460810
        0.0024183038   0.0000008622   0.0023970791   0.0007422026   0.0000001107
       -0.1432596315   0.0401995151   0.0000632935  -0.0035546003   0.0011618657
        0.0000040887   0.0000059357   0.0000024405   0.0000003303  -0.0000406264
        0.0000551392   0.0000003986  -0.0000264227   0.0000945112   0.0000005009
       -0.0000318708  -0.0000152957   0.0000000634   0.0038183433  -0.0206536976
        0.0000040871
       -0.0010656717  -0.0028615678  -0.0000023219  -0.0021753894   0.0021159171
       -0.0000030643   0.0033352762   0.0006204146  -0.0000002951  -0.0040491042
        0.0013349737  -0.0000042948  -0.0026786372  -0.0017060126  -0.0000023115
        0.0032319187   0.0005229872  -0.0000000547  -0.0028358475   0.0049727561
        0.0000083693  -0.0142149846  -0.0555186964   0.0000208635   0.0900924233
       -0.0134160482  -0.0000439673   0.0045773999  -0.3208425796   0.0000669854
        0.0278351441   0.6075153616  -0.0001476742  -0.0850797681  -0.1688694265
        0.0000745312  -0.0478666095   0.0507375731   0.0000175196   0.0048381634
       -0.0055785344   0.0000124014  -0.0135576496  -0.0381670163   0.0000196179
        0.0375440878  -0.0382272537  -0.0000198181  -0.0001262521  -0.0002171663
        0.0000016671   0.0000018078  -0.0000174536  -0.0000005622   0.0000131122
       -0.0000070290  -0.0000011798   0.0000442734  -0.0000498748  -0.0000008492
        0.0000247528  -0.0000297366   0.0000000157   0.0021115541  -0.0223115876
        0.0000044221
        0.0000004168   0.0000019433   0.0000029168   0.0000008970  -0.0000008033
       -0.0002073019  -0.0000009472  -0.0000012848  -0.0000608484   0.0000055486
        0.0000014578   0.0014029676   0.0000007791   0.0000016745  -0.0000694353
       -0.0000013970  -0.0000004176  -0.0001058119  -0.0000045625  -0.0000002341
        0.0001143887   0.0000066088   0.0000194676  -0.0012313921  -0.0000162674
       -0.0000128284   0.0013224890   0.0000209299   0.0000351013  -0.0404307979
       -0.0002237834  -0.0001476742   0.0916205400   0.0001003484   0.0001015301
       -0.0407948954   0.0000562784  -0.0000107657  -0.0028300357  -0.0000089391
       -0.0000083089   0.0047837012   0.0000000851   0.0000201945   0.0011670201
        0.0000626819  -0.0000176515  -0.0190286869   0.0000037789   0.0000014772
        0.0043392993   0.0000000714  -0.0000000993   0.0000516797   0.0000002219
        0.0000000364   0.0000268478  -0.0000000598   0.0000001689   0.0000355165
       -0.0000000163  -0.0000001031   0.0000005586  -0.0000026734   0.0000171191
       -0.0001087198
        0.0011469049   0.0033500027   0.0000011891   0.0022282513  -0.0022022338
        0.0000016274  -0.0041769384   0.0000902968  -0.0000021127   0.0024872792
       -0.0036570510   0.0000064381   0.0016968853   0.0001641125   0.0000037368
       -0.0040545217  -0.0004465264  -0.0000009221   0.0076142979  -0.0068588508
       -0.0000061253  -0.0082368009   0.0840061022  -0.0000128099  -0.0517949511
       -0.0120822523   0.0000278850   0.0358530076  -0.0584264158  -0.0000035750
       -0.1907707428  -0.0850797681   0.0001003484   0.6099847553   0.0295570238
       -0.0002857016  -0.2802063369   0.0309099256   0.0001142734  -0.0496133338
        0.0008133583   0.0000258268  -0.0302633472   0.0254641487  -0.0000033343
       -0.0422191909  -0.0092455347   0.0000318579   0.0002114307   0.0017751761
        0.0000001568   0.0000219790   0.0000381624  -0.0000000046  -0.0001182292
        0.0000528290  -0.0000002100   0.0001227230   0.0002700326   0.0000000856
       -0.0001184104   0.0000703581   0.0000002940   0.0002052893   0.0014371041
        0.0000010761
        0.0002153350   0.0004669264   0.0000008649   0.0002920526  -0.0005187463
        0.0000003502  -0.0019251459   0.0003958060   0.0000000351  -0.0000749431
       -0.0044471247   0.0000045199   0.0015449961   0.0020031039   0.0000000331
       -0.0004691470  -0.0004172365   0.0000001780  -0.0009623327  -0.0069505289
        0.0000017740   0.0302868885  -0.0116171603  -0.0000135683  -0.0121701468
       -0.0006486862   0.0000064344  -0.0073208153  -0.0528351055   0.0000166458
       -0.1406530048  -0.1688694265   0.0001015301   0.0295570238   0.4835121586
       -0.0001130107   0.1044765848  -0.0878733250  -0.0000413516  -0.0346183884
        0.0003605128   0.0000099322   0.0254420879  -0.1524151824   0.0000210269
        0.0056274670   0.0029929620   0.0000022797   0.0002210952   0.0011098167
       -0.0000005050  -0.0000517560   0.0000012509   0.0000003659  -0.0001419406
       -0.0000306754   0.0000005711  -0.0001594472  -0.0000738870   0.0000003552
       -0.0000255235   0.0000240496  -0.0000000419   0.0009090605  -0.0041695023
        0.0000015809
       -0.0000006138  -0.0000005946  -0.0000728440  -0.0000003829   0.0000000966
       -0.0000713059   0.0000025118   0.0000002142  -0.0002386789  -0.0000006181
        0.0000030849   0.0003559047   0.0000025294  -0.0000015658  -0.0002419086
        0.0000019222   0.0000007709  -0.0001008416   0.0000102541  -0.0000006249
        0.0065754683  -0.0000171932  -0.0000435085  -0.0027079427   0.0000292410
        0.0000055057  -0.0016133452  -0.0000177403   0.0000488647   0.0005873563
        0.0001124459   0.0000745312  -0.0407948954  -0.0002857016  -0.0001130107
        0.0855029068   0.0000908802  -0.0000096219  -0.0408562270   0.0000385979
        0.0000102320   0.0035906996   0.0000011369   0.0000202564  -0.0181334788
        0.0000299079   0.0000025155   0.0015372092   0.0000000864   0.0000013434
        0.0000767577  -0.0000000922   0.0000000272   0.0000392154  -0.0000001761
       -0.0000000178   0.0001190968  -0.0000001851  -0.0000002506  -0.0000025806
       -0.0000002156   0.0000001463  -0.0000609789   0.0000034053   0.0000016057
        0.0065104128
       -0.0000032908  -0.0027611138   0.0000016208  -0.0045568048  -0.0002162501
       -0.0000058621  -0.0012453616   0.0025070529  -0.0000014621  -0.0543881761
       -0.0183370289   0.0000097422   0.0117322783   0.0057494079  -0.0000039581
        0.0011402868   0.0000718218  -0.0000025828  -0.0539721455   0.0481917307
        0.0000263675  -0.0615239957  -0.0053669055   0.0000068131   0.0327752880
       -0.0108736372  -0.0000266186  -0.0188465073   0.0289515993   0.0000000712
       -0.0587901071  -0.0478666095   0.0000562784  -0.2802063369   0.1044765848
        0.0000908802   0.6413312469  -0.0269307705  -0.0002279750  -0.1430305211
       -0.0847908416   0.0000700146  -0.0087163127   0.0125363529   0.0000005830
        0.0003757622  -0.0007801930   0.0000010374  -0.0024199740  -0.0040783792
        0.0000054944   0.0001753935  -0.0001619985   0.0000009304  -0.0001722326
        0.0002153565  -0.0000002191  -0.0001182858  -0.0001162459  -0.0000002613
        0.0007169873  -0.0005277282   0.0000009910  -0.0002571914   0.0001077950
       -0.0000018851
       -0.0003437140  -0.0014391292  -0.0000011829  -0.0023620787   0.0006202836
       -0.0000032067   0.0049210561  -0.0012335773   0.0000024101  -0.0143950546
        0.0154630591  -0.0000140818   0.0059918637   0.0070613477  -0.0000031723
       -0.0002877125   0.0010838723   0.0000007994   0.0002216734  -0.0215951335
        0.0000059605   0.1002238352  -0.2712741045  -0.0000086369  -0.0674372972
       -0.0553677670   0.0000481667   0.0348873722  -0.0322907347  -0.0000090715
        0.0039097878   0.0507375731  -0.0000107657   0.0309099256  -0.0878733250
       -0.0000096219  -0.0269307705   0.6187248985  -0.0000993796  -0.0946792560
       -0.1860974476   0.0001117959   0.0284637904  -0.0361753275  -0.0000028819
       -0.0028736788  -0.0024930667  -0.0000049541  -0.0007521477   0.0030761090
        0.0000015291   0.0001743052  -0.0001191263  -0.0000009295   0.0002858878
        0.0001066509  -0.0000011282  -0.0001785199  -0.0003444051  -0.0000008708
        0.0001793991  -0.0000520847  -0.0000002169   0.0000713333  -0.0005185653
       -0.0000005607
        0.0000014589   0.0000017392  -0.0000969712   0.0000011246  -0.0000019433
        0.0013321545  -0.0000073600   0.0000035912   0.0003432646  -0.0000012234
       -0.0000153660  -0.0029279851  -0.0000000327  -0.0000003854  -0.0001343911
       -0.0000033631  -0.0000000372  -0.0001448154   0.0000263176  -0.0000284504
        0.0026986390  -0.0000152042   0.0000496000  -0.0431725510   0.0000022581
        0.0000175228  -0.0025760055   0.0000000872  -0.0000114107  -0.0004975979
        0.0000294854   0.0000175196  -0.0028300357   0.0001142734  -0.0000413516
       -0.0408562270  -0.0002279750  -0.0000993796   0.1092645045   0.0000786838
        0.0000981290  -0.0318057705  -0.0000019689   0.0000030520   0.0021005864
        0.0000008418   0.0000020982   0.0041336851   0.0000033410   0.0000042667
        0.0047403760   0.0000001138   0.0000002006  -0.0001681572  -0.0000006124
        0.0000001085  -0.0000407435   0.0000000796   0.0000001586   0.0000940628
       -0.0000004183   0.0000002071   0.0000993512   0.0000000927   0.0000001310
        0.0004446268
       -0.0041623233  -0.0024066666  -0.0000033933  -0.0004604447  -0.0011186828
        0.0000028191  -0.0458481360   0.0031385770  -0.0000274627  -0.1955464142
        0.0770227874  -0.0000945449  -0.0521691618   0.0015244997  -0.0000206637
        0.0080801611   0.0029358331  -0.0000028624   0.0420126440   0.0074672426
        0.0000002249  -0.0310698629  -0.0068282716   0.0000129901   0.0045041146
        0.0064724451   0.0000020340  -0.0025205129  -0.0025666693   0.0000025834
        0.0013460810   0.0048381634  -0.0000089391  -0.0496133338  -0.0346183884
        0.0000385979  -0.1430305211  -0.0946792560   0.0000786838   0.4689129027
        0.0357502960   0.0000160137   0.0008982967   0.0028336003  -0.0000010792
       -0.0010358648  -0.0011382966   0.0000015371  -0.0002991700  -0.0007691834
       -0.0000005076   0.0003640909  -0.0000950477  -0.0000000987  -0.0012591857
        0.0003430651  -0.0000001777   0.0018777576   0.0012151274   0.0000026952
       -0.0013921249   0.0002473390   0.0000003621   0.0004110076   0.0004314862
        0.0000011881
        0.0022283393   0.0050520042   0.0000017287   0.0009171285  -0.0062649408
        0.0000001649  -0.0254812547   0.0112459135  -0.0000064675   0.0636338086
       -0.1081191496   0.0000530687   0.0457337714  -0.0212147355   0.0000315203
       -0.0053994656  -0.0087411056   0.0000006064   0.0103167922   0.0037047831
       -0.0000221933  -0.0533476050  -0.0456263662   0.0000468464   0.0124883482
       -0.0012185236   0.0000020771  -0.0065499282   0.0030726127   0.0000018763
        0.0024183038  -0.0055785344  -0.0000083089   0.0008133583   0.0003605128
        0.0000102320  -0.0847908416  -0.1860974476   0.0000981290   0.0357502960
        0.3513691385  -0.0002140631   0.0007302087   0.0080361099  -0.0000032454
        0.0003451590   0.0003320612   0.0000051678  -0.0011753172  -0.0022295055
       -0.0000000545  -0.0003245701   0.0002026209   0.0000005608  -0.0012639326
        0.0001590564   0.0000003357   0.0007660179   0.0016963652   0.0000010192
        0.0017475774  -0.0005240575  -0.0000000359   0.0004438056   0.0003831878
        0.0000010353
       -0.0000008557  -0.0000025216  -0.0000377332  -0.0000069842   0.0000018429
        0.0061978713  -0.0000240257  -0.0000046953   0.0036815786  -0.0000869393
        0.0000629744  -0.0312496937  -0.0000257806   0.0000090794   0.0029551129
        0.0000036920  -0.0000015628   0.0067911940  -0.0000041613   0.0000073832
       -0.0034038067   0.0000275405   0.0000256913   0.0033038907  -0.0000033826
       -0.0000011060   0.0067485878  -0.0000009629  -0.0000005120   0.0000323663
        0.0000008622   0.0000124014   0.0047837012   0.0000258268   0.0000099322
        0.0035906996   0.0000700146   0.0001117959  -0.0318057705   0.0000160137
       -0.0002140631   0.0375081099  -0.0000025084  -0.0000061670  -0.0019939145
        0.0000055304  -0.0000029528  -0.0001375201   0.0000012395  -0.0000071293
       -0.0004666755   0.0000009007  -0.0000003108  -0.0015411596   0.0000004662
       -0.0000000193  -0.0001299115   0.0000030967   0.0000014075  -0.0032917761
        0.0000004645  -0.0000004126  -0.0004395219  -0.0000000472  -0.0000010554
       -0.0010956289
        0.0000362718  -0.0001094665  -0.0000002141  -0.0000370855   0.0000645873
       -0.0000002708   0.0003057685   0.0000926292   0.0000004740   0.0002331503
        0.0004394208  -0.0000000585   0.0005107163   0.0000962322   0.0000001217
        0.0000502954  -0.0000601229   0.0000002202  -0.0010981459   0.0014685603
        0.0000001321  -0.0031146502  -0.0016632326   0.0000041368   0.0005506280
        0.0000426404   0.0000011433  -0.0026915640  -0.0012275627   0.0000040586
        0.0023970791  -0.0135576496   0.0000000851  -0.0302633472   0.0254420879
        0.0000011369  -0.0087163127   0.0284637904  -0.0000019689   0.0008982967
        0.0007302087  -0.0000025084   0.0397109940  -0.0353467465  -0.0000054817
        0.0011346654  -0.0040558372  -0.0000008494   0.0000330786   0.0000668595
       -0.0000004523  -0.0000072640  -0.0000102660  -0.0000001385   0.0000030159
       -0.0000264580  -0.0000000365  -0.0000602628  -0.0001028941   0.0000000126
        0.0000308007  -0.0000284473  -0.0000001457   0.0000938713  -0.0007183334
        0.0000006032
       -0.0000286357   0.0001031943   0.0000007054  -0.0000304994  -0.0001577898
        0.0000008860  -0.0004822318   0.0000232489  -0.0000008100   0.0003010355
       -0.0003013550   0.0000022721  -0.0011543090  -0.0000998049   0.0000002214
       -0.0000474762   0.0002286055  -0.0000004540   0.0010167231  -0.0012201711
       -0.0000026052   0.0008647711   0.0037439333   0.0000002374  -0.0011555632
        0.0000872943  -0.0000033415  -0.0018617981  -0.0011357194   0.0000008349
        0.0007422026  -0.0381670163   0.0000201945   0.0254641487  -0.1524151824
        0.0000202564   0.0125363529  -0.0361753275   0.0000030520   0.0028336003
        0.0080361099  -0.0000061670  -0.0353467465   0.2161524825  -0.0000365890
       -0.0042762254   0.0023396425   0.0000009984   0.0001146526  -0.0005206129
       -0.0000000226   0.0000308043  -0.0000049886   0.0000004991   0.0000046729
        0.0000871363   0.0000002906   0.0000826734   0.0002703082   0.0000000197
       -0.0001160263   0.0000414160   0.0000003385   0.0005078740  -0.0009154041
       -0.0000008172
       -0.0000001095   0.0000003828  -0.0000037028  -0.0000009527  -0.0000000763
        0.0000189860   0.0000008976  -0.0000002470  -0.0000133948  -0.0000005014
        0.0000004805   0.0001228873   0.0000014286   0.0000016834   0.0000732232
        0.0000008191  -0.0000002294  -0.0000439936   0.0000017419  -0.0000038521
       -0.0003714967   0.0000020400   0.0000026966   0.0048204879  -0.0000010074
        0.0000007244  -0.0000915218   0.0000019672   0.0000034386   0.0039302156
        0.0000001107   0.0000196179   0.0011670201  -0.0000033343   0.0000210269
       -0.0181334788   0.0000005830  -0.0000028819   0.0021005864  -0.0000010792
       -0.0000032454  -0.0019939145  -0.0000054817  -0.0000365890   0.0099526073
        0.0000024067   0.0000001941  -0.0010256921   0.0000004957  -0.0000031127
       -0.0006242643  -0.0000000909  -0.0000000936  -0.0000017652  -0.0000000335
        0.0000000022  -0.0000014046  -0.0000000928  -0.0000001447   0.0000071761
       -0.0000000983  -0.0000000314   0.0000024486   0.0000002913   0.0000002561
        0.0001089906
        0.0002904039   0.0001147054  -0.0000014025   0.0000492404  -0.0000991352
       -0.0000017916  -0.0000109775   0.0001805533   0.0000006195  -0.0001515552
       -0.0003038664  -0.0000013442   0.0017300360   0.0013324974  -0.0000007713
       -0.0003385448  -0.0001823377   0.0000004074  -0.0040675284  -0.0000005533
        0.0000020348   0.0030881351   0.0001291545  -0.0000039133   0.0000813177
        0.0008812197   0.0000060860  -0.0197531274   0.0175707524   0.0000081328
       -0.1432596315   0.0375440878   0.0000626819  -0.0422191909   0.0056274670
        0.0000299079   0.0003757622  -0.0028736788   0.0000008418  -0.0010358648
        0.0003451590   0.0000055304   0.0011346654  -0.0042762254   0.0000024067
        0.2031392152  -0.0556463958  -0.0001049940  -0.0002856336  -0.0000514073
       -0.0000003521   0.0000160471   0.0000031674  -0.0000009202   0.0000343274
       -0.0000562723  -0.0000011010   0.0000347881  -0.0000520721  -0.0000005106
        0.0000957948  -0.0000096583  -0.0000006729   0.0010523208  -0.0001771613
       -0.0000008755
       -0.0000818911   0.0000072573   0.0000006305   0.0000141616  -0.0000140329
        0.0000007758  -0.0001928967  -0.0000381828  -0.0000000595   0.0001749754
       -0.0002038514   0.0000012019  -0.0005409908  -0.0004352488   0.0000001968
        0.0000823320   0.0000337972  -0.0000001087   0.0013235866   0.0000751932
       -0.0000015040  -0.0005471657   0.0007280759   0.0000010447  -0.0007107356
       -0.0037765538   0.0000011410   0.0298915310  -0.0136405515  -0.0000127520
        0.0401995151  -0.0382272537  -0.0000176515  -0.0092455347   0.0029929620
        0.0000025155  -0.0007801930  -0.0024930667   0.0000020982  -0.0011382966
        0.0003320612  -0.0000029528  -0.0040558372   0.0023396425   0.0000001941
       -0.0556463958   0.0520073741   0.0000251495   0.0008429006  -0.0002289458
       -0.0000002503  -0.0000210558   0.0000054817   0.0000004000  -0.0000284394
        0.0000187019   0.0000005013  -0.0000064287   0.0000381231   0.0000002920
       -0.0000498054   0.0000190958   0.0000002135   0.0005166642   0.0004599212
       -0.0000010758
       -0.0000012870  -0.0000017173   0.0000278660   0.0000022771  -0.0000003283
        0.0000178600  -0.0000013257   0.0000013523   0.0001070450   0.0000017312
       -0.0000023961  -0.0000328290  -0.0000048677  -0.0000060387  -0.0001334220
       -0.0000000810   0.0000015313   0.0000154193  -0.0000062312   0.0000104428
       -0.0008070482   0.0000077513  -0.0000052618   0.0002907378   0.0000022992
        0.0000009960   0.0047665670   0.0000122891  -0.0000143703   0.0018184763
        0.0000632935  -0.0000198181  -0.0190286869   0.0000318579   0.0000022797
        0.0015372092   0.0000010374  -0.0000049541   0.0041336851   0.0000015371
        0.0000051678  -0.0001375201  -0.0000008494   0.0000009984  -0.0010256921
       -0.0001049940   0.0000251495   0.0103611151  -0.0000018071   0.0000057128
        0.0000650238   0.0000001521   0.0000003480  -0.0000078585  -0.0000002387
        0.0000001924  -0.0000351289   0.0000001232   0.0000001686  -0.0000033810
        0.0000001390   0.0000000878  -0.0000008873  -0.0000028066   0.0000004573
       -0.0019285505
       -0.0000633196  -0.0000264884  -0.0000003746  -0.0000236470   0.0000483168
       -0.0000003329   0.0000326826  -0.0000319376   0.0000001275   0.0000780099
       -0.0000830878  -0.0000001932   0.0005014451  -0.0000085578   0.0000005250
        0.0000929021  -0.0000464015   0.0000000427   0.0031737913  -0.0024829436
       -0.0000024376   0.0020692737  -0.0127012653   0.0000026210  -0.0314587214
        0.0278794922   0.0000013121  -0.0078623115   0.0280362672  -0.0000009880
       -0.0035546003  -0.0001262521   0.0000037789   0.0002114307   0.0002210952
        0.0000000864  -0.0024199740  -0.0007521477   0.0000033410  -0.0002991700
       -0.0011753172   0.0000012395   0.0000330786   0.0001146526   0.0000004957
       -0.0002856336   0.0008429006  -0.0000018071   0.0392362971  -0.0401774309
       -0.0000058436  -0.0000140665  -0.0000097199  -0.0000001406  -0.0000197574
       -0.0000052576  -0.0000000766  -0.0000221724  -0.0000221990   0.0000000375
       -0.0000182278  -0.0000055766  -0.0000002180   0.0006126905   0.0005118584
       -0.0000011951
        0.0001116959  -0.0001237272   0.0000011583   0.0000122537   0.0002015271
        0.0000014766  -0.0000122630   0.0002608199   0.0000004473   0.0013771003
        0.0003483678   0.0000018248  -0.0000557816  -0.0005142198  -0.0000000497
        0.0006085869   0.0002015721   0.0000008187  -0.0047881014   0.0055730704
       -0.0000046521   0.0038422281  -0.0472730955   0.0000105089   0.0256616387
       -0.1522026720   0.0000189380   0.0155638601  -0.0239051902  -0.0000062461
        0.0011618657  -0.0002171663   0.0000014772   0.0017751761   0.0011098167
        0.0000013434  -0.0040783792   0.0030761090   0.0000042667  -0.0007691834
       -0.0022295055  -0.0000071293   0.0000668595  -0.0005206129  -0.0000031127
       -0.0000514073  -0.0002289458   0.0000057128  -0.0401774309   0.2148562828
       -0.0000276599  -0.0000031628   0.0001211403   0.0000005237  -0.0000003495
        0.0000261096   0.0000006055   0.0001104555   0.0001370266   0.0000001406
       -0.0001854603   0.0002612978   0.0000004862  -0.0001702013   0.0010419952
       -0.0000008790
        0.0000000911   0.0000000867   0.0000144478   0.0000001221   0.0000000146
       -0.0000034823  -0.0000000486  -0.0000000171  -0.0000607537  -0.0000007646
       -0.0000001699   0.0000730781  -0.0000011687  -0.0000002723   0.0001567914
       -0.0000005419  -0.0000001105  -0.0000112701  -0.0000016617   0.0000009497
       -0.0018895138  -0.0000000351   0.0000179527   0.0021601965   0.0000022469
        0.0000167411  -0.0186981786   0.0000003439  -0.0000087059   0.0016495391
        0.0000040887   0.0000016671   0.0043392993   0.0000001568  -0.0000005050
        0.0000767577   0.0000054944   0.0000015291   0.0047403760  -0.0000005076
       -0.0000000545  -0.0004666755  -0.0000004523  -0.0000000226  -0.0006242643
       -0.0000003521  -0.0000002503   0.0000650238  -0.0000058436  -0.0000276599
        0.0102828314  -0.0000000108  -0.0000000293  -0.0000014132  -0.0000000011
       -0.0000000823   0.0000018681   0.0000000322  -0.0000000518   0.0000014619
        0.0000000911  -0.0000000056   0.0000067290  -0.0000012793  -0.0000010037
       -0.0018128487
       -0.2800560118   0.0786735128  -0.0001137351  -0.0080877166   0.0042747830
       -0.0000034603   0.0006044303   0.0016864720  -0.0000031297   0.0004346435
       -0.0002601862  -0.0000001866  -0.0021669388  -0.0034218581  -0.0000047931
       -0.0247335405   0.0052201790  -0.0000116612  -0.0013751503   0.0006110129
        0.0000000420   0.0000692944  -0.0003269326  -0.0000004126  -0.0000532796
        0.0001088910  -0.0000001991  -0.0000960396  -0.0000282155   0.0000001265
        0.0000059357   0.0000018078   0.0000000714   0.0000219790  -0.0000517560
       -0.0000000922   0.0001753935   0.0001743052   0.0000001138   0.0003640909
       -0.0003245701   0.0000009007  -0.0000072640   0.0000308043  -0.0000000909
        0.0000160471  -0.0000210558   0.0000001521  -0.0000140665  -0.0000031628
       -0.0000000108   0.3136285700  -0.0863576601   0.0001336286   0.0008627082
       -0.0007210141   0.0000015461  -0.0003689439   0.0000379336  -0.0000002593
        0.0007877173   0.0007034942   0.0000015270  -0.0000118584  -0.0000067845
       -0.0000000774
        0.0788192713  -0.0697305882   0.0000351083   0.0278433359  -0.0108326793
        0.0000126347   0.0015474025  -0.0056009130  -0.0000004879  -0.0005119603
       -0.0006774548  -0.0000001845  -0.0028550596  -0.0019282349  -0.0000018476
       -0.0181978327   0.0052272988  -0.0000087407  -0.0010008131   0.0002584272
       -0.0000004396  -0.0002405279  -0.0001231881  -0.0000002154  -0.0001198282
       -0.0000379881  -0.0000001247  -0.0000053390   0.0000073579   0.0000000734
        0.0000024405  -0.0000174536  -0.0000000993   0.0000381624   0.0000012509
        0.0000000272  -0.0001619985  -0.0001191263   0.0000002006  -0.0000950477
        0.0002026209  -0.0000003108  -0.0000102660  -0.0000049886  -0.0000000936
        0.0000031674   0.0000054817   0.0000003480  -0.0000097199   0.0001211403
       -0.0000000293  -0.0863576601   0.0822414535  -0.0000369690   0.0008122419
        0.0006493468   0.0000006206   0.0013732076  -0.0004798764   0.0000007386
       -0.0008624983   0.0008401593  -0.0000001437  -0.0000106780  -0.0000020460
       -0.0000000656
       -0.0001147927   0.0000339071  -0.0334872940  -0.0000014000   0.0000013924
        0.0002812363  -0.0000027165   0.0000001194   0.0073627903  -0.0000000834
       -0.0000012423   0.0006978081  -0.0000054666  -0.0000031566   0.0076683986
       -0.0000122996   0.0000038234   0.0000833576  -0.0000016419   0.0000020826
       -0.0001345393   0.0000013583  -0.0000008094  -0.0000434737  -0.0000004674
       -0.0000000138   0.0001266608   0.0000008429  -0.0000006862   0.0000015080
        0.0000003303  -0.0000005622   0.0000516797  -0.0000000046   0.0000003659
        0.0000392154   0.0000009304  -0.0000009295  -0.0001681572  -0.0000000987
        0.0000005608  -0.0015411596  -0.0000001385   0.0000004991  -0.0000017652
       -0.0000009202   0.0000004000  -0.0000078585  -0.0000001406   0.0000005237
       -0.0000014132   0.0001336286  -0.0000369690   0.0239487208   0.0000017087
        0.0000000302  -0.0024300019   0.0000000157  -0.0000000867   0.0000451699
        0.0000014273   0.0000006599  -0.0024546200  -0.0000000717   0.0000000913
       -0.0000362630
        0.0033530432   0.0020084718   0.0000018996  -0.1872476258  -0.1307116083
       -0.0000914616  -0.0246286864  -0.0184440885  -0.0000142280  -0.0044395220
        0.0023072472  -0.0000058215  -0.0000422906   0.0005443126  -0.0000003451
        0.0007922148   0.0011399578  -0.0000032873   0.0001745326   0.0003340341
        0.0000011799   0.0001379933  -0.0000829803   0.0000000625   0.0000839510
        0.0000716521  -0.0000000867  -0.0000620301  -0.0000080915  -0.0000000146
       -0.0000406264   0.0000131122   0.0000002219  -0.0001182292  -0.0001419406
       -0.0000001761  -0.0001722326   0.0002858878  -0.0000006124  -0.0012591857
       -0.0012639326   0.0000004662   0.0000030159   0.0000046729  -0.0000000335
        0.0000343274  -0.0000284394  -0.0000002387  -0.0000197574  -0.0000003495
       -0.0000000011   0.0008627082   0.0008122419   0.0000017087   0.2117265945
        0.1436861401   0.0001093233   0.0007360965  -0.0007538233   0.0000014553
        0.0001351165   0.0002319445   0.0000000264  -0.0000094078  -0.0000044211
       -0.0000000372
       -0.0215631534  -0.0222838292  -0.0000126902  -0.1308643973  -0.1625043345
       -0.0000792346   0.0049824851   0.0051148125   0.0000033143   0.0017515071
        0.0003595608  -0.0000000064   0.0007979637  -0.0001981190   0.0000002252
        0.0012941078  -0.0057807187  -0.0000006508   0.0000964765   0.0003865896
        0.0000002638   0.0002681032  -0.0000862364  -0.0000000617   0.0000024322
       -0.0000092286  -0.0000000249  -0.0000243360  -0.0000069654  -0.0000000001
        0.0000551392  -0.0000070290   0.0000000364   0.0000528290  -0.0000306754
       -0.0000000178   0.0002153565   0.0001066509   0.0000001085   0.0003430651
        0.0001590564  -0.0000000193  -0.0000264580   0.0000871363   0.0000000022
       -0.0000562723   0.0000187019   0.0000001924  -0.0000052576   0.0000261096
       -0.0000000823  -0.0007210141   0.0006493468   0.0000000302   0.1436861401
        0.1841013147   0.0000885317   0.0008160466   0.0008845434   0.0000007403
       -0.0010994884  -0.0009833541  -0.0000006044  -0.0000012751  -0.0000033328
       -0.0000000524
       -0.0000004985  -0.0000004514   0.0002628703  -0.0000922905  -0.0000798996
       -0.0334364571  -0.0000109749  -0.0000086208   0.0000669823  -0.0000050757
        0.0000007958   0.0076526633  -0.0000005326  -0.0000000007   0.0006941111
       -0.0000024023  -0.0000006108   0.0073520798  -0.0000008052   0.0000007694
       -0.0015337864   0.0000015089  -0.0000004521  -0.0001705690  -0.0000013850
       -0.0000002423   0.0000362279   0.0000015533  -0.0000005012   0.0000299185
        0.0000003986  -0.0000011798   0.0000268478  -0.0000002100   0.0000005711
        0.0001190968  -0.0000002191  -0.0000011282  -0.0000407435  -0.0000001777
        0.0000003357  -0.0001299115  -0.0000000365   0.0000002906  -0.0000014046
       -0.0000011010   0.0000005013  -0.0000351289  -0.0000000766   0.0000006055
        0.0000018681   0.0000015461   0.0000006206  -0.0024300019   0.0001093233
        0.0000885317   0.0239372536   0.0000016230  -0.0000001092  -0.0024514767
       -0.0000001145   0.0000000654   0.0000531776  -0.0000000531   0.0000001090
       -0.0000036176
       -0.0052765228   0.0018262309  -0.0000059276  -0.0067766316   0.0268521632
       -0.0000014040  -0.0568049890   0.0590406476  -0.0000072972   0.0047146501
       -0.0219349824   0.0000001738  -0.0027605129  -0.0020427650  -0.0000053468
       -0.0004844736  -0.0003132741  -0.0000005354  -0.0005292215  -0.0017422327
        0.0000004483   0.0004749556   0.0000603165  -0.0000003605  -0.0000707215
       -0.0000389829  -0.0000002522   0.0000188642   0.0000197331  -0.0000000035
       -0.0000264227   0.0000442734  -0.0000000598   0.0001227230  -0.0001594472
       -0.0000001851  -0.0001182858  -0.0001785199   0.0000000796   0.0018777576
        0.0007660179   0.0000030967  -0.0000602628   0.0000826734  -0.0000000928
        0.0000347881  -0.0000064287   0.0000001232  -0.0000221724   0.0001104555
        0.0000000322  -0.0003689439   0.0013732076   0.0000000157   0.0007360965
        0.0008160466   0.0000016230   0.0653302413  -0.0645432715   0.0000151015
       -0.0000006028  -0.0000334027   0.0000008236  -0.0000103130   0.0000015416
       -0.0000000527
        0.0021375099   0.0004894392   0.0000006900   0.0041727819  -0.0104287849
        0.0000013516   0.0580223138  -0.2953459860   0.0000068536   0.0026807054
       -0.0251994039  -0.0000001717  -0.0031894272  -0.0012200975  -0.0000024861
       -0.0002793429   0.0007883663  -0.0000002156  -0.0002313694  -0.0014382996
        0.0000004878   0.0007428019   0.0002090029  -0.0000004092  -0.0000964547
       -0.0000581758  -0.0000002581   0.0000495972   0.0000165636  -0.0000000057
        0.0000945112  -0.0000498748   0.0000001689   0.0002700326  -0.0000738870
       -0.0000002506  -0.0001162459  -0.0003444051   0.0000001586   0.0012151274
        0.0016963652   0.0000014075  -0.0001028941   0.0002703082  -0.0000001447
       -0.0000520721   0.0000381231   0.0000001686  -0.0000221990   0.0001370266
       -0.0000000518   0.0000379336  -0.0004798764  -0.0000000867  -0.0007538233
        0.0008845434  -0.0000001092  -0.0645432715   0.3299705545  -0.0000071251
       -0.0000340995   0.0001382234   0.0000000987  -0.0000021153   0.0000002746
       -0.0000000707
       -0.0000057614   0.0000003216   0.0072508928  -0.0000017306   0.0000116199
        0.0002267803  -0.0000081586   0.0000081812  -0.0330774967   0.0000019159
       -0.0000118845   0.0015777523  -0.0000061920  -0.0000029860   0.0079850346
       -0.0000007208  -0.0000002237  -0.0002068385   0.0000006466   0.0000003495
       -0.0004293363   0.0000007978  -0.0000002478   0.0000928648  -0.0000011852
        0.0000001817  -0.0000601171   0.0000008638  -0.0000000049  -0.0000078347
        0.0000005009  -0.0000008492   0.0000355165   0.0000000856   0.0000003552
       -0.0000025806  -0.0000002613  -0.0000008708   0.0000940628   0.0000026952
        0.0000010192  -0.0032917761   0.0000000126   0.0000000197   0.0000071761
       -0.0000005106   0.0000002920  -0.0000033810   0.0000000375   0.0000001406
        0.0000014619  -0.0000002593   0.0000007386   0.0000451699   0.0000014553
        0.0000007403  -0.0024514767   0.0000151015  -0.0000071251   0.0236767384
        0.0000006949   0.0000001744  -0.0014685304  -0.0000000279   0.0000000581
        0.0000059175
        0.0041023513  -0.0204257188   0.0000004024  -0.0028490559  -0.0033213697
       -0.0000048904  -0.0005068112  -0.0002426295  -0.0000006570  -0.0044678189
        0.0006168083  -0.0000056238  -0.0073109048   0.0298617638  -0.0000015214
       -0.0526155291   0.0485090631  -0.0000054919   0.0025644878  -0.0003670402
        0.0000030256  -0.0002460336   0.0001928783   0.0000000831   0.0001583864
        0.0002826962  -0.0000004494   0.0000072438  -0.0000417515   0.0000000670
       -0.0000318708   0.0000247528  -0.0000000163  -0.0001184104  -0.0000255235
       -0.0000002156   0.0007169873   0.0001793991  -0.0000004183  -0.0013921249
        0.0017475774   0.0000004645   0.0000308007  -0.0001160263  -0.0000000983
        0.0000957948  -0.0000498054   0.0000001390  -0.0000182278  -0.0001854603
        0.0000000911   0.0007877173  -0.0008624983   0.0000014273   0.0001351165
       -0.0010994884  -0.0000001145  -0.0000006028  -0.0000340995   0.0000006949
        0.0609637883  -0.0546374457   0.0000131705  -0.0000052840  -0.0000060820
       -0.0000000685
        0.0022563651  -0.0213382834  -0.0000005487  -0.0036422117  -0.0019201465
       -0.0000026198  -0.0002526626   0.0008071770  -0.0000000515   0.0017901865
        0.0004502865   0.0000004931   0.0052555085  -0.0131378290   0.0000011623
        0.0495308911  -0.2995121509   0.0000026566  -0.0007710483   0.0009224453
       -0.0000005079   0.0000899490  -0.0001806001   0.0000000149  -0.0002390022
       -0.0001342690   0.0000001614   0.0000220271  -0.0000311321  -0.0000000539
       -0.0000152957  -0.0000297366  -0.0000001031   0.0000703581   0.0000240496
        0.0000001463  -0.0005277282  -0.0000520847   0.0000002071   0.0002473390
       -0.0005240575  -0.0000004126  -0.0000284473   0.0000414160  -0.0000000314
       -0.0000096583   0.0000190958   0.0000000878  -0.0000055766   0.0002612978
       -0.0000000056   0.0007034942   0.0008401593   0.0000006599   0.0002319445
       -0.0009833541   0.0000000654  -0.0000334027   0.0001382234   0.0000001744
       -0.0546374457   0.3343381972  -0.0000015671  -0.0000355838   0.0000012959
        0.0000000725
        0.0000021174  -0.0000110323   0.0002085053  -0.0000048344  -0.0000016088
        0.0072508105  -0.0000002090   0.0000002244  -0.0002069348  -0.0000067612
       -0.0000002140   0.0079888824  -0.0000059517   0.0000118726   0.0015688926
       -0.0000041224   0.0000011930  -0.0330430118   0.0000015792   0.0000018288
       -0.0032861270   0.0000008775  -0.0000001655   0.0000948961   0.0000009559
       -0.0000001438  -0.0000048239   0.0000001858  -0.0000005275   0.0000265004
        0.0000000634   0.0000000157   0.0000005586   0.0000002940  -0.0000000419
       -0.0000609789   0.0000009910  -0.0000002169   0.0000993512   0.0000003621
       -0.0000000359  -0.0004395219  -0.0000001457   0.0000003385   0.0000024486
       -0.0000006729   0.0000002135  -0.0000008873  -0.0000002180   0.0000004862
        0.0000067290   0.0000015270  -0.0000001437  -0.0024546200   0.0000000264
       -0.0000006044   0.0000531776   0.0000008236   0.0000000987  -0.0014685304
        0.0000131705  -0.0000015671   0.0236615143  -0.0000000584   0.0000000304
        0.0000031694
       -0.0000356746  -0.0000050854  -0.0000002484  -0.0000390627   0.0000182651
       -0.0000002220   0.0000071928  -0.0000078731   0.0000000722  -0.0000161608
        0.0000380340  -0.0000003065  -0.0002935802   0.0001675591   0.0000003893
       -0.0000997498  -0.0001087137   0.0000000844  -0.0009861879  -0.0010767175
        0.0000006173  -0.0037884811   0.0022881693   0.0000046822  -0.0236449562
       -0.0178712281   0.0000180468  -0.1906600369  -0.1351245631   0.0001233173
        0.0038183433   0.0021115541  -0.0000026734   0.0002052893   0.0009090605
        0.0000034053  -0.0002571914   0.0000713333   0.0000000927   0.0004110076
        0.0004438056  -0.0000000472   0.0000938713   0.0005078740   0.0000002913
        0.0010523208   0.0005166642  -0.0000028066   0.0006126905  -0.0001702013
       -0.0000012793  -0.0000118584  -0.0000106780  -0.0000000717  -0.0000094078
       -0.0000012751  -0.0000000531  -0.0000103130  -0.0000021153  -0.0000000279
       -0.0000052840  -0.0000355838  -0.0000000584   0.2136572289   0.1473417150
       -0.0001432044
        0.0000024500  -0.0000016572   0.0000001558  -0.0000109964  -0.0000041135
        0.0000001480  -0.0000176688  -0.0000284659   0.0000000179  -0.0000501061
       -0.0000139906   0.0000000860   0.0001612381   0.0000228613  -0.0000000827
       -0.0000024896   0.0000308809   0.0000000293   0.0007099854   0.0001148777
       -0.0000004936   0.0012686977  -0.0000980674   0.0000011032   0.0049618430
        0.0054926451  -0.0000045976  -0.1352879739  -0.1629409115   0.0001083112
       -0.0206536976  -0.0223115876   0.0000171191   0.0014371041  -0.0041695023
        0.0000016057   0.0001077950  -0.0005185653   0.0000001310   0.0004314862
        0.0003831878  -0.0000010554  -0.0007183334  -0.0009154041   0.0000002561
       -0.0001771613   0.0004599212   0.0000004573   0.0005118584   0.0010419952
       -0.0000010037  -0.0000067845  -0.0000020460   0.0000000913  -0.0000044211
       -0.0000033328   0.0000001090   0.0000015416   0.0000002746   0.0000000581
       -0.0000060820   0.0000012959   0.0000000304   0.1473417150   0.1834597046
       -0.0001224763
       -0.0000000311   0.0000000752   0.0000143330  -0.0000007435   0.0000001567
        0.0000282598   0.0000009172   0.0000001082   0.0000207196  -0.0000001258
       -0.0000001537  -0.0001259782   0.0000006733   0.0000007478  -0.0000146783
        0.0000006724  -0.0000000872   0.0001182817   0.0000020063  -0.0000008710
       -0.0000932064   0.0000030566   0.0000005412   0.0062657407   0.0000093269
        0.0000086720  -0.0000779050   0.0001246888   0.0001096979  -0.0305148785
        0.0000040871   0.0000044221  -0.0001087198   0.0000010761   0.0000015809
        0.0065104128  -0.0000018851  -0.0000005607   0.0004446268   0.0000011881
        0.0000010353  -0.0010956289   0.0000006032  -0.0000008172   0.0001089906
       -0.0000008755  -0.0000010758  -0.0019285505  -0.0000011951  -0.0000008790
       -0.0018128487  -0.0000000774  -0.0000000656  -0.0000362630  -0.0000000372
       -0.0000000524  -0.0000036176  -0.0000000527  -0.0000000707   0.0000059175
       -0.0000000685   0.0000000725   0.0000031694  -0.0001432044  -0.0001224763
        0.0222918228
