$hessian                                                                        
        0.4978050813   0.0168321834  -0.0255116392  -0.1126005163   0.0327942185
       -0.0559308561  -0.0242128336   0.0063574687  -0.0190241510   0.0003601315
        0.0003727910  -0.0014525645  -0.0792133667   0.0118956488   0.0850197809
       -0.2307156796  -0.1008756296   0.0109664355  -0.0490437981   0.0321045898
        0.0070329576  -0.0051577535   0.0055455274  -0.0059157644   0.0061795667
       -0.0038997237   0.0060282249   0.0010908588   0.0013920166   0.0000617302
       -0.0048852473  -0.0023342791  -0.0008412749   0.0003935568  -0.0001848118
       -0.0004328788
        0.0168321834   0.5134995354   0.0183446259   0.0316088316  -0.0877879468
        0.0357899359  -0.0065440072   0.0049902543  -0.0088132142  -0.0001072277
        0.0003788321  -0.0002532418   0.0117397728  -0.0495031589  -0.0295901069
       -0.1010106273  -0.0982750702   0.0039109141   0.0324863199  -0.2696920283
       -0.0393928584   0.0192228324  -0.0152630733   0.0211529761  -0.0004281762
        0.0011828209   0.0002018424  -0.0012153703   0.0011676307  -0.0008480049
       -0.0031932843  -0.0006744792  -0.0005754008   0.0006087530  -0.0000233168
        0.0000725326
       -0.0255116392   0.0183446259   0.4911977311  -0.0537268364   0.0361681898
       -0.1331507809  -0.0076513372  -0.0009299189  -0.0013274018   0.0002454492
       -0.0001853834  -0.0004191557   0.0836949651  -0.0301213633  -0.2397481273
        0.0110315718   0.0039741614  -0.0430680282   0.0071721142  -0.0399031865
       -0.0513266983   0.0006431012   0.0003498604   0.0021987289  -0.0169271806
        0.0117403574  -0.0257525938   0.0005302239   0.0002462290   0.0001069074
       -0.0004354958  -0.0001558765   0.0007963345   0.0009350637   0.0004723047
        0.0004930842
       -0.1126005163   0.0316088316  -0.0537268364   0.4601704283  -0.0223661417
       -0.0280057758  -0.1458000431  -0.0499195360  -0.0105035030  -0.0288569460
       -0.0087331876   0.0157067686   0.0074788511  -0.0039846277   0.0055471115
       -0.0212049828   0.0094228741  -0.0207717782  -0.0048014651   0.0058043215
       -0.0046547792  -0.0501376375   0.0397579222   0.0100897635  -0.0860151651
        0.0090605799   0.0923110881  -0.0000052116  -0.0027160215  -0.0009040006
       -0.0194788246  -0.0090515825  -0.0047915314   0.0012515127   0.0011165678
       -0.0002965270
        0.0327942185  -0.0877879468   0.0361681898  -0.0223661417   0.5146721243
        0.0195535672  -0.0503556212  -0.0980571568  -0.0048643629   0.0017240475
        0.0052037384   0.0018226523  -0.0018171832   0.0013416446  -0.0005550306
       -0.0082784873   0.0049701664  -0.0087458305   0.0198882663  -0.0162939458
        0.0214653306   0.0400560204  -0.2593660768  -0.0458016908   0.0082522800
       -0.0470251163  -0.0174373821  -0.0268162899  -0.0227068314  -0.0033917738
        0.0072660816   0.0044898582   0.0015600487  -0.0003471910   0.0005595421
        0.0002262822
       -0.0559308561   0.0357899359  -0.1331507809  -0.0280057758   0.0195535672
        0.5141304255  -0.0128124674  -0.0050926261  -0.0621567678   0.0347252452
        0.0105490589  -0.0100252639  -0.0169078113   0.0112848821  -0.0256986171
       -0.0027894958   0.0000796498  -0.0013149341   0.0008108788   0.0014429534
        0.0025368543   0.0102817356  -0.0449814385  -0.0542805926   0.0926283095
       -0.0177361681  -0.2285890945  -0.0033174005  -0.0015524834   0.0011123695
       -0.0195909280  -0.0100410604  -0.0031927227   0.0009085659   0.0007037292
        0.0006291244
       -0.0242128336  -0.0065440072  -0.0076513372  -0.1458000431  -0.0503556212
       -0.0128124674   0.4602255298  -0.0327697740   0.0411028080  -0.1308350844
        0.0291945057   0.0876102838   0.0001295693  -0.0001255775   0.0013000267
       -0.0023800436   0.0011007629  -0.0027524383   0.0005476268  -0.0008569719
        0.0003297959   0.0012944873  -0.0016435339  -0.0000280057  -0.0140407528
       -0.0074459226   0.0026150620  -0.0457528139   0.0278018017  -0.0032983202
       -0.1123787858   0.0467297982  -0.0952764756   0.0132031441  -0.0050854602
       -0.0111389320
        0.0063574687   0.0049902543  -0.0009299189  -0.0499195360  -0.0980571568
       -0.0050926261  -0.0327697740   0.4874884658  -0.0215098062   0.0302243308
       -0.0594757519  -0.0238144192  -0.0000832935   0.0003222742  -0.0003193261
        0.0021556913  -0.0002025768   0.0018191624   0.0017617891   0.0006126277
        0.0004460556  -0.0272577119  -0.0210393551  -0.0017842766   0.0012148655
        0.0010227140  -0.0001878852   0.0296323270  -0.2399061709  -0.0162766488
        0.0471720752  -0.0759804346   0.0594989928  -0.0084882321   0.0002251100
        0.0081506963
       -0.0190241510  -0.0088132142  -0.0013274018  -0.0105035030  -0.0048643629
       -0.0621567678   0.0411028080  -0.0215098062   0.4829640861   0.0588859270
       -0.0150958489  -0.1681007455   0.0002232769  -0.0005486726  -0.0007287333
       -0.0035392073   0.0014930213  -0.0032369522   0.0004529172  -0.0004626186
        0.0007851523  -0.0056194391  -0.0045231089   0.0003752127   0.0226534069
        0.0120448353  -0.0030755052  -0.0016362279  -0.0160407830  -0.0443598519
       -0.0996467412   0.0623029536  -0.1683521036   0.0166509336  -0.0039823948
       -0.0327863896
        0.0003601315  -0.0001072277   0.0002454492  -0.0288569460   0.0017240475
        0.0347252452  -0.1308350844   0.0302243308   0.0588859270   0.3226695682
       -0.1196390055   0.0493989363  -0.0003388554  -0.0001165447  -0.0000637510
        0.0001619073  -0.0000431663   0.0001693344   0.0000733030   0.0002408515
        0.0002959889   0.0024397920   0.0016182032  -0.0004806388  -0.0078941686
       -0.0038341490   0.0010036059  -0.0098692951   0.0112532920   0.0182351595
        0.0091793151  -0.0033756439  -0.0090597059  -0.1570896678   0.0820550124
       -0.1533555506
        0.0003727910   0.0003788321  -0.0001853834  -0.0087331876   0.0052037384
        0.0105490589   0.0291945057  -0.0594757519  -0.0150958489  -0.1196390055
        0.1061484943  -0.0708545419   0.0002287897  -0.0003130295   0.0004401762
        0.0000455455   0.0000906514   0.0000801857  -0.0004909195   0.0003037995
       -0.0000251109   0.0013520417   0.0022067839   0.0004523938  -0.0034209976
       -0.0006359137   0.0008746757   0.0212689483  -0.0062397987  -0.0311580322
       -0.0058320097   0.0031841038   0.0092078825   0.0856534980  -0.0508519097
        0.0957145443
       -0.0014525645  -0.0002532418  -0.0004191557   0.0157067686   0.0018226523
       -0.0100252639   0.0876102838  -0.0238144192  -0.1681007455   0.0493989363
       -0.0708545419   0.5081451852  -0.0009849919  -0.0000719622   0.0014761327
       -0.0002666763  -0.0000404042   0.0003652089  -0.0001674463  -0.0000762348
       -0.0003925693  -0.0008190894   0.0004114536   0.0003666787   0.0024772892
        0.0013577997   0.0009512316   0.0157235353  -0.0148995376  -0.0178383767
        0.0147647671  -0.0019538060  -0.0357929773  -0.1819908119   0.1083722421
       -0.2787353489
       -0.0792133667   0.0117397728   0.0836949651   0.0074788511  -0.0018171832
       -0.0169078113   0.0001295693  -0.0000832935   0.0002232769  -0.0003388554
        0.0002287897  -0.0009849919   0.0918390439  -0.0144588959  -0.0970383332
       -0.0158746287   0.0026400751   0.0286958084  -0.0019400038   0.0015322682
        0.0051293110   0.0006363831  -0.0004970954   0.0000608559  -0.0016119167
        0.0012664613  -0.0034822929  -0.0000501608   0.0000252276   0.0000563826
        0.0000170682   0.0000617570   0.0002432737  -0.0010719836  -0.0006378838
        0.0003095557
        0.0118956488  -0.0495031589  -0.0301213633  -0.0039846277   0.0013416446
        0.0112848821  -0.0001255775   0.0003222742  -0.0005486726  -0.0001165447
       -0.0003130295  -0.0000719622  -0.0144588959   0.0530091794   0.0324550134
       -0.0082323540   0.0021157827   0.0143196733   0.0144140219  -0.0076427871
       -0.0305725322  -0.0004504055   0.0003879927   0.0007391328   0.0016150142
       -0.0001730423   0.0025407983   0.0000552324  -0.0001137981  -0.0000773961
       -0.0000311791  -0.0000713088   0.0000131381  -0.0005803327   0.0006402512
        0.0000392885
        0.0850197809  -0.0295901069  -0.2397481273   0.0055471115  -0.0005550306
       -0.0256986171   0.0013000267  -0.0003193261  -0.0007287333  -0.0000637510
        0.0004401762   0.0014761327  -0.0970383332   0.0324550134   0.2795509424
        0.0046869839  -0.0000483455  -0.0045040066   0.0047006663  -0.0038427082
       -0.0081108308   0.0005048385  -0.0003433788   0.0007618237  -0.0035705128
        0.0023524361  -0.0036238091  -0.0000076911   0.0000568895  -0.0001101434
        0.0003212016  -0.0000691365   0.0002468390  -0.0014003213  -0.0005364825
        0.0004885301
       -0.2307156796  -0.1010106273   0.0110315718  -0.0212049828  -0.0082784873
       -0.0027894958  -0.0023800436   0.0021556913  -0.0035392073   0.0001619073
        0.0000455455  -0.0002666763  -0.0158746287  -0.0082323540   0.0046869839
        0.2674379324   0.1165528188  -0.0097235369   0.0020350031  -0.0008132734
        0.0000596816   0.0000691724  -0.0000338633   0.0004067800   0.0008464012
       -0.0003397849   0.0003252826   0.0002042760   0.0004145852   0.0000467311
       -0.0010297154  -0.0004645016  -0.0001590067   0.0004503577   0.0000042512
       -0.0000791081
       -0.1008756296  -0.0982750702   0.0039741614   0.0094228741   0.0049701664
        0.0000796498   0.0011007629  -0.0002025768   0.0014930213  -0.0000431663
        0.0000906514  -0.0000404042   0.0026400751   0.0021157827  -0.0000483455
        0.1165528188   0.1107604763  -0.0064203059  -0.0296921597  -0.0204580964
        0.0014045187   0.0003770277   0.0004235715   0.0000306336  -0.0000269390
        0.0002150323  -0.0003829838   0.0001635086   0.0001295998   0.0001102764
        0.0003831071   0.0003820638   0.0000488744  -0.0000022796  -0.0001516008
       -0.0002490962
        0.0109664355   0.0039109141  -0.0430680282  -0.0207717782  -0.0087458305
       -0.0013149341  -0.0027524383   0.0018191624  -0.0032369522   0.0001693344
        0.0000801857   0.0003652089   0.0286958084   0.0143196733  -0.0045040066
       -0.0097235369  -0.0064203059   0.0502191581  -0.0050728540  -0.0038285260
        0.0009321534   0.0002594580  -0.0002534138   0.0003330115  -0.0005464243
       -0.0005290288   0.0004928261   0.0001125028   0.0002232232  -0.0000446589
       -0.0011194345  -0.0004856601  -0.0001884975  -0.0002170731  -0.0000903937
        0.0000147196
       -0.0490437981   0.0324863199   0.0071721142  -0.0048014651   0.0198882663
        0.0008108788   0.0005476268   0.0017617891   0.0004529172   0.0000733030
       -0.0004909195  -0.0001674463  -0.0019400038   0.0144140219   0.0047006663
        0.0020350031  -0.0296921597  -0.0050728540   0.0551829090  -0.0396932010
       -0.0052528341  -0.0021319826   0.0021313097  -0.0032464374   0.0003847700
       -0.0004203506   0.0004813369  -0.0003137098  -0.0005631546  -0.0003128812
        0.0002574860  -0.0001780017   0.0001317418  -0.0002501385   0.0003560803
        0.0003027977
        0.0321045898  -0.2696920283  -0.0399031865   0.0058043215  -0.0162939458
        0.0014429534  -0.0008569719   0.0006126277  -0.0004626186   0.0002408515
        0.0003037995  -0.0000762348   0.0015322682  -0.0076427871  -0.0038427082
       -0.0008132734  -0.0204580964  -0.0038285260  -0.0396932010   0.3131744154
        0.0442590798   0.0018517775  -0.0006904366   0.0028258252  -0.0003562780
        0.0002815265  -0.0001877368   0.0004074059   0.0006901106   0.0000825961
       -0.0004392758   0.0001134370  -0.0000895835   0.0002177857  -0.0003986225
       -0.0002198601
        0.0070329576  -0.0393928584  -0.0513266983  -0.0046547792   0.0214653306
        0.0025368543   0.0003297959   0.0004460556   0.0007851523   0.0002959889
       -0.0000251109  -0.0003925693   0.0051293110  -0.0305725322  -0.0081108308
        0.0000596816   0.0014045187   0.0009321534  -0.0052528341   0.0442590798
        0.0574361198  -0.0032403881   0.0024372197  -0.0025807910   0.0000455930
        0.0005377064   0.0005916518  -0.0000996595  -0.0002922369   0.0000864808
        0.0002332855   0.0000136587   0.0000451677   0.0001210475  -0.0002808309
       -0.0000026907
       -0.0051577535   0.0192228324   0.0006431012  -0.0501376375   0.0400560204
        0.0102817356   0.0012944873  -0.0272577119  -0.0056194391   0.0024397920
        0.0013520417  -0.0008190894   0.0006363831  -0.0004504055   0.0005048385
        0.0000691724   0.0003770277   0.0002594580  -0.0021319826   0.0018517775
       -0.0032403881   0.0595567718  -0.0455918976  -0.0072664600  -0.0024036691
        0.0148648339   0.0054082601  -0.0046536029  -0.0039065809  -0.0001805155
        0.0007011198  -0.0003646900   0.0001397004  -0.0002130808  -0.0001532478
       -0.0001112018
        0.0055455274  -0.0152630733   0.0003498604   0.0397579222  -0.2593660768
       -0.0449814385  -0.0016435339  -0.0210393551  -0.0045231089   0.0016182032
        0.0022067839   0.0004114536  -0.0004970954   0.0003879927  -0.0003433788
       -0.0000338633   0.0004235715  -0.0002534138   0.0021313097  -0.0006904366
        0.0024372197  -0.0455918976   0.3009800745   0.0511951491   0.0022269391
       -0.0056248417  -0.0036565074  -0.0036550284  -0.0016215447  -0.0004922290
        0.0004005395   0.0003206412  -0.0000819306  -0.0002590224  -0.0007137356
       -0.0000616758
       -0.0059157644   0.0211529761   0.0021987289   0.0100897635  -0.0458016908
       -0.0542805926  -0.0000280057  -0.0017842766   0.0003752127  -0.0004806388
        0.0004523938   0.0003666787   0.0000608559   0.0007391328   0.0007618237
        0.0004067800   0.0000306336   0.0003330115  -0.0032464374   0.0028258252
       -0.0025807910  -0.0072664600   0.0511951491   0.0615197246   0.0068691172
       -0.0287955650  -0.0089896358  -0.0004859938   0.0000988820   0.0006350485
       -0.0000800165  -0.0003973657  -0.0001386352   0.0000768001   0.0002839055
       -0.0002005740
        0.0061795667  -0.0004281762  -0.0169271806  -0.0860151651   0.0082522800
        0.0926283095  -0.0140407528   0.0012148655   0.0226534069  -0.0078941686
       -0.0034209976   0.0024772892  -0.0016119167   0.0016150142  -0.0035705128
        0.0008464012  -0.0000269390  -0.0005464243   0.0003847700  -0.0003562780
        0.0000455930  -0.0024036691   0.0022269391   0.0068691172   0.1040878123
       -0.0096257590  -0.1039975885   0.0004613616   0.0001354066   0.0000110914
       -0.0000099229   0.0003825054   0.0007736796   0.0000156833   0.0000311390
       -0.0004167806
       -0.0038997237   0.0011828209   0.0117403574   0.0090605799  -0.0470251163
       -0.0177361681  -0.0074459226   0.0010227140   0.0120448353  -0.0038341490
       -0.0006359137   0.0013577997   0.0012664613  -0.0001730423   0.0023524361
       -0.0003397849   0.0002150323  -0.0005290288  -0.0004203506   0.0002815265
        0.0005377064   0.0148648339  -0.0056248417  -0.0287955650  -0.0096257590
        0.0505192242   0.0185091597  -0.0000363116   0.0000209069   0.0003004022
        0.0004198428   0.0003489503   0.0001866819  -0.0000097165  -0.0001322611
        0.0000313832
        0.0060282249   0.0002018424  -0.0257525938   0.0923110881  -0.0174373821
       -0.2285890945   0.0026150620  -0.0001878852  -0.0030755052   0.0010036059
        0.0008746757   0.0009512316  -0.0034822929   0.0025407983  -0.0036238091
        0.0003252826  -0.0003829838   0.0004928261   0.0004813369  -0.0001877368
        0.0005916518   0.0054082601  -0.0036565074  -0.0089896358  -0.1039975885
        0.0185091597   0.2668805725  -0.0002499338   0.0002309474   0.0000979898
       -0.0002663617  -0.0002764522   0.0007441621  -0.0001766836  -0.0002284761
        0.0002722045
        0.0010908588  -0.0012153703   0.0005302239  -0.0000052116  -0.0268162899
       -0.0033174005  -0.0457528139   0.0296323270  -0.0016362279  -0.0098692951
        0.0212689483   0.0157235353  -0.0000501608   0.0000552324  -0.0000076911
        0.0002042760   0.0001635086   0.0001125028  -0.0003137098   0.0004074059
       -0.0000996595  -0.0046536029  -0.0036550284  -0.0004859938   0.0004613616
       -0.0000363116  -0.0002499338   0.0610925957  -0.0380919589  -0.0089403522
       -0.0028861654   0.0191185728  -0.0012642477   0.0006818672  -0.0008310359
       -0.0003647556
        0.0013920166   0.0011676307   0.0002462290  -0.0027160215  -0.0227068314
       -0.0015524834   0.0278018017  -0.2399061709  -0.0160407830   0.0112532920
       -0.0062397987  -0.0148995376   0.0000252276  -0.0001137981   0.0000568895
        0.0004145852   0.0001295998   0.0002232232  -0.0005631546   0.0006901106
       -0.0002922369  -0.0039065809  -0.0016215447   0.0000988820   0.0001354066
        0.0000209069   0.0002309474  -0.0380919589   0.2833535410   0.0297844130
        0.0042586835  -0.0160101854   0.0017003392  -0.0000032974   0.0012365402
        0.0004441178
        0.0000617302  -0.0008480049   0.0001069074  -0.0009040006  -0.0033917738
        0.0011123695  -0.0032983202  -0.0162766488  -0.0443598519   0.0182351595
       -0.0311580322  -0.0178383767   0.0000563826  -0.0000773961  -0.0001101434
        0.0000467311   0.0001102764  -0.0000446589  -0.0003128812   0.0000825961
        0.0000864808  -0.0001805155  -0.0004922290   0.0006350485   0.0000110914
        0.0003004022   0.0000979898  -0.0089403522   0.0297844130   0.0588850813
       -0.0050088924   0.0236692396   0.0011152692   0.0002338672  -0.0017028423
        0.0003138844
       -0.0048852473  -0.0031932843  -0.0004354958  -0.0194788246   0.0072660816
       -0.0195909280  -0.1123787858   0.0471720752  -0.0996467412   0.0091793151
       -0.0058320097   0.0147647671   0.0000170682  -0.0000311791   0.0003212016
       -0.0010297154   0.0003831071  -0.0011194345   0.0002574860  -0.0004392758
        0.0002332855   0.0007011198   0.0004005395  -0.0000800165  -0.0000099229
        0.0004198428  -0.0002663617  -0.0028861654   0.0042586835  -0.0050088924
        0.1310389258  -0.0506642049   0.1068397654  -0.0005252536   0.0002596241
        0.0039888506
       -0.0023342791  -0.0006744792  -0.0001558765  -0.0090515825   0.0044898582
       -0.0100410604   0.0467297982  -0.0759804346   0.0623029536  -0.0033756439
        0.0031841038  -0.0019538060   0.0000617570  -0.0000713088  -0.0000691365
       -0.0004645016   0.0003820638  -0.0004856601  -0.0001780017   0.0001134370
        0.0000136587  -0.0003646900   0.0003206412  -0.0003973657   0.0003825054
        0.0003489503  -0.0002764522   0.0191185728  -0.0160101854   0.0236692396
       -0.0506642049   0.0825366602  -0.0711330437   0.0001402702   0.0013606934
       -0.0014734508
       -0.0008412749  -0.0005754008   0.0007963345  -0.0047915314   0.0015600487
       -0.0031927227  -0.0952764756   0.0594989928  -0.1683521036  -0.0090597059
        0.0092078825  -0.0357929773   0.0002432737   0.0000131381   0.0002468390
       -0.0001590067   0.0000488744  -0.0001884975   0.0001317418  -0.0000895835
        0.0000451677   0.0001397004  -0.0000819306  -0.0001386352   0.0007736796
        0.0001866819   0.0007441621  -0.0012642477   0.0017003392   0.0011152692
        0.1068397654  -0.0711330437   0.2105303352   0.0032640813  -0.0003359991
       -0.0058131713
        0.0003935568   0.0006087530   0.0009350637   0.0012515127  -0.0003471910
        0.0009085659   0.0132031441  -0.0084882321   0.0166509336  -0.1570896678
        0.0856534980  -0.1819908119  -0.0010719836  -0.0005803327  -0.0014003213
        0.0004503577  -0.0000022796  -0.0002170731  -0.0002501385   0.0002177857
        0.0001210475  -0.0002130808  -0.0002590224   0.0000768001   0.0000156833
       -0.0000097165  -0.0001766836   0.0006818672  -0.0000032974   0.0002338672
       -0.0005252536   0.0001402702   0.0032640813   0.1431540024  -0.0769302352
        0.1615945305
       -0.0001848118  -0.0000233168   0.0004723047   0.0011165678   0.0005595421
        0.0007037292  -0.0050854602   0.0002251100  -0.0039823948   0.0820550124
       -0.0508519097   0.1083722421  -0.0006378838   0.0006402512  -0.0005364825
        0.0000042512  -0.0001516008  -0.0000903937   0.0003560803  -0.0003986225
       -0.0002808309  -0.0001532478  -0.0007137356   0.0002839055   0.0000311390
       -0.0001322611  -0.0002284761  -0.0008310359   0.0012365402  -0.0017028423
        0.0002596241   0.0013606934  -0.0003359991  -0.0769302352   0.0482493095
       -0.1026747619
       -0.0004328788   0.0000725326   0.0004930842  -0.0002965270   0.0002262822
        0.0006291244  -0.0111389320   0.0081506963  -0.0327863896  -0.1533555506
        0.0957145443  -0.2787353489   0.0003095557   0.0000392885   0.0004885301
       -0.0000791081  -0.0002490962   0.0000147196   0.0003027977  -0.0002198601
       -0.0000026907  -0.0001112018  -0.0000616758  -0.0002005740  -0.0004167806
        0.0000313832   0.0002722045  -0.0003647556   0.0004441178   0.0003138844
        0.0039888506  -0.0014734508  -0.0058131713   0.1615945305  -0.1026747619
        0.3153266273
