           1           2   1.02012094193860     
           2           3  0.997314566950485     
           3           4   1.00168368543875     
           1           5  0.984934091059391     
           1           6  0.986716296434830     
           1           7  0.987289869492398     
           2           8  0.977271140755275     
           2           9  0.977495799636954     
           3          10  0.969665569276748     
           3          11  0.973557759037326     
           4          12  0.899003603770660     
