           1           2   1.03602132079563     
           2           3   1.77463072967530     
           3           4   1.07962898285077     
           4           5   1.78913664864933     
           4           6  0.967062311753643     
           6           7  0.950289260319433     
           6           8  0.998926699546644     
           2           9   1.02180662773472     
           8           9   1.00380582545113     
           6          10  0.959890927532604     
          10          11   1.00871264937431     
          10          12   1.00962502590712     
           1          13  0.962567072520840     
           1          14  0.967233638836292     
           1          15  0.983585069845908     
           3          16  0.961292729808288     
           8          17  0.972056161853464     
           8          18  0.978564716207791     
           9          19  0.943750965766036     
           9          20  0.966259205326885     
          10          21  0.965802490239039     
          11          22  0.986377531154559     
          11          23  0.984949098210582     
          11          24  0.983252224019301     
          12          25  0.985354593761848     
          12          26  0.982288463623719     
          12          27  0.985869442520820     
