$hessian                                                                        
        0.4277280160  -0.0118998319   0.0374962310  -0.1660187682  -0.0154933758
        0.0613208312  -0.0266970599  -0.0244972200   0.0025038390   0.0008718612
        0.0031384803  -0.0013157272   0.0016823065  -0.0041994913   0.0010132191
       -0.0003078052   0.0004451464  -0.0006178002   0.0002277442  -0.0002769516
        0.0003643263  -0.1318283646   0.1121942884  -0.0325435715  -0.0449757471
        0.0031148652  -0.0356091670  -0.0591332197  -0.0623491157  -0.0331019310
       -0.0012724350   0.0000335295   0.0006154554  -0.0002765280  -0.0002103237
       -0.0001257051
       -0.0118998319   0.5279015262   0.0262938693  -0.0036949362  -0.0663121905
       -0.0043543376  -0.0329534767  -0.0133008312   0.0121849633  -0.0016589841
        0.0006466402   0.0034552496  -0.0032522042  -0.0031665351  -0.0024978288
       -0.0007241212  -0.0000585990   0.0000802473   0.0000926662   0.0000031038
        0.0000150675   0.1081205318  -0.1733158956   0.0350063598   0.0042488985
       -0.0456045903   0.0201521116  -0.0571846643  -0.2266877664  -0.0905240671
       -0.0012909209  -0.0000658658   0.0003931456   0.0001970430  -0.0000389964
       -0.0002047805
        0.0374962310   0.0262938693   0.4926457942   0.0693521966   0.0041434373
       -0.0963700430  -0.0035459461   0.0059472856   0.0058781409  -0.0042457698
        0.0006980348  -0.0005287974   0.0000351167  -0.0029485991   0.0025365395
        0.0013442338  -0.0004841674   0.0003495281  -0.0001188085   0.0001850122
       -0.0002581366  -0.0306411523   0.0346213044  -0.0521032891  -0.0397599655
        0.0185345382  -0.2677037728  -0.0296326477  -0.0870439632  -0.0850994513
       -0.0004070847  -0.0002599354   0.0004039320   0.0001235966   0.0003131833
        0.0002495556
       -0.1660187682  -0.0036949362   0.0693521966   0.3575276990   0.1262955714
       -0.1017337498  -0.1030196995  -0.0724870406  -0.0156764659   0.0167399632
       -0.0003102020   0.0056329479  -0.0354089846  -0.0315917157   0.0018923620
        0.0022829002  -0.0053244630   0.0031057990  -0.0011915192   0.0021727654
       -0.0016205980  -0.0393001921  -0.0018202012   0.0160728139  -0.0087492632
       -0.0029256750   0.0146432961  -0.0172332284  -0.0081316539   0.0058619905
       -0.0057545901  -0.0012156014   0.0028993439   0.0001256829  -0.0009668477
       -0.0004299362
       -0.0154933758  -0.0663121905   0.0041434373   0.1262955714   0.3712214478
        0.1006503812  -0.0540633112  -0.2110023414  -0.0619444313  -0.0106883685
       -0.0791832588  -0.0557167861  -0.0264965731  -0.0079314695   0.0021685095
        0.0024059798  -0.0064892321   0.0040697631  -0.0014181278   0.0034147826
       -0.0023475994   0.0160327779   0.0068454565  -0.0102211228  -0.0074157980
       -0.0015383738   0.0056463578  -0.0287844959  -0.0083545488   0.0125772303
       -0.0013162352   0.0001698978   0.0006739798   0.0009419566  -0.0008401699
        0.0003002807
        0.0613208312  -0.0043543376  -0.0963700430  -0.1017337498   0.1006503812
        0.1978766914  -0.0030885457  -0.0484378133  -0.0834110318  -0.0004720498
       -0.0628942758  -0.0107595991   0.0090636104   0.0104737287   0.0060593388
        0.0003888395   0.0008021628  -0.0005383972  -0.0000386976  -0.0003616284
        0.0003373316   0.0036210367  -0.0039894629   0.0009890833   0.0366957943
        0.0084320222  -0.0203336581  -0.0078955001  -0.0006708371   0.0055488028
        0.0031588094   0.0007503762  -0.0005958576  -0.0010203785  -0.0004003158
        0.0011973388
       -0.0266970599  -0.0329534767  -0.0035459461  -0.1030196995  -0.0540633112
       -0.0030885457   0.4829616513  -0.0725187298  -0.2141942114  -0.1850129448
        0.1768186241   0.1745999073  -0.1202372030  -0.0227913804   0.0415216890
       -0.0405620016   0.0193920379  -0.0086897846   0.0076179753  -0.0062065266
        0.0048981155  -0.0009799191  -0.0020169980  -0.0005971620   0.0005084448
       -0.0012352896  -0.0003751813  -0.0060298676  -0.0019777257   0.0030313375
       -0.0098974623  -0.0056321677   0.0037014755   0.0013480866   0.0031849438
        0.0027383063
       -0.0244972200  -0.0133008312   0.0059472856  -0.0724870406  -0.2110023414
       -0.0484378133  -0.0725187298   0.6367497442   0.3094682946   0.1726610416
       -0.3525536963  -0.2733680392  -0.0014096422  -0.0601335157   0.0054449902
        0.0138786793   0.0055474789  -0.0087355255   0.0008556955  -0.0044238906
        0.0039590895   0.0034174059   0.0018424833   0.0011626708   0.0005805986
        0.0025120422  -0.0015662096  -0.0017340273  -0.0017992525  -0.0001020716
       -0.0251419983  -0.0056766886   0.0121375941   0.0063952375   0.0022384677
       -0.0059102656
        0.0025038390   0.0121849633   0.0058781409  -0.0156764659  -0.0619444313
       -0.0834110318  -0.2141942114   0.3094682946   0.4968609610   0.1718428556
       -0.2737668243  -0.3295728026   0.0295632755   0.0135778286  -0.0834690925
       -0.0033582518  -0.0096037451   0.0143679358  -0.0031344457   0.0051533477
       -0.0059941472   0.0016805304   0.0005243236   0.0020175538   0.0022818140
        0.0035153560  -0.0001998218   0.0026485175  -0.0004168387  -0.0013360743
        0.0015157215   0.0009727057   0.0012446096   0.0243268213   0.0003350199
       -0.0163862309
        0.0008718612  -0.0016589841  -0.0042457698   0.0167399632  -0.0106883685
       -0.0004720498  -0.1850129448   0.1726610416   0.1718428556   0.1913755133
       -0.1886351956  -0.2085418151  -0.0234210685   0.0267472601   0.0369099375
        0.0028740930  -0.0034277441   0.0051930393  -0.0016665827   0.0018283865
       -0.0022673039   0.0013479335   0.0007919351   0.0006950793   0.0003090973
        0.0014385835  -0.0007643445   0.0009866149  -0.0004819568  -0.0007577186
        0.0023323655   0.0015187973  -0.0011530740  -0.0067368459  -0.0000937551
        0.0035611640
        0.0031384803   0.0006466402   0.0006980348  -0.0003102020  -0.0791832588
       -0.0628942758   0.1768186241  -0.3525536963  -0.2737668243  -0.1886351956
        0.4282749440   0.3499596379   0.0094662293  -0.0008256792  -0.0130576959
       -0.0034817370   0.0017696093  -0.0019513153   0.0008747691  -0.0003758789
        0.0009300912  -0.0005317261  -0.0001347980  -0.0002341625   0.0001080396
        0.0001230430   0.0005762457   0.0011506317   0.0012134294   0.0000604536
        0.0000698406   0.0006205745  -0.0001779782   0.0013322460   0.0004250708
       -0.0001422113
       -0.0013157272   0.0034552496  -0.0005287974   0.0056329479  -0.0557167861
       -0.0107595991   0.1745999073  -0.2733680392  -0.3295728026  -0.2085418151
        0.3499596379   0.3570738548   0.0298159061  -0.0251131359  -0.0116414271
       -0.0001267161   0.0032953216  -0.0076287280   0.0015745819  -0.0020347506
        0.0035249709  -0.0011992526   0.0002555302  -0.0008536733  -0.0004521444
       -0.0014370934   0.0001615382   0.0001059194   0.0009793658   0.0006029860
       -0.0026057347  -0.0004418390   0.0004250144   0.0025121275   0.0001665392
       -0.0008033369
        0.0016823065  -0.0032522042   0.0000351167  -0.0354089846  -0.0264965731
        0.0090636104  -0.1202372030  -0.0014096422   0.0295632755  -0.0234210685
        0.0094662293   0.0298159061   0.4215087669   0.0024082025   0.0310798838
       -0.1439466533   0.0713395788  -0.0625170924  -0.0108787298   0.0244181914
       -0.0212645327   0.0006044613   0.0002055629   0.0001019849  -0.0006337242
       -0.0000884737   0.0001283330  -0.0008527697  -0.0001316031   0.0005166005
       -0.0541765460  -0.0675649621  -0.0008655364  -0.0342398554  -0.0088943064
       -0.0156575494
       -0.0041994913  -0.0031665351  -0.0029485991  -0.0315917157  -0.0079314695
        0.0104737287  -0.0227913804  -0.0601335157   0.0135778286   0.0267472601
       -0.0008256792  -0.0251131359   0.0024082025   0.5202194587   0.0151218495
        0.0824542419  -0.1249172053   0.0569039202   0.0209079820  -0.0007766816
        0.0155996560  -0.0004161551  -0.0004150086   0.0000621595   0.0003734839
        0.0001071001  -0.0003122119  -0.0012679183  -0.0002215488   0.0006213289
       -0.0625256277  -0.2586880187  -0.0092741210  -0.0100988820  -0.0632508963
       -0.0747124035
        0.0010132191  -0.0024978288   0.0025365395   0.0018923620   0.0021685095
        0.0060593388   0.0415216890   0.0054449902  -0.0834690925   0.0369099375
       -0.0130576959  -0.0116414271   0.0310798838   0.0151218495   0.4803231508
       -0.0781207428   0.0612116858  -0.1065150798  -0.0169554457   0.0147179731
        0.0038819830   0.0005464808   0.0002698333  -0.0002234343  -0.0005416354
       -0.0003909198   0.0001491645  -0.0001862751  -0.0001047415   0.0001726548
       -0.0008908461  -0.0105677239  -0.0407630602  -0.0162686271  -0.0723159315
       -0.2505107374
       -0.0003078052  -0.0007241212   0.0013442338   0.0022829002   0.0024059798
        0.0003888395  -0.0405620016   0.0138786793  -0.0033582518   0.0028740930
       -0.0034817370  -0.0001267161  -0.1439466533   0.0824542419  -0.0781207428
        0.7752373680  -0.5764827967   0.5015541862  -0.5954245701   0.4763634701
       -0.4139289941   0.0002099234  -0.0000204570  -0.0001876452  -0.0000359014
       -0.0000930421   0.0000319836   0.0003353389   0.0000274269  -0.0000226159
        0.0043311191   0.0027543840   0.0016364986  -0.0049938110   0.0029179720
       -0.0092107758
        0.0004451464  -0.0000585990  -0.0004841674  -0.0053244630  -0.0064892321
        0.0008021628   0.0193920379   0.0055474789  -0.0096037451  -0.0034277441
        0.0017696093   0.0032953216   0.0713395788  -0.1249172053   0.0612116858
       -0.5764827967   0.5868330821  -0.4253046015   0.4761698332  -0.4425389227
        0.3525450393   0.0001839030   0.0000080780   0.0000783584  -0.0001779617
        0.0000257847   0.0001007754  -0.0003350334  -0.0000523670   0.0000260211
        0.0210085094  -0.0246665020   0.0162518305  -0.0027910099   0.0045387951
        0.0010813192
       -0.0006178002   0.0000802473   0.0003495281   0.0031057990   0.0040697631
       -0.0005383972  -0.0086897846  -0.0087355255   0.0143679358   0.0051930393
       -0.0019513153  -0.0076287280  -0.0625170924   0.0569039202  -0.1065150798
        0.5015541862  -0.4253046015   0.4653901912  -0.4139184601   0.3526369822
       -0.3430977576  -0.0001058862  -0.0000812391  -0.0001060596   0.0002657188
        0.0000525137  -0.0001557502   0.0001822428   0.0000033642  -0.0000451712
       -0.0009943654   0.0053620646  -0.0007990577  -0.0234575971   0.0169638263
       -0.0212216537
        0.0002277442   0.0000926662  -0.0001188085  -0.0011915192  -0.0014181278
       -0.0000386976   0.0076179753   0.0008556955  -0.0031344457  -0.0016665827
        0.0008747691   0.0015745819  -0.0108787298   0.0209079820  -0.0169554457
       -0.5954245701   0.4761698332  -0.4139184601   0.6040823130  -0.4990070539
        0.4336330081   0.0000169848   0.0000574049   0.0000372690   0.0000076867
        0.0000082882  -0.0000212524  -0.0000785415  -0.0000136151  -0.0000018470
       -0.0022683119   0.0000302765  -0.0016211054  -0.0004444489   0.0014418810
        0.0005652035
       -0.0002769516   0.0000031038   0.0001850122   0.0021727654   0.0034147826
       -0.0003616284  -0.0062065266  -0.0044238906   0.0051533477   0.0018283865
       -0.0003758789  -0.0020347506   0.0244181914  -0.0007766816   0.0147179731
        0.4763634701  -0.4425389227   0.3526369822  -0.4990070539   0.4439596857
       -0.3694101211  -0.0001509855  -0.0000020788  -0.0000331303   0.0001083213
       -0.0000311457  -0.0000721027   0.0001646286   0.0000395041   0.0000130592
       -0.0010865552   0.0023173790  -0.0007649245   0.0016723095  -0.0015858569
       -0.0000297167
        0.0003643263   0.0000150675  -0.0002581366  -0.0016205980  -0.0023475994
        0.0003373316   0.0048981155   0.0039590895  -0.0059941472  -0.0022673039
        0.0009300912   0.0035249709  -0.0212645327   0.0155996560   0.0038819830
       -0.4139289941   0.3525450393  -0.3430977576   0.4336330081  -0.3694101211
        0.3397863005   0.0000730456   0.0000377504   0.0000333050  -0.0001627116
       -0.0000363699   0.0000996371  -0.0000769263   0.0000069600   0.0000179093
       -0.0014554360  -0.0002822813  -0.0003816009   0.0018080068  -0.0010172822
        0.0020502049
       -0.1318283646   0.1081205318  -0.0306411523  -0.0393001921   0.0160327779
        0.0036210367  -0.0009799191   0.0034174059   0.0016805304   0.0013479335
       -0.0005317261  -0.0011992526   0.0006044613  -0.0004161551   0.0005464808
        0.0002099234   0.0001839030  -0.0001058862   0.0000169848  -0.0001509855
        0.0000730456   0.1672456934  -0.1291292910   0.0296118736  -0.0034277127
        0.0069704593  -0.0047395532   0.0060663975  -0.0045245086   0.0013003722
        0.0000272428  -0.0000455264  -0.0000163168   0.0000175518   0.0000731148
       -0.0001311782
        0.1121942884  -0.1733158956   0.0346213044  -0.0018202012   0.0068454565
       -0.0039894629  -0.0020169980   0.0018424833   0.0005243236   0.0007919351
       -0.0001347980   0.0002555302   0.0002055629  -0.0004150086   0.0002698333
       -0.0000204570   0.0000080780  -0.0000812391   0.0000574049  -0.0000020788
        0.0000377504  -0.1291292910   0.1925706755  -0.0396594246   0.0034239116
       -0.0036839883   0.0026629768   0.0164074778  -0.0236862874   0.0053125595
       -0.0000778359  -0.0000153214   0.0000337932  -0.0000157976  -0.0000133152
        0.0000120554
       -0.0325435715   0.0350063598  -0.0521032891   0.0160728139  -0.0102211228
        0.0009890833  -0.0005971620   0.0011626708   0.0020175538   0.0006950793
       -0.0002341625  -0.0008536733   0.0001019849   0.0000621595  -0.0002234343
       -0.0001876452   0.0000783584  -0.0001060596   0.0000372690  -0.0000331303
        0.0000333050   0.0296118736  -0.0396594246   0.0573159136  -0.0203894081
        0.0246029363  -0.0100522384   0.0071765580  -0.0107225206   0.0029375786
       -0.0000037408  -0.0000012692   0.0000147530   0.0000259489  -0.0000408546
        0.0000305074
       -0.0449757471   0.0042488985  -0.0397599655  -0.0087492632  -0.0074157980
        0.0366957943   0.0005084448   0.0005805986   0.0022818140   0.0003090973
        0.0001080396  -0.0004521444  -0.0006337242   0.0003734839  -0.0005416354
       -0.0000359014  -0.0001779617   0.0002657188   0.0000076867   0.0001083213
       -0.0001627116  -0.0034277127   0.0034239116  -0.0203894081   0.0574086365
       -0.0019965044   0.0314974076  -0.0005450978   0.0007288689  -0.0091390245
        0.0000812191   0.0000460926  -0.0001044239   0.0000523621  -0.0000279507
       -0.0001914213
        0.0031148652  -0.0456045903   0.0185345382  -0.0029256750  -0.0015383738
        0.0084320222  -0.0012352896   0.0025120422   0.0035153560   0.0014385835
        0.0001230430  -0.0014370934  -0.0000884737   0.0001071001  -0.0003909198
       -0.0000930421   0.0000257847   0.0000525137   0.0000082882  -0.0000311457
       -0.0000363699   0.0069704593  -0.0036839883   0.0246029363  -0.0019965044
        0.0470130071  -0.0260769799  -0.0052884967   0.0011117087  -0.0270817939
        0.0000384188  -0.0000020750  -0.0000176717   0.0000568665  -0.0000325127
       -0.0000965378
       -0.0356091670   0.0201521116  -0.2677037728   0.0146432961   0.0056463578
       -0.0203336581  -0.0003751813  -0.0015662096  -0.0001998218  -0.0007643445
        0.0005762457   0.0001615382   0.0001283330  -0.0003122119   0.0001491645
        0.0000319836   0.0001007754  -0.0001557502  -0.0000212524  -0.0000721027
        0.0000996371  -0.0047395532   0.0026629768  -0.0100522384   0.0314974076
       -0.0260769799   0.3132961562  -0.0045522514  -0.0010924771  -0.0154761532
       -0.0001241100  -0.0000283005   0.0000789090  -0.0001151606   0.0000098144
        0.0001359895
       -0.0591332197  -0.0571846643  -0.0296326477  -0.0172332284  -0.0287844959
       -0.0078955001  -0.0060298676  -0.0017340273   0.0026485175   0.0009866149
        0.0011506317   0.0001059194  -0.0008527697  -0.0012679183  -0.0001862751
        0.0003353389  -0.0003350334   0.0001822428  -0.0000785415   0.0001646286
       -0.0000769263   0.0060663975   0.0164074778   0.0071765580  -0.0005450978
       -0.0052884967  -0.0045522514   0.0767355457   0.0768939915   0.0322176779
       -0.0003469670  -0.0000064630   0.0001315071   0.0000957947  -0.0000156307
       -0.0001188220
       -0.0623491157  -0.2266877664  -0.0870439632  -0.0081316539  -0.0083545488
       -0.0006708371  -0.0019777257  -0.0017992525  -0.0004168387  -0.0004819568
        0.0012134294   0.0009793658  -0.0001316031  -0.0002215488  -0.0001047415
        0.0000274269  -0.0000523670   0.0000033642  -0.0000136151   0.0000395041
        0.0000069600  -0.0045245086  -0.0236862874  -0.0107225206   0.0007288689
        0.0011117087  -0.0010924771   0.0768939915   0.2583889261   0.0990510391
       -0.0000418413   0.0000489778   0.0000291358   0.0000017329  -0.0000007752
       -0.0000184868
       -0.0331019310  -0.0905240671  -0.0850994513   0.0058619905   0.0125772303
        0.0055488028   0.0030313375  -0.0001020716  -0.0013360743  -0.0007577186
        0.0000604536   0.0006029860   0.0005166005   0.0006213289   0.0001726548
       -0.0000226159   0.0000260211  -0.0000451712  -0.0000018470   0.0000130592
        0.0000179093   0.0013003722   0.0053125595   0.0029375786  -0.0091390245
       -0.0270817939  -0.0154761532   0.0322176779   0.0990510391   0.0926547303
        0.0001484614   0.0000336990  -0.0000611812  -0.0000533029   0.0000125418
        0.0000833693
       -0.0012724350  -0.0012909209  -0.0004070847  -0.0057545901  -0.0013162352
        0.0031588094  -0.0098974623  -0.0251419983   0.0015157215   0.0023323655
        0.0000698406  -0.0026057347  -0.0541765460  -0.0625256277  -0.0008908461
        0.0043311191   0.0210085094  -0.0009943654  -0.0022683119  -0.0010865552
       -0.0014554360   0.0000272428  -0.0000778359  -0.0000037408   0.0000812191
        0.0000384188  -0.0001241100  -0.0003469670  -0.0000418413   0.0001484614
        0.0664646566   0.0738496409   0.0024873579   0.0004797091  -0.0034853952
       -0.0008290327
        0.0000335295  -0.0000658658  -0.0002599354  -0.0012156014   0.0001698978
        0.0007503762  -0.0056321677  -0.0056766886   0.0009727057   0.0015187973
        0.0006205745  -0.0004418390  -0.0675649621  -0.2586880187  -0.0105677239
        0.0027543840  -0.0246665020   0.0053620646   0.0000302765   0.0023173790
       -0.0002822813  -0.0000455264  -0.0000153214  -0.0000012692   0.0000460926
       -0.0000020750  -0.0000283005  -0.0000064630   0.0000489778   0.0000336990
        0.0738496409   0.2975260139   0.0079524993  -0.0037680002  -0.0115683714
       -0.0034899955
        0.0006154554   0.0003931456   0.0004039320   0.0028993439   0.0006739798
       -0.0005958576   0.0037014755   0.0121375941   0.0012446096  -0.0011530740
       -0.0001779782   0.0004250144  -0.0008655364  -0.0092741210  -0.0407630602
        0.0016364986   0.0162518305  -0.0007990577  -0.0016211054  -0.0007649245
       -0.0003816009  -0.0000163168   0.0000337932   0.0000147530  -0.0001044239
       -0.0000176717   0.0000789090   0.0001315071   0.0000291358  -0.0000611812
        0.0024873579   0.0079524993   0.0431770877  -0.0077111819  -0.0272372830
       -0.0027435481
       -0.0002765280   0.0001970430   0.0001235966   0.0001256829   0.0009419566
       -0.0010203785   0.0013480866   0.0063952375   0.0243268213  -0.0067368459
        0.0013322460   0.0025121275  -0.0342398554  -0.0100988820  -0.0162686271
       -0.0049938110  -0.0027910099  -0.0234575971  -0.0004444489   0.0016723095
        0.0018080068   0.0000175518  -0.0000157976   0.0000259489   0.0000523621
        0.0000568665  -0.0001151606   0.0000957947   0.0000017329  -0.0000533029
        0.0004797091  -0.0037680002  -0.0077111819   0.0445723020   0.0060762978
        0.0198297470
       -0.0002103237  -0.0000389964   0.0003131833  -0.0009668477  -0.0008401699
       -0.0004003158   0.0031849438   0.0022384677   0.0003350199  -0.0000937551
        0.0004250708   0.0001665392  -0.0088943064  -0.0632508963  -0.0723159315
        0.0029179720   0.0045387951   0.0169638263   0.0014418810  -0.0015858569
       -0.0010172822   0.0000731148  -0.0000133152  -0.0000408546  -0.0000279507
       -0.0000325127   0.0000098144  -0.0000156307  -0.0000007752   0.0000125418
       -0.0034853952  -0.0115683714  -0.0272372830   0.0060762978   0.0701285604
        0.0832107424
       -0.0001257051  -0.0002047805   0.0002495556  -0.0004299362   0.0003002807
        0.0011973388   0.0027383063  -0.0059102656  -0.0163862309   0.0035611640
       -0.0001422113  -0.0008033369  -0.0156575494  -0.0747124035  -0.2505107374
       -0.0092107758   0.0010813192  -0.0212216537   0.0005652035  -0.0000297167
        0.0020502049  -0.0001311782   0.0000120554   0.0000305074  -0.0001914213
       -0.0000965378   0.0001359895  -0.0001188220  -0.0000184868   0.0000833693
       -0.0008290327  -0.0034899955  -0.0027435481   0.0198297470   0.0832107424
        0.2879185415
