$hessian                                                                        
        0.4554280367  -0.0000010969   0.0293467804  -0.2110604621  -0.0000016309
        0.0228860055  -0.0245785003  -0.0071754032   0.0042897066  -0.0007711651
       -0.0031469590  -0.0013432169   0.0001226170  -0.0000000056  -0.0000012801
       -0.0007713153   0.0031470664  -0.0013432320  -0.0245793150   0.0071749217
        0.0042898884  -0.0437819662  -0.0000000390   0.0169285745  -0.0770747591
        0.0760302427  -0.0392872534  -0.0770713670  -0.0760271130  -0.0392860329
        0.0022825890   0.0016630056   0.0013020480   0.0011205349   0.0010390691
        0.0001605965  -0.0010471406   0.0000920526   0.0003253466  -0.0002868681
       -0.0001320979  -0.0000279537  -0.0010471760  -0.0000920771   0.0003253520
       -0.0002868706   0.0001320927  -0.0000279557   0.0022826181  -0.0016629746
        0.0013020434   0.0011205096  -0.0010390535   0.0001605829
       -0.0000010969   0.5403804292   0.0000005971  -0.0000017514  -0.0747051873
        0.0000002160  -0.0285644276  -0.0046912795   0.0055241820  -0.0034264773
       -0.0050269189  -0.0017705787  -0.0000000066   0.0006496700   0.0000000042
        0.0034265802  -0.0050267951   0.0017705080   0.0285640835  -0.0046904478
       -0.0055241037  -0.0000000751  -0.0461739272   0.0000009363   0.0732106293
       -0.2010493204   0.0797345672  -0.0732075056  -0.2010514525  -0.0797363606
       -0.0004116304   0.0004024028   0.0003712942  -0.0021462864   0.0004050433
       -0.0002212835  -0.0016712129  -0.0000797418   0.0002881915   0.0000280116
       -0.0000351044  -0.0001306342   0.0016711937  -0.0000797042  -0.0002881862
       -0.0000280190  -0.0000351029   0.0001306340   0.0004116935   0.0004023676
       -0.0003712699   0.0021462975   0.0004050689   0.0002212864
        0.0293467804   0.0000005971   0.4687275366   0.0535361881   0.0000005598
       -0.0634620957  -0.0132082241  -0.0023577142  -0.0021776385  -0.0008194808
       -0.0015335771   0.0002135273   0.0001963431   0.0000000062  -0.0004451497
       -0.0008194917   0.0015335200   0.0002135511  -0.0132080570   0.0023573997
       -0.0021776655   0.0259485862   0.0000010373  -0.2357065107  -0.0384717475
        0.0792756795  -0.0843920525  -0.0384705146  -0.0792774541  -0.0843932917
       -0.0025493935  -0.0013119887   0.0010853746   0.0006918779   0.0004090314
        0.0006092959  -0.0003387264  -0.0000598363   0.0001995455   0.0001810463
        0.0000314931  -0.0000943262  -0.0003387152   0.0000598266   0.0001995446
        0.0001810467  -0.0000314891  -0.0000943248  -0.0025494219   0.0013119257
        0.0010853848   0.0006919041  -0.0004090170   0.0006092949
       -0.2110604621  -0.0000017514   0.0535361881   0.5292663199   0.0000002650
        0.0211296556  -0.0992073276  -0.0473413328  -0.0355181116  -0.0259198253
       -0.0276668628  -0.0092569139   0.0071571157   0.0000000955  -0.0000380514
       -0.0259207129   0.0276664168  -0.0092566859  -0.0992093463   0.0473429783
       -0.0355191172  -0.0266405111  -0.0000004139   0.0254729838  -0.0217489665
        0.0065170630   0.0008549817  -0.0217481880  -0.0065174770   0.0008548274
       -0.0026828742  -0.0068645943  -0.0111466428   0.0052562620   0.0097215798
        0.0044191004  -0.0066832293  -0.0003444669   0.0015724983   0.0016259491
        0.0001392635  -0.0009744885  -0.0066832239   0.0003442785   0.0015725070
        0.0016259677  -0.0001392275  -0.0009744862  -0.0026832116   0.0068649413
       -0.0111470838   0.0052562644  -0.0097207551   0.0044188390
       -0.0000016309  -0.0747051873   0.0000005598   0.0000002650   0.5000255624
        0.0000011618  -0.0429380223  -0.1600844368  -0.0597557720  -0.0112406207
       -0.0028988582   0.0002861622   0.0000000971  -0.0011620347  -0.0000000080
        0.0112400849  -0.0028979375  -0.0002864175   0.0429395456  -0.1600831175
        0.0597543545  -0.0000004582   0.0011420755   0.0000003465   0.0279606322
       -0.0038640491  -0.0046051618  -0.0279609523  -0.0038648702   0.0046051278
       -0.0083589489  -0.0147423952  -0.0223462824  -0.0094970564  -0.0324758516
       -0.0081846883   0.0006483095   0.0011112274   0.0001774560   0.0007351070
        0.0003035078   0.0000745945  -0.0006485020   0.0011112244  -0.0001774156
       -0.0007350722   0.0003034907  -0.0000746236   0.0083593511  -0.0147424848
        0.0223461058   0.0094978716  -0.0324758655   0.0081845002
        0.0228860055   0.0000002160  -0.0634620957   0.0211296556   0.0000011618
        0.2605441046  -0.0195540739  -0.0327179744  -0.0802249750   0.0017121999
        0.0049069624   0.0032976176  -0.0007800155  -0.0000000155   0.0008040402
        0.0017123923  -0.0049069664   0.0032975745  -0.0195544810   0.0327169127
       -0.0802242549   0.0371213314   0.0000004802  -0.0136836600  -0.0109912604
       -0.0004651937   0.0029808956  -0.0109914875   0.0004648920   0.0029809358
       -0.0174556638  -0.0329316742  -0.0243238437   0.0048954072   0.0079582882
        0.0044377520   0.0019196739   0.0003486189   0.0004437510  -0.0007043483
        0.0003382664   0.0012870360   0.0019196752  -0.0003485698   0.0004437464
       -0.0007043447  -0.0003382888   0.0012870315  -0.0174563307   0.0329313525
       -0.0243234125   0.0048956647  -0.0079584684   0.0044377566
       -0.0245785003  -0.0285644276  -0.0132082241  -0.0992073276  -0.0429380223
       -0.0195540739   0.4686322653  -0.0392168529   0.0098172707  -0.1627587836
        0.0008949916   0.0380071098  -0.0284650609   0.0195931741  -0.0012124418
        0.0000055322  -0.0015446297  -0.0004576488   0.0075556852   0.0090169375
        0.0046323525   0.0015624142  -0.0000590526  -0.0011577980  -0.0000023744
       -0.0015846719   0.0000628748  -0.0076964872  -0.0017748405   0.0008020420
       -0.0432754860   0.0033242796   0.0146569616  -0.0874392734   0.0813266599
       -0.0414838155  -0.0169660667  -0.0031803577   0.0044352429  -0.0070988751
        0.0000038798   0.0057399137   0.0001343217  -0.0004195814  -0.0000393037
        0.0000443057   0.0001808222  -0.0001062151   0.0000402940   0.0011651095
       -0.0000274707  -0.0004865830   0.0037765822  -0.0009067765
       -0.0071754032  -0.0046912795  -0.0023577142  -0.0473413328  -0.1600844368
       -0.0327179744  -0.0392168529   0.5019734743  -0.0361951461  -0.0055471189
       -0.0593422510  -0.0013792335   0.0366482665  -0.0153023632  -0.0015027058
        0.0002193209   0.0036717359   0.0000747703  -0.0090159688  -0.0375007444
       -0.0095646338   0.0023212719   0.0011122070  -0.0009050394   0.0016564324
        0.0011790156   0.0001408543   0.0000868275   0.0005374809   0.0000081355
        0.0025542031  -0.0437325193   0.0067663874   0.0839639155  -0.1837932191
        0.0739805461  -0.0219889254  -0.0017095784   0.0057200200   0.0009288181
        0.0012156522  -0.0013762430  -0.0002931204   0.0002457780  -0.0000673638
        0.0000738070  -0.0003448212  -0.0004078518  -0.0005884412   0.0025415261
       -0.0016474932   0.0027143007  -0.0059756570   0.0014306853
        0.0042897066   0.0055241820  -0.0021776385  -0.0355181116  -0.0597557720
       -0.0802249750   0.0098172707  -0.0361951461   0.4760975661   0.0378085892
       -0.0010313727  -0.0789802805  -0.0127527190   0.0034042438   0.0052749311
        0.0001330317  -0.0000436622   0.0014472004   0.0046320649   0.0095644848
        0.0000521305   0.0028343146   0.0019234905   0.0013162814  -0.0006820668
       -0.0004062008   0.0004171876   0.0009915033   0.0001385406   0.0006480688
        0.0090483183  -0.0004915159  -0.2303903122  -0.0408888619   0.0720322878
       -0.0813397270  -0.0105234635  -0.0013034828   0.0030950883   0.0311793584
        0.0001878756  -0.0158504536   0.0000421240   0.0001124060  -0.0001449141
        0.0003667113   0.0001369466  -0.0006631152   0.0003333354   0.0039134939
        0.0012017600  -0.0011111057   0.0022892007   0.0002212020
       -0.0007711651  -0.0034264773  -0.0008194808  -0.0259198253  -0.0112406207
        0.0017121999  -0.1627587836  -0.0055471189   0.0378085892   0.4535904586
        0.0527227171   0.0228264076  -0.1105734427   0.0675215902  -0.0459840034
        0.0111393363  -0.0069753323   0.0092706679   0.0000054950  -0.0002194044
        0.0001330483   0.0001493900  -0.0000712234  -0.0002901709   0.0002490206
       -0.0000599516  -0.0000559773  -0.0009233786   0.0002683678   0.0003118253
       -0.0063009175   0.0005115589   0.0053716851  -0.0142198790   0.0030131844
        0.0034415882  -0.1009913675  -0.0890311399  -0.0477568601  -0.0424442370
       -0.0041347424   0.0149940254  -0.0002719931  -0.0029458008  -0.0007136411
        0.0003568295  -0.0010678448   0.0000706798  -0.0002633786   0.0001133475
       -0.0002420719  -0.0000521620   0.0005688906  -0.0000785113
       -0.0031469590  -0.0050269189  -0.0015335771  -0.0276668628  -0.0028988582
        0.0049069624   0.0008949916  -0.0593422510  -0.0010313727   0.0527227171
        0.4852852084   0.0394776351   0.0463923537  -0.1519109451   0.0366627655
        0.0069765613  -0.0476523478   0.0057818732   0.0015445545   0.0036717651
        0.0000436718   0.0001122423   0.0001132733   0.0000055422   0.0005608573
       -0.0001814905   0.0000372116  -0.0021010723  -0.0003503037   0.0000718666
       -0.0005814178   0.0008229003   0.0006801510   0.0221126777  -0.0030993315
       -0.0053288344  -0.0927407431  -0.1724890297  -0.0731356728  -0.0031692406
       -0.0425136297  -0.0066380446  -0.0026075432  -0.0064515087  -0.0017242867
        0.0003873414   0.0021036200   0.0012499452   0.0000174202  -0.0003995557
        0.0005016468   0.0002921217   0.0003194033  -0.0000274830
       -0.0013432169  -0.0017705787   0.0002135273  -0.0092569139   0.0002861622
        0.0032976176   0.0380071098  -0.0013792335  -0.0789802805   0.0228264076
        0.0394776351   0.4952526703  -0.0431069002   0.0497141276  -0.0866853774
        0.0092708601  -0.0057819451   0.0029660974  -0.0004576341  -0.0000747648
        0.0014471933  -0.0002363608  -0.0000728131  -0.0000083989  -0.0000297984
        0.0001526429  -0.0000727726  -0.0007325059  -0.0001907092   0.0002786951
        0.0311783293  -0.0009412700  -0.0148343697  -0.0103210237   0.0014361631
        0.0026597721  -0.0471254648  -0.0691671625  -0.0826445867   0.0117318308
       -0.0048135177  -0.2445479331  -0.0009957190  -0.0022554116   0.0004188072
        0.0005927680  -0.0046533143   0.0021080840   0.0001418510   0.0001100894
       -0.0006782371  -0.0001436190  -0.0000760999  -0.0001905081
        0.0001226170  -0.0000000066   0.0001963431   0.0071571157   0.0000000971
       -0.0007800155  -0.0284650609   0.0366482665  -0.0127527190  -0.1105734427
        0.0463923537  -0.0431069002   0.2714933099  -0.0000022502   0.1235298466
       -0.1105708723  -0.0463910957  -0.0431061035  -0.0284637584  -0.0366484528
       -0.0127529405   0.0002000940   0.0000000037  -0.0000189635   0.0003633201
        0.0001621199   0.0000294053   0.0003633131  -0.0001621220   0.0000293997
        0.0023268883  -0.0003740290  -0.0010749166  -0.0092614875   0.0011295800
        0.0018874772   0.0074985612  -0.0106465586   0.0051518106  -0.0013775001
        0.0069982774  -0.0115983521   0.0074985595   0.0106474488   0.0051520722
       -0.0013771339  -0.0069978831  -0.0115979785   0.0023268655   0.0003740772
       -0.0010749083  -0.0092613884  -0.0011298260   0.0018874430
       -0.0000000056   0.0006496700   0.0000000062   0.0000000955  -0.0011620347
       -0.0000000155   0.0195931741  -0.0153023632   0.0034042438   0.0675215902
       -0.1519109451   0.0497141276  -0.0000022502   0.4288232291   0.0000023049
       -0.0675203117  -0.1519128857  -0.0497156000  -0.0195934522  -0.0153036126
       -0.0034046836   0.0000000036  -0.0001328614  -0.0000000011  -0.0004613017
        0.0004415461  -0.0001929118   0.0004612988   0.0004415511   0.0001929162
       -0.0004877745   0.0006158691   0.0000756493   0.0030912234   0.0009386874
       -0.0010210013   0.0106272844  -0.0335654483   0.0079259700   0.0091916063
       -0.0153047187   0.0191863504  -0.0106263938  -0.0335654541  -0.0079261399
       -0.0091911459  -0.0153046971  -0.0191865796   0.0004878197   0.0006158871
       -0.0000756802  -0.0030914604   0.0009385809   0.0010210445
       -0.0000012801   0.0000000042  -0.0004451497  -0.0000380514  -0.0000000080
        0.0008040402  -0.0012124418  -0.0015027058   0.0052749311  -0.0459840034
        0.0366627655  -0.0866853774   0.1235298466   0.0000023049   0.1905458635
       -0.0459836735  -0.0366642985  -0.0866860351  -0.0012126229   0.0015025255
        0.0052749090   0.0001310533   0.0000000012   0.0001270564   0.0001374937
       -0.0000176565  -0.0000113385   0.0001374966   0.0000176631  -0.0000113356
       -0.0011700897  -0.0002690388   0.0017212553   0.0013299298  -0.0004944922
        0.0008358148   0.0053201843  -0.0093589013   0.0046417012  -0.0202321129
        0.0339767888  -0.0212923641   0.0053198910   0.0093587374   0.0046417152
       -0.0202314187  -0.0339772157  -0.0212927719  -0.0011700943   0.0002690037
        0.0017212567   0.0013298936   0.0004945226   0.0008358290
       -0.0007713153   0.0034265802  -0.0008194917  -0.0259207129   0.0112400849
        0.0017123923   0.0000055322   0.0002193209   0.0001330317   0.0111393363
        0.0069765613   0.0092708601  -0.1105708723  -0.0675203117  -0.0459836735
        0.4535929595  -0.0527235769   0.0228269042  -0.1627589510   0.0055444707
        0.0378086079   0.0001493905   0.0000712255  -0.0002901716  -0.0009234204
       -0.0002683831   0.0003118242   0.0002490322   0.0000599621  -0.0000559778
       -0.0002633771  -0.0001133434  -0.0002420607  -0.0000521430  -0.0005688980
       -0.0000785156  -0.0002721191   0.0029459453  -0.0007136548   0.0003568161
        0.0010678041   0.0000707179  -0.1009955080   0.0890331498  -0.0477578381
       -0.0424444079   0.0041346368   0.0149939119  -0.0063009258  -0.0005117628
        0.0053716960  -0.0142193141  -0.0030134658   0.0034414377
        0.0031470664  -0.0050267951   0.0015335200   0.0276664168  -0.0028979375
       -0.0049069664  -0.0015446297   0.0036717359  -0.0000436622  -0.0069753323
       -0.0476523478  -0.0057819451  -0.0463910957  -0.1519128857  -0.0366642985
       -0.0527235769   0.4852834650  -0.0394773033  -0.0008976409  -0.0593421677
        0.0010323901  -0.0001122405   0.0001132784  -0.0000055479   0.0021010658
       -0.0003502640  -0.0000718685  -0.0005608475  -0.0001815007  -0.0000372102
       -0.0000174176  -0.0003995487  -0.0005016564  -0.0002921292   0.0003193836
        0.0000274757   0.0026076910  -0.0064514137   0.0017242109  -0.0003873851
        0.0021036043  -0.0012499482   0.0927427460  -0.1724860165   0.0731339039
        0.0031691560  -0.0425135606   0.0066399381   0.0005810090   0.0008229050
       -0.0006799000  -0.0221128556  -0.0030999342   0.0053288679
       -0.0013432320   0.0017705080   0.0002135511  -0.0092566859  -0.0002864175
        0.0032975745  -0.0004576488   0.0000747703   0.0014472004   0.0092706679
        0.0057818732   0.0029660974  -0.0431061035  -0.0497156000  -0.0866860351
        0.0228269042  -0.0394773033   0.4952519465   0.0380070670   0.0013802467
       -0.0789802457  -0.0002363648   0.0000728087  -0.0000084008  -0.0007324940
        0.0001906874   0.0002786932  -0.0000297988  -0.0001526442  -0.0000727775
        0.0001418517  -0.0001100847  -0.0006782424  -0.0001436233   0.0000761008
       -0.0001905076  -0.0009957519   0.0022553402   0.0004188364   0.0005926572
        0.0046533295   0.0021081102  -0.0471263292   0.0691653968  -0.0826434844
        0.0117317457   0.0048153300  -0.2445477633   0.0311783108   0.0009421019
       -0.0148343523  -0.0103211725  -0.0014364437   0.0026597993
       -0.0245793150   0.0285640835  -0.0132080570  -0.0992093463   0.0429395456
       -0.0195544810   0.0075556852  -0.0090159688   0.0046320649   0.0000054950
        0.0015445545  -0.0004576341  -0.0284637584  -0.0195934522  -0.0012126229
       -0.1627589510  -0.0008976409   0.0380070670   0.4686304789   0.0392159810
        0.0098167015   0.0015624639   0.0000590732  -0.0011578181  -0.0076965271
        0.0017746480   0.0008020559  -0.0000023739   0.0015846460   0.0000628909
        0.0000403057  -0.0011651651  -0.0000275164  -0.0004864357  -0.0037764520
       -0.0009067737   0.0001343055   0.0004195789  -0.0000393022   0.0000443117
       -0.0001808124  -0.0001062260  -0.0169666356   0.0031799775   0.0044353953
       -0.0070988662  -0.0000041147   0.0057398881  -0.0432753578  -0.0033243867
        0.0146571621  -0.0874354790  -0.0813240954  -0.0414827942
        0.0071749217  -0.0046904478   0.0023573997   0.0473429783  -0.1600831175
        0.0327169127   0.0090169375  -0.0375007444   0.0095644848  -0.0002194044
        0.0036717651  -0.0000747648  -0.0366484528  -0.0153036126   0.0015025255
        0.0055444707  -0.0593421677   0.0013802467   0.0392159810   0.5019746320
        0.0361955308  -0.0023212851   0.0011121681   0.0009050115  -0.0000870214
        0.0005375202  -0.0000081198  -0.0016564536   0.0011790121  -0.0001408443
        0.0005883834   0.0025415330   0.0016475004  -0.0027141687  -0.0059757750
       -0.0014307580   0.0002931179   0.0002457942   0.0000673609  -0.0000738006
       -0.0003448331   0.0004078487   0.0219886583  -0.0017089738  -0.0057199498
       -0.0009292457   0.0012156192   0.0013765068  -0.0025542637  -0.0437325983
       -0.0067645468  -0.0839613528  -0.1837957737  -0.0739823451
        0.0042898884  -0.0055241037  -0.0021776655  -0.0355191172   0.0597543545
       -0.0802242549   0.0046323525  -0.0095646338   0.0000521305   0.0001330483
        0.0000436718   0.0014471933  -0.0127529405  -0.0034046836   0.0052749090
        0.0378086079   0.0010323901  -0.0789802457   0.0098167015   0.0361955308
        0.4760982442   0.0028343419  -0.0019234304   0.0013162722   0.0009915085
       -0.0001385183   0.0006480649  -0.0006820868   0.0004061912   0.0004171863
        0.0003334328  -0.0039134755   0.0012017453  -0.0011110776  -0.0022892710
        0.0002211745   0.0000421285  -0.0001124023  -0.0001449113   0.0003667137
       -0.0001369351  -0.0006631093  -0.0105233268   0.0013032082   0.0030950554
        0.0311793627  -0.0001870394  -0.0158504465   0.0090483669   0.0004932277
       -0.2303903990  -0.0408879046  -0.0720340810  -0.0813409435
       -0.0437819662  -0.0000000751   0.0259485862  -0.0266405111  -0.0000004582
        0.0371213314   0.0015624142   0.0023212719   0.0028343146   0.0001493900
        0.0001122423  -0.0002363608   0.0002000940   0.0000000036   0.0001310533
        0.0001493905  -0.0001122405  -0.0002363648   0.0015624639  -0.0023212851
        0.0028343419   0.0615144973   0.0000003175  -0.0408798861   0.0023302849
        0.0005184369  -0.0119315878   0.0023302644  -0.0005182365  -0.0119309471
        0.0003109287   0.0001510907  -0.0013998903  -0.0001672147   0.0001125917
       -0.0001308471   0.0000323795  -0.0000195640  -0.0001199802   0.0001357363
        0.0000124044  -0.0001765183   0.0000323796   0.0000195664  -0.0001199803
        0.0001357383  -0.0000123987  -0.0001765196   0.0003109395  -0.0001510756
       -0.0013999013  -0.0001672090  -0.0001125918  -0.0001308439
       -0.0000000390  -0.0461739272   0.0000010373  -0.0000004139   0.0011420755
        0.0000004802  -0.0000590526   0.0011122070   0.0019234905  -0.0000712234
        0.0001132733  -0.0000728131   0.0000000037  -0.0001328614   0.0000000012
        0.0000712255   0.0001132784   0.0000728087   0.0000590732   0.0011121681
       -0.0019234304   0.0000003175   0.0475786832  -0.0000013859  -0.0014330374
       -0.0023889878   0.0284178215   0.0014331454  -0.0023887221  -0.0284179623
        0.0003136272   0.0001605287  -0.0004047066   0.0001367951  -0.0001189008
        0.0001818062   0.0000146491  -0.0000253168  -0.0000128557   0.0000698366
       -0.0000598992  -0.0000585661  -0.0000146475  -0.0000253160   0.0000128522
       -0.0000698302  -0.0000599016   0.0000585600  -0.0003136332   0.0001605230
        0.0004046691  -0.0001367960  -0.0001189044  -0.0001818069
        0.0169285745   0.0000009363  -0.2357065107   0.0254729838   0.0000003465
       -0.0136836600  -0.0011577980  -0.0009050394   0.0013162814  -0.0002901709
        0.0000055422  -0.0000083989  -0.0000189635  -0.0000000011   0.0001270564
       -0.0002901716  -0.0000055479  -0.0000084008  -0.0011578181   0.0009050115
        0.0013162722  -0.0408798861  -0.0000013859   0.2831419510  -0.0001878011
        0.0029319379  -0.0190357438  -0.0001877238  -0.0029318133  -0.0190359900
        0.0011735159   0.0010058744   0.0009449292  -0.0000505418  -0.0000123452
       -0.0004011351  -0.0000027913   0.0000485729   0.0000857752  -0.0002358049
       -0.0000637335   0.0001590041  -0.0000027898  -0.0000485737   0.0000857755
       -0.0002358068   0.0000637261   0.0001590054   0.0011735364  -0.0010058542
        0.0009449249  -0.0000505430   0.0000123462  -0.0004011360
       -0.0770747591   0.0732106293  -0.0384717475  -0.0217489665   0.0279606322
       -0.0109912604  -0.0000023744   0.0016564324  -0.0006820668   0.0002490206
        0.0005608573  -0.0000297984   0.0003633201  -0.0004613017   0.0001374937
       -0.0009234204   0.0021010658  -0.0007324940  -0.0076965271  -0.0000870214
        0.0009915085   0.0023302849  -0.0014330374  -0.0001878011   0.0997796134
       -0.0922586470   0.0446336605   0.0050281471  -0.0094712347   0.0045272665
        0.0000311773  -0.0000051124   0.0001678909  -0.0005332220  -0.0009755260
        0.0002076140   0.0001973601  -0.0000381058  -0.0000281180   0.0000654445
        0.0000466870   0.0000069791  -0.0005248115  -0.0000371915   0.0001416197
        0.0000633573   0.0000021661  -0.0001032199   0.0002329908  -0.0002012075
        0.0002334870   0.0001633649  -0.0005700846   0.0001789863
        0.0760302427  -0.2010493204   0.0792756795   0.0065170630  -0.0038640491
       -0.0004651937  -0.0015846719   0.0011790156  -0.0004062008  -0.0000599516
       -0.0001814905   0.0001526429   0.0001621199   0.0004415461  -0.0000176565
       -0.0002683831  -0.0003502640   0.0001906874   0.0017746480   0.0005375202
       -0.0001385183   0.0005184369  -0.0023889878   0.0029319379  -0.0922586470
        0.2320291649  -0.0920525345   0.0094719277  -0.0270422113   0.0108664774
        0.0000865632  -0.0002724179   0.0000635154  -0.0002345428   0.0001884838
        0.0000275228  -0.0000503111   0.0000407463  -0.0000114448   0.0000205497
        0.0000092152  -0.0000767739   0.0000664173   0.0000049233  -0.0000654564
        0.0000572945  -0.0000098369  -0.0000194767  -0.0002004210   0.0001973357
       -0.0003741030  -0.0000483344   0.0005306266   0.0001188954
       -0.0392872534   0.0797345672  -0.0843920525   0.0008549817  -0.0046051618
        0.0029808956   0.0000628748   0.0001408543   0.0004171876  -0.0000559773
        0.0000372116  -0.0000727726   0.0000294053  -0.0001929118  -0.0000113385
        0.0003118242  -0.0000718685   0.0002786932   0.0008020559  -0.0000081198
        0.0006480649  -0.0119315878   0.0284178215  -0.0190357438   0.0446336605
       -0.0920525345   0.0937139132   0.0045275871  -0.0108666279   0.0053292501
       -0.0000290788   0.0002221754  -0.0003654684  -0.0002937137  -0.0003531672
        0.0002759323  -0.0000097831  -0.0000230211  -0.0000101554   0.0000616285
       -0.0000310543  -0.0000034864   0.0000947355  -0.0000308277  -0.0000144712
       -0.0000862720  -0.0000116966   0.0000570376   0.0003233800  -0.0002696519
        0.0003004299  -0.0000084674  -0.0000359870  -0.0000959155
       -0.0770713670  -0.0732075056  -0.0384705146  -0.0217481880  -0.0279609523
       -0.0109914875  -0.0076964872   0.0000868275   0.0009915033  -0.0009233786
       -0.0021010723  -0.0007325059   0.0003633131   0.0004612988   0.0001374966
        0.0002490322  -0.0005608475  -0.0000297988  -0.0000023739  -0.0016564536
       -0.0006820868   0.0023302644   0.0014331454  -0.0001877238   0.0050281471
        0.0094719277   0.0045275871   0.0997754245   0.0922552864   0.0446322856
        0.0002329818   0.0002012056   0.0002334799   0.0001633507   0.0005700756
        0.0001789939  -0.0005248105   0.0000371784   0.0001416188   0.0000633588
       -0.0000021634  -0.0001032204   0.0001973578   0.0000381096  -0.0000281183
        0.0000654461  -0.0000466857   0.0000069768   0.0000311789   0.0000051178
        0.0001678918  -0.0005332501   0.0009755077   0.0002076223
       -0.0760271130  -0.2010514525  -0.0792774541  -0.0065174770  -0.0038648702
        0.0004648920  -0.0017748405   0.0005374809   0.0001385406   0.0002683678
       -0.0003503037  -0.0001907092  -0.0001621220   0.0004415511   0.0000176631
        0.0000599621  -0.0001815007  -0.0001526442   0.0015846460   0.0011790121
        0.0004061912  -0.0005182365  -0.0023887221  -0.0029318133  -0.0094712347
       -0.0270422113  -0.0108666279   0.0922552864   0.2320319006   0.0920546186
        0.0002004194   0.0001973395   0.0003741069   0.0000483259   0.0005306414
       -0.0001188864  -0.0000664300   0.0000049220   0.0000654597  -0.0000572923
       -0.0000098385   0.0000194738   0.0000503147   0.0000407480   0.0000114447
       -0.0000205489   0.0000092127   0.0000767744  -0.0000865559  -0.0002724174
       -0.0000635110   0.0002345285   0.0001885084  -0.0000275190
       -0.0392860329  -0.0797363606  -0.0843932917   0.0008548274   0.0046051278
        0.0029809358   0.0008020420   0.0000081355   0.0006480688   0.0003118253
        0.0000718666   0.0002786951   0.0000293997   0.0001929162  -0.0000113356
       -0.0000559778  -0.0000372102  -0.0000727775   0.0000628909  -0.0001408443
        0.0004171863  -0.0119309471  -0.0284179623  -0.0190359900   0.0045272665
        0.0108664774   0.0053292501   0.0446322856   0.0920546186   0.0937153501
        0.0003233754   0.0002696585   0.0003004342  -0.0000084682   0.0000359911
       -0.0000959170   0.0000947340   0.0000308295  -0.0000144712  -0.0000862726
        0.0000116933   0.0000570374  -0.0000097826   0.0000230218  -0.0000101545
        0.0000616281   0.0000310556  -0.0000034852  -0.0000290744  -0.0002221747
       -0.0003654707  -0.0002937193   0.0003531601   0.0002759356
        0.0022825890  -0.0004116304  -0.0025493935  -0.0026828742  -0.0083589489
       -0.0174556638  -0.0432754860   0.0025542031   0.0090483183  -0.0063009175
       -0.0005814178   0.0311783293   0.0023268883  -0.0004877745  -0.0011700897
       -0.0002633771  -0.0000174176   0.0001418517   0.0000403057   0.0005883834
        0.0003334328   0.0003109287   0.0003136272   0.0011735159   0.0000311773
        0.0000865632  -0.0000290788   0.0002329818   0.0002004194   0.0003233754
        0.0517488077   0.0033384851  -0.0099303260   0.0011379469   0.0021229690
       -0.0149120637   0.0007659080   0.0001459491   0.0005626761  -0.0061694249
        0.0004847475   0.0029969067  -0.0000648311  -0.0000135221   0.0000117422
       -0.0001150070  -0.0002155043  -0.0000599103   0.0001191508   0.0000513285
        0.0002846661  -0.0001247663   0.0001995401   0.0000517111
        0.0016630056   0.0004024028  -0.0013119887  -0.0068645943  -0.0147423952
       -0.0329316742   0.0033242796  -0.0437325193  -0.0004915159   0.0005115589
        0.0008229003  -0.0009412700  -0.0003740290   0.0006158691  -0.0002690388
       -0.0001133434  -0.0003995487  -0.0001100847  -0.0011651651   0.0025415330
       -0.0039134755   0.0001510907   0.0001605287   0.0010058744  -0.0000051124
       -0.0002724179   0.0002221754   0.0002012056   0.0001973395   0.0002696585
        0.0033384851   0.0541910122   0.0100709978   0.0001252430  -0.0015650948
        0.0258061560  -0.0003267910   0.0001008272   0.0004977868  -0.0002383541
        0.0007665837  -0.0000016129  -0.0000319041   0.0000158951   0.0000058727
       -0.0001456897  -0.0000835996   0.0002587476  -0.0000513384   0.0004206519
        0.0014844395   0.0000014532   0.0005600319   0.0003489519
        0.0013020480   0.0003712942   0.0010853746  -0.0111466428  -0.0223462824
       -0.0243238437   0.0146569616   0.0067663874  -0.2303903122   0.0053716851
        0.0006801510  -0.0148343697  -0.0010749166   0.0000756493   0.0017212553
       -0.0002420607  -0.0005016564  -0.0006782424  -0.0000275164   0.0016475004
        0.0012017453  -0.0013998903  -0.0004047066   0.0009449292   0.0001678909
        0.0000635154  -0.0003654684   0.0002334799   0.0003741069   0.0003004342
       -0.0099303260   0.0100709978   0.2815927459  -0.0005997486   0.0037624153
       -0.0179309898  -0.0002796327   0.0002531045   0.0003392712   0.0027289797
       -0.0001813045  -0.0001760282  -0.0000190279   0.0000724561   0.0000283383
       -0.0001196073   0.0002662389   0.0002318130   0.0002846987  -0.0014844385
        0.0009500969   0.0000936254   0.0005145713   0.0003032504
        0.0011205349  -0.0021462864   0.0006918779   0.0052562620  -0.0094970564
        0.0048954072  -0.0874392734   0.0839639155  -0.0408888619  -0.0142198790
        0.0221126777  -0.0103210237  -0.0092614875   0.0030912234   0.0013299298
       -0.0000521430  -0.0002921292  -0.0001436233  -0.0004864357  -0.0027141687
       -0.0011110776  -0.0001672147   0.0001367951  -0.0000505418  -0.0005332220
       -0.0002345428  -0.0002937137   0.0001633507   0.0000483259  -0.0000084682
        0.0011379469   0.0001252430  -0.0005997486   0.1035008024  -0.0940081493
        0.0468032600   0.0001271856   0.0002111156  -0.0002807606   0.0007238074
        0.0003280354  -0.0003362745   0.0000359277  -0.0001203485   0.0000532751
       -0.0000421975  -0.0000054894  -0.0000261401  -0.0001247619  -0.0000014692
        0.0000936375   0.0002607970  -0.0009976916   0.0001928463
        0.0010390691   0.0004050433   0.0004090314   0.0097215798  -0.0324758516
        0.0079582882   0.0813266599  -0.1837932191   0.0720322878   0.0030131844
       -0.0030993315   0.0014361631   0.0011295800   0.0009386874  -0.0004944922
       -0.0005688980   0.0003193836   0.0000761008  -0.0037764520  -0.0059757750
       -0.0022892710   0.0001125917  -0.0001189008  -0.0000123452  -0.0009755260
        0.0001884838  -0.0003531672   0.0005700756   0.0005306414   0.0000359911
        0.0021229690  -0.0015650948   0.0037624153  -0.0940081493   0.2252988693
       -0.0823747697  -0.0001971406   0.0003156174   0.0000600634  -0.0001168123
        0.0000255497  -0.0002481070  -0.0001808523   0.0001848070  -0.0000205734
       -0.0000100585  -0.0000009319   0.0000547655  -0.0001995555   0.0005600329
       -0.0005145678   0.0009977352  -0.0017380113   0.0004821868
        0.0001605965  -0.0002212835   0.0006092959   0.0044191004  -0.0081846883
        0.0044377520  -0.0414838155   0.0739805461  -0.0813397270   0.0034415882
       -0.0053288344   0.0026597721   0.0018874772  -0.0010210013   0.0008358148
       -0.0000785156   0.0000274757  -0.0001905076  -0.0009067737  -0.0014307580
        0.0002211745  -0.0001308471   0.0001818062  -0.0004011351   0.0002076140
        0.0000275228   0.0002759323   0.0001789939  -0.0001188864  -0.0000959170
       -0.0149120637   0.0258061560  -0.0179309898   0.0468032600  -0.0823747697
        0.0898337788  -0.0002870940  -0.0000334191  -0.0000560262   0.0004459556
       -0.0005016985   0.0004311831   0.0000043257   0.0000001158  -0.0000113184
        0.0000056159   0.0000228655   0.0000584805   0.0000517176  -0.0003489491
        0.0003032438   0.0001928647  -0.0004821998   0.0003591934
       -0.0010471406  -0.0016712129  -0.0003387264  -0.0066832293   0.0006483095
        0.0019196739  -0.0169660667  -0.0219889254  -0.0105234635  -0.1009913675
       -0.0927407431  -0.0471254648   0.0074985612   0.0106272844   0.0053201843
       -0.0002721191   0.0026076910  -0.0009957519   0.0001343055   0.0002931179
        0.0000421285   0.0000323795   0.0000146491  -0.0000027913   0.0001973601
       -0.0000503111  -0.0000097831  -0.0005248105  -0.0000664300   0.0000947340
        0.0007659080  -0.0003267910  -0.0002796327   0.0001271856  -0.0001971406
       -0.0002870940   0.1164664580   0.1018178709   0.0524711016   0.0011817311
        0.0000195320  -0.0004715436   0.0001909955   0.0007265676   0.0001404681
       -0.0000812396   0.0000737802   0.0000606600  -0.0000648322   0.0000319027
       -0.0000190260   0.0000359210   0.0001808489   0.0000043272
        0.0000920526  -0.0000797418  -0.0000598363  -0.0003444669   0.0011112274
        0.0003486189  -0.0031803577  -0.0017095784  -0.0013034828  -0.0890311399
       -0.1724890297  -0.0691671625  -0.0106465586  -0.0335654483  -0.0093589013
        0.0029459453  -0.0064514137   0.0022553402   0.0004195789   0.0002457942
       -0.0001124023  -0.0000195640  -0.0000253168   0.0000485729  -0.0000381058
        0.0000407463  -0.0000230211   0.0000371784   0.0000049220   0.0000308295
        0.0001459491   0.0001008272   0.0002531045   0.0002111156   0.0003156174
       -0.0000334191   0.1018178709   0.2144894126   0.0801163244  -0.0020473806
       -0.0011423269  -0.0031540069  -0.0007265322  -0.0014120559  -0.0003852505
        0.0002305500   0.0003656543   0.0006172653   0.0000135203   0.0000158961
       -0.0000724574   0.0001203447   0.0001848140  -0.0000001153
        0.0003253466   0.0002881915   0.0001995455   0.0015724983   0.0001774560
        0.0004437510   0.0044352429   0.0057200200   0.0030950883  -0.0477568601
       -0.0731356728  -0.0826445867   0.0051518106   0.0079259700   0.0046417012
       -0.0007136548   0.0017242109   0.0004188364  -0.0000393022   0.0000673609
       -0.0001449113  -0.0001199802  -0.0000128557   0.0000857752  -0.0000281180
       -0.0000114448  -0.0000101554   0.0001416188   0.0000654597  -0.0000144712
        0.0005626761   0.0004977868   0.0003392712  -0.0002807606   0.0000600634
       -0.0000560262   0.0524711016   0.0801163244   0.0894856079  -0.0159401767
       -0.0241823114  -0.0165309365   0.0001404533   0.0003852391   0.0003877740
        0.0000130868   0.0002995003   0.0002867168   0.0000117426  -0.0000058731
        0.0000283380   0.0000532750   0.0000205749  -0.0000113184
       -0.0002868681   0.0000280116   0.0001810463   0.0016259491   0.0007351070
       -0.0007043483  -0.0070988751   0.0009288181   0.0311793584  -0.0424442370
       -0.0031692406   0.0117318308  -0.0013775001   0.0091916063  -0.0202321129
        0.0003568161  -0.0003873851   0.0005926572   0.0000443117  -0.0000738006
        0.0003667137   0.0001357363   0.0000698366  -0.0002358049   0.0000654445
        0.0000205497   0.0000616285   0.0000633588  -0.0000572923  -0.0000862726
       -0.0061694249  -0.0002383541   0.0027289797   0.0007238074  -0.0001168123
        0.0004459556   0.0011817311  -0.0020473806  -0.0159401767   0.0532287923
       -0.0048034291  -0.0104688240  -0.0000812329  -0.0002305601   0.0000130924
        0.0001894036  -0.0000054221   0.0004802599  -0.0001150151   0.0001456901
       -0.0001196000  -0.0000421978   0.0000100575   0.0000056168
       -0.0001320979  -0.0000351044   0.0000314931   0.0001392635   0.0003035078
        0.0003382664   0.0000038798   0.0012156522   0.0001878756  -0.0041347424
       -0.0425136297  -0.0048135177   0.0069982774  -0.0153047187   0.0339767888
        0.0010678041   0.0021036043   0.0046533295  -0.0001808124  -0.0003448331
       -0.0001369351   0.0000124044  -0.0000598992  -0.0000637335   0.0000466870
        0.0000092152  -0.0000310543  -0.0000021634  -0.0000098385   0.0000116933
        0.0004847475   0.0007665837  -0.0001813045   0.0003280354   0.0000255497
       -0.0005016985   0.0000195320  -0.0011423269  -0.0241823114  -0.0048034291
        0.0542408188  -0.0072619199  -0.0000737907   0.0003656535  -0.0002994999
        0.0000054121   0.0004642852  -0.0014383613   0.0002155042  -0.0000835883
       -0.0002662441   0.0000054885  -0.0000009317  -0.0000228665
       -0.0000279537  -0.0001306342  -0.0000943262  -0.0009744885   0.0000745945
        0.0012870360   0.0057399137  -0.0013762430  -0.0158504536   0.0149940254
       -0.0066380446  -0.2445479331  -0.0115983521   0.0191863504  -0.0212923641
        0.0000707179  -0.0012499482   0.0021081102  -0.0001062260   0.0004078487
       -0.0006631093  -0.0001765183  -0.0000585661   0.0001590041   0.0000069791
       -0.0000767739  -0.0000034864  -0.0001032204   0.0000194738   0.0000570374
        0.0029969067  -0.0000016129  -0.0001760282  -0.0003362745  -0.0002481070
        0.0004311831  -0.0004715436  -0.0031540069  -0.0165309365  -0.0104688240
       -0.0072619199   0.2941122002   0.0000606729  -0.0006172636   0.0002867097
        0.0004802271   0.0014383720   0.0004270682  -0.0000599027  -0.0002587517
        0.0002318089  -0.0000261392  -0.0000547675   0.0000584797
       -0.0010471760   0.0016711937  -0.0003387152  -0.0066832239  -0.0006485020
        0.0019196752   0.0001343217  -0.0002931204   0.0000421240  -0.0002719931
       -0.0026075432  -0.0009957190   0.0074985595  -0.0106263938   0.0053198910
       -0.1009955080   0.0927427460  -0.0471263292  -0.0169666356   0.0219886583
       -0.0105233268   0.0000323796  -0.0000146475  -0.0000027898  -0.0005248115
        0.0000664173   0.0000947355   0.0001973578   0.0000503147  -0.0000097826
       -0.0000648311  -0.0000319041  -0.0000190279   0.0000359277  -0.0001808523
        0.0000043257   0.0001909955  -0.0007265322   0.0001404533  -0.0000812329
       -0.0000737907   0.0000606729   0.1164710951  -0.1018205150   0.0524721454
        0.0011816853  -0.0000194754  -0.0004716161   0.0007659043   0.0003268083
       -0.0002796243   0.0001271856   0.0001971385  -0.0002870921
       -0.0000920771  -0.0000797042   0.0000598266   0.0003442785   0.0011112244
       -0.0003485698  -0.0004195814   0.0002457780   0.0001124060  -0.0029458008
       -0.0064515087  -0.0022554116   0.0106474488  -0.0335654541   0.0093587374
        0.0890331498  -0.1724860165   0.0691653968   0.0031799775  -0.0017089738
        0.0013032082   0.0000195664  -0.0000253160  -0.0000485737  -0.0000371915
        0.0000049233  -0.0000308277   0.0000381096   0.0000407480   0.0000230218
       -0.0000135221   0.0000158951   0.0000724561  -0.0001203485   0.0001848070
        0.0000001158   0.0007265676  -0.0014120559   0.0003852391  -0.0002305601
        0.0003656535  -0.0006172636  -0.1018205150   0.2144860338  -0.0801141809
        0.0020475542  -0.0011424890   0.0031541146  -0.0001459388   0.0001008383
       -0.0002531119  -0.0002111171   0.0003156167   0.0000334168
        0.0003253520  -0.0002881862   0.0001995446   0.0015725070  -0.0001774156
        0.0004437464  -0.0000393037  -0.0000673638  -0.0001449141  -0.0007136411
       -0.0017242867   0.0004188072   0.0051520722  -0.0079261399   0.0046417152
       -0.0477578381   0.0731339039  -0.0826434844   0.0044353953  -0.0057199498
        0.0030950554  -0.0001199803   0.0000128522   0.0000857755   0.0001416197
       -0.0000654564  -0.0000144712  -0.0000281183   0.0000114447  -0.0000101545
        0.0000117422   0.0000058727   0.0000283383   0.0000532751  -0.0000205734
       -0.0000113184   0.0001404681  -0.0003852505   0.0003877740   0.0000130924
       -0.0002994999   0.0002867097   0.0524721454  -0.0801141809   0.0894843700
       -0.0159407119   0.0241820701  -0.0165307322   0.0005626849  -0.0004977752
        0.0003392655  -0.0002807608  -0.0000600654  -0.0000560270
       -0.0002868706  -0.0000280190   0.0001810467   0.0016259677  -0.0007350722
       -0.0007043447   0.0000443057   0.0000738070   0.0003667113   0.0003568295
        0.0003873414   0.0005927680  -0.0013771339  -0.0091911459  -0.0202314187
       -0.0424444079   0.0031691560   0.0117317457  -0.0070988662  -0.0009292457
        0.0311793627   0.0001357383  -0.0000698302  -0.0002358068   0.0000633573
        0.0000572945  -0.0000862720   0.0000654461  -0.0000205489   0.0000616281
       -0.0001150070  -0.0001456897  -0.0001196073  -0.0000421975  -0.0000100585
        0.0000056159  -0.0000812396   0.0002305500   0.0000130868   0.0001894036
        0.0000054121   0.0004802271   0.0011816853   0.0020475542  -0.0159407119
        0.0532285974   0.0048034941  -0.0104689549  -0.0061694206   0.0002381763
        0.0027289760   0.0007238125   0.0001168248   0.0004459480
        0.0001320927  -0.0000351029  -0.0000314891  -0.0001392275   0.0003034907
       -0.0003382888   0.0001808222  -0.0003448212   0.0001369466  -0.0010678448
        0.0021036200  -0.0046533143  -0.0069978831  -0.0153046971  -0.0339772157
        0.0041346368  -0.0425135606   0.0048153300  -0.0000041147   0.0012156192
       -0.0001870394  -0.0000123987  -0.0000599016   0.0000637261   0.0000021661
       -0.0000098369  -0.0000116966  -0.0000466857   0.0000092127   0.0000310556
       -0.0002155043  -0.0000835996   0.0002662389  -0.0000054894  -0.0000009319
        0.0000228655   0.0000737802   0.0003656543   0.0002995003  -0.0000054221
        0.0004642852   0.0014383720  -0.0000194754  -0.0011424890   0.0241820701
        0.0048034941   0.0542409433   0.0072598563  -0.0004849270   0.0007665773
        0.0001813748  -0.0003280194   0.0000255382   0.0005017077
       -0.0000279557   0.0001306340  -0.0000943248  -0.0009744862  -0.0000746236
        0.0012870315  -0.0001062151  -0.0004078518  -0.0006631152   0.0000706798
        0.0012499452   0.0021080840  -0.0115979785  -0.0191865796  -0.0212927719
        0.0149939119   0.0066399381  -0.2445477633   0.0057398881   0.0013765068
       -0.0158504465  -0.0001765196   0.0000585600   0.0001590054  -0.0001032199
       -0.0000194767   0.0000570376   0.0000069768   0.0000767744  -0.0000034852
       -0.0000599103   0.0002587476   0.0002318130  -0.0000261401   0.0000547655
        0.0000584805   0.0000606600   0.0006172653   0.0002867168   0.0004802599
       -0.0014383613   0.0004270682  -0.0004716161   0.0031541146  -0.0165307322
       -0.0104689549   0.0072598563   0.2941122381   0.0029969039   0.0000016884
       -0.0001760258  -0.0003362840   0.0002480969   0.0004311899
        0.0022826181   0.0004116935  -0.0025494219  -0.0026832116   0.0083593511
       -0.0174563307   0.0000402940  -0.0005884412   0.0003333354  -0.0002633786
        0.0000174202   0.0001418510   0.0023268655   0.0004878197  -0.0011700943
       -0.0063009258   0.0005810090   0.0311783108  -0.0432753578  -0.0025542637
        0.0090483669   0.0003109395  -0.0003136332   0.0011735364   0.0002329908
       -0.0002004210   0.0003233800   0.0000311789  -0.0000865559  -0.0000290744
        0.0001191508  -0.0000513384   0.0002846987  -0.0001247619  -0.0001995555
        0.0000517176  -0.0000648322   0.0000135203   0.0000117426  -0.0001150151
        0.0002155042  -0.0000599027   0.0007659043  -0.0001459388   0.0005626849
       -0.0061694206  -0.0004849270   0.0029969039   0.0517489577  -0.0033384566
       -0.0099302178   0.0011380040  -0.0021227869  -0.0149114864
       -0.0016629746   0.0004023676   0.0013119257   0.0068649413  -0.0147424848
        0.0329313525   0.0011651095   0.0025415261   0.0039134939   0.0001133475
       -0.0003995557   0.0001100894   0.0003740772   0.0006158871   0.0002690037
       -0.0005117628   0.0008229050   0.0009421019  -0.0033243867  -0.0437325983
        0.0004932277  -0.0001510756   0.0001605230  -0.0010058542  -0.0002012075
        0.0001973357  -0.0002696519   0.0000051178  -0.0002724174  -0.0002221747
        0.0000513285   0.0004206519  -0.0014844385  -0.0000014692   0.0005600329
       -0.0003489491   0.0000319027   0.0000158961  -0.0000058731   0.0001456901
       -0.0000835883  -0.0002587517   0.0003268083   0.0001008383  -0.0004977752
        0.0002381763   0.0007665773   0.0000016884  -0.0033384566   0.0541910121
       -0.0100730525  -0.0001251663  -0.0015649086  -0.0258063623
        0.0013020434  -0.0003712699   0.0010853848  -0.0111470838   0.0223461058
       -0.0243234125  -0.0000274707  -0.0016474932   0.0012017600  -0.0002420719
        0.0005016468  -0.0006782371  -0.0010749083  -0.0000756802   0.0017212567
        0.0053716960  -0.0006799000  -0.0148343523   0.0146571621  -0.0067645468
       -0.2303903990  -0.0013999013   0.0004046691   0.0009449249   0.0002334870
       -0.0003741030   0.0003004299   0.0001678918  -0.0000635110  -0.0003654707
        0.0002846661   0.0014844395   0.0009500969   0.0000936375  -0.0005145678
        0.0003032438  -0.0000190260  -0.0000724574   0.0000283380  -0.0001196000
       -0.0002662441   0.0002318089  -0.0002796243  -0.0002531119   0.0003392655
        0.0027289760   0.0001813748  -0.0001760258  -0.0099302178  -0.0100730525
        0.2815926214  -0.0005996558  -0.0037622982  -0.0179312332
        0.0011205096   0.0021462975   0.0006919041   0.0052562644   0.0094978716
        0.0048956647  -0.0004865830   0.0027143007  -0.0011111057  -0.0000521620
        0.0002921217  -0.0001436190  -0.0092613884  -0.0030914604   0.0013298936
       -0.0142193141  -0.0221128556  -0.0103211725  -0.0874354790  -0.0839613528
       -0.0408879046  -0.0001672090  -0.0001367960  -0.0000505430   0.0001633649
       -0.0000483344  -0.0000084674  -0.0005332501   0.0002345285  -0.0002937193
       -0.0001247663   0.0000014532   0.0000936254   0.0002607970   0.0009977352
        0.0001928647   0.0000359210   0.0001203447   0.0000532750  -0.0000421978
        0.0000054885  -0.0000261392   0.0001271856  -0.0002111171  -0.0002807608
        0.0007238125  -0.0003280194  -0.0003362840   0.0011380040  -0.0001251663
       -0.0005996558   0.1034964905   0.0940049605   0.0468021437
       -0.0010390535   0.0004050689  -0.0004090170  -0.0097207551  -0.0324758655
       -0.0079584684   0.0037765822  -0.0059756570   0.0022892007   0.0005688906
        0.0003194033  -0.0000760999  -0.0011298260   0.0009385809   0.0004945226
       -0.0030134658  -0.0030999342  -0.0014364437  -0.0813240954  -0.1837957737
       -0.0720340810  -0.0001125918  -0.0001189044   0.0000123462  -0.0005700846
        0.0005306266  -0.0000359870   0.0009755077   0.0001885084   0.0003531601
        0.0001995401   0.0005600319   0.0005145713  -0.0009976916  -0.0017380113
       -0.0004821998   0.0001808489   0.0001848140   0.0000205749   0.0000100575
       -0.0000009317  -0.0000547675   0.0001971385   0.0003156167  -0.0000600654
        0.0001168248   0.0000255382   0.0002480969  -0.0021227869  -0.0015649086
       -0.0037622982   0.0940049605   0.2253017977   0.0823769550
        0.0001605829   0.0002212864   0.0006092949   0.0044188390   0.0081845002
        0.0044377566  -0.0009067765   0.0014306853   0.0002212020  -0.0000785113
       -0.0000274830  -0.0001905081   0.0018874430   0.0010210445   0.0008358290
        0.0034414377   0.0053288679   0.0026597993  -0.0414827942  -0.0739823451
       -0.0813409435  -0.0001308439  -0.0001818069  -0.0004011360   0.0001789863
        0.0001188954  -0.0000959155   0.0002076223  -0.0000275190   0.0002759356
        0.0000517111   0.0003489519   0.0003032504   0.0001928463   0.0004821868
        0.0003591934   0.0000043272  -0.0000001153  -0.0000113184   0.0000056168
       -0.0000228665   0.0000584797  -0.0002870921   0.0000334168  -0.0000560270
        0.0004459480   0.0005017077   0.0004311899  -0.0149114864  -0.0258063623
       -0.0179312332   0.0468021437   0.0823769550   0.0898351509
