$hessian                                                                        
        0.5010420235  -0.0145333909  -0.0283160739  -0.0940693110  -0.0245956573
       -0.0556472921  -0.0241045179  -0.0105453508  -0.0189326714  -0.0004385376
       -0.0009368242   0.0000962834   0.0005182187   0.0001214910   0.0009369376
        0.0000329429  -0.0006426354  -0.0000052948  -0.0016638585   0.0000373781
        0.0022061339  -0.0019093270   0.0011714520  -0.0015369074  -0.1204720905
        0.0832507726   0.0776387852  -0.1890028353  -0.0973044317   0.0694283018
       -0.0724282676   0.0627606038  -0.0456722346   0.0026011244   0.0007725712
        0.0016025289   0.0006472295   0.0005062140  -0.0010140132  -0.0002614237
       -0.0000038598  -0.0003942756  -0.0001083033  -0.0000322682  -0.0001271102
       -0.0001367443  -0.0000491784  -0.0004123994  -0.0002463224   0.0000231138
        0.0001493017
       -0.0145333909   0.5105019458  -0.0233614319  -0.0204989311  -0.0808159030
       -0.0366901056  -0.0064449609   0.0004246385   0.0011074810   0.0019462480
       -0.0013490101  -0.0005359004  -0.0006689596  -0.0002271980   0.0002699066
        0.0002037622   0.0003833074  -0.0000747861  -0.0000230820  -0.0002393846
        0.0002843588  -0.0002851828   0.0008311005  -0.0001324705   0.0832800388
       -0.1317146850  -0.0809618071  -0.0967041091  -0.1097341492   0.0465906916
        0.0625007155  -0.1808095508   0.1058792861  -0.0139323815  -0.0123109818
       -0.0220914758   0.0049388620   0.0051192770   0.0096463664   0.0002628592
       -0.0001034737   0.0001241688   0.0000901038  -0.0000150136   0.0000615192
       -0.0000090747   0.0000693669  -0.0000654153  -0.0001225169  -0.0000102864
       -0.0000503858
       -0.0283160739  -0.0233614319   0.4799079225  -0.0461091375  -0.0358506671
       -0.1348914885  -0.0072626123   0.0004363578   0.0036251471   0.0012448918
       -0.0007319678  -0.0000045420  -0.0001484283  -0.0000884140   0.0000625354
        0.0001027000  -0.0000762059   0.0000678482  -0.0004593844  -0.0000468393
       -0.0001683658   0.0014043173   0.0011821139  -0.0011947116   0.0774028299
       -0.0802017064  -0.1191107627   0.0690391089   0.0463733777  -0.0735563387
       -0.0466911406   0.1067124943  -0.1225507645  -0.0051745179  -0.0054221858
       -0.0076440769  -0.0150543789  -0.0087911978  -0.0247651123  -0.0001180204
       -0.0001218287   0.0000693614   0.0000203803  -0.0000478110  -0.0000729609
        0.0000446928  -0.0000042574   0.0001217479   0.0000747733   0.0000401695
        0.0001045613
       -0.0940693110  -0.0204989311  -0.0461091375   0.4561369645  -0.0115040495
       -0.0229862245  -0.1934109858   0.0160045006   0.0247764599  -0.0231238522
        0.0105833973   0.0044880317   0.0020493565   0.0033720834   0.0007006212
       -0.0008727883  -0.0011856010   0.0002709012  -0.0011298619  -0.0021951447
        0.0017206705  -0.0287510792  -0.0113970193   0.0067388909   0.0076126903
        0.0030653617   0.0086395663  -0.0152864088  -0.0107178982  -0.0188803240
       -0.0063791690  -0.0038532263  -0.0108251405  -0.0530206762   0.0511237013
        0.0090261829  -0.0481020799  -0.0220861891   0.0431693405   0.0002241921
       -0.0010089479  -0.0005713377  -0.0008201427   0.0000281562   0.0000898451
       -0.0000377133   0.0000748481  -0.0003592822  -0.0010191350   0.0001949584
        0.0001109360
       -0.0245956573  -0.0808159030  -0.0358506671  -0.0115040495   0.5422092484
       -0.0202684005   0.0222080459  -0.0675024936  -0.0028336593   0.0252091159
       -0.0038603659  -0.0041672550   0.0031041872  -0.0045402427   0.0005169937
       -0.0005075638  -0.0003024025   0.0001108772  -0.0027733292  -0.0041413303
        0.0012923492  -0.0301890296   0.0000357729   0.0051067676  -0.0091005486
       -0.0091949245  -0.0164456246  -0.0094340314  -0.0058756433  -0.0112537050
        0.0100330419   0.0063806397   0.0130088410   0.0498202737  -0.2680962350
       -0.0267717102  -0.0230947571  -0.1043860042   0.0981666401   0.0007875525
        0.0005100629  -0.0005369614   0.0016248187  -0.0003574062  -0.0003424279
       -0.0000437199   0.0000928433  -0.0001392003  -0.0015443496  -0.0001556159
        0.0004071428
       -0.0556472921  -0.0366901056  -0.1348914885  -0.0229862245  -0.0202684005
        0.4685593649   0.0307366301  -0.0023715092  -0.0652931459   0.0018688849
       -0.0004139452   0.0014113598   0.0012431904   0.0004979482   0.0061647608
        0.0000366834  -0.0000595910  -0.0000474096   0.0026379375   0.0017439109
        0.0089736743   0.0077819438   0.0012974470  -0.0030345587  -0.0082333712
       -0.0095582080  -0.0149401807   0.0009459686   0.0014309643   0.0029814064
       -0.0120557058  -0.0062383906  -0.0181300843   0.0083975958  -0.0282590825
       -0.0470972324   0.0459628928   0.0989718547  -0.2010585810  -0.0006013932
        0.0001344436  -0.0014491330  -0.0000733007  -0.0000027995  -0.0003802360
       -0.0003808473  -0.0002091946  -0.0019903733   0.0003664075  -0.0000053421
        0.0002218570
       -0.0241045179  -0.0064449609  -0.0072626123  -0.1934109858   0.0222080459
        0.0307366301   0.6120775086   0.0050932081  -0.0793692369  -0.1311546842
        0.1200317551   0.0028210503  -0.0291729970   0.0280815892   0.0025154125
        0.0057992737  -0.0049317846  -0.0024245586  -0.0551664397  -0.0370066281
        0.0131959528  -0.1513376309  -0.1161278909   0.0262348345   0.0003942311
        0.0007238338   0.0008293771  -0.0016590743  -0.0002537466  -0.0015206088
       -0.0004576954   0.0001907641  -0.0001389543  -0.0122435913   0.0059875818
        0.0022035365  -0.0139346891  -0.0031824913   0.0056603769   0.0060686213
       -0.0146991288   0.0007277192  -0.0058329411   0.0007068193   0.0027517220
        0.0012003886  -0.0004558589  -0.0001087324  -0.0070647764   0.0000788926
        0.0031480914
       -0.0105453508   0.0004246385   0.0004363578   0.0160045006  -0.0675024936
       -0.0023715092   0.0050932081   0.6410514252  -0.0383413131   0.0449339021
       -0.2453462335   0.0091691778   0.0894808082   0.0251622590  -0.0182599544
        0.0030443381  -0.0709601880   0.0048342678  -0.0982710591   0.0300564032
        0.0151177117  -0.0675887480  -0.2863585619   0.0311128261  -0.0017269454
        0.0004885393  -0.0004513541  -0.0018948541  -0.0010309775  -0.0017025943
       -0.0000816599  -0.0002626842   0.0001133257   0.0314807202  -0.0065688202
       -0.0069993896  -0.0152945889   0.0014267107   0.0052197561   0.0067674523
       -0.0223253820   0.0004333789  -0.0008999076   0.0022463266   0.0006771653
        0.0003846666  -0.0009407026   0.0000284695  -0.0008864824   0.0004397411
        0.0009836779
       -0.0189326714   0.0011074810   0.0036251471   0.0247764599  -0.0028336593
       -0.0652931459  -0.0793692369  -0.0383413131   0.1860459189   0.0097595081
       -0.0049627816  -0.0576093028  -0.0027186057  -0.0072669676   0.0016513661
       -0.0029260803   0.0065719985  -0.0096422730   0.0192668768   0.0039119855
       -0.0022142114   0.0212854308   0.0391629086  -0.0652558196  -0.0013140064
       -0.0003276804   0.0007377888  -0.0025688245  -0.0011201890  -0.0022796434
       -0.0013009048  -0.0006048164  -0.0015186174   0.0042332511  -0.0011464085
        0.0002987577   0.0259421588  -0.0003891894  -0.0068021493  -0.0016918861
        0.0047545029   0.0000508001   0.0027868493   0.0005859393   0.0091957379
       -0.0003135092   0.0001451026  -0.0002353070   0.0030851904   0.0007530870
        0.0092449533
       -0.0004385376   0.0019462480   0.0012448918  -0.0231238522   0.0252091159
        0.0018688849  -0.1311546842   0.0449339021   0.0097595081   0.6539819168
        0.0174462049  -0.0983241813  -0.3331285526   0.0515743533   0.0461183415
       -0.0363105079  -0.0782406820   0.0129909601  -0.0488819094   0.0292678009
        0.0046142693   0.0593995402   0.0156739913  -0.0088225699  -0.0002092385
        0.0001667807  -0.0000972835  -0.0003052985   0.0002290375  -0.0001473914
       -0.0005962448  -0.0001097668  -0.0002743814  -0.0060688096   0.0013013298
        0.0012825490  -0.0004986302   0.0018146026  -0.0007271780  -0.1156513833
       -0.1132488371   0.0255102632  -0.0167149986   0.0042976931   0.0031225299
       -0.0002150815  -0.0028620680   0.0018630292  -0.0000837281   0.0006002937
        0.0000177588
       -0.0009368242  -0.0013490101  -0.0007319678   0.0105833973  -0.0038603659
       -0.0004139452   0.1200317551  -0.2453462335  -0.0049627816   0.0174462049
        0.6443420444  -0.0507445034  -0.0241397557  -0.0973188239   0.0088538088
       -0.0253787456   0.0334002074   0.0014271037   0.0380041631  -0.0165957311
       -0.0061189199  -0.0468669607  -0.0863597496   0.0173909916   0.0000315382
        0.0003777017  -0.0005190312  -0.0003958868  -0.0001416820   0.0000824024
        0.0003378774  -0.0002161342   0.0002287707   0.0003609046  -0.0003398307
        0.0000644312  -0.0010103776  -0.0001497884   0.0006271691  -0.1125055015
       -0.2196306032   0.0375009073   0.0273492507  -0.0036181227  -0.0042476901
       -0.0035278261  -0.0040841724   0.0017276282   0.0006167869   0.0008902942
       -0.0001643738
        0.0000962834  -0.0005359004  -0.0000045420   0.0044880317  -0.0041672550
        0.0014113598   0.0028210503   0.0091691778  -0.0576093028  -0.0983241813
       -0.0507445034   0.1356350846   0.0525429178  -0.0047067530  -0.0557719391
        0.0085094081   0.0112874824  -0.0038339067   0.0042787628  -0.0046680859
       -0.0088988218  -0.0037624154   0.0059995448   0.0185055137  -0.0003773857
        0.0002488501   0.0001722711  -0.0000328843   0.0000360276  -0.0000413252
        0.0000096974   0.0003631572   0.0002126436   0.0015820255  -0.0003860167
        0.0008686351   0.0000832502  -0.0005149003   0.0006533213   0.0253560253
        0.0373610215  -0.0421185594   0.0009117706  -0.0001875862   0.0025409185
        0.0018527037   0.0016283113   0.0081641373  -0.0000350600  -0.0001825721
        0.0001145119
        0.0005182187  -0.0006689596  -0.0001484283   0.0020493565   0.0031041872
        0.0012431904  -0.0291729970   0.0894808082  -0.0027186057  -0.3331285526
       -0.0241397557   0.0525429178   0.6425080645  -0.0236906978  -0.0897141034
       -0.1547206892  -0.0607250409   0.0238476186   0.0638461477  -0.0319982895
       -0.0082188382  -0.0545997143  -0.0320887861   0.0113232733  -0.0002242145
       -0.0001630687  -0.0002974757   0.0001078483  -0.0000182691   0.0000506233
        0.0003000685   0.0000709917   0.0002176831  -0.0008096623   0.0000421881
        0.0000328324   0.0003163872  -0.0005861473   0.0001164257  -0.0187564023
       -0.0017056025   0.0034523770  -0.0997327110   0.1047832403   0.0016787545
       -0.0179779378  -0.0252534323   0.0053914018  -0.0005232103   0.0035566342
        0.0012003535
        0.0001214910  -0.0002271980  -0.0000884140   0.0033720834  -0.0045402427
        0.0004979482   0.0280815892   0.0251622590  -0.0072669676   0.0515743533
       -0.0973188239  -0.0047067530  -0.0236906978   0.6673255056  -0.0441046678
       -0.1375118057  -0.2649333926   0.0430807850   0.0300649665  -0.0676470552
        0.0006149584  -0.0340873179  -0.0096951271   0.0063909070  -0.0000237938
       -0.0000996845  -0.0000217541  -0.0000519983  -0.0001167486   0.0000241078
        0.0000955185   0.0001202027   0.0000088875   0.0013937621  -0.0002880790
       -0.0003248910  -0.0002400954  -0.0004077346   0.0002422229  -0.0252507165
       -0.0004561215   0.0045675803   0.1047915492  -0.2415549159   0.0001793136
       -0.0016431365  -0.0006831258   0.0003646909   0.0030042486  -0.0046397181
        0.0005420459
        0.0009369376   0.0002699066   0.0000625354   0.0007006212   0.0005169937
        0.0061647608   0.0025154125  -0.0182599544   0.0016513661   0.0461183415
        0.0088538088  -0.0557719391  -0.0897141034  -0.0441046678   0.1413156303
        0.0306130366   0.0295133266  -0.0566054140  -0.0137069012   0.0117379414
        0.0032738767   0.0115775447   0.0060363706  -0.0097057810   0.0000376916
        0.0000636320  -0.0001513452   0.0001082110   0.0001144886   0.0001061008
       -0.0000749157   0.0001178108   0.0001023051  -0.0002566423  -0.0000087485
        0.0002548145  -0.0007650439  -0.0001585177   0.0001924819   0.0056771010
        0.0003313545  -0.0006404673   0.0016441779   0.0000232206  -0.0372449136
        0.0033354787   0.0044969061  -0.0007924442   0.0012530522   0.0004561281
        0.0077884327
        0.0000329429   0.0002037622   0.0001027000  -0.0008727883  -0.0005075638
        0.0000366834   0.0057992737   0.0030443381  -0.0029260803  -0.0363105079
       -0.0253787456   0.0085094081  -0.1547206892  -0.1375118057   0.0306130366
        0.6731527710  -0.0067394659  -0.0982900271  -0.1435423883   0.1330450632
        0.0047718938  -0.0557981723   0.0294998617   0.0106896172  -0.0001726847
       -0.0000050129   0.0001349725   0.0000158873   0.0000369006  -0.0000240553
       -0.0001053940  -0.0000370590   0.0000353055   0.0002909569  -0.0003025307
       -0.0000667056   0.0000286824   0.0000995699  -0.0001935739  -0.0057051722
        0.0002196889   0.0026837819   0.0070380032   0.0115950591  -0.0018246619
       -0.2946985625   0.0035723091   0.0453211764   0.0055678420  -0.0108343693
        0.0004265287
       -0.0006426354   0.0003833074  -0.0000762059  -0.0011856010  -0.0003024025
       -0.0000595910  -0.0049317846  -0.0709601880   0.0065719985  -0.0782406820
        0.0334002074   0.0112874824  -0.0607250409  -0.2649333926   0.0295133266
       -0.0067394659   0.6313743696  -0.0434144747   0.0537489965  -0.2628843980
        0.0083739840   0.0972104129   0.0289132598  -0.0183559961  -0.0000834185
        0.0001550137   0.0003724097  -0.0000431720   0.0001478062  -0.0000333877
       -0.0003030122   0.0000554126  -0.0001402058  -0.0001163061   0.0002023487
        0.0000452642  -0.0004893173   0.0004794295  -0.0003037082   0.0009775414
        0.0018260260   0.0005476403  -0.0117498366  -0.0270047858   0.0045458813
        0.0028425109  -0.0434096352   0.0004052887   0.0104708105  -0.0274423789
        0.0007202937
       -0.0000052948  -0.0000747861   0.0000678482   0.0002709012   0.0001108772
       -0.0000474096  -0.0024245586   0.0048342678  -0.0096422730   0.0129909601
        0.0014271037  -0.0038339067   0.0238476186   0.0430807850  -0.0566054140
       -0.0982900271  -0.0434144747   0.1331745960   0.0115178331  -0.0055757808
       -0.0537440191   0.0049321285  -0.0062780441   0.0179048969   0.0000128642
       -0.0000421439  -0.0000755926  -0.0000259087  -0.0000173991   0.0000550489
       -0.0000347127   0.0000062843   0.0000361780   0.0000439095   0.0000215514
        0.0001005728   0.0001306022  -0.0000473351   0.0000303312   0.0026258779
        0.0006727460   0.0089273632   0.0003020080   0.0006114916   0.0025618867
        0.0454493794   0.0002321739  -0.0415438014  -0.0013435806   0.0044526827
        0.0026336947
       -0.0016638585  -0.0000230820  -0.0004593844  -0.0011298619  -0.0027733292
        0.0026379375  -0.0551664397  -0.0982710591   0.0192668768  -0.0488819094
        0.0380041631   0.0042787628   0.0638461477   0.0300649665  -0.0137069012
       -0.1435423883   0.0537489965   0.0115178331   0.6339465501   0.0008121874
       -0.0894018736  -0.3396332699   0.0520496626   0.0460002614  -0.0001736128
        0.0001680587   0.0005204568  -0.0000651969   0.0000797267  -0.0002348284
       -0.0004495080  -0.0000110611  -0.0000196472  -0.0003239002  -0.0001171920
        0.0000128200  -0.0022066366   0.0002265537  -0.0001603726  -0.0001294167
        0.0013957550  -0.0001576257  -0.0003139915  -0.0043388281   0.0019777428
       -0.0166008063   0.0230884830   0.0009254343  -0.0875119010  -0.0941040017
        0.0170025075
        0.0000373781  -0.0002393846  -0.0000468393  -0.0021951447  -0.0041413303
        0.0017439109  -0.0370066281   0.0300564032   0.0039119855   0.0292678009
       -0.0165957311  -0.0046680859  -0.0319982895  -0.0676470552   0.0117379414
        0.1330450632  -0.2628843980  -0.0055757808   0.0008121874   0.6671164779
       -0.0454380384   0.0046815730  -0.1055666576   0.0033749404  -0.0000574429
       -0.0002053388  -0.0002109948   0.0001068693   0.0000107383  -0.0000299890
        0.0001814599  -0.0000281651   0.0001249801   0.0005801166  -0.0001396342
       -0.0001108505  -0.0006169524  -0.0002018666   0.0004711528   0.0002509673
        0.0006421913  -0.0001852840  -0.0030953739  -0.0038513364   0.0016815466
        0.0003293880   0.0003661327  -0.0002201954  -0.0943229722  -0.2366910455
        0.0334396002
        0.0022061339   0.0002843588  -0.0001683658   0.0017206705   0.0012923492
        0.0089736743   0.0131959528   0.0151177117  -0.0022142114   0.0046142693
       -0.0061189199  -0.0088988218  -0.0082188382   0.0006149584   0.0032738767
        0.0047718938   0.0083739840  -0.0537440191  -0.0894018736  -0.0454380384
        0.1515368230   0.0503477464  -0.0050300235  -0.0644251983   0.0000453584
       -0.0002466522  -0.0002546847   0.0003588727   0.0000934650   0.0004048879
        0.0000636047   0.0000311877  -0.0000130545  -0.0000139995   0.0001160321
       -0.0000132677  -0.0012665564   0.0000046654   0.0003733574  -0.0000784704
       -0.0003258432  -0.0004162388   0.0018902520   0.0019274016   0.0085821256
        0.0027626006  -0.0041371272  -0.0008973720   0.0170023831   0.0334404904
       -0.0420995107
       -0.0019093270  -0.0002851828   0.0014043173  -0.0287510792  -0.0301890296
        0.0077819438  -0.1513376309  -0.0675887480   0.0212854308   0.0593995402
       -0.0468669607  -0.0037624154  -0.0545997143  -0.0340873179   0.0115775447
       -0.0557981723   0.0972104129   0.0049321285  -0.3396332699   0.0046815730
        0.0503477464   0.6020398899   0.0809016587  -0.0991715347   0.0002097603
       -0.0002093916  -0.0002682737  -0.0006813908  -0.0005062738  -0.0008109364
        0.0001105031  -0.0001896448   0.0000969846   0.0023940751  -0.0012424028
       -0.0009000774  -0.0039864062  -0.0006466250   0.0017002878   0.0001767859
        0.0017235446   0.0010056923  -0.0002587787  -0.0003713096  -0.0007222081
       -0.0030468497   0.0061519281   0.0013632224  -0.0243279356  -0.0084862307
        0.0041401471
        0.0011714520   0.0008311005   0.0011821139  -0.0113970193   0.0000357729
        0.0012974470  -0.1161278909  -0.2863585619   0.0391629086   0.0156739913
       -0.0863597496   0.0059995448  -0.0320887861  -0.0096951271   0.0060363706
        0.0294998617   0.0289132598  -0.0062780441   0.0520496626  -0.1055666576
       -0.0050300235   0.0809016587   0.4704239136  -0.0470296783   0.0002385328
       -0.0002703490   0.0001075203  -0.0000230685  -0.0001800582  -0.0002708483
       -0.0001845439  -0.0000694695  -0.0001966349   0.0001315193   0.0007440512
        0.0001105152   0.0007940138   0.0003916006  -0.0003993050   0.0042290445
       -0.0091825279   0.0006815117  -0.0003707215   0.0003529701  -0.0003561960
        0.0042493765  -0.0051577995   0.0003271874  -0.0287470830   0.0011476316
        0.0046556105
       -0.0015369074  -0.0001324705  -0.0011947116   0.0067388909   0.0051067676
       -0.0030345587   0.0262348345   0.0311128261  -0.0652558196  -0.0088225699
        0.0173909916   0.0185055137   0.0113232733   0.0063909070  -0.0097057810
        0.0106896172  -0.0183559961   0.0179048969   0.0460002614   0.0033749404
       -0.0644251983  -0.0991715347  -0.0470296783   0.1040321707  -0.0003379780
        0.0002853488   0.0001161245  -0.0001694504   0.0000022705   0.0003213922
        0.0002437569  -0.0001707546  -0.0000403748  -0.0008954898   0.0002594598
       -0.0008782071   0.0020747050  -0.0000023570  -0.0006929037   0.0009245174
        0.0011756739   0.0074078559  -0.0007741092  -0.0004075044  -0.0046775043
        0.0016089592  -0.0000138206   0.0077406659   0.0058692237   0.0010133958
       -0.0061235608
       -0.1204720905   0.0832800388   0.0774028299   0.0076126903  -0.0091005486
       -0.0082333712   0.0003942311  -0.0017269454  -0.0013140064  -0.0002092385
        0.0000315382  -0.0003773857  -0.0002242145  -0.0000237938   0.0000376916
       -0.0001726847  -0.0000834185   0.0000128642  -0.0001736128  -0.0000574429
        0.0000453584   0.0002097603   0.0002385328  -0.0003379780   0.1419815720
       -0.0954567339  -0.0864130627  -0.0189899218   0.0152539345   0.0166452708
       -0.0079265671   0.0094290720   0.0060141482  -0.0012045452  -0.0017096866
       -0.0021723555  -0.0004940484  -0.0002230221  -0.0007509932  -0.0001540539
        0.0001860707  -0.0002931287  -0.0000666304  -0.0000293470  -0.0001259264
       -0.0000690670  -0.0000152808  -0.0001124361  -0.0000415789   0.0000070324
       -0.0000275190
        0.0832507726  -0.1317146850  -0.0802017064   0.0030653617  -0.0091949245
       -0.0095582080   0.0007238338   0.0004885393  -0.0003276804   0.0001667807
        0.0003777017   0.0002488501  -0.0001630687  -0.0000996845   0.0000636320
       -0.0000050129   0.0001550137  -0.0000421439   0.0001680587  -0.0002053388
       -0.0002466522  -0.0002093916  -0.0002703490   0.0002853488  -0.0954567339
        0.1523421060   0.0963295114  -0.0095147685   0.0094827584   0.0088952903
        0.0188679431  -0.0196988653  -0.0129514249  -0.0013317805  -0.0008246025
       -0.0028006127   0.0000945870  -0.0006916561  -0.0001125833   0.0002536000
       -0.0000364260   0.0004192516   0.0001199981  -0.0000308471   0.0001562358
        0.0000057701  -0.0000288064   0.0000103455  -0.0000359497  -0.0000499339
       -0.0001674535
        0.0776387852  -0.0809618071  -0.1191107627   0.0086395663  -0.0164456246
       -0.0149401807   0.0008293771  -0.0004513541   0.0007377888  -0.0000972835
       -0.0005190312   0.0001722711  -0.0002974757  -0.0000217541  -0.0001513452
        0.0001349725   0.0003724097  -0.0000755926   0.0005204568  -0.0002109948
       -0.0002546847  -0.0002682737   0.0001075203   0.0001161245  -0.0864130627
        0.0963295114   0.1379924790   0.0117597988  -0.0080144183  -0.0086116690
       -0.0100391264   0.0109098207   0.0094660773  -0.0015007887  -0.0010636346
       -0.0032976803  -0.0007881313  -0.0008118821  -0.0015472477  -0.0002932290
        0.0006755742  -0.0005177054   0.0000567585   0.0000150050  -0.0000860886
        0.0000679581   0.0000565736   0.0000513668   0.0000496976   0.0000340860
        0.0000568493
       -0.1890028353  -0.0967041091   0.0690391089  -0.0152864088  -0.0094340314
        0.0009459686  -0.0016590743  -0.0018948541  -0.0025688245  -0.0003052985
       -0.0003958868  -0.0000328843   0.0001078483  -0.0000519983   0.0001082110
        0.0000158873  -0.0000431720  -0.0000259087  -0.0000651969   0.0001068693
        0.0003588727  -0.0006813908  -0.0000230685  -0.0001694504  -0.0189899218
       -0.0095147685   0.0117597988   0.2194392226   0.1136539915  -0.0767643093
        0.0072604288   0.0042482075  -0.0027253685  -0.0008482038  -0.0001587655
       -0.0003701307   0.0007040187   0.0001136563   0.0006170177  -0.0003256132
        0.0001808280  -0.0000794026  -0.0001244543  -0.0000042498  -0.0000306098
       -0.0001291720  -0.0000317105  -0.0000820350  -0.0001098358  -0.0000469381
        0.0000199462
       -0.0973044317  -0.1097341492   0.0463733777  -0.0107178982  -0.0058756433
        0.0014309643  -0.0002537466  -0.0010309775  -0.0011201890   0.0002290375
       -0.0001416820   0.0000360276  -0.0000182691  -0.0001167486   0.0001144886
        0.0000369006   0.0001478062  -0.0000173991   0.0000797267   0.0000107383
        0.0000934650  -0.0005062738  -0.0001800582   0.0000022705   0.0152539345
        0.0094827584  -0.0080144183   0.1136539915   0.1234750147  -0.0522868546
       -0.0204438314  -0.0168257179   0.0137446594  -0.0006307478  -0.0006855827
       -0.0008602396   0.0005510332   0.0013258903   0.0005410074   0.0001208467
       -0.0000043050  -0.0000304560   0.0001048075   0.0000515430   0.0000329935
       -0.0000323383   0.0000891592  -0.0000207303  -0.0001227411   0.0000119542
       -0.0000189670
        0.0694283018   0.0465906916  -0.0735563387  -0.0188803240  -0.0112537050
        0.0029814064  -0.0015206088  -0.0017025943  -0.0022796434  -0.0001473914
        0.0000824024  -0.0000413252   0.0000506233   0.0000241078   0.0001061008
       -0.0000240553  -0.0000333877   0.0000550489  -0.0002348284  -0.0000299890
        0.0004048879  -0.0008109364  -0.0002708483   0.0003213922   0.0166452708
        0.0088952903  -0.0086116690  -0.0767643093  -0.0522868546   0.0894973038
        0.0147927054   0.0120823901  -0.0087093685  -0.0007072903  -0.0008378675
       -0.0011753133  -0.0018297252  -0.0012389207   0.0010656911   0.0000015655
       -0.0000421125  -0.0002368937   0.0000004537  -0.0000054203  -0.0000601887
        0.0000162374   0.0000111886   0.0000607993  -0.0000156887   0.0000156290
        0.0001781103
       -0.0724282676   0.0625007155  -0.0466911406  -0.0063791690   0.0100330419
       -0.0120557058  -0.0004576954  -0.0000816599  -0.0013009048  -0.0005962448
        0.0003378774   0.0000096974   0.0003000685   0.0000955185  -0.0000749157
       -0.0001053940  -0.0003030122  -0.0000347127  -0.0004495080   0.0001814599
        0.0000636047   0.0001105031  -0.0001845439   0.0002437569  -0.0079265671
        0.0188679431  -0.0100391264   0.0072604288  -0.0204438314   0.0147927054
        0.0813460140  -0.0708174121   0.0565620821   0.0009320333   0.0005393720
        0.0002948460  -0.0013050460  -0.0005452713  -0.0016500034  -0.0000575447
       -0.0001746753   0.0000498626  -0.0000517964  -0.0000068687  -0.0000712538
       -0.0000911859   0.0000016602  -0.0000805669  -0.0001006287  -0.0000003139
       -0.0000182249
        0.0627606038  -0.1808095508   0.1067124943  -0.0038532263   0.0063806397
       -0.0062383906   0.0001907641  -0.0002626842  -0.0006048164  -0.0001097668
       -0.0002161342   0.0003631572   0.0000709917   0.0001202027   0.0001178108
       -0.0000370590   0.0000554126   0.0000062843  -0.0000110611  -0.0000281651
        0.0000311877  -0.0001896448  -0.0000694695  -0.0001707546   0.0094290720
       -0.0196988653   0.0109098207   0.0042482075  -0.0168257179   0.0120823901
       -0.0708174121   0.2092398252  -0.1194781762  -0.0009578011   0.0016475339
       -0.0017358938  -0.0007352006   0.0001856888  -0.0019532992   0.0000206310
        0.0001281666   0.0000004916   0.0000785182   0.0000284677   0.0001114352
        0.0000204970   0.0000852076  -0.0000282454  -0.0001081136   0.0000394422
       -0.0001254958
       -0.0456722346   0.1058792861  -0.1225507645  -0.0108251405   0.0130088410
       -0.0181300843  -0.0001389543   0.0001133257  -0.0015186174  -0.0002743814
        0.0002287707   0.0002126436   0.0002176831   0.0000088875   0.0001023051
        0.0000353055  -0.0001402058   0.0000361780  -0.0000196472   0.0001249801
       -0.0000130545   0.0000969846  -0.0001966349  -0.0000403748   0.0060141482
       -0.0129514249   0.0094660773  -0.0027253685   0.0137446594  -0.0087093685
        0.0565620821  -0.1194781762   0.1445989766  -0.0002321746   0.0009429323
        0.0002975286  -0.0030767049  -0.0012334481  -0.0038717296  -0.0000013816
       -0.0000234655  -0.0000856486   0.0000118461   0.0000117719   0.0001028597
        0.0000108300  -0.0000173014   0.0001078964   0.0000171081  -0.0000227978
       -0.0000048228
        0.0026011244  -0.0139323815  -0.0051745179  -0.0530206762   0.0498202737
        0.0083975958  -0.0122435913   0.0314807202   0.0042332511  -0.0060688096
        0.0003609046   0.0015820255  -0.0008096623   0.0013937621  -0.0002566423
        0.0002909569  -0.0001163061   0.0000439095  -0.0003239002   0.0005801166
       -0.0000139995   0.0023940751   0.0001315193  -0.0008954898  -0.0012045452
       -0.0013317805  -0.0015007887  -0.0008482038  -0.0006307478  -0.0007072903
        0.0009320333  -0.0009578011  -0.0002321746   0.0663046972  -0.0601641121
       -0.0054507620   0.0026023526  -0.0064109408  -0.0002246934  -0.0001076921
       -0.0003691599   0.0001000551  -0.0005072357   0.0001040908   0.0000534600
       -0.0000245194   0.0000069187   0.0000772226   0.0000335964   0.0000349238
       -0.0000311610
        0.0007725712  -0.0123109818  -0.0054221858   0.0511237013  -0.2680962350
       -0.0282590825   0.0059875818  -0.0065688202  -0.0011464085   0.0013013298
       -0.0003398307  -0.0003860167   0.0000421881  -0.0002880790  -0.0000087485
       -0.0003025307   0.0002023487   0.0000215514  -0.0001171920  -0.0001396342
        0.0001160321  -0.0012424028   0.0007440512   0.0002594598  -0.0017096866
       -0.0008246025  -0.0010636346  -0.0001587655  -0.0006855827  -0.0008378675
        0.0005393720   0.0016475339   0.0009429323  -0.0601641121   0.3076138395
        0.0345356340   0.0040143147  -0.0213453369   0.0013330647  -0.0000309103
        0.0002875979  -0.0000831503   0.0001300212  -0.0000196057  -0.0000797175
       -0.0000082386   0.0000887426  -0.0000257977  -0.0001772416   0.0000345951
        0.0001039350
        0.0016025289  -0.0220914758  -0.0076440769   0.0090261829  -0.0267717102
       -0.0470972324   0.0022035365  -0.0069993896   0.0002987577   0.0012825490
        0.0000644312   0.0008686351   0.0000328324  -0.0003248910   0.0002548145
       -0.0000667056   0.0000452642   0.0001005728   0.0000128200  -0.0001108505
       -0.0000132677  -0.0009000774   0.0001105152  -0.0008782071  -0.0021723555
       -0.0028006127  -0.0032976803  -0.0003701307  -0.0008602396  -0.0011753133
        0.0002948460  -0.0017358938   0.0002975286  -0.0054507620   0.0345356340
        0.0573266894  -0.0054866427   0.0270420969   0.0011985151   0.0000063664
       -0.0000449453  -0.0000378891   0.0000448674  -0.0000101478   0.0000138194
       -0.0000255546  -0.0000191285   0.0000104313  -0.0000343010  -0.0000286569
       -0.0002260972
        0.0006472295   0.0049388620  -0.0150543789  -0.0481020799  -0.0230947571
        0.0459628928  -0.0139346891  -0.0152945889   0.0259421588  -0.0004986302
       -0.0010103776   0.0000832502   0.0003163872  -0.0002400954  -0.0007650439
        0.0000286824  -0.0004893173   0.0001306022  -0.0022066366  -0.0006169524
       -0.0012665564  -0.0039864062   0.0007940138   0.0020747050  -0.0004940484
        0.0000945870  -0.0007881313   0.0007040187   0.0005510332  -0.0018297252
       -0.0013050460  -0.0007352006  -0.0030767049   0.0026023526   0.0040143147
       -0.0054866427   0.0665414885   0.0306010078  -0.0466135001   0.0000052101
        0.0004495953   0.0002552722   0.0000486807  -0.0000075902   0.0000914630
        0.0000208936   0.0000526337   0.0003887548  -0.0003874066  -0.0000071679
       -0.0000484156
        0.0005062140   0.0051192770  -0.0087911978  -0.0220861891  -0.1043860042
        0.0989718547  -0.0031824913   0.0014267107  -0.0003891894   0.0018146026
       -0.0001497884  -0.0005149003  -0.0005861473  -0.0004077346  -0.0001585177
        0.0000995699   0.0004794295  -0.0000473351   0.0002265537  -0.0002018666
        0.0000046654  -0.0006466250   0.0003916006  -0.0000023570  -0.0002230221
       -0.0006916561  -0.0008118821   0.0001136563   0.0013258903  -0.0012389207
       -0.0005452713   0.0001856888  -0.0012334481  -0.0064109408  -0.0213453369
        0.0270420969   0.0306010078   0.1184612083  -0.1127793814   0.0003584460
       -0.0002536182  -0.0001312510   0.0000742677  -0.0000127688  -0.0001985717
       -0.0000269994   0.0000613848   0.0000937412  -0.0000866318  -0.0000024159
        0.0001845941
       -0.0010140132   0.0096463664  -0.0247651123   0.0431693405   0.0981666401
       -0.2010585810   0.0056603769   0.0052197561  -0.0068021493  -0.0007271780
        0.0006271691   0.0006533213   0.0001164257   0.0002422229   0.0001924819
       -0.0001935739  -0.0003037082   0.0000303312  -0.0001603726   0.0004711528
        0.0003733574   0.0017002878  -0.0003993050  -0.0006929037  -0.0007509932
       -0.0001125833  -0.0015472477   0.0006170177   0.0005410074   0.0010656911
       -0.0016500034  -0.0019532992  -0.0038717296  -0.0002246934   0.0013330647
        0.0011985151  -0.0466135001  -0.1127793814   0.2354902891   0.0001350940
       -0.0006311340  -0.0002176009  -0.0000995770  -0.0000141862  -0.0000206564
       -0.0000441052  -0.0000357106  -0.0000510745   0.0000794674  -0.0000180716
        0.0000230683
       -0.0002614237   0.0002628592  -0.0001180204   0.0002241921   0.0007875525
       -0.0006013932   0.0060686213   0.0067674523  -0.0016918861  -0.1156513833
       -0.1125055015   0.0253560253  -0.0187564023  -0.0252507165   0.0056771010
       -0.0057051722   0.0009775414   0.0026258779  -0.0001294167   0.0002509673
       -0.0000784704   0.0001767859   0.0042290445   0.0009245174  -0.0001540539
        0.0002536000  -0.0002932290  -0.0003256132   0.0001208467   0.0000015655
       -0.0000575447   0.0000206310  -0.0000013816  -0.0001076921  -0.0000309103
        0.0000063664   0.0000052101   0.0003584460   0.0001350940   0.1349578360
        0.1261636958  -0.0312874918   0.0006158140  -0.0008625736  -0.0005785211
       -0.0008236131  -0.0014865954   0.0003251561  -0.0000761442  -0.0000563394
       -0.0004013099
       -0.0000038598  -0.0001034737  -0.0001218287  -0.0010089479   0.0005100629
        0.0001344436  -0.0146991288  -0.0223253820   0.0047545029  -0.1132488371
       -0.2196306032   0.0373610215  -0.0017056025  -0.0004561215   0.0003313545
        0.0002196889   0.0018260260   0.0006727460   0.0013957550   0.0006421913
       -0.0003258432   0.0017235446  -0.0091825279   0.0011756739   0.0001860707
       -0.0000364260   0.0006755742   0.0001808280  -0.0000043050  -0.0000421125
       -0.0001746753   0.0001281666  -0.0000234655  -0.0003691599   0.0002875979
       -0.0000449453   0.0004495953  -0.0002536182  -0.0006311340   0.1261636958
        0.2476567971  -0.0431853781   0.0006146649   0.0010622235  -0.0005414441
        0.0002925945  -0.0001085700  -0.0000261130  -0.0000162265  -0.0000120378
       -0.0001630525
       -0.0003942756   0.0001241688   0.0000693614  -0.0005713377  -0.0005369614
       -0.0014491330   0.0007277192   0.0004333789   0.0000508001   0.0255102632
        0.0375009073  -0.0421185594   0.0034523770   0.0045675803  -0.0006404673
        0.0026837819   0.0005476403   0.0089273632  -0.0001576257  -0.0001852840
       -0.0004162388   0.0010056923   0.0006815117   0.0074078559  -0.0002931287
        0.0004192516  -0.0005177054  -0.0000794026  -0.0000304560  -0.0002368937
        0.0000498626   0.0000004916  -0.0000856486   0.0001000551  -0.0000831503
       -0.0000378891   0.0002552722  -0.0001312510  -0.0002176009  -0.0312874918
       -0.0431853781   0.0345700789  -0.0007170718  -0.0002483159  -0.0031582886
        0.0001372271   0.0003056706   0.0000312564  -0.0004219164  -0.0001798047
       -0.0021782909
       -0.0001083033   0.0000901038   0.0000203803  -0.0008201427   0.0016248187
       -0.0000733007  -0.0058329411  -0.0008999076   0.0027868493  -0.0167149986
        0.0273492507   0.0009117706  -0.0997327110   0.1047915492   0.0016441779
        0.0070380032  -0.0117498366   0.0003020080  -0.0003139915  -0.0030953739
        0.0018902520  -0.0002587787  -0.0003707215  -0.0007741092  -0.0000666304
        0.0001199981   0.0000567585  -0.0001244543   0.0001048075   0.0000004537
       -0.0000517964   0.0000785182   0.0000118461  -0.0005072357   0.0001300212
        0.0000448674   0.0000486807   0.0000742677  -0.0000995770   0.0006158140
        0.0006146649  -0.0007170718   0.1157777880  -0.1170890465  -0.0053747634
        0.0008101859  -0.0009516392  -0.0005469746   0.0002415120  -0.0008214748
       -0.0000835672
       -0.0000322682  -0.0000150136  -0.0000478110   0.0000281562  -0.0003574062
       -0.0000027995   0.0007068193   0.0022463266   0.0005859393   0.0042976931
       -0.0036181227  -0.0001875862   0.1047832403  -0.2415549159   0.0000232206
        0.0115950591  -0.0270047858   0.0006114916  -0.0043388281  -0.0038513364
        0.0019274016  -0.0003713096   0.0003529701  -0.0004075044  -0.0000293470
       -0.0000308471   0.0000150050  -0.0000042498   0.0000515430  -0.0000054203
       -0.0000068687   0.0000284677   0.0000117719   0.0001040908  -0.0000196057
       -0.0000101478  -0.0000075902  -0.0000127688  -0.0000141862  -0.0008625736
        0.0010622235  -0.0002483159  -0.1170890465   0.2736224530  -0.0017947356
        0.0004880081   0.0007058052  -0.0004064325   0.0007390146  -0.0016049870
       -0.0000498907
       -0.0001271102   0.0000615192  -0.0000729609   0.0000898451  -0.0003424279
       -0.0003802360   0.0027517220   0.0006771653   0.0091957379   0.0031225299
       -0.0042476901   0.0025409185   0.0016787545   0.0001793136  -0.0372449136
       -0.0018246619   0.0045458813   0.0025618867   0.0019777428   0.0016815466
        0.0085821256  -0.0007222081  -0.0003561960  -0.0046775043  -0.0001259264
        0.0001562358  -0.0000860886  -0.0000306098   0.0000329935  -0.0000601887
       -0.0000712538   0.0001114352   0.0001028597   0.0000534600  -0.0000797175
        0.0000138194   0.0000914630  -0.0001985717  -0.0000206564  -0.0005785211
       -0.0005414441  -0.0031582886  -0.0053747634  -0.0017947356   0.0260206244
       -0.0006884744  -0.0001376411  -0.0028356589  -0.0002219885   0.0002523334
       -0.0004814764
       -0.0001367443  -0.0000090747   0.0000446928  -0.0000377133  -0.0000437199
       -0.0003808473   0.0012003886   0.0003846666  -0.0003135092  -0.0002150815
       -0.0035278261   0.0018527037  -0.0179779378  -0.0016431365   0.0033354787
       -0.2946985625   0.0028425109   0.0454493794  -0.0166008063   0.0003293880
        0.0027626006  -0.0030468497   0.0042493765   0.0016089592  -0.0000690670
        0.0000057701   0.0000679581  -0.0001291720  -0.0000323383   0.0000162374
       -0.0000911859   0.0000204970   0.0000108300  -0.0000245194  -0.0000082386
       -0.0000255546   0.0000208936  -0.0000269994  -0.0000441052  -0.0008236131
        0.0002925945   0.0001372271   0.0008101859   0.0004880081  -0.0006884744
        0.3313912729  -0.0027047185  -0.0534495939   0.0004285119  -0.0006167598
       -0.0003839824
       -0.0000491784   0.0000693669  -0.0000042574   0.0000748481   0.0000928433
       -0.0002091946  -0.0004558589  -0.0009407026   0.0001451026  -0.0028620680
       -0.0040841724   0.0016283113  -0.0252534323  -0.0006831258   0.0044969061
        0.0035723091  -0.0434096352   0.0002321739   0.0230884830   0.0003661327
       -0.0041371272   0.0061519281  -0.0051577995  -0.0000138206  -0.0000152808
       -0.0000288064   0.0000565736  -0.0000317105   0.0000891592   0.0000111886
        0.0000016602   0.0000852076  -0.0000173014   0.0000069187   0.0000887426
       -0.0000191285   0.0000526337   0.0000613848  -0.0000357106  -0.0014865954
       -0.0001085700   0.0003056706  -0.0009516392   0.0007058052  -0.0001376411
       -0.0027047185   0.0523826720  -0.0019118344   0.0008617011   0.0004714977
       -0.0003899110
       -0.0004123994  -0.0000654153   0.0001217479  -0.0003592822  -0.0001392003
       -0.0019903733  -0.0001087324   0.0000284695  -0.0002353070   0.0018630292
        0.0017276282   0.0081641373   0.0053914018   0.0003646909  -0.0007924442
        0.0453211764   0.0004052887  -0.0415438014   0.0009254343  -0.0002201954
       -0.0008973720   0.0013632224   0.0003271874   0.0077406659  -0.0001124361
        0.0000103455   0.0000513668  -0.0000820350  -0.0000207303   0.0000607993
       -0.0000805669  -0.0000282454   0.0001078964   0.0000772226  -0.0000257977
        0.0000104313   0.0003887548   0.0000937412  -0.0000510745   0.0003251561
       -0.0000261130   0.0000312564  -0.0005469746  -0.0004064325  -0.0028356589
       -0.0534495939  -0.0019118344   0.0340936532  -0.0005033770  -0.0001133870
       -0.0020359232
       -0.0002463224  -0.0001225169   0.0000747733  -0.0010191350  -0.0015443496
        0.0003664075  -0.0070647764  -0.0008864824   0.0030851904  -0.0000837281
        0.0006167869  -0.0000350600  -0.0005232103   0.0030042486   0.0012530522
        0.0055678420   0.0104708105  -0.0013435806  -0.0875119010  -0.0943229722
        0.0170023831  -0.0243279356  -0.0287470830   0.0058692237  -0.0000415789
       -0.0000359497   0.0000496976  -0.0001098358  -0.0001227411  -0.0000156887
       -0.0001006287  -0.0001081136   0.0000171081   0.0000335964  -0.0001772416
       -0.0000343010  -0.0003874066  -0.0000866318   0.0000794674  -0.0000761442
       -0.0000162265  -0.0004219164   0.0002415120   0.0007390146  -0.0002219885
        0.0004285119   0.0008617011  -0.0005033770   0.1152211406   0.1104777468
       -0.0252213909
        0.0000231138  -0.0000102864   0.0000401695   0.0001949584  -0.0001556159
       -0.0000053421   0.0000788926   0.0004397411   0.0007530870   0.0006002937
        0.0008902942  -0.0001825721   0.0035566342  -0.0046397181   0.0004561281
       -0.0108343693  -0.0274423789   0.0044526827  -0.0941040017  -0.2366910455
        0.0334404904  -0.0084862307   0.0011476316   0.0010133958   0.0000070324
       -0.0000499339   0.0000340860  -0.0000469381   0.0000119542   0.0000156290
       -0.0000003139   0.0000394422  -0.0000227978   0.0000349238   0.0000345951
       -0.0000286569  -0.0000071679  -0.0000024159  -0.0000180716  -0.0000563394
       -0.0000120378  -0.0001798047  -0.0008214748  -0.0016049870   0.0002523334
       -0.0006167598   0.0004714977  -0.0001133870   0.1104777468   0.2675732632
       -0.0399073699
        0.0001493017  -0.0000503858   0.0001045613   0.0001109360   0.0004071428
        0.0002218570   0.0031480914   0.0009836779   0.0092449533   0.0000177588
       -0.0001643738   0.0001145119   0.0012003535   0.0005420459   0.0077884327
        0.0004265287   0.0007202937   0.0026336947   0.0170025075   0.0334396002
       -0.0420995107   0.0041401471   0.0046556105  -0.0061235608  -0.0000275190
       -0.0001674535   0.0000568493   0.0000199462  -0.0000189670   0.0001781103
       -0.0000182249  -0.0001254958  -0.0000048228  -0.0000311610   0.0001039350
       -0.0002260972  -0.0000484156   0.0001845941   0.0000230683  -0.0004013099
       -0.0001630525  -0.0021782909  -0.0000835672  -0.0000498907  -0.0004814764
       -0.0003839824  -0.0003899110  -0.0020359232  -0.0252213909  -0.0399073699
        0.0327836432
