           1           2  0.996700462549430     
           2           3   1.00995856579726     
           3           4   1.38431419701276     
           4           5   1.46096193382904     
           3           6  0.111838893860505     
           5           6   1.42826323327884     
           4           7  0.116416137007808     
           6           7   1.43399227329666     
           3           8   1.41947008399311     
           7           8   1.43473614572183     
           1           9  0.987049685599966     
           1          10  0.989354384598243     
           1          11  0.989887383710213     
           2          12  0.977440969739113     
           2          13  0.967823774577461     
           4          14  0.969120812442327     
           5          15  0.970276933511177     
           6          16  0.970860980502536     
           7          17  0.963903900266688     
