           1           2   1.00802602329679     
           2           3  0.967980468066041     
           2           4  0.997882600790481     
           4           5   1.00765460076503     
           5           6  0.996454929510739     
           6           7  0.964068278663588     
           6           8  0.982973883471881     
           8           9  0.958418383170408     
           2          10  0.997010168193727     
           8          10  0.987448895546403     
           8          11  0.981977893010028     
           6          12  0.980999193120972     
          12          13   1.01033045374007     
          12          14   1.00938747024403     
           1          15  0.986761167868996     
           1          16  0.986577428120321     
           1          17  0.986412155502125     
           4          18  0.976098746272746     
           4          19  0.976232882073295     
           5          20  0.975335821961242     
           5          21  0.974989348809318     
          10          22  0.974937021660382     
          10          23  0.974069712910350     
          11          24  0.902126173458723     
          12          25  0.967459483104524     
          13          26  0.986452079246334     
          13          27  0.985122405307091     
          13          28  0.984735627228860     
          14          29  0.986480973822308     
          14          30  0.986957612947970     
          14          31  0.981441425667563     
