$hessian                                                                        
        0.4501206972  -0.0172117673  -0.0225870929  -0.0907638981  -0.0264238681
       -0.0357804004   0.0048121942   0.0038516581   0.0101374722  -0.0055150270
       -0.0068840600  -0.0076639131   0.0005065125   0.0009622719   0.0000851087
       -0.0004524227  -0.0004454348  -0.0008504650   0.0000544940   0.0001001468
       -0.0000352460  -0.0006341206   0.0000531353  -0.0002853976  -0.0002146418
       -0.0000375815   0.0001518212   0.0000950987  -0.0012556043  -0.0025291174
       -0.0001247420   0.0001036564   0.0005048604  -0.0262643059   0.0017936740
       -0.0250537254   0.0012703591  -0.0001931290   0.0021059426   0.0004762397
        0.0001049871   0.0004666505   0.0005156226   0.0016612793   0.0008002849
       -0.0006134545  -0.0012912414  -0.0000675195  -0.0814705692  -0.0002238691
        0.0687116001  -0.1803039833   0.0992149840  -0.0140682298  -0.0583721117
       -0.0540939473   0.0120559264  -0.0044948765   0.0028104602   0.0013807705
       -0.0001161660   0.0000307143  -0.0001520344   0.0000879835  -0.0004662049
        0.0001382647  -0.0001125599   0.0002852790  -0.0002012668  -0.0084863224
       -0.0024455387   0.0127357065
       -0.0172117673   0.5306691994  -0.0249098978  -0.0269908869  -0.0777727651
       -0.0270320561  -0.0005837796   0.0004857619  -0.0011275179  -0.0121335608
       -0.0095308264  -0.0168847791  -0.0004248747  -0.0000524456  -0.0005463316
       -0.0002808818  -0.0001286998  -0.0002742942  -0.0001185891  -0.0001223789
       -0.0000083440   0.0000099147  -0.0002660178  -0.0001428068   0.0000379472
        0.0000173585   0.0000092053  -0.0003831054   0.0015714355   0.0020083676
        0.0002537466  -0.0001185884  -0.0003506932   0.0156303236   0.0028684831
        0.0141521607  -0.0005651350  -0.0006853886  -0.0007038289   0.0000512118
        0.0000415564   0.0000117726  -0.0007531828  -0.0010139245   0.0003028377
       -0.0036653453  -0.0067893348  -0.0034222519   0.0100625290  -0.0800154363
       -0.0296620022   0.0975815635  -0.1173291343   0.0109657082  -0.0505275410
       -0.2479743054   0.0491051689   0.0013698349   0.0001967577  -0.0013157200
        0.0000264802  -0.0000782113  -0.0000376345   0.0002238960  -0.0000703702
       -0.0001139701  -0.0000785177  -0.0002010331   0.0002820495  -0.0115302801
        0.0062983081   0.0296948580
       -0.0225870929  -0.0249098978   0.4352893547  -0.0395318664  -0.0235128844
       -0.1027056563  -0.0095039265  -0.0102412941  -0.0248103712  -0.0011729767
       -0.0043440997   0.0021253629  -0.0000238434   0.0001108004   0.0003447846
        0.0005310274   0.0007756464   0.0030222114   0.0001496456  -0.0002469713
       -0.0003085779   0.0000633991   0.0003315919  -0.0001830447   0.0003385866
        0.0000411914  -0.0002223959  -0.0013347883   0.0025645879   0.0064940310
        0.0001891966  -0.0000433562  -0.0004579071  -0.0077055041   0.0005821961
       -0.0072884124  -0.0046140653   0.0001955363  -0.0041760907  -0.0000496866
       -0.0002966102  -0.0005448115  -0.0026451043  -0.0035688877  -0.0027558410
        0.0016179817   0.0024515583   0.0012716768   0.0725436947  -0.0101112430
       -0.2035882001  -0.0140648949   0.0116496854  -0.0375245518   0.0123853964
        0.0533957489  -0.0503159880   0.0082154122  -0.0040014058   0.0022429672
       -0.0004248867   0.0000178819   0.0000949061   0.0001597449   0.0004144921
        0.0001822669  -0.0008870627  -0.0004807194  -0.0001396835   0.0083516134
        0.0092264526  -0.0160460294
       -0.0907638981  -0.0269908869  -0.0395318664   0.4570458876   0.0226653598
       -0.0386498072  -0.1021562784  -0.0085461942   0.1001053614  -0.0691602865
       -0.0299060571   0.0098978293   0.0037798308   0.0195829082  -0.0023877444
       -0.0082342592  -0.0215515657   0.0040226157  -0.0040371778  -0.0014340650
        0.0031072224   0.0027008890  -0.0000909610  -0.0023020804   0.0003292954
        0.0003727807  -0.0002144973  -0.0383329262   0.0123649362   0.0048720453
       -0.0050112392   0.0010790201   0.0035767492  -0.1241155916   0.0584645426
       -0.0193401333   0.0008991209  -0.0009331382  -0.0031544999   0.0003504332
        0.0015090861   0.0000673076  -0.0007072799   0.0005124293  -0.0011457231
       -0.0088013160  -0.0171307425  -0.0101212131   0.0059087377   0.0066741717
        0.0138123231  -0.0204123819  -0.0060610292  -0.0157479987  -0.0070493538
       -0.0061002610  -0.0068457664   0.0028218223  -0.0004877632   0.0015707394
       -0.0000890213  -0.0012662266  -0.0003868397   0.0002569033  -0.0002342174
        0.0003230805   0.0021378666  -0.0032687525  -0.0015962865   0.0026402233
        0.0007766259   0.0000691826
       -0.0264238681  -0.0777727651  -0.0235128844   0.0226653598   0.4208122534
        0.0011183199  -0.0072781379  -0.0401440472   0.0089610726  -0.0342111131
       -0.1453665284   0.0064082747  -0.0018331644  -0.0178531173   0.0030090244
       -0.0101564638  -0.0036151615   0.0061227550   0.0006455817   0.0009243510
       -0.0005768778  -0.0003010012   0.0000253799  -0.0002488369   0.0002257174
       -0.0001812543  -0.0000172113   0.0129222739  -0.0011366696  -0.0157084614
       -0.0006977646   0.0010437815   0.0006789427   0.0620243812  -0.1036361516
        0.0413031176   0.0006892120  -0.0011770336   0.0024944611  -0.0000223340
       -0.0014542287   0.0001970412   0.0009735021  -0.0007451954  -0.0006286368
       -0.0115862354  -0.0225576640  -0.0110623616   0.0021538305   0.0001548462
       -0.0086579467   0.0116269913   0.0036117881   0.0090009839  -0.0216069628
       -0.0150332869  -0.0184514331  -0.0015769396   0.0013830072  -0.0021958050
       -0.0003506439   0.0004648493  -0.0004187127   0.0000834678   0.0003934335
       -0.0000439160   0.0008977204   0.0004940897   0.0009341897   0.0011365908
        0.0013653236   0.0012949008
       -0.0357804004  -0.0270320561  -0.1027056563  -0.0386498072   0.0011183199
        0.4872102880   0.0974316252   0.0089510774  -0.1905490713   0.0124789697
        0.0195389957  -0.0582663753   0.0008499104   0.0062310430   0.0000406586
        0.0103845854   0.0173980937  -0.0022414519   0.0029951529   0.0006389980
       -0.0023739355  -0.0019499424   0.0000994839   0.0016491632  -0.0001394535
       -0.0000255406  -0.0000012732   0.0105354144  -0.0151766118   0.0118334543
        0.0025104400   0.0002337192  -0.0005784809  -0.0272593954   0.0421011162
       -0.0862971930   0.0006397128  -0.0006331158  -0.0016440714  -0.0001710802
        0.0003356344  -0.0002961146  -0.0011247921  -0.0003857374   0.0002071536
       -0.0173161708  -0.0349346803  -0.0164935930  -0.0110258204  -0.0129987365
       -0.0382248314  -0.0056263973  -0.0007513619  -0.0027724134   0.0007912582
       -0.0007361385   0.0017468094   0.0006277427  -0.0001087211  -0.0000044287
        0.0001791515  -0.0005665680  -0.0001623456  -0.0000835856  -0.0002049746
        0.0001056292  -0.0014119119  -0.0034448227  -0.0001419458   0.0011147941
        0.0003525839  -0.0000399749
        0.0048121942  -0.0005837796  -0.0095039265  -0.1021562784  -0.0072781379
        0.0974316252   0.1394385821   0.0050025352  -0.1125825154  -0.0070471006
       -0.0052442142   0.0099791528   0.0002362476   0.0002917004  -0.0002127788
       -0.0002443799  -0.0020848128  -0.0000105271  -0.0003794711   0.0000129251
        0.0002632619   0.0004826417   0.0004346446  -0.0001685241   0.0001903683
        0.0000118730  -0.0001130663  -0.0028910645   0.0038457933  -0.0014362222
       -0.0007194909  -0.0001049062   0.0005462911  -0.0306693127   0.0072743960
        0.0203853028  -0.0001481772   0.0001355683   0.0009133126   0.0000671684
       -0.0001464620  -0.0000744160   0.0001898591   0.0000780232   0.0000201950
        0.0006354140   0.0006551688   0.0006817498   0.0000479492  -0.0013813280
       -0.0035317317   0.0003848334  -0.0000889681  -0.0011045296   0.0004290008
        0.0002338343  -0.0003953115  -0.0003454026   0.0000802108  -0.0004064411
       -0.0001499476   0.0000686832   0.0001508442  -0.0000051633   0.0000846327
       -0.0001173486  -0.0018958349  -0.0011253473  -0.0007381316  -0.0002626349
       -0.0001720329   0.0000237353
        0.0038516581   0.0004857619  -0.0102412941  -0.0085461942  -0.0401440472
        0.0089510774   0.0050025352   0.0542137730  -0.0062714907  -0.0187920949
       -0.0078694613   0.0225149841  -0.0000966737   0.0004327144   0.0002561091
       -0.0016265682  -0.0053009097  -0.0003399668  -0.0011657172  -0.0002755542
        0.0009709964   0.0002819051  -0.0001946839  -0.0000761774   0.0000391795
       -0.0000496383  -0.0000153042   0.0024453445  -0.0015894523   0.0013267848
        0.0006360380   0.0000098118  -0.0003945847   0.0183089659  -0.0017487903
       -0.0140193901  -0.0000064177  -0.0000560427  -0.0003276101   0.0000639907
        0.0001920356  -0.0001028301   0.0003354925   0.0003513857  -0.0001934045
        0.0012296841   0.0019527362   0.0019048985  -0.0010817890  -0.0003366300
       -0.0032147370   0.0002253614   0.0002137129   0.0006292087   0.0003634451
       -0.0000826262  -0.0010762217  -0.0000472347  -0.0000173225   0.0000578519
       -0.0000707648  -0.0001027743   0.0001245183  -0.0000592574  -0.0000418405
       -0.0000143231  -0.0010894276   0.0001131686  -0.0005409247  -0.0002014605
       -0.0001553266   0.0000918302
        0.0101374722  -0.0011275179  -0.0248103712   0.1001053614   0.0089610726
       -0.1905490713  -0.1125825154  -0.0062714907   0.2204522627   0.0062922172
        0.0033661010  -0.0075459502  -0.0000628131   0.0000816039  -0.0001390305
       -0.0001194892   0.0016232183   0.0001518242   0.0003668338   0.0000573374
       -0.0002188233  -0.0001995526  -0.0000998082   0.0000639754  -0.0001636197
       -0.0000032862   0.0000711093  -0.0006172394   0.0003144084   0.0003181524
       -0.0001508443   0.0000731208   0.0000777232   0.0014758953  -0.0024162853
        0.0057917745  -0.0002986398   0.0000332121   0.0003356223   0.0000680189
        0.0000179151   0.0001399397  -0.0001642253   0.0001233317   0.0001751325
       -0.0016515716  -0.0017571477   0.0013561350  -0.0031136777  -0.0026320885
       -0.0059928048   0.0002025235   0.0004205355  -0.0001211958   0.0005823973
        0.0000022534   0.0002001622   0.0000840338   0.0001282320  -0.0000741988
        0.0000462588  -0.0000056164  -0.0001113778   0.0000182296  -0.0001201064
        0.0000812495  -0.0001180748  -0.0004316369   0.0001548896  -0.0001369789
       -0.0003373580   0.0001928712
       -0.0055150270  -0.0121335608  -0.0011729767  -0.0691602865  -0.0342111131
        0.0124789697  -0.0070471006  -0.0187920949   0.0062922172   0.4836652073
       -0.0457969845   0.0269948469  -0.1662799136   0.1012752741  -0.0404408448
       -0.1296148288  -0.0121456488   0.0518121513  -0.0136437538  -0.0066335268
        0.0102804322  -0.0224866019   0.0059378568   0.0136704250  -0.0031120135
        0.0023350234  -0.0007078902   0.0032389440  -0.0008538662   0.0011243828
       -0.0001585845  -0.0003114646   0.0001037274  -0.0036242104   0.0310762681
       -0.0107473878  -0.0009147869  -0.0006575266  -0.0001683027   0.0003416655
       -0.0003053106  -0.0003770662   0.0081419478   0.0016830222  -0.0066504477
       -0.0660915138  -0.0085859349  -0.0478774823  -0.0006001103   0.0005377307
        0.0011569247  -0.0003037803  -0.0006431188  -0.0000061550  -0.0011866395
       -0.0008876690  -0.0021065615   0.0005254324   0.0000717626   0.0000316311
       -0.0009550038  -0.0000975578  -0.0011496848  -0.0002968593  -0.0003425034
       -0.0021844506  -0.0061138158  -0.0008230176  -0.0101627944   0.0011916331
        0.0003039609  -0.0001936635
       -0.0068840600  -0.0095308264  -0.0043440997  -0.0299060571  -0.1453665284
        0.0195389957  -0.0052442142  -0.0078694613   0.0033661010  -0.0457969845
        0.4794508275  -0.0372123509   0.1016202558  -0.1231854471   0.0348845843
       -0.0079301326  -0.0684838930   0.0097391973  -0.0244791831  -0.0073890868
        0.0166374932   0.0154882052   0.0037958248  -0.0114359458   0.0036737877
       -0.0020847758  -0.0000934076  -0.0026060609   0.0018479231   0.0006999359
       -0.0003443115   0.0004163891  -0.0000174274   0.0142650780  -0.0412525965
        0.0095276339  -0.0004996944   0.0001679421  -0.0000364623   0.0001708952
       -0.0007974160  -0.0005016653   0.0013530600   0.0014393554   0.0004930963
       -0.0206032660  -0.0972390662  -0.0641607866  -0.0000232246   0.0006622439
        0.0028082196   0.0008088690   0.0003466050   0.0004413227  -0.0003693184
        0.0000181998  -0.0006189353   0.0007532461  -0.0005620448  -0.0001689595
       -0.0010300457   0.0005994318  -0.0000313414   0.0005982722   0.0006593915
       -0.0007371565   0.0070279700   0.0136737002   0.0218580502  -0.0000430861
        0.0006833081  -0.0006360918
       -0.0076639131  -0.0168847791   0.0021253629   0.0098978293   0.0064082747
       -0.0582663753   0.0099791528   0.0225149841  -0.0075459502   0.0269948469
       -0.0372123509   0.4455963995  -0.0411684461   0.0363125839  -0.0524667796
        0.0459542435   0.0130067361  -0.0847492980   0.0022499077   0.0016915447
        0.0001282797   0.0042832736  -0.0036427110   0.0058909244  -0.0012387253
        0.0012964498   0.0003217614  -0.0004512505  -0.0005206375   0.0012126904
        0.0000606755   0.0001897672  -0.0000811765  -0.0067101228   0.0109020622
       -0.0029584305   0.0000666964   0.0004170867  -0.0004299222  -0.0002438561
       -0.0005951105  -0.0036928220   0.0183870075   0.0032703313  -0.0291642996
       -0.0453561326  -0.0338343920  -0.1850715576   0.0009668714   0.0005626228
        0.0001486820   0.0002128351  -0.0005952462   0.0000591787  -0.0025689425
       -0.0017340579  -0.0018882851  -0.0003913390  -0.0004865524  -0.0002948063
       -0.0033559140   0.0005001748   0.0010003057  -0.0000857451   0.0003275720
       -0.0048720699  -0.0091442740  -0.0011471914  -0.0246454762  -0.0006746786
       -0.0007471614  -0.0003563359
        0.0005065125  -0.0004248747  -0.0000238434   0.0037798308  -0.0018331644
        0.0008499104   0.0002362476  -0.0000966737  -0.0000628131  -0.1662799136
        0.1016202558  -0.0411684461   0.1978830866  -0.1148545816   0.0546583380
       -0.0260089444   0.0165167268  -0.0012472926   0.0001446318   0.0001723186
       -0.0004728172  -0.0030519503  -0.0011418955   0.0042759234  -0.0009669683
        0.0009414552  -0.0000902545  -0.0002297814  -0.0005201813   0.0000569108
        0.0001036909  -0.0001903262   0.0000693527   0.0011060202  -0.0019470125
        0.0004095393   0.0002675965   0.0001341806   0.0000301976  -0.0001071956
       -0.0002000450  -0.0005433064   0.0016182640  -0.0007051817  -0.0008057051
       -0.0061278722   0.0030760754  -0.0157838716   0.0001337510  -0.0001758802
        0.0002693261   0.0000326075  -0.0003177501  -0.0000357952  -0.0000570589
       -0.0000516209  -0.0000251016  -0.0003233720   0.0000621013  -0.0000648664
       -0.0000742048   0.0001331955   0.0001636210   0.0003051893   0.0003018240
       -0.0004857222  -0.0026745197  -0.0007979902  -0.0002402921  -0.0002156475
        0.0002990447   0.0002670082
        0.0009622719  -0.0000524456   0.0001108004   0.0195829082  -0.0178531173
        0.0062310430   0.0002917004   0.0004327144   0.0000816039   0.1012752741
       -0.1231854471   0.0363125839  -0.1148545816   0.1394876082  -0.0417192124
        0.0008117672   0.0017657926  -0.0004266467  -0.0004482286   0.0003060980
        0.0001433454   0.0000562714   0.0007748714   0.0001416252  -0.0002993450
        0.0000135850   0.0001089944  -0.0004080732   0.0001780737   0.0003933284
       -0.0001418384   0.0001545394  -0.0000589999   0.0006213903  -0.0090382636
        0.0026569087  -0.0001980897   0.0000882168  -0.0002687835   0.0000543106
        0.0000243729  -0.0000431626  -0.0003307300  -0.0001385409  -0.0004146256
       -0.0059410910   0.0070401108  -0.0024632682  -0.0004665411   0.0003223411
        0.0000796520  -0.0008346384  -0.0002035054  -0.0002501405  -0.0000002054
        0.0004055864   0.0001379251   0.0004181838  -0.0002247167   0.0002125331
       -0.0000811269  -0.0001137116  -0.0000257456  -0.0002696030  -0.0000479376
        0.0001670755  -0.0001869906   0.0001348161  -0.0005763655   0.0003870049
       -0.0002710413  -0.0005304685
        0.0000851087  -0.0005463316   0.0003447846  -0.0023877444   0.0030090244
        0.0000406586  -0.0002127788   0.0002561091  -0.0001390305  -0.0404408448
        0.0348845843  -0.0524667796   0.0546583380  -0.0417192124   0.0749512473
        0.0154236309  -0.0097284719   0.0032379154  -0.0003582226  -0.0003333181
        0.0003387233   0.0025040655   0.0005109081  -0.0027885566   0.0007000613
       -0.0006189061   0.0001457270   0.0000984384   0.0003252849  -0.0001642301
       -0.0000129955   0.0000027190  -0.0000500270  -0.0000439479   0.0006969147
        0.0002420740  -0.0001426390  -0.0000178048   0.0000585028  -0.0000375067
       -0.0001427238   0.0003411676  -0.0005108945   0.0002977613   0.0011740103
       -0.0243939850   0.0145483508  -0.0217956776  -0.0000767806   0.0001182778
       -0.0000717336  -0.0000705027  -0.0001915182   0.0001647805  -0.0000335821
        0.0000073675  -0.0001265638   0.0001714784  -0.0000195969   0.0000241037
        0.0001522361   0.0001090555  -0.0002279351  -0.0001102733  -0.0001348274
        0.0001882596  -0.0051770016  -0.0010475761  -0.0032478466   0.0002163420
       -0.0002660702  -0.0001735744
       -0.0004524227  -0.0002808818   0.0005310274  -0.0082342592  -0.0101564638
        0.0103845854  -0.0002443799  -0.0016265682  -0.0001194892  -0.1296148288
       -0.0079301326   0.0459542435  -0.0260089444   0.0008117672   0.0154236309
        0.4598687043   0.0291727266   0.0116575731  -0.0715146260  -0.0714305772
       -0.0067726578  -0.1090378463   0.0437000941   0.0023471507  -0.0168443713
        0.0149758453   0.0003171657   0.0109677411   0.0032413508  -0.0004027596
       -0.0004383145  -0.0026603578   0.0011242126  -0.0040553045   0.0025582144
        0.0002239445  -0.0014850961  -0.0012308503  -0.0019046259  -0.0247166405
        0.0096984438  -0.0182997174  -0.1027727275  -0.0090538465  -0.0761324028
        0.0096518700   0.0003791523  -0.0051270261  -0.0001422204   0.0007773992
       -0.0005131004  -0.0002427611   0.0000457725   0.0000922597   0.0001006271
        0.0001559935  -0.0000705118   0.0013778676  -0.0007410655   0.0005839539
        0.0014373411  -0.0008556650   0.0002245301   0.0130076238   0.0019196150
        0.0229889190   0.0004340665  -0.0004307990  -0.0008185687  -0.0010410983
       -0.0010391670  -0.0016923369
       -0.0004454348  -0.0001286998   0.0007756464  -0.0215515657  -0.0036151615
        0.0173980937  -0.0020848128  -0.0053009097   0.0016232183  -0.0121456488
       -0.0684838930   0.0130067361   0.0165167268   0.0017657926  -0.0097284719
        0.0291727266   0.4750884593   0.0159124577  -0.0714798811  -0.2176126931
       -0.0249668630   0.0528125377  -0.1140586779   0.0071888277   0.0055225603
       -0.0025740692  -0.0005232963   0.0155247767  -0.0211038517   0.0095238828
       -0.0012173085  -0.0042837826   0.0014088808   0.0033851747   0.0050226847
       -0.0036340472  -0.0003830845  -0.0003269834  -0.0017438298  -0.0085030890
        0.0040495609  -0.0032052051  -0.0092024054  -0.0503464861  -0.0103403987
        0.0018997678   0.0012080117  -0.0129092704   0.0005931804  -0.0012838233
        0.0003035725   0.0000589430  -0.0000841691  -0.0000038594  -0.0000573998
       -0.0000763933  -0.0002723860  -0.0008777595  -0.0005482743  -0.0000583386
        0.0000602655   0.0024222368  -0.0008753317   0.0021799046  -0.0017707856
        0.0025417646   0.0006489655  -0.0000132232   0.0004327151  -0.0004271398
        0.0020551310  -0.0018544977
       -0.0008504650  -0.0002742942   0.0030222114   0.0040226157   0.0061227550
       -0.0022414519  -0.0000105271  -0.0003399668   0.0001518242   0.0518121513
        0.0097391973  -0.0847492980  -0.0012472926  -0.0004266467   0.0032379154
        0.0116575731   0.0159124577   0.4658157753  -0.0071175029  -0.0234260740
       -0.0401851263  -0.0012064382   0.0075990234  -0.0579408766   0.0169687798
       -0.0143560955   0.0007938659  -0.0022944280   0.0072985912   0.0019357109
       -0.0004060862   0.0010290119  -0.0003573538  -0.0002674958  -0.0024979921
       -0.0001235066  -0.0011161545  -0.0002388154  -0.0022882932  -0.0284544063
        0.0094063434  -0.0138527866  -0.0467385911  -0.0076933226  -0.1970655173
        0.0126912678  -0.0047998511  -0.0422348861   0.0019399346   0.0026604869
       -0.0025171955   0.0000359300  -0.0002192387  -0.0001679222   0.0000338333
        0.0001787929  -0.0003137764   0.0007203951  -0.0014328272   0.0010806470
       -0.0013986327   0.0011106503  -0.0005467202  -0.0050648909  -0.0008289961
       -0.0281384896   0.0012560804   0.0001587534  -0.0027118799  -0.0049656499
       -0.0046819431  -0.0006028699
        0.0000544940  -0.0001185891   0.0001496456  -0.0040371778   0.0006455817
        0.0029951529  -0.0003794711  -0.0011657172   0.0003668338  -0.0136437538
       -0.0244791831   0.0022499077   0.0001446318  -0.0004482286  -0.0003582226
       -0.0715146260  -0.0714798811  -0.0071175029   0.0895302868   0.0843317388
        0.0175236756   0.0045039154   0.0203971071   0.0001479026   0.0000119336
        0.0001019880  -0.0001411652  -0.0033210171   0.0010728029  -0.0009608500
        0.0002878320   0.0008920320  -0.0003139992   0.0005763538   0.0000161485
       -0.0000630040   0.0003206007   0.0002952754   0.0004504267   0.0015563571
        0.0003542732   0.0012821301  -0.0066337789  -0.0124227823  -0.0139786547
        0.0016611715   0.0003423293  -0.0019283947  -0.0000518878  -0.0002624070
        0.0001833801   0.0000656437  -0.0000114346   0.0000506967   0.0000212751
        0.0000409847  -0.0000489985  -0.0002017466   0.0000574649  -0.0000880814
        0.0000722911   0.0002990152  -0.0003775946   0.0007440187   0.0008411982
        0.0003634840  -0.0002685100   0.0002690193  -0.0001769401   0.0005011639
        0.0004312639  -0.0002098279
        0.0001001468  -0.0001223789  -0.0002469713  -0.0014340650   0.0009243510
        0.0006389980   0.0000129251  -0.0002755542   0.0000573374  -0.0066335268
       -0.0073890868   0.0016915447   0.0001723186   0.0003060980  -0.0003333181
       -0.0714305772  -0.2176126931  -0.0234260740   0.0843317388   0.2526092546
        0.0325118433  -0.0035049550  -0.0301146180  -0.0002776696  -0.0002495003
       -0.0000750183   0.0000003561   0.0049910944  -0.0012527202   0.0003556183
       -0.0003866056  -0.0009777600   0.0004938426  -0.0000149002   0.0008523871
       -0.0002005284  -0.0002954195  -0.0004614413  -0.0006155375  -0.0018594162
        0.0027702780  -0.0009678613  -0.0054880406   0.0000733956  -0.0105757371
        0.0016878740   0.0004470325  -0.0005398325  -0.0002998065  -0.0000002732
        0.0001434025  -0.0000011446   0.0000341598   0.0000254788   0.0000795105
        0.0000668416   0.0000364359   0.0001078741   0.0001090193   0.0001712825
        0.0003173133  -0.0006816214   0.0012067360  -0.0001709794   0.0007711426
       -0.0002079994  -0.0003978116  -0.0001004795   0.0000268381   0.0003659529
        0.0000996847   0.0000318151
       -0.0000352460  -0.0000083440  -0.0003085779   0.0031072224  -0.0005768778
       -0.0023739355   0.0002632619   0.0009709964  -0.0002188233   0.0102804322
        0.0166374932   0.0001282797  -0.0004728172   0.0001433454   0.0003387233
       -0.0067726578  -0.0249668630  -0.0401851263   0.0175236756   0.0325118433
        0.0652233606  -0.0004224558   0.0023872463   0.0017986984   0.0000974778
       -0.0001067618  -0.0002203812  -0.0005735145   0.0002691420  -0.0000616730
        0.0001220935   0.0000566187  -0.0000149524  -0.0003513625  -0.0002285282
        0.0003881095   0.0000132366  -0.0000088697   0.0000676948  -0.0001554993
        0.0011275075   0.0002512759  -0.0221385844  -0.0288556295  -0.0249843698
       -0.0004239697   0.0008856806   0.0011181328  -0.0004756603  -0.0008698603
        0.0004193111  -0.0000456152   0.0000268537  -0.0000190771   0.0000054825
       -0.0000167869   0.0001118625  -0.0000016489   0.0000435309  -0.0001394063
       -0.0003864110   0.0008432888  -0.0007414177  -0.0004545569  -0.0012805250
       -0.0001854461   0.0003333874  -0.0002202359  -0.0000628444   0.0009637294
        0.0012357356  -0.0003294176
       -0.0006341206   0.0000099147   0.0000633991   0.0027008890  -0.0003010012
       -0.0019499424   0.0004826417   0.0002819051  -0.0001995526  -0.0224866019
        0.0154882052   0.0042832736  -0.0030519503   0.0000562714   0.0025040655
       -0.1090378463   0.0528125377  -0.0012064382   0.0045039154  -0.0035049550
       -0.0004224558   0.4638814573  -0.0143970593  -0.0414485656  -0.1188028716
        0.0139498863   0.1048568030  -0.0658234417  -0.0162201833   0.0052657997
        0.0040300269   0.0168157914  -0.0078568517  -0.0169460456  -0.0239093504
        0.0177982089   0.0014995562  -0.0075273790   0.0034726593  -0.1482380487
       -0.0454270064  -0.0824541906  -0.0088579885   0.0080127920  -0.0069289675
       -0.0011571338  -0.0004784825  -0.0021585261   0.0007559522   0.0000708196
        0.0003404581   0.0000648557  -0.0000362196  -0.0000018547   0.0000343131
        0.0000585486   0.0000733048  -0.0004707589  -0.0004258026  -0.0013393873
        0.0153658229   0.0059459063   0.0083042901   0.0020363796  -0.0014551597
       -0.0003418379   0.0005618915   0.0001866334   0.0000919766  -0.0004108936
       -0.0000066128  -0.0007456683
        0.0000531353  -0.0002660178   0.0003315919  -0.0000909610   0.0000253799
        0.0000994839   0.0004346446  -0.0001946839  -0.0000998082   0.0059378568
        0.0037958248  -0.0036427110  -0.0011418955   0.0007748714   0.0005109081
        0.0437000941  -0.1140586779   0.0075990234   0.0203971071  -0.0301146180
        0.0023872463  -0.0143970593   0.4237199456   0.0332459557   0.0147935920
       -0.0447897254  -0.0156282251  -0.0137060246  -0.1169996184   0.0305417814
       -0.0015149870  -0.0207737652   0.0091759371  -0.0058115510  -0.0014652715
        0.0037263680  -0.0089152819  -0.0280985114  -0.0116177314  -0.0311435259
       -0.0697467266  -0.0491834149   0.0004917447   0.0032571929   0.0020826855
       -0.0017241258  -0.0003287272   0.0005572955   0.0005652133  -0.0001982032
        0.0000302423   0.0001256102   0.0000335193   0.0000673334  -0.0000413395
       -0.0000443047  -0.0000786153  -0.0010035756   0.0007866945  -0.0006995432
       -0.0068055212  -0.0077232997  -0.0092206752  -0.0005613358   0.0013458531
        0.0002316322   0.0004222601   0.0006531417  -0.0003062845  -0.0000640740
        0.0004097281  -0.0001104757
       -0.0002853976  -0.0001428068  -0.0001830447  -0.0023020804  -0.0002488369
        0.0016491632  -0.0001685241  -0.0000761774   0.0000639754   0.0136704250
       -0.0114359458   0.0058909244   0.0042759234   0.0001416252  -0.0027885566
        0.0023471507   0.0071888277  -0.0579408766   0.0001479026  -0.0002776696
        0.0017986984  -0.0414485656   0.0332459557   0.5041276601   0.1077294224
       -0.0170031509  -0.1789020556   0.0033599130   0.0259033294  -0.0600992709
        0.0009784379   0.0164631415  -0.0048230599   0.0219855059   0.0184278720
       -0.0162591296  -0.0077912812  -0.0302875567  -0.0041735306  -0.0554477129
       -0.0481920885  -0.1414917593  -0.0255898181   0.0172968284  -0.0189361940
       -0.0041885729  -0.0000308863  -0.0005119240   0.0001181662   0.0001108797
        0.0000799262  -0.0000503532  -0.0000726843  -0.0000237034  -0.0001096888
       -0.0000672427  -0.0000845948  -0.0002029226  -0.0012798250   0.0006618523
       -0.0168776571  -0.0118014858  -0.0275521396  -0.0015471725   0.0013027027
        0.0003403480   0.0016077488   0.0007508655  -0.0006233617  -0.0002108489
        0.0000843290  -0.0002193466
       -0.0002146418   0.0000379472   0.0003385866   0.0003292954   0.0002257174
       -0.0001394535   0.0001903683   0.0000391795  -0.0001636197  -0.0031120135
        0.0036737877  -0.0012387253  -0.0009669683  -0.0002993450   0.0007000613
       -0.0168443713   0.0055225603   0.0169687798   0.0000119336  -0.0002495003
        0.0000974778  -0.1188028716   0.0147935920   0.1077294224   0.1361472225
       -0.0147654145  -0.1160873855  -0.0070593657  -0.0017791979   0.0108063749
       -0.0000338093   0.0000227185  -0.0000552238  -0.0014605488  -0.0030069045
        0.0017193690   0.0004256936   0.0015640360  -0.0004523875   0.0108748320
       -0.0036149313  -0.0168756573   0.0015929288  -0.0013262630   0.0013336930
        0.0007515581  -0.0001609690  -0.0002111153   0.0005344606   0.0000049147
       -0.0002264796   0.0001146722  -0.0000206325  -0.0000473214   0.0000631436
        0.0000217800  -0.0000486837  -0.0006294829  -0.0004718610   0.0002045390
       -0.0008522430  -0.0010526852  -0.0032768906  -0.0003947626   0.0008943523
       -0.0010990459  -0.0001812634  -0.0000895794  -0.0000906777  -0.0004837666
        0.0000366980   0.0001143631
       -0.0000375815   0.0000173585   0.0000411914   0.0003727807  -0.0001812543
       -0.0000255406   0.0000118730  -0.0000496383  -0.0000032862   0.0023350234
       -0.0020847758   0.0012964498   0.0009414552   0.0000135850  -0.0006189061
        0.0149758453  -0.0025740692  -0.0143560955   0.0001019880  -0.0000750183
       -0.0001067618   0.0139498863  -0.0447897254  -0.0170031509  -0.0147654145
        0.0550805556   0.0247450851  -0.0151546141  -0.0004825664   0.0190543317
       -0.0001116368  -0.0001480598   0.0000518788  -0.0042631109  -0.0054962419
        0.0037726900   0.0002382114   0.0020301609   0.0002960020   0.0044033642
       -0.0023158567  -0.0138721203  -0.0013279931   0.0006683942  -0.0016403227
       -0.0002945887   0.0000321411  -0.0000133683   0.0000643804  -0.0000806678
       -0.0000341821  -0.0000326719   0.0000024483  -0.0000537967   0.0000398643
        0.0000428655   0.0000175573  -0.0002182682  -0.0002807504   0.0002259760
       -0.0014966500   0.0006540777  -0.0026199730   0.0002433185   0.0000402166
        0.0008806151  -0.0000143236  -0.0001096986  -0.0000317819   0.0000388626
        0.0000865196  -0.0000024912
        0.0001518212   0.0000092053  -0.0002223959  -0.0002144973  -0.0000172113
       -0.0000012732  -0.0001130663  -0.0000153042   0.0000711093  -0.0007078902
       -0.0000934076   0.0003217614  -0.0000902545   0.0001089944   0.0001457270
        0.0003171657  -0.0005232963   0.0007938659  -0.0001411652   0.0000003561
       -0.0002203812   0.1048568030  -0.0156282251  -0.1789020556  -0.1160873855
        0.0247450851   0.2215303297   0.0092651821   0.0007940976  -0.0097857107
       -0.0000275127   0.0000695386  -0.0003031304   0.0016309574   0.0029855901
       -0.0015864771  -0.0010588280  -0.0018156643   0.0012129012   0.0058370290
       -0.0113416409  -0.0307589571  -0.0012672893   0.0007245878   0.0023430175
        0.0002884246  -0.0000101193  -0.0001606958  -0.0002850958   0.0000663496
        0.0002235081  -0.0000301839   0.0000048328   0.0000099861  -0.0000249792
       -0.0000191808  -0.0000065031   0.0000959236   0.0001190845  -0.0001197262
       -0.0030106581   0.0000155643  -0.0044459681   0.0005634110  -0.0000551810
       -0.0001933806  -0.0001102295  -0.0001122972   0.0000886776   0.0001623179
       -0.0000117584  -0.0000342290
        0.0000950987  -0.0003831054  -0.0013347883  -0.0383329262   0.0129222739
        0.0105354144  -0.0028910645   0.0024453445  -0.0006172394   0.0032389440
       -0.0026060609  -0.0004512505  -0.0002297814  -0.0004080732   0.0000984384
        0.0109677411   0.0155247767  -0.0022944280  -0.0033210171   0.0049910944
       -0.0005735145  -0.0658234417  -0.0137060246   0.0033599130  -0.0070593657
       -0.0151546141   0.0092651821   0.4763305762  -0.0326876251   0.0750302131
       -0.1473378358   0.0724120306  -0.0848911740  -0.1292599026  -0.0006939541
        0.0505213827  -0.0790713335  -0.0001787381  -0.0308625789  -0.0125985051
       -0.0206957715  -0.0041439413  -0.0028560544  -0.0009064103  -0.0025784632
       -0.0013379004  -0.0014413636   0.0009367166  -0.0022283682   0.0005036599
        0.0020959730   0.0000856344  -0.0002545470   0.0000746771  -0.0007580401
       -0.0004879934  -0.0000139924  -0.0006608579  -0.0223034696  -0.0239796151
        0.0015409632  -0.0000967181  -0.0004985149  -0.0000303929  -0.0002764460
        0.0006789290   0.0004968694   0.0019560729   0.0006184649   0.0010409607
        0.0015256622  -0.0009758037
       -0.0012556043   0.0015714355   0.0025645879   0.0123649362  -0.0011366696
       -0.0151766118   0.0038457933  -0.0015894523   0.0003144084  -0.0008538662
        0.0018479231  -0.0005206375  -0.0005201813   0.0001780737   0.0003252849
        0.0032413508  -0.0211038517   0.0072985912   0.0010728029  -0.0012527202
        0.0002691420  -0.0162201833  -0.1169996184   0.0259033294  -0.0017791979
       -0.0004825664   0.0007940976  -0.0326876251   0.4225408509  -0.0178859783
        0.0684870623  -0.0875471994   0.0570198376  -0.0116787757  -0.0593218763
        0.0344782488  -0.0076333816  -0.1270786330  -0.0891381175  -0.0095372463
       -0.0136858935  -0.0023381947  -0.0021923594  -0.0007756671  -0.0022734009
       -0.0014362826   0.0000678730   0.0004071780   0.0049116411  -0.0035932348
       -0.0005461089   0.0001930085  -0.0005140391  -0.0000961824  -0.0007017800
       -0.0002643571   0.0000597727  -0.0093357860   0.0079069843   0.0004492671
       -0.0003018539  -0.0003043045  -0.0019319548   0.0005322201  -0.0001304161
        0.0010153837   0.0004332994  -0.0002677051  -0.0013151000   0.0010520090
        0.0019350643   0.0003231574
       -0.0025291174   0.0020083676   0.0064940310   0.0048720453  -0.0157084614
        0.0118334543  -0.0014362222   0.0013267848   0.0003181524   0.0011243828
        0.0006999359   0.0012126904   0.0000569108   0.0003933284  -0.0001642301
       -0.0004027596   0.0095238828   0.0019357109  -0.0009608500   0.0003556183
       -0.0000616730   0.0052657997   0.0305417814  -0.0600992709   0.0108063749
        0.0190543317  -0.0097857107   0.0750302131  -0.0178859783   0.4467030248
       -0.0820035429   0.0570263851  -0.0993670302   0.0492224531   0.0247729423
       -0.1102313913  -0.0347449091  -0.0782608556  -0.1535943347  -0.0159177721
       -0.0232168693  -0.0025196446   0.0000664682  -0.0028287250  -0.0021785192
       -0.0002434814   0.0010338104  -0.0016598818   0.0089041822  -0.0034801460
       -0.0035450123  -0.0000778111  -0.0004851890  -0.0007762333  -0.0002209943
        0.0000913636   0.0000370747  -0.0148582997  -0.0038884373  -0.0241132449
       -0.0011371987  -0.0021060294   0.0007195578   0.0001635073   0.0015803617
       -0.0002233843   0.0003815512  -0.0021002501  -0.0012756897  -0.0013609299
        0.0015520474   0.0003415546
       -0.0001247420   0.0002537466   0.0001891966  -0.0050112392  -0.0006977646
        0.0025104400  -0.0007194909   0.0006360380  -0.0001508443  -0.0001585845
       -0.0003443115   0.0000606755   0.0001036909  -0.0001418384  -0.0000129955
       -0.0004383145  -0.0012173085  -0.0004060862   0.0002878320  -0.0003866056
        0.0001220935   0.0040300269  -0.0015149870   0.0009784379  -0.0000338093
       -0.0001116368  -0.0000275127  -0.1473378358   0.0684870623  -0.0820035429
        0.1860053554  -0.0802921048   0.0976648139  -0.0319099760   0.0162742059
       -0.0058620897  -0.0064511636  -0.0013684017  -0.0117516460   0.0004185846
       -0.0005330415   0.0006660524   0.0001221903   0.0001436910   0.0003385359
        0.0002985370  -0.0000184286   0.0000355718   0.0000607501  -0.0000048281
        0.0000676283   0.0000706652  -0.0000271364  -0.0001181461   0.0000437906
        0.0001020583   0.0000187260   0.0012031642   0.0005651686  -0.0023260224
       -0.0001043725   0.0002602256   0.0000181286   0.0000095498  -0.0000235298
       -0.0000465964  -0.0003181351   0.0000946521  -0.0000644970  -0.0000464736
       -0.0001349252   0.0000996788
        0.0001036564  -0.0001185884  -0.0000433562   0.0010790201   0.0010437815
        0.0002337192  -0.0001049062   0.0000098118   0.0000731208  -0.0003114646
        0.0004163891   0.0001897672  -0.0001903262   0.0001545394   0.0000027190
       -0.0026603578  -0.0042837826   0.0010290119   0.0008920320  -0.0009777600
        0.0000566187   0.0168157914  -0.0207737652   0.0164631415   0.0000227185
       -0.0001480598   0.0000695386   0.0724120306  -0.0875471994   0.0570263851
       -0.0802921048   0.1042241323  -0.0563472157   0.0050640202  -0.0005813346
       -0.0013173823  -0.0144066971   0.0066152577  -0.0140550749   0.0015737486
        0.0028740628  -0.0004065126   0.0003073632   0.0002283600   0.0003207423
       -0.0001933515   0.0000738850  -0.0001019371  -0.0006727319   0.0003609296
       -0.0000354418  -0.0000288515   0.0000159501   0.0000286564  -0.0000171218
       -0.0000170037  -0.0000285513   0.0003446084  -0.0004968470  -0.0031773452
        0.0000151041  -0.0008517006   0.0001828096   0.0000525662  -0.0000395137
       -0.0001013348   0.0002517594  -0.0000849783  -0.0000095643  -0.0000565057
       -0.0000965658  -0.0000525142
        0.0005048604  -0.0003506932  -0.0004579071   0.0035767492   0.0006789427
       -0.0005784809   0.0005462911  -0.0003945847   0.0000777232   0.0001037274
       -0.0000174274  -0.0000811765   0.0000693527  -0.0000589999  -0.0000500270
        0.0011242126   0.0014088808  -0.0003573538  -0.0003139992   0.0004938426
       -0.0000149524  -0.0078568517   0.0091759371  -0.0048230599  -0.0000552238
        0.0000518788  -0.0003031304  -0.0848911740   0.0570198376  -0.0993670302
        0.0976648139  -0.0563472157   0.1304817000   0.0148422392  -0.0083370452
        0.0062511221  -0.0250735702  -0.0002986815  -0.0275360264  -0.0001654485
       -0.0019178997   0.0007930336  -0.0000752424   0.0001173032  -0.0001386663
       -0.0000282575   0.0000320225   0.0001396419  -0.0012677361   0.0006593771
        0.0001002497   0.0000720537   0.0001039952   0.0002076660   0.0000296065
       -0.0000571868  -0.0000320440   0.0009908329  -0.0016340587  -0.0043561827
        0.0001251594  -0.0000702581  -0.0001112534  -0.0000995091  -0.0000725409
        0.0000552451   0.0001031982  -0.0000100642   0.0000795028   0.0000739154
       -0.0001753615   0.0000214067
       -0.0262643059   0.0156303236  -0.0077055041  -0.1241155916   0.0620243812
       -0.0272593954  -0.0306693127   0.0183089659   0.0014758953  -0.0036242104
        0.0142650780  -0.0067101228   0.0011060202   0.0006213903  -0.0000439479
       -0.0040553045   0.0033851747  -0.0002674958   0.0005763538  -0.0000149002
       -0.0003513625  -0.0169460456  -0.0058115510   0.0219855059  -0.0014605488
       -0.0042631109   0.0016309574  -0.1292599026  -0.0116787757   0.0492224531
       -0.0319099760   0.0050640202   0.0148422392   0.3617697585  -0.1043716483
       -0.0644077445   0.0036594739   0.0109429131   0.0285530888  -0.0015685026
       -0.0029990466  -0.0032305330   0.0023623192  -0.0002800577   0.0011525047
        0.0031889753  -0.0008085404   0.0001687117   0.0076480942  -0.0016971540
       -0.0047037849  -0.0043352304  -0.0019685871  -0.0043806190   0.0014266430
        0.0009836714   0.0012227737  -0.0039390794   0.0025733773  -0.0028627442
       -0.0001910776   0.0010712382   0.0002356058  -0.0003140388   0.0006549333
       -0.0005693793  -0.0010664061  -0.0005156102   0.0013143449  -0.0020181050
       -0.0011164851   0.0006885529
        0.0017936740   0.0028684831   0.0005821961   0.0584645426  -0.1036361516
        0.0421011162   0.0072743960  -0.0017487903  -0.0024162853   0.0310762681
       -0.0412525965   0.0109020622  -0.0019470125  -0.0090382636   0.0006969147
        0.0025582144   0.0050226847  -0.0024979921   0.0000161485   0.0008523871
       -0.0002285282  -0.0239093504  -0.0014652715   0.0184278720  -0.0030069045
       -0.0054962419   0.0029855901  -0.0006939541  -0.0593218763   0.0247729423
        0.0162742059  -0.0005813346  -0.0083370452  -0.1043716483   0.2067782018
       -0.0730770764   0.0162268394   0.0008050042  -0.0233263294  -0.0004867113
        0.0003159810  -0.0004853314   0.0001290757   0.0011944506   0.0006279778
        0.0024853269  -0.0001866000   0.0039233251  -0.0028008035   0.0020034414
        0.0024885869  -0.0006605670   0.0008086650  -0.0007219528   0.0006634474
        0.0010963219   0.0002917741   0.0010722571  -0.0010278395   0.0029431291
        0.0010223557   0.0004982320   0.0002461942  -0.0001359873  -0.0003702941
       -0.0002980683  -0.0009840893   0.0029891868   0.0003903702  -0.0000597238
       -0.0011077798   0.0000085582
       -0.0250537254   0.0141521607  -0.0072884124  -0.0193401333   0.0413031176
       -0.0862971930   0.0203853028  -0.0140193901   0.0057917745  -0.0107473878
        0.0095276339  -0.0029584305   0.0004095393   0.0026569087   0.0002420740
        0.0002239445  -0.0036340472  -0.0001235066  -0.0000630040  -0.0002005284
        0.0003881095   0.0177982089   0.0037263680  -0.0162591296   0.0017193690
        0.0037726900  -0.0015864771   0.0505213827   0.0344782488  -0.1102313913
       -0.0058620897  -0.0013173823   0.0062511221  -0.0644077445  -0.0730770764
        0.2489485909   0.0330885961  -0.0199493503  -0.0485994156   0.0022112167
        0.0015174396   0.0042918870  -0.0001507696   0.0005710825   0.0007310175
        0.0012920653  -0.0031129054   0.0032310884  -0.0002331722   0.0012492446
        0.0031334515  -0.0051039942  -0.0011395428  -0.0032850822   0.0015490870
        0.0010564427   0.0007611370   0.0016910766  -0.0008179423   0.0027332246
        0.0006101519   0.0008438730  -0.0004726687   0.0000414679  -0.0003328697
        0.0002269665  -0.0005662820   0.0032703813   0.0006037020  -0.0000131058
       -0.0005245565  -0.0002324386
        0.0012703591  -0.0005651350  -0.0046140653   0.0008991209   0.0006892120
        0.0006397128  -0.0001481772  -0.0000064177  -0.0002986398  -0.0009147869
       -0.0004996944   0.0000666964   0.0002675965  -0.0001980897  -0.0001426390
       -0.0014850961  -0.0003830845  -0.0011161545   0.0003206007  -0.0002954195
        0.0000132366   0.0014995562  -0.0089152819  -0.0077912812   0.0004256936
        0.0002382114  -0.0010588280  -0.0790713335  -0.0076333816  -0.0347449091
       -0.0064511636  -0.0144066971  -0.0250735702   0.0036594739   0.0162268394
        0.0330885961   0.3880286137  -0.0740580644   0.1525679233  -0.0013038790
       -0.0045939622  -0.0008650609   0.0020993896   0.0010656296   0.0013971268
        0.0010681389   0.0004115534   0.0001547985  -0.0228120261   0.0122409476
       -0.0057250226  -0.0003557792   0.0003751008   0.0008489594   0.0005964310
        0.0001801925  -0.0002721120  -0.2839197451   0.0818124240  -0.1077158811
       -0.0004716784   0.0002619480   0.0002240484  -0.0002388307   0.0003139246
       -0.0003542183  -0.0005325207  -0.0002526069   0.0000605571  -0.0024299574
       -0.0020081485   0.0007107266
       -0.0001931290  -0.0006853886   0.0001955363  -0.0009331382  -0.0011770336
       -0.0006331158   0.0001355683  -0.0000560427   0.0000332121  -0.0006575266
        0.0001679421   0.0004170867   0.0001341806   0.0000882168  -0.0000178048
       -0.0012308503  -0.0003269834  -0.0002388154   0.0002952754  -0.0004614413
       -0.0000088697  -0.0075273790  -0.0280985114  -0.0302875567   0.0015640360
        0.0020301609  -0.0018156643  -0.0001787381  -0.1270786330  -0.0782608556
       -0.0013684017   0.0066152577  -0.0002986815   0.0109429131   0.0008050042
       -0.0199493503  -0.0740580644   0.2051582079   0.1201650037  -0.0076716139
       -0.0106023744  -0.0038734402   0.0014825051  -0.0004163826   0.0011998440
        0.0007896633   0.0000400884  -0.0003647623   0.0066616573   0.0014148299
        0.0026342030  -0.0001753421   0.0001382237  -0.0002659436   0.0005174067
        0.0001148392  -0.0002801036   0.0729641107  -0.0475831347   0.0113760420
       -0.0001581284  -0.0000730210   0.0008009182  -0.0002369704   0.0004194054
       -0.0006462955  -0.0002825700  -0.0000160143   0.0005170771  -0.0008154646
       -0.0004172154  -0.0003976637
        0.0021059426  -0.0007038289  -0.0041760907  -0.0031544999   0.0024944611
       -0.0016440714   0.0009133126  -0.0003276101   0.0003356223  -0.0001683027
       -0.0000364623  -0.0004299222   0.0000301976  -0.0002687835   0.0000585028
       -0.0019046259  -0.0017438298  -0.0022882932   0.0004504267  -0.0006155375
        0.0000676948   0.0034726593  -0.0116177314  -0.0041735306  -0.0004523875
        0.0002960020   0.0012129012  -0.0308625789  -0.0891381175  -0.1535943347
       -0.0117516460  -0.0140550749  -0.0275360264   0.0285530888  -0.0233263294
       -0.0485994156   0.1525679233   0.1201650037   0.3094098269  -0.0033799898
       -0.0038630192  -0.0009367216   0.0012408273   0.0019799190   0.0031134521
        0.0004730650  -0.0003737751   0.0005715800  -0.0126545386   0.0060147037
        0.0036993789  -0.0004910971   0.0002017698   0.0008160729  -0.0002586506
       -0.0002856454  -0.0000076396  -0.1243984129   0.0166530396  -0.0762939405
        0.0000612224   0.0008055159   0.0006660763  -0.0002632417  -0.0011525284
       -0.0002412288  -0.0001713737   0.0008134842   0.0006297136   0.0000426797
       -0.0019156255  -0.0006596066
        0.0004762397   0.0000512118  -0.0000496866   0.0003504332  -0.0000223340
       -0.0001710802   0.0000671684   0.0000639907   0.0000680189   0.0003416655
        0.0001708952  -0.0002438561  -0.0001071956   0.0000543106  -0.0000375067
       -0.0247166405  -0.0085030890  -0.0284544063   0.0015563571  -0.0018594162
       -0.0001554993  -0.1482380487  -0.0311435259  -0.0554477129   0.0108748320
        0.0044033642   0.0058370290  -0.0125985051  -0.0095372463  -0.0159177721
        0.0004185846   0.0015737486  -0.0001654485  -0.0015685026  -0.0004867113
        0.0022112167  -0.0013038790  -0.0076716139  -0.0033799898   0.3637860811
       -0.0235631755  -0.0534386813  -0.0089216684   0.0051068983  -0.0065586246
       -0.0041637660   0.0014577275   0.0023199317  -0.0007410427  -0.0000615784
       -0.0002687017  -0.0000098127   0.0001163488   0.0000238349   0.0000623270
       -0.0000280675   0.0000371099   0.0006023405  -0.0000581453   0.0006927121
       -0.1761248245   0.0699444342   0.1525940225  -0.0001124071  -0.0002924945
        0.0007379360  -0.0004632705   0.0000693421  -0.0005438176   0.0005335345
        0.0002151256   0.0003109719
        0.0001049871   0.0000415564  -0.0002966102   0.0015090861  -0.0014542287
        0.0003356344  -0.0001464620   0.0001920356   0.0000179151  -0.0003053106
       -0.0007974160  -0.0005951105  -0.0002000450   0.0000243729  -0.0001427238
        0.0096984438   0.0040495609   0.0094063434   0.0003542732   0.0027702780
        0.0011275075  -0.0454270064  -0.0697467266  -0.0481920885  -0.0036149313
       -0.0023158567  -0.0113416409  -0.0206957715  -0.0136858935  -0.0232168693
       -0.0005330415   0.0028740628  -0.0019178997  -0.0029990466   0.0003159810
        0.0015174396  -0.0045939622  -0.0106023744  -0.0038630192  -0.0235631755
        0.1462998232   0.1860993188   0.0042212621   0.0001687971   0.0032915645
        0.0037078080   0.0011321231  -0.0003472348  -0.0010761633   0.0008800589
       -0.0002896669  -0.0002013402   0.0001095603  -0.0000876449   0.0001772373
        0.0001134865   0.0000218827   0.0014354152  -0.0008774974   0.0008225278
        0.0822236575  -0.0567083968  -0.1121456896  -0.0000443959  -0.0007695293
       -0.0005183399   0.0001941502  -0.0010699266   0.0001371599  -0.0002256684
       -0.0009438507   0.0001772444
        0.0004666505   0.0000117726  -0.0005448115   0.0000673076   0.0001970412
       -0.0002961146  -0.0000744160  -0.0001028301   0.0001399397  -0.0003770662
       -0.0005016653  -0.0036928220  -0.0005433064  -0.0000431626   0.0003411676
       -0.0182997174  -0.0032052051  -0.0138527866   0.0012821301  -0.0009678613
        0.0002512759  -0.0824541906  -0.0491834149  -0.1414917593  -0.0168756573
       -0.0138721203  -0.0307589571  -0.0041439413  -0.0023381947  -0.0025196446
        0.0006660524  -0.0004065126   0.0007930336  -0.0032305330  -0.0004853314
        0.0042918870  -0.0008650609  -0.0038734402  -0.0009367216  -0.0534386813
        0.1860993188   0.4274190767  -0.0067701548   0.0033021668  -0.0040934343
        0.0054061211  -0.0000935841   0.0018781359  -0.0008917059  -0.0001322765
        0.0003476733  -0.0000212939   0.0001078913   0.0000670039   0.0000487046
       -0.0000264814   0.0000808309   0.0009492813   0.0002124561   0.0004838685
        0.1793554693  -0.1139557049  -0.2391384779   0.0001007689  -0.0005029617
        0.0008494818  -0.0011409592  -0.0006211298   0.0003046352   0.0007841985
        0.0003812302   0.0000775195
        0.0005156226  -0.0007531828  -0.0026451043  -0.0007072799   0.0009735021
       -0.0011247921   0.0001898591   0.0003354925  -0.0001642253   0.0081419478
        0.0013530600   0.0183870075   0.0016182640  -0.0003307300  -0.0005108945
       -0.1027727275  -0.0092024054  -0.0467385911  -0.0066337789  -0.0054880406
       -0.0221385844  -0.0088579885   0.0004917447  -0.0255898181   0.0015929288
       -0.0013279931  -0.0012672893  -0.0028560544  -0.0021923594   0.0000664682
        0.0001221903   0.0003073632  -0.0000752424   0.0023623192   0.0001290757
       -0.0001507696   0.0020993896   0.0014825051   0.0012408273  -0.0089216684
        0.0042212621  -0.0067701548   0.4139212035   0.0550125295  -0.0992790864
       -0.0009841205   0.0004245907   0.0071152300  -0.0051061075  -0.0145886658
        0.0032223876   0.0001727044   0.0001937498   0.0000786862  -0.0001970132
        0.0000101623   0.0005914129  -0.0029932575   0.0005840835  -0.0008473436
       -0.0003911951   0.0001479974   0.0011360494  -0.2882042108  -0.0342042660
        0.1752171334  -0.0007317122   0.0001220450   0.0007134762  -0.0013793152
        0.0022984794  -0.0004667828
        0.0016612793  -0.0010139245  -0.0035688877   0.0005124293  -0.0007451954
       -0.0003857374   0.0000780232   0.0003513857   0.0001233317   0.0016830222
        0.0014393554   0.0032703313  -0.0007051817  -0.0001385409   0.0002977613
       -0.0090538465  -0.0503464861  -0.0076933226  -0.0124227823   0.0000733956
       -0.0288556295   0.0080127920   0.0032571929   0.0172968284  -0.0013262630
        0.0006683942   0.0007245878  -0.0009064103  -0.0007756671  -0.0028287250
        0.0001436910   0.0002283600   0.0001173032  -0.0002800577   0.0011944506
        0.0005710825   0.0010656296  -0.0004163826   0.0019799190   0.0051068983
        0.0001687971   0.0033021668   0.0550125295   0.0732917136  -0.0080473689
        0.0002513805   0.0013662236   0.0000714878  -0.0121248232  -0.0120529140
        0.0020501240  -0.0004504787   0.0003101061   0.0003235925  -0.0002043003
        0.0000813033   0.0009344998  -0.0010220412   0.0017099891  -0.0007280434
        0.0000357071  -0.0007820448   0.0002018505  -0.0344864058  -0.0086259744
        0.0204887278  -0.0001060832  -0.0002393447  -0.0001784326  -0.0004747081
       -0.0090041928   0.0005325526
        0.0008002849   0.0003028377  -0.0027558410  -0.0011457231  -0.0006286368
        0.0002071536   0.0000201950  -0.0001934045   0.0001751325  -0.0066504477
        0.0004930963  -0.0291642996  -0.0008057051  -0.0004146256   0.0011740103
       -0.0761324028  -0.0103403987  -0.1970655173  -0.0139786547  -0.0105757371
       -0.0249843698  -0.0069289675   0.0020826855  -0.0189361940   0.0013336930
       -0.0016403227   0.0023430175  -0.0025784632  -0.0022734009  -0.0021785192
        0.0003385359   0.0003207423  -0.0001386663   0.0011525047   0.0006279778
        0.0007310175   0.0013971268   0.0011998440   0.0031134521  -0.0065586246
        0.0032915645  -0.0040934343  -0.0992790864  -0.0080473689   0.4621858572
        0.0051611872   0.0004052069  -0.0075656784  -0.0005595042  -0.0014340643
        0.0050238666  -0.0000047411   0.0000618307   0.0001792966  -0.0001971122
       -0.0001566056   0.0003625537  -0.0013060445   0.0012028763  -0.0012963934
        0.0002879654  -0.0002956170   0.0012555493   0.2030601905   0.0243250029
       -0.1854231384   0.0000689858  -0.0005174590  -0.0000858998   0.0025048082
        0.0022039764  -0.0030629555
       -0.0006134545  -0.0036653453   0.0016179817  -0.0088013160  -0.0115862354
       -0.0173161708   0.0006354140   0.0012296841  -0.0016515716  -0.0660915138
       -0.0206032660  -0.0453561326  -0.0061278722  -0.0059410910  -0.0243939850
        0.0096518700   0.0018997678   0.0126912678   0.0016611715   0.0016878740
       -0.0004239697  -0.0011571338  -0.0017241258  -0.0041885729   0.0007515581
       -0.0002945887   0.0002884246  -0.0013379004  -0.0014362826  -0.0002434814
        0.0002985370  -0.0001933515  -0.0000282575   0.0031889753   0.0024853269
        0.0012920653   0.0010681389   0.0007896633   0.0004730650  -0.0041637660
        0.0037078080   0.0054061211  -0.0009841205   0.0002513805   0.0051611872
        0.0822336698  -0.0272609538   0.1198844892   0.0012021051  -0.0001603782
       -0.0013272043   0.0005881685  -0.0000676327   0.0001849524  -0.0006326654
       -0.0005540716  -0.0006546556  -0.0010577248   0.0001591594  -0.0001000539
        0.0047795350  -0.0020499514  -0.0006645539   0.0000849097   0.0000500812
        0.0003923750  -0.0143896587   0.0636157736  -0.0514827449  -0.0007869269
       -0.0003392448   0.0004394248
       -0.0012912414  -0.0067893348   0.0024515583  -0.0171307425  -0.0225576640
       -0.0349346803   0.0006551688   0.0019527362  -0.0017571477  -0.0085859349
       -0.0972390662  -0.0338343920   0.0030760754   0.0070401108   0.0145483508
        0.0003791523   0.0012080117  -0.0047998511   0.0003423293   0.0004470325
        0.0008856806  -0.0004784825  -0.0003287272  -0.0000308863  -0.0001609690
        0.0000321411  -0.0000101193  -0.0014413636   0.0000678730   0.0010338104
       -0.0000184286   0.0000738850   0.0000320225  -0.0008085404  -0.0001866000
       -0.0031129054   0.0004115534   0.0000400884  -0.0003737751   0.0014577275
        0.0011321231  -0.0000935841   0.0004245907   0.0013662236   0.0004052069
       -0.0272609538   0.4243301475  -0.0926465071   0.0003575987   0.0002683665
       -0.0013274235   0.0001576682  -0.0000125812   0.0000893504  -0.0012740736
       -0.0007081689  -0.0011164269  -0.0002871879   0.0000949382   0.0002342443
       -0.0004316127  -0.0014568180  -0.0002880703  -0.0000834629  -0.0001308659
       -0.0000698652   0.0520410193  -0.3081348967   0.1543323818  -0.0000498898
       -0.0005089549   0.0003830284
       -0.0000675195  -0.0034222519   0.0012716768  -0.0101212131  -0.0110623616
       -0.0164935930   0.0006817498   0.0019048985   0.0013561350  -0.0478774823
       -0.0641607866  -0.1850715576  -0.0157838716  -0.0024632682  -0.0217956776
       -0.0051270261  -0.0129092704  -0.0422348861  -0.0019283947  -0.0005398325
        0.0011181328  -0.0021585261   0.0005572955  -0.0005119240  -0.0002111153
       -0.0000133683  -0.0001606958   0.0009367166   0.0004071780  -0.0016598818
        0.0000355718  -0.0001019371   0.0001396419   0.0001687117   0.0039233251
        0.0032310884   0.0001547985  -0.0003647623   0.0005715800   0.0023199317
       -0.0003472348   0.0018781359   0.0071152300   0.0000714878  -0.0075656784
        0.1198844892  -0.0926465071   0.4128599625  -0.0000782292  -0.0002085055
        0.0001004161   0.0002907701   0.0002120664   0.0001235078  -0.0007787454
       -0.0006460613  -0.0006402293  -0.0002861047   0.0005551286  -0.0001066371
        0.0010054373  -0.0001555270  -0.0013641738  -0.0004157598   0.0000096815
       -0.0021430327  -0.0483164443   0.1808338107  -0.1433070332   0.0005570254
        0.0005668025   0.0004047231
       -0.0814705692   0.0100625290   0.0725436947   0.0059087377   0.0021538305
       -0.0110258204   0.0000479492  -0.0010817890  -0.0031136777  -0.0006001103
       -0.0000232246   0.0009668714   0.0001337510  -0.0004665411  -0.0000767806
       -0.0001422204   0.0005931804   0.0019399346  -0.0000518878  -0.0002998065
       -0.0004756603   0.0007559522   0.0005652133   0.0001181662   0.0005344606
        0.0000643804  -0.0002850958  -0.0022283682   0.0049116411   0.0089041822
        0.0000607501  -0.0006727319  -0.0012677361   0.0076480942  -0.0028008035
       -0.0002331722  -0.0228120261   0.0066616573  -0.0126545386  -0.0007410427
       -0.0010761633  -0.0008917059  -0.0051061075  -0.0121248232  -0.0005595042
        0.0012021051   0.0003575987  -0.0000782292   0.1704503576   0.1010145309
       -0.1381026331  -0.0182122544   0.0065991948   0.0345913628  -0.0060423111
       -0.0030634233   0.0146784556   0.0023115591  -0.0041220848   0.0011799995
       -0.0001225603   0.0002699561   0.0002723273  -0.0002795590   0.0001608031
       -0.0009177241  -0.0005020832   0.0000422835   0.0002698014  -0.0507426166
       -0.1077254079   0.0342174825
       -0.0002238691  -0.0800154363  -0.0101112430   0.0066741717   0.0001548462
       -0.0129987365  -0.0013813280  -0.0003366300  -0.0026320885   0.0005377307
        0.0006622439   0.0005626228  -0.0001758802   0.0003223411   0.0001182778
        0.0007773992  -0.0012838233   0.0026604869  -0.0002624070  -0.0000002732
       -0.0008698603   0.0000708196  -0.0001982032   0.0001108797   0.0000049147
       -0.0000806678   0.0000663496   0.0005036599  -0.0035932348  -0.0034801460
       -0.0000048281   0.0003609296   0.0006593771  -0.0016971540   0.0020034414
        0.0012492446   0.0122409476   0.0014148299   0.0060147037  -0.0000615784
        0.0008800589  -0.0001322765  -0.0145886658  -0.0120529140  -0.0014340643
       -0.0001603782   0.0002683665  -0.0002085055   0.1010145309   0.4266053519
       -0.0442023265   0.0112444641   0.0012011814  -0.0204407335  -0.0154510660
        0.0007614227   0.0295473003  -0.0049200110  -0.0032431773  -0.0013266136
        0.0001827271  -0.0002809754   0.0001737777  -0.0006431908  -0.0025647812
       -0.0005860127   0.0000916552  -0.0002411754   0.0001339782  -0.0937726640
       -0.3307437216   0.0571256084
        0.0687116001  -0.0296620022  -0.2035882001   0.0138123231  -0.0086579467
       -0.0382248314  -0.0035317317  -0.0032147370  -0.0059928048   0.0011569247
        0.0028082196   0.0001486820   0.0002693261   0.0000796520  -0.0000717336
       -0.0005131004   0.0003035725  -0.0025171955   0.0001833801   0.0001434025
        0.0004193111   0.0003404581   0.0000302423   0.0000799262  -0.0002264796
       -0.0000341821   0.0002235081   0.0020959730  -0.0005461089  -0.0035450123
        0.0000676283  -0.0000354418   0.0001002497  -0.0047037849   0.0024885869
        0.0031334515  -0.0057250226   0.0026342030   0.0036993789  -0.0002687017
       -0.0002896669   0.0003476733   0.0032223876   0.0020501240   0.0050238666
       -0.0013272043  -0.0013274235   0.0001004161  -0.1381026331  -0.0442023265
        0.3371522312   0.0180123569  -0.0095145806  -0.0165729255   0.0106086228
        0.0060530028  -0.0201836353  -0.0018782876   0.0010860777  -0.0057500603
        0.0004644230   0.0002226036  -0.0000761256  -0.0007924619   0.0000802423
       -0.0002752721   0.0006918985   0.0002316879   0.0004297736   0.0374321055
        0.0792727991  -0.0540606717
       -0.1803039833   0.0975815635  -0.0140648949  -0.0204123819   0.0116269913
       -0.0056263973   0.0003848334   0.0002253614   0.0002025235  -0.0003037803
        0.0008088690   0.0002128351   0.0000326075  -0.0008346384  -0.0000705027
       -0.0002427611   0.0000589430   0.0000359300   0.0000656437  -0.0000011446
       -0.0000456152   0.0000648557   0.0001256102  -0.0000503532   0.0001146722
       -0.0000326719  -0.0000301839   0.0000856344   0.0001930085  -0.0000778111
        0.0000706652  -0.0000288515   0.0000720537  -0.0043352304  -0.0006605670
       -0.0051039942  -0.0003557792  -0.0001753421  -0.0004910971  -0.0000098127
       -0.0002013402  -0.0000212939   0.0001727044  -0.0004504787  -0.0000047411
        0.0005881685   0.0001576682   0.0002907701  -0.0182122544   0.0112444641
        0.0180123569   0.2164843209  -0.1189888485   0.0058837199   0.0047611661
       -0.0016020944  -0.0000166528   0.0011156796  -0.0003134045   0.0008120845
       -0.0000314134   0.0001095941   0.0000216626   0.0001293664   0.0001954305
       -0.0001025847  -0.0000747613   0.0000799196   0.0000968092   0.0002118400
        0.0008819585   0.0000653768
        0.0992149840  -0.1173291343   0.0116496854  -0.0060610292   0.0036117881
       -0.0007513619  -0.0000889681   0.0002137129   0.0004205355  -0.0006431188
        0.0003466050  -0.0005952462  -0.0003177501  -0.0002035054  -0.0001915182
        0.0000457725  -0.0000841691  -0.0002192387  -0.0000114346   0.0000341598
        0.0000268537  -0.0000362196   0.0000335193  -0.0000726843  -0.0000206325
        0.0000024483   0.0000048328  -0.0002545470  -0.0005140391  -0.0004851890
       -0.0000271364   0.0000159501   0.0001039952  -0.0019685871   0.0008086650
       -0.0011395428   0.0003751008   0.0001382237   0.0002017698   0.0001163488
        0.0001095603   0.0001078913   0.0001937498   0.0003101061   0.0000618307
       -0.0000676327  -0.0000125812   0.0002120664   0.0065991948   0.0012011814
       -0.0095145806  -0.1189888485   0.1322270988  -0.0043225513   0.0242369839
       -0.0218727511   0.0042721105  -0.0006790459   0.0003194935  -0.0000128248
        0.0000029059  -0.0000238295  -0.0000181019  -0.0000304928  -0.0000708215
        0.0000441766   0.0000877131  -0.0000331757  -0.0000042387  -0.0016773101
        0.0007714947   0.0002213305
       -0.0140682298   0.0109657082  -0.0375245518  -0.0157479987   0.0090009839
       -0.0027724134  -0.0011045296   0.0006292087  -0.0001211958  -0.0000061550
        0.0004413227   0.0000591787  -0.0000357952  -0.0002501405   0.0001647805
        0.0000922597  -0.0000038594  -0.0001679222   0.0000506967   0.0000254788
       -0.0000190771  -0.0000018547   0.0000673334  -0.0000237034  -0.0000473214
       -0.0000537967   0.0000099861   0.0000746771  -0.0000961824  -0.0007762333
       -0.0001181461   0.0000286564   0.0002076660  -0.0043806190  -0.0007219528
       -0.0032850822   0.0008489594  -0.0002659436   0.0008160729   0.0000238349
       -0.0000876449   0.0000670039   0.0000786862   0.0003235925   0.0001792966
        0.0001849524   0.0000893504   0.0001235078   0.0345913628  -0.0204407335
       -0.0165729255   0.0058837199  -0.0043225513   0.0592626574  -0.0054306900
        0.0045849677   0.0007633906  -0.0015163253   0.0006838040  -0.0009767687
       -0.0000032003   0.0000905290   0.0000232626  -0.0000716771  -0.0000863347
       -0.0000335681  -0.0000299696   0.0000690240   0.0000649148   0.0007333630
       -0.0006708199   0.0005317238
       -0.0583721117  -0.0505275410   0.0123853964  -0.0070493538  -0.0216069628
        0.0007912582   0.0004290008   0.0003634451   0.0005823973  -0.0011866395
       -0.0003693184  -0.0025689425  -0.0000570589  -0.0000002054  -0.0000335821
        0.0001006271  -0.0000573998   0.0000338333   0.0000212751   0.0000795105
        0.0000054825   0.0000343131  -0.0000413395  -0.0001096888   0.0000631436
        0.0000398643  -0.0000249792  -0.0007580401  -0.0007017800  -0.0002209943
        0.0000437906  -0.0000171218   0.0000296065   0.0014266430   0.0006634474
        0.0015490870   0.0005964310   0.0005174067  -0.0002586506   0.0000623270
        0.0001772373   0.0000487046  -0.0001970132  -0.0002043003  -0.0001971122
       -0.0006326654  -0.0012740736  -0.0007787454  -0.0060423111  -0.0154510660
        0.0106086228   0.0047611661   0.0242369839  -0.0054306900   0.0670300664
        0.0650529747  -0.0208502697  -0.0005477687  -0.0006140663   0.0008228768
        0.0000547663  -0.0000505352   0.0000166683   0.0000297044  -0.0000014489
       -0.0000112147   0.0000353319  -0.0001139246   0.0000687977   0.0001543760
       -0.0000997864   0.0035421380
       -0.0540939473  -0.2479743054   0.0533957489  -0.0061002610  -0.0150332869
       -0.0007361385   0.0002338343  -0.0000826262   0.0000022534  -0.0008876690
        0.0000181998  -0.0017340579  -0.0000516209   0.0004055864   0.0000073675
        0.0001559935  -0.0000763933   0.0001787929   0.0000409847   0.0000668416
       -0.0000167869   0.0000585486  -0.0000443047  -0.0000672427   0.0000217800
        0.0000428655  -0.0000191808  -0.0004879934  -0.0002643571   0.0000913636
        0.0001020583  -0.0000170037  -0.0000571868   0.0009836714   0.0010963219
        0.0010564427   0.0001801925   0.0001148392  -0.0002856454  -0.0000280675
        0.0001134865  -0.0000264814   0.0000101623   0.0000813033  -0.0001566056
       -0.0005540716  -0.0007081689  -0.0006460613  -0.0030634233   0.0007614227
        0.0060530028  -0.0016020944  -0.0218727511   0.0045849677   0.0650529747
        0.2824082962  -0.0622264500  -0.0000460821  -0.0001256697   0.0003024232
        0.0000532537  -0.0000469514   0.0000402662  -0.0000113083   0.0000055876
       -0.0000412888  -0.0000154342  -0.0000737969   0.0000661172   0.0000485190
        0.0012048645   0.0002343800
        0.0120559264   0.0491051689  -0.0503159880  -0.0068457664  -0.0184514331
        0.0017468094  -0.0003953115  -0.0010762217   0.0002001622  -0.0021065615
       -0.0006189353  -0.0018882851  -0.0000251016   0.0001379251  -0.0001265638
       -0.0000705118  -0.0002723860  -0.0003137764  -0.0000489985   0.0000364359
        0.0001118625   0.0000733048  -0.0000786153  -0.0000845948  -0.0000486837
        0.0000175573  -0.0000065031  -0.0000139924   0.0000597727   0.0000370747
        0.0000187260  -0.0000285513  -0.0000320440   0.0012227737   0.0002917741
        0.0007611370  -0.0002721120  -0.0002801036  -0.0000076396   0.0000371099
        0.0000218827   0.0000808309   0.0005914129   0.0009344998   0.0003625537
       -0.0006546556  -0.0011164269  -0.0006402293   0.0146784556   0.0295473003
       -0.0201836353  -0.0000166528   0.0042721105   0.0007633906  -0.0208502697
       -0.0622264500   0.0747243162   0.0006068891   0.0004768156  -0.0001986088
        0.0000457369  -0.0000022000   0.0000164253  -0.0000453788  -0.0000637800
       -0.0000046106   0.0000901140  -0.0000388870   0.0000820407   0.0019735469
       -0.0006472526  -0.0050841243
       -0.0044948765   0.0013698349   0.0082154122   0.0028218223  -0.0015769396
        0.0006277427  -0.0003454026  -0.0000472347   0.0000840338   0.0005254324
        0.0007532461  -0.0003913390  -0.0003233720   0.0004181838   0.0001714784
        0.0013778676  -0.0008777595   0.0007203951  -0.0002017466   0.0001078741
       -0.0000016489  -0.0004707589  -0.0010035756  -0.0002029226  -0.0006294829
       -0.0002182682   0.0000959236  -0.0006608579  -0.0093357860  -0.0148582997
        0.0012031642   0.0003446084   0.0009908329  -0.0039390794   0.0010722571
        0.0016910766  -0.2839197451   0.0729641107  -0.1243984129   0.0006023405
        0.0014354152   0.0009492813  -0.0029932575  -0.0010220412  -0.0013060445
       -0.0010577248  -0.0002871879  -0.0002861047   0.0023115591  -0.0049200110
       -0.0018782876   0.0011156796  -0.0006790459  -0.0015163253  -0.0005477687
       -0.0000460821   0.0006068891   0.2846649894  -0.0611001321   0.1319708916
        0.0002258497  -0.0003575529  -0.0001736235   0.0001446910  -0.0008407715
        0.0004966383   0.0004374380  -0.0000887398  -0.0001131636   0.0041532389
        0.0039355977  -0.0014944235
        0.0028104602   0.0001967577  -0.0040014058  -0.0004877632   0.0013830072
       -0.0001087211   0.0000802108  -0.0000173225   0.0001282320   0.0000717626
       -0.0005620448  -0.0004865524   0.0000621013  -0.0002247167  -0.0000195969
       -0.0007410655  -0.0005482743  -0.0014328272   0.0000574649   0.0001090193
        0.0000435309  -0.0004258026   0.0007866945  -0.0012798250  -0.0004718610
       -0.0002807504   0.0001190845  -0.0223034696   0.0079069843  -0.0038884373
        0.0005651686  -0.0004968470  -0.0016340587   0.0025733773  -0.0010278395
       -0.0008179423   0.0818124240  -0.0475831347   0.0166530396  -0.0000581453
       -0.0008774974   0.0002124561   0.0005840835   0.0017099891   0.0012028763
        0.0001591594   0.0000949382   0.0005551286  -0.0041220848  -0.0032431773
        0.0010860777  -0.0003134045   0.0003194935   0.0006838040  -0.0006140663
       -0.0001256697   0.0004768156  -0.0611001321   0.0465484888  -0.0092799455
       -0.0001534835   0.0001103405  -0.0000771184  -0.0000966753  -0.0006018384
        0.0002321858  -0.0000791672   0.0001226695  -0.0000893649   0.0021909083
       -0.0036992699   0.0017225644
        0.0013807705  -0.0013157200   0.0022429672   0.0015707394  -0.0021958050
       -0.0000044287  -0.0004064411   0.0000578519  -0.0000741988   0.0000316311
       -0.0001689595  -0.0002948063  -0.0000648664   0.0002125331   0.0000241037
        0.0005839539  -0.0000583386   0.0010806470  -0.0000880814   0.0001712825
       -0.0001394063  -0.0013393873  -0.0006995432   0.0006618523   0.0002045390
        0.0002259760  -0.0001197262  -0.0239796151   0.0004492671  -0.0241132449
       -0.0023260224  -0.0031773452  -0.0043561827  -0.0028627442   0.0029431291
        0.0027332246  -0.1077158811   0.0113760420  -0.0762939405   0.0006927121
        0.0008225278   0.0004838685  -0.0008473436  -0.0007280434  -0.0012963934
       -0.0001000539   0.0002342443  -0.0001066371   0.0011799995  -0.0013266136
       -0.0057500603   0.0008120845  -0.0000128248  -0.0009767687   0.0008228768
        0.0003024232  -0.0001986088   0.1319708916  -0.0092799455   0.1054784847
       -0.0000432117  -0.0002186261  -0.0001401844   0.0003558243   0.0003155569
        0.0002450310   0.0000034570  -0.0002732149  -0.0001627981   0.0001641685
        0.0023441458   0.0010772061
       -0.0001161660   0.0000264802  -0.0004248867  -0.0000890213  -0.0003506439
        0.0001791515  -0.0001499476  -0.0000707648   0.0000462588  -0.0009550038
       -0.0010300457  -0.0033559140  -0.0000742048  -0.0000811269   0.0001522361
        0.0014373411   0.0000602655  -0.0013986327   0.0000722911   0.0003173133
       -0.0003864110   0.0153658229  -0.0068055212  -0.0168776571  -0.0008522430
       -0.0014966500  -0.0030106581   0.0015409632  -0.0003018539  -0.0011371987
       -0.0001043725   0.0000151041   0.0001251594  -0.0001910776   0.0010223557
        0.0006101519  -0.0004716784  -0.0001581284   0.0000612224  -0.1761248245
        0.0822236575   0.1793554693  -0.0003911951   0.0000357071   0.0002879654
        0.0047795350  -0.0004316127   0.0010054373  -0.0001225603   0.0001827271
        0.0004644230  -0.0000314134   0.0000029059  -0.0000032003   0.0000547663
        0.0000532537   0.0000457369   0.0002258497  -0.0001534835  -0.0000432117
        0.1590132105  -0.0716368508  -0.1576898774  -0.0000216028   0.0000017838
       -0.0000181108  -0.0027839610  -0.0013543244   0.0022210982  -0.0000105077
       -0.0000705476  -0.0002085518
        0.0000307143  -0.0000782113   0.0000178819  -0.0012662266   0.0004648493
       -0.0005665680   0.0000686832  -0.0001027743  -0.0000056164  -0.0000975578
        0.0005994318   0.0005001748   0.0001331955  -0.0001137116   0.0001090555
       -0.0008556650   0.0024222368   0.0011106503   0.0002990152  -0.0006816214
        0.0008432888   0.0059459063  -0.0077232997  -0.0118014858  -0.0010526852
        0.0006540777   0.0000155643  -0.0000967181  -0.0003043045  -0.0021060294
        0.0002602256  -0.0008517006  -0.0000702581   0.0010712382   0.0004982320
        0.0008438730   0.0002619480  -0.0000730210   0.0008055159   0.0699444342
       -0.0567083968  -0.1139557049   0.0001479974  -0.0007820448  -0.0002956170
       -0.0020499514  -0.0014568180  -0.0001555270   0.0002699561  -0.0002809754
        0.0002226036   0.0001095941  -0.0000238295   0.0000905290  -0.0000505352
       -0.0000469514  -0.0000022000  -0.0003575529   0.0001103405  -0.0002186261
       -0.0716368508   0.0628595357   0.1241013220  -0.0000490426   0.0002247948
        0.0001501502  -0.0011289695   0.0010810816   0.0004348801   0.0000988471
        0.0003130800  -0.0000678567
       -0.0001520344  -0.0000376345   0.0000949061  -0.0003868397  -0.0004187127
       -0.0001623456   0.0001508442   0.0001245183  -0.0001113778  -0.0011496848
       -0.0000313414   0.0010003057   0.0001636210  -0.0000257456  -0.0002279351
        0.0002245301  -0.0008753317  -0.0005467202  -0.0003775946   0.0012067360
       -0.0007414177   0.0083042901  -0.0092206752  -0.0275521396  -0.0032768906
       -0.0026199730  -0.0044459681  -0.0004985149  -0.0019319548   0.0007195578
        0.0000181286   0.0001828096  -0.0001112534   0.0002356058   0.0002461942
       -0.0004726687   0.0002240484   0.0008009182   0.0006660763   0.1525940225
       -0.1121456896  -0.2391384779   0.0011360494   0.0002018505   0.0012555493
       -0.0006645539  -0.0002880703  -0.0013641738   0.0002723273   0.0001737777
       -0.0000761256   0.0000216626  -0.0000181019   0.0000232626   0.0000166683
        0.0000402662   0.0000164253  -0.0001736235  -0.0000771184  -0.0001401844
       -0.1576898774   0.1241013220   0.2710645837  -0.0000638487  -0.0000904065
       -0.0002014463   0.0013337673   0.0009800965   0.0005439741  -0.0002621032
       -0.0002777336  -0.0000924067
        0.0000879835   0.0002238960   0.0001597449   0.0002569033   0.0000834678
       -0.0000835856  -0.0000051633  -0.0000592574   0.0000182296  -0.0002968593
        0.0005982722  -0.0000857451   0.0003051893  -0.0002696030  -0.0001102733
        0.0130076238   0.0021799046  -0.0050648909   0.0007440187  -0.0001709794
       -0.0004545569   0.0020363796  -0.0005613358  -0.0015471725  -0.0003947626
        0.0002433185   0.0005634110  -0.0000303929   0.0005322201   0.0001635073
        0.0000095498   0.0000525662  -0.0000995091  -0.0003140388  -0.0001359873
        0.0000414679  -0.0002388307  -0.0002369704  -0.0002632417  -0.0001124071
       -0.0000443959   0.0001007689  -0.2882042108  -0.0344864058   0.2030601905
        0.0000849097  -0.0000834629  -0.0004157598  -0.0002795590  -0.0006431908
       -0.0007924619   0.0001293664  -0.0000304928  -0.0000716771   0.0000297044
       -0.0000113083  -0.0000453788   0.0001446910  -0.0000966753   0.0003558243
       -0.0000216028  -0.0000490426  -0.0000638487   0.2739745299   0.0330287023
       -0.1971010841   0.0001103054  -0.0000494738  -0.0000504853  -0.0010233276
       -0.0000137662   0.0017865263
       -0.0004662049  -0.0000703702   0.0004144921  -0.0002342174   0.0003934335
       -0.0002049746   0.0000846327  -0.0000418405  -0.0001201064  -0.0003425034
        0.0006593915   0.0003275720   0.0003018240  -0.0000479376  -0.0001348274
        0.0019196150  -0.0017707856  -0.0008289961   0.0008411982   0.0007711426
       -0.0012805250  -0.0014551597   0.0013458531   0.0013027027   0.0008943523
        0.0000402166  -0.0000551810  -0.0002764460  -0.0001304161   0.0015803617
       -0.0000235298  -0.0000395137  -0.0000725409   0.0006549333  -0.0003702941
       -0.0003328697   0.0003139246   0.0004194054  -0.0011525284  -0.0002924945
       -0.0007695293  -0.0005029617  -0.0342042660  -0.0086259744   0.0243250029
        0.0000500812  -0.0001308659   0.0000096815   0.0001608031  -0.0025647812
        0.0000802423   0.0001954305  -0.0000708215  -0.0000863347  -0.0000014489
        0.0000055876  -0.0000637800  -0.0008407715  -0.0006018384   0.0003155569
        0.0000017838   0.0002247948  -0.0000904065   0.0330287023   0.0079966463
       -0.0239482699  -0.0000028180   0.0000791909   0.0000424608  -0.0003074209
        0.0032993061   0.0004762295
        0.0001382647  -0.0001139701   0.0001822669   0.0003230805  -0.0000439160
        0.0001056292  -0.0001173486  -0.0000143231   0.0000812495  -0.0021844506
       -0.0007371565  -0.0048720699  -0.0004857222   0.0001670755   0.0001882596
        0.0229889190   0.0025417646  -0.0281384896   0.0003634840  -0.0002079994
       -0.0001854461  -0.0003418379   0.0002316322   0.0003403480  -0.0010990459
        0.0008806151  -0.0001933806   0.0006789290   0.0010153837  -0.0002233843
       -0.0000465964  -0.0001013348   0.0000552451  -0.0005693793  -0.0002980683
        0.0002269665  -0.0003542183  -0.0006462955  -0.0002412288   0.0007379360
       -0.0005183399   0.0008494818   0.1752171334   0.0204887278  -0.1854231384
        0.0003923750  -0.0000698652  -0.0021430327  -0.0009177241  -0.0005860127
       -0.0002752721  -0.0001025847   0.0000441766  -0.0000335681  -0.0000112147
       -0.0000412888  -0.0000046106   0.0004966383   0.0002321858   0.0002450310
       -0.0000181108   0.0001501502  -0.0002014463  -0.1971010841  -0.0239482699
        0.2194830788   0.0002620748  -0.0000902996  -0.0002975059   0.0017504828
        0.0016654283   0.0004750170
       -0.0001125599  -0.0000785177  -0.0008870627   0.0021378666   0.0008977204
       -0.0014119119  -0.0018958349  -0.0010894276  -0.0001180748  -0.0061138158
        0.0070279700  -0.0091442740  -0.0026745197  -0.0001869906  -0.0051770016
        0.0004340665   0.0006489655   0.0012560804  -0.0002685100  -0.0003978116
        0.0003333874   0.0005618915   0.0004222601   0.0016077488  -0.0001812634
       -0.0000143236  -0.0001102295   0.0004968694   0.0004332994   0.0003815512
       -0.0003181351   0.0002517594   0.0001031982  -0.0010664061  -0.0009840893
       -0.0005662820  -0.0005325207  -0.0002825700  -0.0001713737  -0.0004632705
        0.0001941502  -0.0011409592  -0.0007317122  -0.0001060832   0.0000689858
       -0.0143896587   0.0520410193  -0.0483164443  -0.0005020832   0.0000916552
        0.0006918985  -0.0000747613   0.0000877131  -0.0000299696   0.0000353319
       -0.0000154342   0.0000901140   0.0004374380  -0.0000791672   0.0000034570
       -0.0027839610  -0.0011289695   0.0013337673   0.0001103054  -0.0000028180
        0.0002620748   0.0276993328  -0.0579019085   0.0610177843   0.0001959105
        0.0001715986  -0.0000764645
        0.0002852790  -0.0002010331  -0.0004807194  -0.0032687525   0.0004940897
       -0.0034448227  -0.0011253473   0.0001131686  -0.0004316369  -0.0008230176
        0.0136737002  -0.0011471914  -0.0007979902   0.0001348161  -0.0010475761
       -0.0004307990  -0.0000132232   0.0001587534   0.0002690193  -0.0001004795
       -0.0002202359   0.0001866334   0.0006531417   0.0007508655  -0.0000895794
       -0.0001096986  -0.0001122972   0.0019560729  -0.0002677051  -0.0021002501
        0.0000946521  -0.0000849783  -0.0000100642  -0.0005156102   0.0029891868
        0.0032703813  -0.0002526069  -0.0000160143   0.0008134842   0.0000693421
       -0.0010699266  -0.0006211298   0.0001220450  -0.0002393447  -0.0005174590
        0.0636157736  -0.3081348967   0.1808338107   0.0000422835  -0.0002411754
        0.0002316879   0.0000799196  -0.0000331757   0.0000690240  -0.0001139246
       -0.0000737969  -0.0000388870  -0.0000887398   0.0001226695  -0.0002732149
       -0.0013543244   0.0010810816   0.0009800965  -0.0000494738   0.0000791909
       -0.0000902996  -0.0579019085   0.2909695412  -0.1764745745   0.0000910536
        0.0002748616  -0.0000977446
       -0.0002012668   0.0002820495  -0.0001396835  -0.0015962865   0.0009341897
       -0.0001419458  -0.0007381316  -0.0005409247   0.0001548896  -0.0101627944
        0.0218580502  -0.0246454762  -0.0002402921  -0.0005763655  -0.0032478466
       -0.0008185687   0.0004327151  -0.0027118799  -0.0001769401   0.0000268381
       -0.0000628444   0.0000919766  -0.0003062845  -0.0006233617  -0.0000906777
       -0.0000317819   0.0000886776   0.0006184649  -0.0013151000  -0.0012756897
       -0.0000644970  -0.0000095643   0.0000795028   0.0013143449   0.0003903702
        0.0006037020   0.0000605571   0.0005170771   0.0006297136  -0.0005438176
        0.0001371599   0.0003046352   0.0007134762  -0.0001784326  -0.0000858998
       -0.0514827449   0.1543323818  -0.1433070332   0.0002698014   0.0001339782
        0.0004297736   0.0000968092  -0.0000042387   0.0000649148   0.0000687977
        0.0000661172   0.0000820407  -0.0001131636  -0.0000893649  -0.0001627981
        0.0022210982   0.0004348801   0.0005439741  -0.0000504853   0.0000424608
       -0.0002975059   0.0610177843  -0.1764745745   0.1739242345  -0.0001934441
       -0.0000616364  -0.0002040935
       -0.0084863224  -0.0115302801   0.0083516134   0.0026402233   0.0011365908
        0.0011147941  -0.0002626349  -0.0002014605  -0.0001369789   0.0011916331
       -0.0000430861  -0.0006746786  -0.0002156475   0.0003870049   0.0002163420
       -0.0010410983  -0.0004271398  -0.0049656499   0.0005011639   0.0003659529
        0.0009637294  -0.0004108936  -0.0000640740  -0.0002108489  -0.0004837666
        0.0000388626   0.0001623179   0.0010409607   0.0010520090  -0.0013609299
       -0.0000464736  -0.0000565057   0.0000739154  -0.0020181050  -0.0000597238
       -0.0000131058  -0.0024299574  -0.0008154646   0.0000426797   0.0005335345
       -0.0002256684   0.0007841985  -0.0013793152  -0.0004747081   0.0025048082
       -0.0007869269  -0.0000498898   0.0005570254  -0.0507426166  -0.0937726640
        0.0374321055   0.0002118400  -0.0016773101   0.0007333630   0.0001543760
        0.0000485190   0.0019735469   0.0041532389   0.0021909083   0.0001641685
       -0.0000105077   0.0000988471  -0.0002621032  -0.0010233276  -0.0003074209
        0.0017504828   0.0001959105   0.0000910536  -0.0001934441   0.0587147123
        0.1042956478  -0.0490073514
       -0.0024455387   0.0062983081   0.0092264526   0.0007766259   0.0013653236
        0.0003525839  -0.0001720329  -0.0001553266  -0.0003373580   0.0003039609
        0.0006833081  -0.0007471614   0.0002990447  -0.0002710413  -0.0002660702
       -0.0010391670   0.0020551310  -0.0046819431   0.0004312639   0.0000996847
        0.0012357356  -0.0000066128   0.0004097281   0.0000843290   0.0000366980
        0.0000865196  -0.0000117584   0.0015256622   0.0019350643   0.0015520474
       -0.0001349252  -0.0000965658  -0.0001753615  -0.0011164851  -0.0011077798
       -0.0005245565  -0.0020081485  -0.0004172154  -0.0019156255   0.0002151256
       -0.0009438507   0.0003812302   0.0022984794  -0.0090041928   0.0022039764
       -0.0003392448  -0.0005089549   0.0005668025  -0.1077254079  -0.3307437216
        0.0792727991   0.0008819585   0.0007714947  -0.0006708199  -0.0000997864
        0.0012048645  -0.0006472526   0.0039355977  -0.0036992699   0.0023441458
       -0.0000705476   0.0003130800  -0.0002777336  -0.0000137662   0.0032993061
        0.0016654283   0.0001715986   0.0002748616  -0.0000616364   0.1042956478
        0.3281512446  -0.0885682539
        0.0127357065   0.0296948580  -0.0160460294   0.0000691826   0.0012949008
       -0.0000399749   0.0000237353   0.0000918302   0.0001928712  -0.0001936635
       -0.0006360918  -0.0003563359   0.0002670082  -0.0005304685  -0.0001735744
       -0.0016923369  -0.0018544977  -0.0006028699  -0.0002098279   0.0000318151
       -0.0003294176  -0.0007456683  -0.0001104757  -0.0002193466   0.0001143631
       -0.0000024912  -0.0000342290  -0.0009758037   0.0003231574   0.0003415546
        0.0000996788  -0.0000525142   0.0000214067   0.0006885529   0.0000085582
       -0.0002324386   0.0007107266  -0.0003976637  -0.0006596066   0.0003109719
        0.0001772444   0.0000775195  -0.0004667828   0.0005325526  -0.0030629555
        0.0004394248   0.0003830284   0.0004047231   0.0342174825   0.0571256084
       -0.0540606717   0.0000653768   0.0002213305   0.0005317238   0.0035421380
        0.0002343800  -0.0050841243  -0.0014944235   0.0017225644   0.0010772061
       -0.0002085518  -0.0000678567  -0.0000924067   0.0017865263   0.0004762295
        0.0004750170  -0.0000764645  -0.0000977446  -0.0002040935  -0.0490073514
       -0.0885682539   0.0780760525
