$hessian                                                                        
        0.4282252257   0.0504231538  -0.0002015207  -0.1633631568   0.0517266697
       -0.0001701679  -0.0473775021  -0.0037084082   0.0000289580  -0.0025381097
        0.0022755585   0.0000247902  -0.0013628516  -0.0029991727  -0.0000140897
       -0.0016377272  -0.0000017704  -0.0002255104  -0.0016430068   0.0000036545
        0.0002265766  -0.0842142935  -0.0378046040  -0.0872147838  -0.0397329873
       -0.0191286044  -0.0002435295  -0.0861537143  -0.0406255955   0.0877887418
       -0.0001071654  -0.0003358973   0.0000006970  -0.0001428701  -0.0001305047
       -0.0001323270   0.0000961071   0.0002175686  -0.0000974226  -0.0001445936
       -0.0001307332   0.0001331979   0.0000966455   0.0002186854   0.0000963902
        0.0504231538   0.5019513336  -0.0002894722   0.0686113098  -0.1126365608
        0.0001287310  -0.0103067149   0.0215442347  -0.0000143618  -0.0058555022
       -0.0024441598   0.0000102582  -0.0030252348  -0.0014167102   0.0000102088
       -0.0002746357   0.0003616154  -0.0000714413  -0.0002762564   0.0003649599
        0.0000685374  -0.0357230356  -0.0668722159  -0.0635901229  -0.0251631508
       -0.2709756783  -0.0027275360  -0.0384248798  -0.0699601070   0.0664752241
        0.0000862722   0.0001652741   0.0000000629  -0.0001079234  -0.0000123942
       -0.0000008540   0.0000732207  -0.0000280526   0.0000182538  -0.0001088930
       -0.0000123362   0.0000005030   0.0000722703  -0.0000292027  -0.0000179910
       -0.0002015207  -0.0002894722   0.5067727679  -0.0001776848   0.0000785153
       -0.0558900752   0.0000869525   0.0000661880  -0.0019281631   0.0000413577
       -0.0000584514  -0.0020756949   0.0000084504   0.0000182551   0.0064217542
       -0.0009781038   0.0007695196   0.0002141154   0.0009779699  -0.0007689385
        0.0002149221  -0.0846776782  -0.0642310541  -0.2067917333  -0.0003081996
       -0.0027088903  -0.0446684132   0.0852299483   0.0671246581  -0.2021139706
       -0.0000022032  -0.0000004303   0.0000696921  -0.0002971960  -0.0002021481
       -0.0000508205   0.0001255647   0.0001280806  -0.0000619445   0.0002972847
        0.0002015954  -0.0000518357  -0.0001249419  -0.0001274272  -0.0000606006
       -0.1633631568   0.0686113098  -0.0001776848   0.4727873574   0.0287911835
        0.0001982174  -0.1624421621  -0.0794288635   0.0000467538  -0.0061271860
       -0.0439493963   0.0000871164  -0.0589118282  -0.0150554960   0.0000304146
       -0.0014583869   0.0035294150   0.0013813649  -0.0014709207   0.0035279068
       -0.0013990336  -0.0316738602   0.0103942533  -0.0084981991  -0.0138507820
        0.0144259466   0.0000894946  -0.0318055972   0.0102736249   0.0082393906
        0.0002252445  -0.0000215224  -0.0000021541  -0.0014458549  -0.0005197680
       -0.0000229332   0.0004907441  -0.0000298813  -0.0002919566  -0.0014472201
       -0.0005210192   0.0000267173   0.0004936092  -0.0000276933   0.0002924917
        0.0517266697  -0.1126365608   0.0000785153   0.0287911835   0.3569786570
       -0.0003719182  -0.0571519308  -0.1561515667   0.0000933194  -0.0516489698
       -0.0877905134   0.0001554844  -0.0039707033   0.0078392463   0.0000017635
        0.0035321404   0.0012534460   0.0013460718   0.0035256499   0.0012405668
       -0.0013556978  -0.0048430874   0.0050773057   0.0026435181   0.0355495659
       -0.0224939391   0.0000063974  -0.0055401933   0.0053768336  -0.0025892753
        0.0001645503   0.0016276335  -0.0000084871  -0.0003171370   0.0000178405
        0.0000833169   0.0002474628  -0.0001794431  -0.0004717238  -0.0003146649
        0.0000177425  -0.0000840126   0.0002494642  -0.0001772491   0.0004727280
       -0.0001701679   0.0001287310  -0.0558900752   0.0001982174  -0.0003719182
        0.0643177172   0.0000592720   0.0001130421  -0.0477909844   0.0000685933
        0.0001711890   0.0233445613   0.0000076284  -0.0000082418   0.0075897964
        0.0005740192   0.0009110074  -0.0001203825  -0.0006001796  -0.0009200055
       -0.0001018930  -0.0241460960   0.0098862683   0.0040357666   0.0003754090
       -0.0001679979   0.0016597025   0.0236276180  -0.0097360586   0.0040514571
        0.0000034907  -0.0000060638  -0.0009256978  -0.0003115593  -0.0001174054
       -0.0000400644   0.0000972564  -0.0000395747  -0.0000437706   0.0003132409
        0.0001176769  -0.0000401912  -0.0000967425   0.0000393511  -0.0000459418
       -0.0473775021  -0.0103067149   0.0000869525  -0.1624421621  -0.0571519308
        0.0000592720   0.4895265740  -0.0729008909   0.0000729017  -0.0861566462
        0.0769659439  -0.0000857673  -0.1417058718   0.0714615256  -0.0001731509
       -0.0262509364  -0.0033820970  -0.0024480462  -0.0262439600  -0.0033574218
        0.0024898378  -0.0028864804  -0.0001007358   0.0010653180  -0.0001277743
       -0.0011242617  -0.0000053095  -0.0030417607  -0.0000474546  -0.0010666304
        0.0048418608  -0.0019243492   0.0000109646   0.0003678464   0.0004346170
       -0.0007252672   0.0005665058   0.0005011673   0.0010060319   0.0003638466
        0.0004357226   0.0007224588   0.0005664604   0.0004968802  -0.0010095658
       -0.0037084082   0.0215442347   0.0000661880  -0.0794288635  -0.1561515667
        0.0001130421  -0.0729008909   0.9306802544  -0.0009707077   0.0671423227
       -0.6812287291   0.0007460881   0.0610939038  -0.1013111617   0.0001122739
        0.0027722508   0.0073623366   0.0036102863   0.0026779926   0.0074014505
       -0.0036630361   0.0035988875  -0.0022632859   0.0003448352   0.0054011284
        0.0004083135  -0.0000726271   0.0035808560  -0.0023627820  -0.0003344410
        0.0206327597  -0.0189670348   0.0000350082  -0.0018443445  -0.0022146438
       -0.0000362914  -0.0035750836  -0.0003365253   0.0023491790  -0.0018671775
       -0.0022200874   0.0000476619  -0.0035753332  -0.0003407732  -0.0023474595
        0.0000289580  -0.0000143618  -0.0019281631   0.0000467538   0.0000933194
       -0.0477909844   0.0000729017  -0.0009707077   0.1841461092  -0.0000643930
        0.0007899554  -0.0654187629  -0.0001228180   0.0000809048  -0.0616089148
        0.0186342332  -0.0131002199  -0.0027974410  -0.0186139247   0.0130604072
       -0.0028319121  -0.0035736568   0.0002893587  -0.0010876325   0.0000205541
        0.0000020337   0.0019351177   0.0035999474  -0.0002763315  -0.0010775955
       -0.0000511840   0.0000400426  -0.0008379312   0.0052026599   0.0023982652
       -0.0004848636  -0.0006766277  -0.0009656414   0.0001244354  -0.0051940388
       -0.0023939076  -0.0004694299   0.0006906349   0.0009668828   0.0001279689
       -0.0025381097  -0.0058555022   0.0000413577  -0.0061271860  -0.0516489698
        0.0000685933  -0.0861566462   0.0671423227  -0.0000643930   0.1030906781
       -0.0551640473   0.0000307466  -0.0063173600   0.0398501432  -0.0000499849
        0.0004196351   0.0019504553  -0.0007682709   0.0004260274   0.0019540166
        0.0007617904   0.0009568592  -0.0007604663   0.0002231730   0.0001218233
       -0.0013419498  -0.0000024889   0.0009551473  -0.0008240912  -0.0002359701
       -0.0061925098   0.0047534165  -0.0000069912  -0.0002635303   0.0000745752
       -0.0001052033   0.0009424798  -0.0001058395  -0.0008376835  -0.0002606678
        0.0000775610   0.0001073034   0.0009433596  -0.0001016243   0.0008380213
        0.0022755585  -0.0024441598  -0.0000584514  -0.0439493963  -0.0877905134
        0.0001711890   0.0769659439  -0.6812287291   0.0007899554  -0.0551640473
        0.8234734621  -0.0010458396   0.0243094642  -0.0477496832   0.0000734910
       -0.0062115753  -0.0036045234  -0.0019048963  -0.0062056307  -0.0035883537
        0.0019310574  -0.0001802582   0.0009457884   0.0003079171  -0.0019062801
        0.0007919650   0.0000488338  -0.0001355488   0.0009809356  -0.0003147076
        0.0067939822  -0.0041923695   0.0000099588   0.0006404547   0.0013543242
        0.0000054580   0.0010608090   0.0008474097  -0.0011986273   0.0006393524
        0.0013519634  -0.0000116729   0.0010671720   0.0008524836   0.0011963345
        0.0000247902   0.0000102582  -0.0020756949   0.0000871164   0.0001554844
        0.0233445613  -0.0000857673   0.0007460881  -0.0654187629   0.0000307466
       -0.0010458396   0.0280480735  -0.0000370418   0.0000865217   0.0130782108
       -0.0016849515   0.0009652533   0.0006739143   0.0016991906  -0.0009531242
        0.0006715729   0.0000139350   0.0007726336   0.0001571550  -0.0000208438
        0.0000059966  -0.0017257951  -0.0000164974  -0.0007515166   0.0001488361
       -0.0000068195   0.0000102786   0.0021979178  -0.0006862149  -0.0004622561
        0.0003393591  -0.0006393429  -0.0000292633   0.0001156614   0.0006860257
        0.0004601248   0.0003363234   0.0006356745   0.0000293606   0.0001086672
       -0.0013628516  -0.0030252348   0.0000084504  -0.0589118282  -0.0039707033
        0.0000076284  -0.1417058718   0.0610939038  -0.0001228180  -0.0063173600
        0.0243094642  -0.0000370418   0.5665202485   0.0556996122  -0.0002159359
       -0.1396074247  -0.0437267183   0.1004447125  -0.1397856335  -0.0442394850
       -0.1001764535  -0.0010159159   0.0004619008  -0.0000264099   0.0009983151
        0.0001612385  -0.0000093933  -0.0010227189   0.0004706275   0.0000188913
       -0.0414770047  -0.0258799576   0.0000469747  -0.0186774213  -0.0099230068
        0.0040560273   0.0005320546  -0.0007325836   0.0023446025  -0.0186886165
       -0.0099467937  -0.0039945258   0.0005220289  -0.0007522640  -0.0023447090
       -0.0029991727  -0.0014167102   0.0000182551  -0.0150554960   0.0078392463
       -0.0000082418   0.0714615256  -0.1013111617   0.0000809048   0.0398501432
       -0.0477496832   0.0000865217   0.0556996122   0.6178328348  -0.0009029946
       -0.0532682303  -0.0830383445   0.0474422626  -0.0536199320  -0.0834317902
       -0.0473262611  -0.0005142195   0.0002085196   0.0000358905  -0.0004329651
       -0.0006031700   0.0000036459  -0.0005382530   0.0002202400  -0.0000341853
       -0.0268722425  -0.2978971645   0.0006117093   0.0149601181   0.0074068024
       -0.0002401710  -0.0217598050  -0.0126933559   0.0030925596   0.0149027358
        0.0073812583   0.0001703381  -0.0218138189  -0.0127475212  -0.0030302338
       -0.0000140897   0.0000102088   0.0064217542   0.0000304146   0.0000017635
        0.0075897964  -0.0001731509   0.0001122739  -0.0616089148  -0.0000499849
        0.0000734910   0.0130782108  -0.0002159359  -0.0009029946   0.2194877518
        0.0672933880   0.0308605317  -0.0690844508  -0.0669737122  -0.0307630118
       -0.0685701863   0.0013533337  -0.0006019851   0.0001288382  -0.0000141390
        0.0000002921   0.0000115331  -0.0013391840   0.0005973004   0.0001316399
        0.0000553743   0.0006169741  -0.0317604880   0.0131579317   0.0058314043
       -0.0041621195   0.0102637059   0.0073432891  -0.0038027672  -0.0132090853
       -0.0058753518  -0.0041185811  -0.0101648663  -0.0073041856  -0.0037420166
       -0.0016377272  -0.0002746357  -0.0009781038  -0.0014583869   0.0035321404
        0.0005740192  -0.0262509364   0.0027722508   0.0186342332   0.0004196351
       -0.0062115753  -0.0016849515  -0.1396074247  -0.0532682303   0.0672933880
        0.3750966475  -0.1119290357  -0.1493580328  -0.0288806656   0.0158725070
        0.0152140530  -0.0002191973   0.0001072472   0.0001170970  -0.0000312611
       -0.0001639913  -0.0000032297   0.0001254510  -0.0000483895  -0.0001136082
       -0.0042575184  -0.0030977289   0.0010612025  -0.1312418377   0.1073578116
        0.0771503776  -0.0441134678   0.0443432877  -0.0178826131   0.0048122539
        0.0032199937  -0.0151376346  -0.0027555645  -0.0022116517   0.0051138032
       -0.0000017704   0.0003616154   0.0007695196   0.0035294150   0.0012534460
        0.0009110074  -0.0033820970   0.0073623366  -0.0131002199   0.0019504553
       -0.0036045234   0.0009652533  -0.0437267183  -0.0830383445   0.0308605317
       -0.1119290357   0.5297352950  -0.0715791590   0.0158101743  -0.0498247322
        0.0078826419   0.0002655024  -0.0000676996   0.0000844679  -0.0001935978
       -0.0000030888  -0.0000450161  -0.0000810897  -0.0000168118  -0.0000095208
       -0.0148416767  -0.0081040963   0.0208458621   0.1061776175  -0.1498673568
       -0.0774524441   0.0449449050  -0.2440159980   0.1049607738  -0.0081359468
       -0.0040416276   0.0171461630   0.0096138630   0.0038715861  -0.0222398608
       -0.0002255104  -0.0000714413   0.0002141154   0.0013813649   0.0013460718
       -0.0001203825  -0.0024480462   0.0036102863  -0.0027974410  -0.0007682709
       -0.0019048963   0.0006739143   0.1004447125   0.0474422626  -0.0690844508
       -0.1493580328  -0.0715791590   0.5590981044  -0.0155135722  -0.0089081495
       -0.2645372043   0.0000668495  -0.0000582445   0.0000277534  -0.0000244195
        0.0000069558   0.0000065174  -0.0000419089  -0.0000081909  -0.0000335654
        0.0011955201   0.0002557421  -0.0017979354   0.0774851966  -0.0791097132
       -0.0969845139  -0.0187261833   0.1060583716  -0.0925019428   0.0025160628
        0.0030316557  -0.0160567169   0.0040162378  -0.0001115513  -0.0161062519
       -0.0016430068  -0.0002762564   0.0009779699  -0.0014709207   0.0035256499
       -0.0006001796  -0.0262439600   0.0026779926  -0.0186139247   0.0004260274
       -0.0062056307   0.0016991906  -0.1397856335  -0.0536199320  -0.0669737122
       -0.0288806656   0.0158101743  -0.0155135722   0.3754188367  -0.1111637133
        0.1500667427   0.0001339661  -0.0000509852   0.0001151107  -0.0000349559
       -0.0001640937   0.0000040840  -0.0002234894   0.0001123608  -0.0001130730
       -0.0042584587  -0.0030993219  -0.0010363230   0.0048239075   0.0032872159
        0.0151020571  -0.0027654125  -0.0022354807  -0.0051162061  -0.1314144818
        0.1070715195  -0.0776279345  -0.0440817527   0.0443305007   0.0176297703
        0.0000036545   0.0003649599  -0.0007689385   0.0035279068   0.0012405668
       -0.0009200055  -0.0033574218   0.0074014505   0.0130604072   0.0019540166
       -0.0035883537  -0.0009531242  -0.0442394850  -0.0834317902  -0.0307630118
        0.0158725070  -0.0498247322  -0.0089081495  -0.1111637133   0.5304149527
        0.0718294918  -0.0000829665  -0.0000166136   0.0000099206  -0.0001916841
       -0.0000033367   0.0000475403   0.0002651048  -0.0000683396  -0.0000833731
       -0.0148619904  -0.0082010708  -0.0207989973  -0.0081648811  -0.0041362575
       -0.0171941321   0.0096153522   0.0039768586   0.0221354572   0.1058877554
       -0.1491140769   0.0775883207   0.0449358449  -0.2450142172  -0.1042814059
        0.0002265766   0.0000685374   0.0002149221  -0.0013990336  -0.0013556978
       -0.0001018930   0.0024898378  -0.0036630361  -0.0028319121   0.0007617904
        0.0019310574   0.0006715729  -0.1001764535  -0.0473262611  -0.0685701863
        0.0152140530   0.0078826419  -0.2645372043   0.1500667427   0.0718294918
        0.5581369705   0.0000398293   0.0000087223  -0.0000346599   0.0000244182
       -0.0000064296   0.0000054928  -0.0000640833   0.0000589824   0.0000285225
       -0.0011237674  -0.0002223423  -0.0017023316  -0.0024969041  -0.0030897506
       -0.0159720643  -0.0040730395   0.0000202788  -0.0162003813  -0.0779599208
        0.0792445124  -0.0975679977   0.0184699540  -0.1053807071  -0.0915388503
       -0.0842142935  -0.0357230356  -0.0846776782  -0.0316738602  -0.0048430874
       -0.0241460960  -0.0028864804   0.0035988875  -0.0035736568   0.0009568592
       -0.0001802582   0.0000139350  -0.0010159159  -0.0005142195   0.0013533337
       -0.0002191973   0.0002655024   0.0000668495   0.0001339661  -0.0000829665
        0.0000398293   0.1128756534   0.0378434020   0.1051363542  -0.0006890037
       -0.0036609985  -0.0044521826   0.0067167790   0.0034405387   0.0103227215
        0.0000751457  -0.0001521545  -0.0000508654  -0.0001242377  -0.0000488323
       -0.0000162860   0.0000205389   0.0000100707  -0.0000371152   0.0000421146
        0.0000278435   0.0000090093   0.0000019319   0.0000193077   0.0000118477
       -0.0378046040  -0.0668722159  -0.0642310541   0.0103942533   0.0050773057
        0.0098862683  -0.0001007358  -0.0022632859   0.0002893587  -0.0007604663
        0.0009457884   0.0007726336   0.0004619008   0.0002085196  -0.0006019851
        0.0001072472  -0.0000676996  -0.0000582445  -0.0000509852  -0.0000166136
        0.0000087223   0.0378434020   0.0714545910   0.0713666544  -0.0136806015
       -0.0123148663  -0.0272938384   0.0035679167   0.0037888702   0.0098172722
       -0.0000082603   0.0000538634   0.0000081029   0.0000339482   0.0000308783
        0.0000167755  -0.0000231235  -0.0000316551   0.0000056359  -0.0000037197
        0.0000011888   0.0000086754   0.0000238279   0.0000053311   0.0000050230
       -0.0872147838  -0.0635901229  -0.2067917333  -0.0084981991   0.0026435181
        0.0040357666   0.0010653180   0.0003448352  -0.0010876325   0.0002231730
        0.0003079171   0.0001571550  -0.0000264099   0.0000358905   0.0001288382
        0.0001170970   0.0000844679   0.0000277534   0.0001151107   0.0000099206
       -0.0000346599   0.1051363542   0.0713666544   0.2333620038  -0.0009912958
       -0.0021550466  -0.0019998192  -0.0098654229  -0.0090461906  -0.0277850544
       -0.0000295097  -0.0000034131  -0.0000179704  -0.0000330112  -0.0000093367
        0.0000125708  -0.0000111419  -0.0000141025  -0.0000041201   0.0000018056
        0.0000052607  -0.0000002966   0.0000109157   0.0000197477  -0.0000028015
       -0.0397329873  -0.0251631508  -0.0003081996  -0.0138507820   0.0355495659
        0.0003754090  -0.0001277743   0.0054011284   0.0000205541   0.0001218233
       -0.0019062801  -0.0000208438   0.0009983151  -0.0004329651  -0.0000141390
       -0.0000312611  -0.0001935978  -0.0000244195  -0.0000349559  -0.0001916841
        0.0000244182  -0.0006890037  -0.0136806015  -0.0009912958   0.0537540429
        0.0148715669   0.0002757154  -0.0007435742  -0.0139734203   0.0006625074
        0.0002708061  -0.0002749595   0.0000003789   0.0001087139  -0.0000123382
       -0.0000170267  -0.0000752732   0.0000100303   0.0000412123   0.0001078762
       -0.0000130451   0.0000167949  -0.0000759657   0.0000097509  -0.0000410658
       -0.0191286044  -0.2709756783  -0.0027088903   0.0144259466  -0.0224939391
       -0.0001679979  -0.0011242617   0.0004083135   0.0000020337  -0.0013419498
        0.0007919650   0.0000059966   0.0001612385  -0.0006031700   0.0000002921
       -0.0001639913  -0.0000030888   0.0000069558  -0.0001640937  -0.0000033367
       -0.0000064296  -0.0036609985  -0.0123148663  -0.0021550466   0.0148715669
        0.3178649722   0.0031872685  -0.0037549867  -0.0129171031   0.0018367802
       -0.0001085263   0.0001327832  -0.0000010397  -0.0000182987   0.0000001210
       -0.0000051639   0.0000118408   0.0000555331   0.0000049666  -0.0000174420
        0.0000003850   0.0000055148   0.0000125602   0.0000571093  -0.0000052404
       -0.0002435295  -0.0027275360  -0.0446684132   0.0000894946   0.0000063974
        0.0016597025  -0.0000053095  -0.0000726271   0.0019351177  -0.0000024889
        0.0000488338  -0.0017257951  -0.0000093933   0.0000036459   0.0000115331
       -0.0000032297  -0.0000450161   0.0000065174   0.0000040840   0.0000475403
        0.0000054928  -0.0044521826  -0.0272938384  -0.0019998192   0.0002757154
        0.0031872685   0.0460586964   0.0043501097   0.0268431753  -0.0012518396
       -0.0000018890   0.0000020358  -0.0000126781   0.0000055275   0.0000066975
       -0.0000155259   0.0000252838   0.0000179049   0.0000055448  -0.0000075587
       -0.0000064258  -0.0000153905  -0.0000246339  -0.0000180562   0.0000068570
       -0.0861537143  -0.0384248798   0.0852299483  -0.0318055972  -0.0055401933
        0.0236276180  -0.0030417607   0.0035808560   0.0035999474   0.0009551473
       -0.0001355488  -0.0000164974  -0.0010227189  -0.0005382530  -0.0013391840
        0.0001254510  -0.0000810897  -0.0000419089  -0.0002234894   0.0002651048
       -0.0000640833   0.0067167790   0.0035679167  -0.0098654229  -0.0007435742
       -0.0037549867   0.0043501097   0.1151793598   0.0412001324  -0.1055650617
        0.0000727087  -0.0001504360   0.0000517790   0.0000406907   0.0000279731
       -0.0000092715   0.0000028962   0.0000202007  -0.0000120054  -0.0001244721
       -0.0000482823   0.0000169196   0.0000222940   0.0000114858   0.0000371129
       -0.0406255955  -0.0699601070   0.0671246581   0.0102736249   0.0053768336
       -0.0097360586  -0.0000474546  -0.0023627820  -0.0002763315  -0.0008240912
        0.0009809356  -0.0007515166   0.0004706275   0.0002202400   0.0005973004
       -0.0000483895  -0.0000168118  -0.0000081909   0.0001123608  -0.0000683396
        0.0000589824   0.0034405387   0.0037888702  -0.0090461906  -0.0139734203
       -0.0129171031   0.0268431753   0.0412001324   0.0748936838  -0.0747621615
       -0.0000098450   0.0000563312  -0.0000077398  -0.0000038761   0.0000023966
       -0.0000085571   0.0000243143   0.0000057845  -0.0000059329   0.0000333605
        0.0000319611  -0.0000170560  -0.0000222870  -0.0000318931  -0.0000043809
        0.0877887418   0.0664752241  -0.2021139706   0.0082393906  -0.0025892753
        0.0040514571  -0.0010666304  -0.0003344410  -0.0010775955  -0.0002359701
       -0.0003147076   0.0001488361   0.0000188913  -0.0000341853   0.0001316399
       -0.0001136082  -0.0000095208  -0.0000335654  -0.0001130730  -0.0000833731
        0.0000285225   0.0103227215   0.0098172722  -0.0277850544   0.0006625074
        0.0018367802  -0.0012518396  -0.1055650617  -0.0747621615   0.2279129147
        0.0000317967   0.0000013988  -0.0000162277  -0.0000013902  -0.0000056731
       -0.0000003142  -0.0000108515  -0.0000198240  -0.0000028216   0.0000325672
        0.0000094143   0.0000126064   0.0000099685   0.0000130720  -0.0000045876
       -0.0001071654   0.0000862722  -0.0000022032   0.0002252445   0.0001645503
        0.0000034907   0.0048418608   0.0206327597  -0.0000511840  -0.0061925098
        0.0067939822  -0.0000068195  -0.0414770047  -0.0268722425   0.0000553743
       -0.0042575184  -0.0148416767   0.0011955201  -0.0042584587  -0.0148619904
       -0.0011237674   0.0000751457  -0.0000082603  -0.0000295097   0.0002708061
       -0.0001085263  -0.0000018890   0.0000727087  -0.0000098450   0.0000317967
        0.0538213773   0.0316912301  -0.0000788370   0.0007337388  -0.0004142762
        0.0005490831  -0.0022393177  -0.0009185240  -0.0006470404   0.0007341145
       -0.0004163625  -0.0005473277  -0.0022430215  -0.0009170905   0.0006533129
       -0.0003358973   0.0001652741  -0.0000004303  -0.0000215224   0.0016276335
       -0.0000060638  -0.0019243492  -0.0189670348   0.0000400426   0.0047534165
       -0.0041923695   0.0000102786  -0.0258799576  -0.2978971645   0.0006169741
       -0.0030977289  -0.0081040963   0.0002557421  -0.0030993219  -0.0082010708
       -0.0002223423  -0.0001521545   0.0000538634  -0.0000034131  -0.0002749595
        0.0001327832   0.0000020358  -0.0001504360   0.0000563312   0.0000013988
        0.0316912301   0.3340706926  -0.0006923834   0.0005717785   0.0009153149
        0.0001924356  -0.0013199988  -0.0002829624  -0.0006097810   0.0005791079
        0.0009148618  -0.0001959062  -0.0013392070  -0.0002920562   0.0006114124
        0.0000006970   0.0000000629   0.0000696921  -0.0000021541  -0.0000084871
       -0.0009256978   0.0000109646   0.0000350082  -0.0008379312  -0.0000069912
        0.0000099588   0.0021979178   0.0000469747   0.0006117093  -0.0317604880
        0.0010612025   0.0208458621  -0.0017979354  -0.0010363230  -0.0207989973
       -0.0017023316  -0.0000508654   0.0000081029  -0.0000179704   0.0000003789
       -0.0000010397  -0.0000126781   0.0000517790  -0.0000077398  -0.0000162277
       -0.0000788370  -0.0006923834   0.0348386675  -0.0015721194  -0.0001852925
        0.0002488161   0.0042500385   0.0024500756  -0.0002717310   0.0015685001
        0.0001824244   0.0002478138  -0.0042432451  -0.0024492643  -0.0002599160
       -0.0001428701  -0.0001079234  -0.0002971960  -0.0014458549  -0.0003171370
       -0.0003115593   0.0003678464  -0.0018443445   0.0052026599  -0.0002635303
        0.0006404547  -0.0006862149  -0.0186774213   0.0149601181   0.0131579317
       -0.1312418377   0.1061776175   0.0774851966   0.0048239075  -0.0081648811
       -0.0024969041  -0.0001242377   0.0000339482  -0.0000330112   0.0001087139
       -0.0000182987   0.0000055275   0.0000406907  -0.0000038761  -0.0000013902
        0.0007337388   0.0005717785  -0.0015721194   0.1476241808  -0.1165214317
       -0.0905106980  -0.0032648237   0.0053954400   0.0021816906   0.0002714454
       -0.0007233624   0.0007271088   0.0011900522  -0.0000781020  -0.0028510221
       -0.0001305047  -0.0000123942  -0.0002021481  -0.0005197680   0.0000178405
       -0.0001174054   0.0004346170  -0.0022146438   0.0023982652   0.0000745752
        0.0013543242  -0.0004622561  -0.0099230068   0.0074068024   0.0058314043
        0.1073578116  -0.1498673568  -0.0791097132   0.0032872159  -0.0041362575
       -0.0030897506  -0.0000488323   0.0000308783  -0.0000093367  -0.0000123382
        0.0000001210   0.0000066975   0.0000279731   0.0000023966  -0.0000056731
       -0.0004142762   0.0009153149  -0.0001852925  -0.1165214317   0.1639975960
        0.0865907213   0.0165204280  -0.0187952493  -0.0112599666  -0.0007253989
        0.0004872424   0.0011452275   0.0005929360   0.0008133851  -0.0015307734
       -0.0001323270  -0.0000008540  -0.0000508205  -0.0000229332   0.0000833169
       -0.0000400644  -0.0007252672  -0.0000362914  -0.0004848636  -0.0001052033
        0.0000054580   0.0003393591   0.0040560273  -0.0002401710  -0.0041621195
        0.0771503776  -0.0774524441  -0.0969845139   0.0151020571  -0.0171941321
       -0.0159720643  -0.0000162860   0.0000167755   0.0000125708  -0.0000170267
       -0.0000051639  -0.0000155259  -0.0000092715  -0.0000085571  -0.0000003142
        0.0005490831   0.0001924356   0.0002488161  -0.0905106980   0.0865907213
        0.1139991266  -0.0073013252   0.0075995924   0.0062300245  -0.0007227396
       -0.0011408988   0.0013026841   0.0027055327   0.0015902127  -0.0044222950
        0.0000961071   0.0000732207   0.0001255647   0.0004907441   0.0002474628
        0.0000972564   0.0005665058  -0.0035750836  -0.0006766277   0.0009424798
        0.0010608090  -0.0006393429   0.0005320546  -0.0217598050   0.0102637059
       -0.0441134678   0.0449449050  -0.0187261833  -0.0027654125   0.0096153522
       -0.0040730395   0.0000205389  -0.0000231235  -0.0000111419  -0.0000752732
        0.0000118408   0.0000252838   0.0000028962   0.0000243143  -0.0000108515
       -0.0022393177  -0.0013199988   0.0042500385  -0.0032648237   0.0165204280
       -0.0073013252   0.0489697600  -0.0461157189   0.0179455251   0.0011901760
        0.0005818497  -0.0027143649  -0.0003529676  -0.0002864525   0.0014455026
        0.0002175686  -0.0000280526   0.0001280806  -0.0000298813  -0.0001794431
       -0.0000395747   0.0005011673  -0.0003365253  -0.0009656414  -0.0001058395
        0.0008474097  -0.0000292633  -0.0007325836  -0.0126933559   0.0073432891
        0.0443432877  -0.2440159980   0.1060583716  -0.0022354807   0.0039768586
        0.0000202788   0.0000100707  -0.0000316551  -0.0000141025   0.0000100303
        0.0000555331   0.0000179049   0.0000202007   0.0000057845  -0.0000198240
       -0.0009185240  -0.0002829624   0.0024500756   0.0053954400  -0.0187952493
        0.0075995924  -0.0461157189   0.2696635192  -0.1207310321  -0.0000663857
        0.0008128763  -0.0016142736  -0.0002933516   0.0010012604  -0.0002038814
       -0.0000974226   0.0000182538  -0.0000619445  -0.0002919566  -0.0004717238
       -0.0000437706   0.0010060319   0.0023491790   0.0001244354  -0.0008376835
       -0.0011986273   0.0001156614   0.0023446025   0.0030925596  -0.0038027672
       -0.0178826131   0.1049607738  -0.0925019428  -0.0051162061   0.0221354572
       -0.0162003813  -0.0000371152   0.0000056359  -0.0000041201   0.0000412123
        0.0000049666   0.0000055448  -0.0000120054  -0.0000059329  -0.0000028216
       -0.0006470404  -0.0006097810  -0.0002717310   0.0021816906  -0.0112599666
        0.0062300245   0.0179455251  -0.1207310321   0.1097766217   0.0028458539
        0.0015057307  -0.0044223563  -0.0014428734   0.0002045070   0.0010595476
       -0.0001445936  -0.0001088930   0.0002972847  -0.0014472201  -0.0003146649
        0.0003132409   0.0003638466  -0.0018671775  -0.0051940388  -0.0002606678
        0.0006393524   0.0006860257  -0.0186886165   0.0149027358  -0.0132090853
        0.0048122539  -0.0081359468   0.0025160628  -0.1314144818   0.1058877554
       -0.0779599208   0.0000421146  -0.0000037197   0.0000018056   0.0001078762
       -0.0000174420  -0.0000075587  -0.0001244721   0.0000333605   0.0000325672
        0.0007341145   0.0005791079   0.0015685001   0.0002714454  -0.0007253989
       -0.0007227396   0.0011901760  -0.0000663857   0.0028458539   0.1478181863
       -0.1161800300   0.0910303116  -0.0032599614   0.0053773467  -0.0021983093
       -0.0001307332  -0.0000123362   0.0002015954  -0.0005210192   0.0000177425
        0.0001176769   0.0004357226  -0.0022200874  -0.0023939076   0.0000775610
        0.0013519634   0.0004601248  -0.0099467937   0.0073812583  -0.0058753518
        0.0032199937  -0.0040416276   0.0030316557   0.1070715195  -0.1491140769
        0.0792445124   0.0000278435   0.0000011888   0.0000052607  -0.0000130451
        0.0000003850  -0.0000064258  -0.0000482823   0.0000319611   0.0000094143
       -0.0004163625   0.0009148618   0.0001824244  -0.0007233624   0.0004872424
       -0.0011408988   0.0005818497   0.0008128763   0.0015057307  -0.1161800300
        0.1631637792  -0.0867039298   0.0165651384  -0.0187751305   0.0113621181
        0.0001331979   0.0000005030  -0.0000518357   0.0000267173  -0.0000840126
       -0.0000401912   0.0007224588   0.0000476619  -0.0004694299   0.0001073034
       -0.0000116729   0.0003363234  -0.0039945258   0.0001703381  -0.0041185811
       -0.0151376346   0.0171461630  -0.0160567169  -0.0776279345   0.0775883207
       -0.0975679977   0.0000090093   0.0000086754  -0.0000002966   0.0000167949
        0.0000055148  -0.0000153905   0.0000169196  -0.0000170560   0.0000126064
       -0.0005473277  -0.0001959062   0.0002478138   0.0007271088   0.0011452275
        0.0013026841  -0.0027143649  -0.0016142736  -0.0044223563   0.0910303116
       -0.0867039298   0.1146363482   0.0072319659  -0.0074855534   0.0062070199
        0.0000966455   0.0000722703  -0.0001249419   0.0004936092   0.0002494642
       -0.0000967425   0.0005664604  -0.0035753332   0.0006906349   0.0009433596
        0.0010671720   0.0006356745   0.0005220289  -0.0218138189  -0.0101648663
       -0.0027555645   0.0096138630   0.0040162378  -0.0440817527   0.0449358449
        0.0184699540   0.0000019319   0.0000238279   0.0000109157  -0.0000759657
        0.0000125602  -0.0000246339   0.0000222940  -0.0000222870   0.0000099685
       -0.0022430215  -0.0013392070  -0.0042432451   0.0011900522   0.0005929360
        0.0027055327  -0.0003529676  -0.0002933516  -0.0014428734  -0.0032599614
        0.0165651384   0.0072319659   0.0489328518  -0.0460890791  -0.0176735809
        0.0002186854  -0.0000292027  -0.0001274272  -0.0000276933  -0.0001772491
        0.0000393511   0.0004968802  -0.0003407732   0.0009668828  -0.0001016243
        0.0008524836   0.0000293606  -0.0007522640  -0.0127475212  -0.0073041856
       -0.0022116517   0.0038715861  -0.0001115513   0.0443305007  -0.2450142172
       -0.1053807071   0.0000193077   0.0000053311   0.0000197477   0.0000097509
        0.0000571093  -0.0000180562   0.0000114858  -0.0000318931   0.0000130720
       -0.0009170905  -0.0002920562  -0.0024492643  -0.0000781020   0.0008133851
        0.0015902127  -0.0002864525   0.0010012604   0.0002045070   0.0053773467
       -0.0187751305  -0.0074855534  -0.0460890791   0.2708068876   0.1200136113
        0.0000963902  -0.0000179910  -0.0000606006   0.0002924917   0.0004727280
       -0.0000459418  -0.0010095658  -0.0023474595   0.0001279689   0.0008380213
        0.0011963345   0.0001086672  -0.0023447090  -0.0030302338  -0.0037420166
        0.0051138032  -0.0222398608  -0.0161062519   0.0176297703  -0.1042814059
       -0.0915388503   0.0000118477   0.0000050230  -0.0000028015  -0.0000410658
       -0.0000052404   0.0000068570   0.0000371129  -0.0000043809  -0.0000045876
        0.0006533129   0.0006114124  -0.0002599160  -0.0028510221  -0.0015307734
       -0.0044222950   0.0014455026  -0.0002038814   0.0010595476  -0.0021983093
        0.0113621181   0.0062070199  -0.0176735809   0.1200136113   0.1086732007
