           1           2  0.957493533069990     
           2           3   1.11329711437449     
           2           4  0.168251247096026     
           3           4   1.72732544108070     
           3           5   1.01153910171092     
           5           6  0.932034517907562     
           5           7  0.932114687170084     
           6           7   1.00606854046224     
           1           8  0.978068099697182     
           1           9  0.973397154622126     
           1          10  0.978199156876314     
           5          11  0.971004500909145     
           6          12  0.979367570142510     
           6          13  0.977687385704057     
           7          14  0.979366293416472     
           7          15  0.977674874711120     
