           1           2   1.00966626948915     
           2           3   1.00966576156724     
           2           4  0.991421421116285     
           4           5  0.995740430421976     
           1           6  0.986787617273601     
           1           7  0.984989431930425     
           1           8  0.987025333428819     
           2           9  0.969103838763756     
           3          10  0.986787044434668     
           3          11  0.987026370194209     
           3          12  0.984988890006771     
           4          13  0.971217550957753     
           4          14  0.971216707001443     
           5          15  0.906901670634615     
