           1           2   1.01857784253507     
           2           3   1.88558127480732     
           2           4   1.04388927075925     
           4           5   1.88558057558036     
           4           6   1.01857809347274     
           1           7  0.969052043109767     
           1           8  0.984574984308243     
           1           9  0.975567906904560     
           3          10  0.975847774706056     
           3          11  0.976025387731617     
           5          12  0.976025309933943     
           5          13  0.975848157363539     
           6          14  0.984575036076141     
           6          15  0.969051475929604     
           6          16  0.975568143594263     
