           1           2   1.02065730524289     
           2           3   1.01434060168490     
           3           4   1.43826365388278     
           4           5   1.42181948611349     
           3           6  0.106176393655144     
           5           6   1.44808411546049     
           4           7  0.101140008258074     
           6           7   1.42922316695688     
           3           8   1.32685176461298     
           7           8   1.39594458841847     
           8           9   1.06146004891687     
           1          10  0.986736092234363     
           1          11  0.986741352771952     
           1          12  0.986881653009544     
           2          13  0.960511547680550     
           2          14  0.960530886147106     
           4          15  0.966422035102874     
           5          16  0.971470869970399     
           6          17  0.971507598408939     
           7          18  0.965993972403828     
           9          19  0.890826179453652     
