           1           2   1.02091037373675     
           2           3   1.01033520053293     
           3           4   1.39812700666930     
           4           5   1.44527147993477     
           3           6  0.111091312005260     
           5           6   1.44162422798757     
           4           7  0.113331396497042     
           6           7   1.41944394421165     
           3           8   1.40016593580729     
           5           8  0.101426833679534     
           7           8   1.45224586720522     
           1           9  0.986590397868993     
           1          10  0.986646690673394     
           1          11  0.986814665187833     
           2          12  0.959329230732142     
           2          13  0.957401322918897     
           4          14  0.966675517419905     
           5          15  0.970459832068133     
           6          16  0.970881517698064     
           7          17  0.963611114703940     
