$hessian                                                                        
        0.3045439495  -0.0204579524  -0.0172082998  -0.1004739552   0.0467070920
        0.0493658402  -0.0008549503   0.0059343137   0.0002420002  -0.0319052573
        0.0015746311   0.0059754620  -0.1015290917  -0.0289439942  -0.0270280484
       -0.0363131023   0.0051075305  -0.0166074179  -0.0335388028  -0.0099133597
        0.0040860698   0.0000712102  -0.0000082610   0.0011743938
       -0.0204579524   0.4707295345  -0.0386406458   0.0503145222  -0.0868241297
       -0.0377986628   0.0155739235  -0.0305240791  -0.0074164607  -0.0057086720
        0.0030456537   0.0023664526  -0.0310518120  -0.0377745521  -0.0097003504
        0.0060502717  -0.0507619362   0.0444883421  -0.0152387268  -0.2686386833
        0.0483133864   0.0005184458   0.0007481922  -0.0016120613
       -0.0172082998  -0.0386406458   0.4800931589   0.0497686133  -0.0333719754
       -0.1077445020  -0.0027532064   0.0009454229   0.0053996731  -0.0023638380
        0.0014517069   0.0042319966  -0.0303157292  -0.0098153648  -0.0373125950
       -0.0222044360   0.0444347759  -0.2726269444   0.0051005989   0.0497470103
       -0.0530670910   0.0199762972  -0.0147509300  -0.0189736962
       -0.1004739552   0.0503145222   0.0497686133   0.2839007892  -0.0518250327
       -0.0061302042  -0.0218206518   0.0183795518  -0.0041764041  -0.0893940013
       -0.0294031928  -0.0174408509  -0.0330333133   0.0032589848   0.0040333203
       -0.0000037326   0.0005928020   0.0027269307  -0.0012536986   0.0034306347
        0.0011084725  -0.0379214365   0.0052517300  -0.0298898776
        0.0467070920  -0.0868241297  -0.0333719754  -0.0518250327   0.2555729289
        0.0149330150  -0.0015442167  -0.0956214189   0.0222564826  -0.0122105613
       -0.0263653988  -0.0042544589  -0.0040669218   0.0033986191   0.0025147893
       -0.0014780482   0.0015508284   0.0003365124   0.0190338061  -0.0193430210
       -0.0144377047   0.0053838826  -0.0323684081   0.0120233398
        0.0493658402  -0.0377986628  -0.1077445020  -0.0061302042   0.0149330150
        0.4672741092   0.0005965975   0.0314344213  -0.0382466758  -0.0257083286
       -0.0117187434  -0.0344483345  -0.0021642781   0.0028318817   0.0048316488
        0.0212625263  -0.0163036395  -0.0206887885  -0.0018061401   0.0010487335
        0.0025186338  -0.0354160130   0.0155729941  -0.2734960909
       -0.0008549503   0.0155739235  -0.0027532064  -0.0218206518  -0.0015442167
        0.0005965975   0.0272222173   0.0005075312  -0.0010963808  -0.0058572285
       -0.0200791470   0.0027300614   0.0003437743   0.0015005916   0.0001982929
        0.0003226305  -0.0001579738  -0.0006973006  -0.0018201985   0.0018237964
        0.0014507290   0.0024644069   0.0023754949  -0.0004287931
        0.0059343137  -0.0305240791   0.0009454229   0.0183795518  -0.0956214189
        0.0314344213   0.0005075312   0.1701005348  -0.0372701011  -0.0287177110
       -0.0267941934  -0.0026270071   0.0016245034   0.0010431464   0.0008733511
       -0.0010206997   0.0008960525   0.0001117768   0.0025248728  -0.0022017087
       -0.0025936849   0.0007676378  -0.0168983336   0.0091258211
        0.0002420002  -0.0074164607   0.0053996731  -0.0041764041   0.0222564826
       -0.0382466758  -0.0010963808  -0.0372701011   0.0332472688   0.0050265803
        0.0006867036   0.0049100967  -0.0007173789  -0.0001264283  -0.0000924640
       -0.0002437004  -0.0006533434   0.0009282852   0.0015147397  -0.0016166248
       -0.0001735487  -0.0005494560   0.0241397721  -0.0059726353
       -0.0319052573  -0.0057086720  -0.0023638380  -0.0893940013  -0.0122105613
       -0.0257083286  -0.0058572285  -0.0287177110   0.0050265803   0.1467268854
        0.0513687101   0.0280185642  -0.0042486278   0.0015494624   0.0024049561
        0.0008858523  -0.0001391719   0.0004884761  -0.0003940914   0.0004943322
       -0.0001622108  -0.0158135315  -0.0066363886  -0.0077041993
        0.0015746311   0.0030456537   0.0014517069  -0.0294031928  -0.0263653988
       -0.0117187434  -0.0200791470  -0.0267941934   0.0006867036   0.0513687101
        0.0486948075   0.0123359031   0.0014362886   0.0003878060  -0.0002850670
        0.0002873022   0.0000511424   0.0005008988   0.0009568525   0.0008728997
        0.0001053454  -0.0061414446   0.0001072829  -0.0030767475
        0.0059754620   0.0023664526   0.0042319966  -0.0174408509  -0.0042544589
       -0.0344483345   0.0027300614  -0.0026270071   0.0049100967   0.0280185642
        0.0123359031   0.0284125877   0.0022637612  -0.0001809492   0.0003262848
        0.0000840914   0.0002890377   0.0006027607   0.0001062982   0.0003811989
        0.0000968781  -0.0217373876  -0.0083101770  -0.0041322702
       -0.1015290917  -0.0310518120  -0.0303157292  -0.0330333133  -0.0040669218
       -0.0021642781   0.0003437743   0.0016245034  -0.0007173789  -0.0042486278
        0.0014362886   0.0022637612   0.1657352261   0.0471776736   0.0437848117
       -0.0144319581  -0.0043106218  -0.0093240686  -0.0140145077  -0.0101149147
       -0.0037345023   0.0011784982  -0.0006941952   0.0002073842
       -0.0289439942  -0.0377745521  -0.0098153648   0.0032589848   0.0033986191
        0.0028318817   0.0015005916   0.0010431464  -0.0001264283   0.0015494624
        0.0003878060  -0.0001809492   0.0471776736   0.0382645937   0.0160038622
       -0.0011374881   0.0020564414  -0.0017942384  -0.0236352057  -0.0074484016
       -0.0075359334   0.0002299756   0.0000723470   0.0006171703
       -0.0270280484  -0.0097003504  -0.0373125950   0.0040333203   0.0025147893
        0.0048316488   0.0001982929   0.0008733511  -0.0000924640   0.0024049561
       -0.0002850670   0.0003262848   0.0437848117   0.0160038622   0.0355032296
       -0.0232602569  -0.0082288690  -0.0064866612  -0.0005735337  -0.0015817416
        0.0023843376   0.0004404579   0.0004040254   0.0008462195
       -0.0363131023   0.0060502717  -0.0222044360  -0.0000037326  -0.0014780482
        0.0212625263   0.0003226305  -0.0010206997  -0.0002437004   0.0008858523
        0.0002873022   0.0000840914  -0.0144319581  -0.0011374881  -0.0232602569
        0.0499563646  -0.0050610057   0.0213377769   0.0019224572   0.0002571250
        0.0009844850  -0.0023385116   0.0021025428   0.0020395137
        0.0051075305  -0.0507619362   0.0444347759   0.0005928020   0.0015508284
       -0.0163036395  -0.0001579738   0.0008960525  -0.0006533434  -0.0001391719
        0.0000511424   0.0002890377  -0.0043106218   0.0020564414  -0.0082288690
       -0.0050610057   0.0550510553  -0.0466921970   0.0017614985  -0.0078801559
        0.0293051622   0.0022069421  -0.0009634278  -0.0021509269
       -0.0166074179   0.0444883421  -0.2726269444   0.0027269307   0.0003365124
       -0.0206887885  -0.0006973006   0.0001117768   0.0009282852   0.0004884761
        0.0005008988   0.0006027607  -0.0093240686  -0.0017942384  -0.0064866612
        0.0213377769  -0.0466921970   0.3081097722  -0.0001714858   0.0045160572
       -0.0085260331   0.0022470892  -0.0014671518  -0.0013123909
       -0.0335388028  -0.0152387268   0.0051005989  -0.0012536986   0.0190338061
       -0.0018061401  -0.0018201985   0.0025248728   0.0015147397  -0.0003940914
        0.0009568525   0.0001062982  -0.0140145077  -0.0236352057  -0.0005735337
        0.0019224572   0.0017614985  -0.0001714858   0.0489063051   0.0145698781
       -0.0037422767   0.0001925367   0.0000270245  -0.0004282006
       -0.0099133597  -0.2686386833   0.0497470103   0.0034306347  -0.0193430210
        0.0010487335   0.0018237964  -0.0022017087  -0.0016166248   0.0004943322
        0.0008728997   0.0003811989  -0.0101149147  -0.0074484016  -0.0015817416
        0.0002571250  -0.0078801559   0.0045160572   0.0145698781   0.3043857287
       -0.0527198508  -0.0005474920   0.0002533421   0.0002252173
        0.0040860698   0.0483133864  -0.0530670910   0.0011084725  -0.0144377047
        0.0025186338   0.0014507290  -0.0025936849  -0.0001735487  -0.0001622108
        0.0001053454   0.0000968781  -0.0037345023  -0.0075359334   0.0023843376
        0.0009844850   0.0293051622  -0.0085260331  -0.0037422767  -0.0527198508
        0.0566054548   0.0000092334  -0.0004367201   0.0001613685
        0.0000712102   0.0005184458   0.0199762972  -0.0379214365   0.0053838826
       -0.0354160130   0.0024644069   0.0007676378  -0.0005494560  -0.0158135315
       -0.0061414446  -0.0217373876   0.0011784982   0.0002299756   0.0004404579
       -0.0023385116   0.0022069421   0.0022470892   0.0001925367  -0.0005474920
        0.0000092334   0.0521668277  -0.0024179474   0.0350297787
       -0.0000082610   0.0007481922  -0.0147509300   0.0052517300  -0.0323684081
        0.0155729941   0.0023754949  -0.0168983336   0.0241397721  -0.0066363886
        0.0001072829  -0.0083101770  -0.0006941952   0.0000723470   0.0004040254
        0.0021025428  -0.0009634278  -0.0014671518   0.0000270245   0.0002533421
       -0.0004367201  -0.0024179474   0.0490490053  -0.0151518127
        0.0011743938  -0.0016120613  -0.0189736962  -0.0298898776   0.0120233398
       -0.2734960909  -0.0004287931   0.0091258211  -0.0059726353  -0.0077041993
       -0.0030767475  -0.0041322702   0.0002073842   0.0006171703   0.0008462195
        0.0020395137  -0.0021509269  -0.0013123909  -0.0004282006   0.0002252173
        0.0001613685   0.0350297787  -0.0151518127   0.3028794955
