$hessian                                                                        
        0.6648966852   0.0129871786  -0.0139526017  -0.3356120188   0.0423962293
       -0.0474346930  -0.0488267958  -0.0518399741   0.0573025017  -0.0391345489
        0.0215823915  -0.0237071428   0.0526585724   0.0087929297  -0.0109882987
       -0.1203537242   0.0310073929  -0.0356728417  -0.0246596110   0.0189856783
       -0.0200567327  -0.0022642421  -0.0020745141  -0.0004121784  -0.0014910403
        0.0003563536   0.0012201978   0.0006584172   0.0003156355   0.0001553386
       -0.0000038374   0.0000179739   0.0006117629   0.0007442545   0.0024551524
       -0.0010041342  -0.0016761710  -0.0013851204  -0.0010606539  -0.0000881330
       -0.0000378413  -0.0000203746  -0.0001116494   0.0000015483  -0.0001717775
       -0.0002213779   0.0001041654  -0.0000371681  -0.0002035015  -0.0011316620
        0.0013555312   0.0009427441  -0.0006504340   0.0007394708  -0.1294598803
       -0.0818800415   0.0940738444  -0.0143550322   0.0022038998  -0.0030616694
       -0.0014711524  -0.0022282786   0.0025438795   0.0000320428   0.0000213367
       -0.0004222601
        0.0129871786   0.3537672459  -0.2684838635  -0.0116345062  -0.0670984770
        0.0256700897  -0.0107807509   0.0165993895  -0.0175903857   0.0213022868
       -0.0103027941   0.0072986232  -0.0249309584  -0.0273696131   0.0334584407
        0.0722497428  -0.1493803044   0.1117071952   0.0148315800  -0.0022382506
        0.0031729206  -0.0013043582   0.0019535906  -0.0000435800   0.0009796640
       -0.0003359694  -0.0001968706  -0.0001473010   0.0001426649  -0.0000164032
        0.0011915148  -0.0001542417   0.0000219426  -0.0029914731  -0.0019446749
        0.0006279377  -0.0015750915  -0.0007456546  -0.0008120820  -0.0001916703
       -0.0002079582  -0.0001084323  -0.0002801042   0.0000277512   0.0000385149
       -0.0001175926   0.0001865343   0.0000019650  -0.0006628931  -0.0002751179
       -0.0000239955  -0.0027960703   0.0014375274   0.0040556014  -0.0815870679
       -0.1144317233   0.0934944485   0.0174194292  -0.0013587817   0.0023479131
       -0.0020149320   0.0019797765   0.0053034218   0.0000533736  -0.0002509196
        0.0000765985
       -0.0139526017  -0.2684838635   0.4147030476   0.0106922733   0.0252807645
       -0.0727684379   0.0127247552  -0.0173559935   0.0202266731  -0.0237426972
        0.0075700419  -0.0121970962   0.0285691265   0.0332733181  -0.0348669121
       -0.0875204729   0.1131593056  -0.1725907237  -0.0086911366   0.0029638013
       -0.0020694829   0.0015375590  -0.0012920418   0.0004885684  -0.0003858204
        0.0002052946   0.0001621119  -0.0000239240   0.0001126534   0.0000130551
       -0.0002516564   0.0000244488  -0.0000293622   0.0017402686  -0.0008028102
       -0.0004613171  -0.0019013460  -0.0002440875  -0.0009736417   0.0002284902
        0.0002197048   0.0000564482   0.0001830453  -0.0000067388  -0.0000026239
        0.0001070943  -0.0000837691  -0.0000171300   0.0007171693   0.0000387361
       -0.0001448567   0.0028848170   0.0041336850   0.0006293992   0.0942457582
        0.0933122449  -0.1393379954  -0.0194253890   0.0022606075  -0.0020096403
        0.0022195303   0.0054307836   0.0012786306   0.0000451570   0.0002839142
       -0.0000887141
       -0.3356120188  -0.0116345062   0.0106922733   0.6588790367  -0.0141595243
        0.0167875117  -0.1497082509  -0.0479711542   0.0525838173   0.0504558403
       -0.0277876565   0.0305666108  -0.0486859377  -0.0159529637   0.0179565315
       -0.0285830316   0.0580213292  -0.0640476756   0.0029987081   0.0015196552
       -0.0015178695  -0.0015731504   0.0010656684  -0.0003102810   0.0002480655
        0.0000846296  -0.0000168715  -0.0000969994  -0.0000448954  -0.0000213056
        0.0003199679   0.0000313103   0.0002824505  -0.0008610455  -0.0000962372
        0.0005773355   0.0003626109  -0.0000562069  -0.0001945024  -0.0000889273
       -0.0001355541  -0.0000421872  -0.0000972681  -0.0000260166  -0.0000163800
       -0.0000513411  -0.0000112624   0.0000287118  -0.0001882571   0.0032387222
       -0.0035165116  -0.0382808174  -0.0130751163   0.0143744250  -0.0203570435
       -0.0005113019   0.0003533377  -0.0886723047   0.0680622711  -0.0746611890
       -0.0003585039  -0.0003559780   0.0002073809  -0.0000493320  -0.0002052121
       -0.0000656125
        0.0423962293  -0.0670984770   0.0252807645  -0.0141595243   0.3585255269
       -0.2742720424  -0.0932404173  -0.1369873297   0.1007208503   0.0096308223
       -0.0284573498   0.0310962614  -0.0152338162  -0.0047554389   0.0026717531
        0.0195577912   0.0073385285  -0.0061961399   0.0021515737   0.0016759929
        0.0056071137  -0.0004664604   0.0001861689  -0.0001187947   0.0002184983
        0.0001226753  -0.0004598097  -0.0000658229  -0.0000332096  -0.0000247823
        0.0001270258   0.0000967436  -0.0002747942   0.0007128502  -0.0005351052
        0.0001588644  -0.0001969657   0.0000204708  -0.0000687133   0.0000301696
        0.0000068576  -0.0000052748  -0.0000237877  -0.0000077774   0.0000553458
       -0.0000871551   0.0001120557   0.0000256992   0.0011558676   0.0017258024
        0.0032309689  -0.0047288247   0.0027551302  -0.0003043765  -0.0157099614
        0.0007791129  -0.0001825186   0.0681798944  -0.1356237081   0.1133249012
       -0.0002107409   0.0001545288  -0.0004298070  -0.0000372456  -0.0000011987
        0.0001645309
       -0.0474346930   0.0256700897  -0.0727684379   0.0167875117  -0.2742720424
        0.4150112635   0.1028536951   0.1011231435  -0.1572871550  -0.0104757288
        0.0310004764  -0.0339568848   0.0164990925   0.0024179130  -0.0054257815
       -0.0219705320  -0.0072908590   0.0086554394  -0.0020721832   0.0055781723
        0.0003248351  -0.0011855611   0.0000002658  -0.0000174455  -0.0001798826
        0.0003406965   0.0001101327  -0.0000722672   0.0000566100  -0.0000062754
       -0.0000074948   0.0000039720  -0.0001809736   0.0007737060   0.0002071744
        0.0000584178  -0.0001365395  -0.0003118819   0.0000240778   0.0000349557
        0.0000368897   0.0000324404   0.0001206822  -0.0000108662   0.0000200293
       -0.0000868739   0.0000277086  -0.0000164009  -0.0012179357   0.0033171831
        0.0011527911   0.0053990847  -0.0003270316   0.0027947977   0.0176902567
       -0.0002763362   0.0006778743  -0.0755116027   0.1131617528  -0.1594096195
        0.0002295305  -0.0004172936   0.0002318668  -0.0000372208  -0.0000357369
       -0.0000249918
       -0.0488267958  -0.0107807509   0.0127247552  -0.1497082509  -0.0932404173
        0.1028536951   0.4814616906   0.0124963823  -0.0153659820  -0.1057051080
        0.0771041285  -0.0840999726  -0.0275663282   0.0170233047  -0.0194615419
        0.0060559166  -0.0042135333   0.0049581717  -0.0028502654   0.0001470279
        0.0000135856   0.0009359286  -0.0003688586   0.0002918439  -0.0004427083
        0.0005881838   0.0001500461  -0.0006289631  -0.0000076736  -0.0000692851
       -0.0006238923  -0.0003059867  -0.0002529964   0.0010536108  -0.0001950554
       -0.0001598294  -0.0001947454   0.0002324082   0.0000313822   0.0001948211
        0.0002340546   0.0000564186   0.0004413091  -0.0000561806   0.0000161560
        0.0001868554  -0.0003138794  -0.0000454796  -0.0001426971  -0.0127358901
        0.0140143555  -0.1500967363   0.0081039615  -0.0083723628  -0.0050471076
        0.0001964435  -0.0002715262   0.0060758681   0.0056492935  -0.0065737351
       -0.0044965148   0.0004580179  -0.0004294412  -0.0000758871  -0.0000149805
       -0.0000082574
       -0.0518399741   0.0165993895  -0.0173559935  -0.0479711542  -0.1369873297
        0.1011231435   0.0124963823   0.3303539644  -0.2536012953   0.0393049707
       -0.1423969640   0.1034810103   0.0549158952   0.0063333125  -0.0070682992
       -0.0036843131  -0.0306294204   0.0286723080   0.0002997546  -0.0002749420
        0.0003500041  -0.0000028342  -0.0001298783  -0.0001067161   0.0000832037
       -0.0002483408  -0.0000085414   0.0002178777   0.0000721140   0.0000247864
        0.0001864940   0.0000035195  -0.0000496574  -0.0002149010  -0.0000286987
       -0.0001608339  -0.0002506870   0.0000906630   0.0000992335  -0.0000323567
        0.0000079361   0.0000070724  -0.0001329141   0.0000159744  -0.0000116103
       -0.0000670064   0.0001204984   0.0000175136  -0.0029621521  -0.0171313213
        0.0210085635   0.0093729307  -0.0234727169   0.0033256780   0.0004437992
        0.0048018180   0.0033843966  -0.0102391956  -0.0115700616   0.0133282883
        0.0000627448   0.0044098536   0.0035481227   0.0000134356   0.0000606303
       -0.0000071738
        0.0573025017  -0.0175903857   0.0202266731   0.0525838173   0.1007208503
       -0.1572871550  -0.0153659820  -0.2536012953   0.3765457851  -0.0421478236
        0.1032078711  -0.1598919919  -0.0605386181  -0.0074528170   0.0077990782
        0.0039192150   0.0290180656  -0.0361738573  -0.0002481851   0.0006030337
       -0.0003048055  -0.0001836503   0.0001852253   0.0001730777  -0.0000158569
        0.0002815597   0.0000146893  -0.0002428015  -0.0001082299  -0.0000260020
       -0.0001976258   0.0000083640   0.0000424732   0.0002474052   0.0002312477
        0.0002315850   0.0005768365  -0.0001519794   0.0000276187   0.0000479679
        0.0000006520  -0.0000053793   0.0001284851  -0.0000207711   0.0000111028
        0.0000552194  -0.0001145177  -0.0000144608   0.0032494282   0.0211211790
       -0.0208368576  -0.0099587002   0.0033134730  -0.0240839212  -0.0005101610
        0.0034108432   0.0039727203   0.0113532766   0.0136212011  -0.0140362687
       -0.0000237065   0.0034011534   0.0036152125  -0.0000310419  -0.0000847230
        0.0000006833
       -0.0391345489   0.0213022868  -0.0237426972   0.0504558403   0.0096308223
       -0.0104757288  -0.1057051080   0.0393049707  -0.0421478236   0.5769521690
       -0.0430994700   0.0453039816  -0.3159137431   0.0468384886  -0.0489408720
       -0.0475565516  -0.0512646818   0.0560890324   0.0014629606  -0.0022675509
        0.0018460588  -0.0003021490   0.0006138756  -0.0006818941   0.0003436143
        0.0003362331   0.0000484699  -0.0003808130  -0.0000394128  -0.0000108333
        0.0000020541  -0.0004140525  -0.0001510963  -0.0013759092  -0.0009680952
        0.0001817394  -0.0005221692   0.0001951309   0.0000968099   0.0000158293
        0.0000928310  -0.0000158465   0.0001627538  -0.0000279327  -0.0000053586
        0.0000459955  -0.0000426265   0.0000340172  -0.0666868344  -0.0386676372
        0.0422296714  -0.0345278700   0.0171595171  -0.0186588878  -0.0004670267
        0.0002882787  -0.0005012775  -0.0013228616  -0.0019297353   0.0019693262
       -0.0153881134   0.0027167878  -0.0024701045  -0.0001575190   0.0002419724
        0.0000033135
        0.0215823915  -0.0103027941   0.0075700419  -0.0277876565  -0.0284573498
        0.0310004764   0.0771041285  -0.1423969640   0.1032078711  -0.0430994700
        0.2883423189  -0.2073979706   0.0020138013  -0.0642297739   0.0212073855
       -0.0112488456   0.0151734398  -0.0160861689  -0.0032532869   0.0025553911
        0.0047719115  -0.0003047259  -0.0000806922   0.0000860293  -0.0002179381
        0.0005644651  -0.0002468850  -0.0002713749  -0.0000685447  -0.0000405880
       -0.0003363818   0.0000571052  -0.0004629732   0.0008250645   0.0002631870
        0.0000329997   0.0003477730  -0.0002035578   0.0001353909   0.0001331653
        0.0000628076   0.0000732303   0.0001662740  -0.0000338439   0.0000763893
        0.0000428824  -0.0001272225  -0.0000000233  -0.0402936594  -0.0606665270
        0.0440728798   0.0074910914  -0.0016181061   0.0040768914   0.0002119146
        0.0001712827  -0.0000133538  -0.0014796561   0.0027817570   0.0050736010
        0.0184638675  -0.0018459332   0.0026689308  -0.0000893588   0.0000595549
        0.0001939338
       -0.0237071428   0.0072986232  -0.0121970962   0.0305666108   0.0310962614
       -0.0339568848  -0.0840999726   0.1034810103  -0.1598919919   0.0453039816
       -0.2073979706   0.3250819607  -0.0007454949   0.0221496360  -0.0679858171
        0.0123789011  -0.0177397836   0.0188433287   0.0031088450   0.0048723029
        0.0016870049  -0.0011188740   0.0002382264  -0.0000585564   0.0002995068
       -0.0003881322  -0.0001823135   0.0004201949   0.0000088854   0.0000462690
        0.0004340209   0.0004096702   0.0000860823   0.0008290636   0.0001321482
        0.0000741007  -0.0001427082  -0.0001008118  -0.0000257608   0.0000410892
        0.0000107122  -0.0000363818  -0.0003256898   0.0000386917  -0.0000326055
       -0.0001416816   0.0001966688   0.0000185796   0.0439741169   0.0438655950
       -0.0686817957  -0.0080395228   0.0040025006  -0.0022844926  -0.0002507825
        0.0000739686   0.0002355513   0.0016408858   0.0050464468   0.0016984845
       -0.0203800059   0.0028248927  -0.0023465610  -0.0000453414  -0.0001195422
       -0.0000911044
        0.0526585724  -0.0249309584   0.0285691265  -0.0486859377  -0.0152338162
        0.0164990925  -0.0275663282   0.0549158952  -0.0605386181  -0.3159137431
        0.0020138013  -0.0007454949   0.6467188311  -0.0080610248   0.0093950410
       -0.1569319126  -0.0480754124   0.0522719163  -0.0345294112  -0.0156605565
        0.0166581619   0.0000379125  -0.0028844758   0.0015885646  -0.0005073995
       -0.0002907607  -0.0009256058   0.0006045499  -0.0002887579  -0.0000856934
       -0.0013028899   0.0000150875  -0.0012298513  -0.0021024776   0.0034000113
        0.0004154873   0.0007666665  -0.0000785939   0.0002701002  -0.0002959152
       -0.0001126957  -0.0000326598  -0.0002212899  -0.0000209944   0.0001334405
        0.0000301832  -0.0000254705  -0.0000417885  -0.0286791301  -0.0113629919
        0.0124592551   0.0019653966  -0.0001789051   0.0002411326  -0.0003069748
        0.0016271242  -0.0017762133  -0.0002229726  -0.0002860879   0.0004600052
       -0.0851839001   0.0656468401  -0.0741790843  -0.0003318295  -0.0001272576
        0.0005936857
        0.0087929297  -0.0273696131   0.0332733181  -0.0159529637  -0.0047554389
        0.0024179130   0.0170233047   0.0063333125  -0.0074528170   0.0468384886
       -0.0642297739   0.0221496360  -0.0080610248   0.3605399734  -0.2762045357
       -0.0900886217  -0.1366628557   0.0965121893  -0.0113010598   0.0020742934
       -0.0010273365   0.0028969049  -0.0023752387   0.0008848726  -0.0009727317
        0.0001882230   0.0001638325   0.0001597175   0.0000427451   0.0000643391
       -0.0008034925   0.0000942041   0.0000549878   0.0018134213   0.0007835514
       -0.0000149202   0.0001615709   0.0002493554   0.0000609031   0.0001395023
        0.0001452236   0.0000021022   0.0002719298  -0.0000260739  -0.0000311645
        0.0000955815  -0.0001396733  -0.0000522039  -0.0193420348  -0.0020239167
        0.0048958306   0.0019756941   0.0006516866   0.0043765457   0.0015431942
        0.0014034580   0.0058101445  -0.0004002322   0.0000986522  -0.0003629851
        0.0649188362  -0.1351736487   0.1147413375   0.0002910855   0.0001515541
       -0.0002619891
       -0.0109882987   0.0334584407  -0.0348669121   0.0179565315   0.0026717531
       -0.0054257815  -0.0194615419  -0.0070682992   0.0077990782  -0.0489408720
        0.0212073855  -0.0679858171   0.0093950410  -0.2762045357   0.4128362555
        0.1042821073   0.0971327041  -0.1495007667   0.0059476632  -0.0004111560
        0.0013351326  -0.0005971320   0.0003115229  -0.0008095587  -0.0000282388
        0.0000488346  -0.0000188796   0.0001463986   0.0001832669   0.0000437652
        0.0003442851  -0.0002423127  -0.0000151883  -0.0018710519  -0.0009524594
        0.0001730925  -0.0003940811   0.0003791245   0.0000763029  -0.0001157475
       -0.0000144805  -0.0000243473  -0.0001010542   0.0000473255   0.0000066386
       -0.0001212432   0.0001813810  -0.0000106605   0.0212732006   0.0050584016
       -0.0030890277  -0.0019030819   0.0044068099  -0.0000595195  -0.0017832901
        0.0057492268   0.0001760936   0.0004290541  -0.0003101345   0.0001851058
       -0.0733364340   0.1141234565  -0.1611389829  -0.0001322141   0.0002437445
        0.0003139770
       -0.1203537242   0.0722497428  -0.0875204729  -0.0285830316   0.0195577912
       -0.0219705320   0.0060559166  -0.0036843131   0.0039192150  -0.0475565516
       -0.0112488456   0.0123789011  -0.1569319126  -0.0900886217   0.1042821073
        0.6149146961  -0.0003787945   0.0022929272  -0.2153838214   0.0127362811
       -0.0121351122  -0.0253267747   0.0178457385  -0.0050043575   0.0026526433
        0.0025000753  -0.0006047810  -0.0021633800   0.0001183087  -0.0002085517
        0.0013648062  -0.0027796772  -0.0005957163  -0.0308427309  -0.0128488612
        0.0004243706  -0.0001573312   0.0001331562  -0.0001767460  -0.0002413512
        0.0002419980  -0.0001053208   0.0003533480  -0.0000293218   0.0001688536
       -0.0001718374  -0.0001247329   0.0001374921  -0.0036469146   0.0000328600
       -0.0002468239  -0.0016587201   0.0000561586  -0.0001289925   0.0063229494
       -0.0087102890   0.0111869591  -0.0055877913   0.0006896601  -0.0003312364
        0.0062724821   0.0047631756  -0.0062306209   0.0006690309  -0.0010314890
        0.0004684380
        0.0310073929  -0.1493803044   0.1131593056   0.0580213292   0.0073385285
       -0.0072908590  -0.0042135333  -0.0306294204   0.0290180656  -0.0512646818
        0.0151734398  -0.0177397836  -0.0480754124  -0.1366628557   0.0971327041
       -0.0003787945   0.3822083251  -0.2476109000   0.0126314190  -0.0631432960
        0.0050846692   0.0278467569  -0.0054118963   0.0020645266   0.0018657330
       -0.0038607263  -0.0007770703   0.0001731808  -0.0004955354  -0.0001071472
       -0.0020893480  -0.0027414765  -0.0010165879  -0.0225196602   0.0015543759
       -0.0022896427  -0.0026197807  -0.0005089215  -0.0002182157  -0.0012012128
       -0.0003913220  -0.0000815930  -0.0000221871   0.0000470477   0.0000674152
        0.0010934761  -0.0005128667   0.0000570112   0.0021876719   0.0036535930
        0.0019666232  -0.0001191656   0.0004749943  -0.0004664798   0.0050848425
       -0.0109234048   0.0125361392   0.0002213355   0.0046777819   0.0032412770
       -0.0087761116  -0.0107707143   0.0127381355   0.0011467502   0.0003046542
        0.0005324067
       -0.0356728417   0.1117071952  -0.1725907237  -0.0640476756  -0.0061961399
        0.0086554394   0.0049581717   0.0286723080  -0.0361738573   0.0560890324
       -0.0160861689   0.0188433287   0.0522719163   0.0965121893  -0.1495007667
        0.0022929272  -0.2476109000   0.3956967663  -0.0126560028   0.0035094668
       -0.0558780163   0.0000605476   0.0009860778   0.0010500466  -0.0007047464
       -0.0005856388   0.0064287864  -0.0000768563   0.0002180430   0.0002594144
       -0.0001448286  -0.0011325103   0.0060400253  -0.0040156316  -0.0009851422
        0.0004869790   0.0000401629   0.0006416011  -0.0014527617  -0.0000760325
        0.0000052868  -0.0001296509   0.0001021235   0.0000881598  -0.0009361095
        0.0000762096  -0.0000450757  -0.0000489215  -0.0021758401   0.0017147409
        0.0032247601   0.0000541850  -0.0006283597   0.0004512576  -0.0059899002
        0.0128743753  -0.0132597474  -0.0005072056   0.0032832279   0.0040789612
        0.0098882770   0.0127396607  -0.0129393493   0.0002340082   0.0003176028
       -0.0023058608
       -0.0246596110   0.0148315800  -0.0086911366   0.0029987081   0.0021515737
       -0.0020721832  -0.0028502654   0.0002997546  -0.0002481851   0.0014629606
       -0.0032532869   0.0031088450  -0.0345294112  -0.0113010598   0.0059476632
       -0.2153838214   0.0126314190  -0.0126560028   0.6094271975  -0.0063730889
        0.0382275115  -0.1209462426   0.1166507465   0.0073921473  -0.0275265032
        0.0292148754   0.0004253002   0.0046490893  -0.0057095227  -0.0001037878
       -0.0442237475  -0.0154904896  -0.0048074782  -0.1543438029  -0.1291137782
       -0.0251432676   0.0059271957   0.0067908036   0.0012569016  -0.0031702578
        0.0006367654  -0.0003782648  -0.0012476489   0.0002799523  -0.0001163276
       -0.0039611785   0.0010026611  -0.0007980323  -0.0003615464   0.0002647003
       -0.0000768596   0.0010971680  -0.0000521627   0.0000949759   0.0008733035
       -0.0009492591   0.0005134730  -0.0003600182  -0.0001594340  -0.0002363468
        0.0007766419   0.0009241446  -0.0005278345   0.0063517904  -0.0132768947
       -0.0011111108
        0.0189856783  -0.0022382506   0.0029638013   0.0015196552   0.0016759929
        0.0055781723   0.0001470279  -0.0002749420   0.0006030337  -0.0022675509
        0.0025553911   0.0048723029  -0.0156605565   0.0020742934  -0.0004111560
        0.0127362811  -0.0631432960   0.0035094668  -0.0063730889   0.6160989096
        0.0254373761   0.0484860603  -0.2735623102  -0.0135348306   0.0855711880
        0.0107031394   0.0087036782  -0.0076098406  -0.0552907610  -0.0055273409
       -0.0676211457   0.0284102224  -0.0021026984  -0.0734739430  -0.2038037641
       -0.0204033311  -0.0037911194  -0.0387404776  -0.0044199668   0.0031122245
        0.0015236684   0.0001193875   0.0006539964   0.0005045466  -0.0000390739
       -0.0014036506   0.0014744046  -0.0005000620  -0.0007805623  -0.0001542344
        0.0000764088  -0.0001673462  -0.0005910911  -0.0006400941   0.0005587830
       -0.0012869269  -0.0014243098   0.0007838711  -0.0001569243   0.0001092859
       -0.0008319591  -0.0013252161  -0.0015530862   0.0074259974  -0.0244523739
       -0.0014169636
       -0.0200567327   0.0031729206  -0.0020694829  -0.0015178695   0.0056071137
        0.0003248351   0.0000135856   0.0003500041  -0.0003048055   0.0018460588
        0.0047719115   0.0016870049   0.0166581619  -0.0010273365   0.0013351326
       -0.0121351122   0.0050846692  -0.0558780163   0.0382275115   0.0254373761
        0.1407419611  -0.0012270018  -0.0076652711  -0.0439003085   0.0045326438
        0.0027746559   0.0013240763  -0.0000351078  -0.0048797834  -0.0019237118
       -0.0094947526   0.0006134668  -0.0014198165  -0.0170249491  -0.0239112741
       -0.0487333158  -0.0002143858  -0.0038653178   0.0013561681  -0.0003429270
       -0.0000774803   0.0044337888  -0.0000522972   0.0000924624  -0.0000910344
       -0.0006442793  -0.0002174429   0.0045853157   0.0008227353   0.0001468825
       -0.0001339701   0.0001355607  -0.0006398024  -0.0004461687  -0.0005811385
       -0.0013877113  -0.0005174902  -0.0009632735   0.0001023216  -0.0000979700
        0.0008327752  -0.0014303684  -0.0005964814   0.0012207944  -0.0030519963
        0.0003242897
       -0.0022642421  -0.0013043582   0.0015375590  -0.0015731504  -0.0004664604
       -0.0011855611   0.0009359286  -0.0000028342  -0.0001836503  -0.0003021490
       -0.0003047259  -0.0011188740   0.0000379125   0.0028969049  -0.0005971320
       -0.0253267747   0.0278467569   0.0000605476  -0.1209462426   0.0484860603
       -0.0012270018   0.6497301817   0.0107957834   0.0453170084  -0.3181264297
        0.0467805536  -0.0174154898  -0.0466768277  -0.0671051396  -0.0095464326
       -0.0358955128   0.0280159260  -0.0004476767   0.0506685870   0.0156055360
        0.0055909818  -0.0015750036  -0.0038282934  -0.0008366756  -0.0000748987
       -0.0010380663   0.0000720205   0.0009985395  -0.0010060531  -0.0003242733
       -0.0186663352   0.0187296827  -0.0001825066  -0.0000169628  -0.0000610918
        0.0000029099  -0.0003949645   0.0001965768   0.0000905504  -0.0000484177
        0.0002730057   0.0001993609  -0.0003258114   0.0000268798   0.0000036782
       -0.0002599032   0.0005980885   0.0003591862  -0.1298975232  -0.1251347317
       -0.0201685290
       -0.0020745141   0.0019535906  -0.0012920418   0.0010656684   0.0001861689
        0.0000002658  -0.0003688586  -0.0001298783   0.0001852253   0.0006138756
       -0.0000806922   0.0002382264  -0.0028844758  -0.0023752387   0.0003115229
        0.0178457385  -0.0054118963   0.0009860778   0.1166507465  -0.2735623102
       -0.0076652711   0.0107957834   0.6492243698   0.0465460650  -0.0187888383
       -0.0814701781  -0.0051467791  -0.0142560499   0.0307721397   0.0018032977
        0.0283983524  -0.0161726702   0.0009995662  -0.0369130043  -0.0645447448
       -0.0093470051  -0.0014592378  -0.0015493571  -0.0005743976  -0.0012340910
       -0.0012637713  -0.0002372847  -0.0031037659  -0.0030357539  -0.0008248855
        0.0303709950  -0.0163355589   0.0008317474  -0.0001590224  -0.0000838937
        0.0001520632  -0.0001351253  -0.0000244366   0.0000025498   0.0000546927
       -0.0003521262   0.0000720382  -0.0000026597   0.0000094360  -0.0000688528
       -0.0001680534   0.0001635944   0.0002120924  -0.1242481559  -0.2159167926
       -0.0271842206
       -0.0004121784  -0.0000435800   0.0004885684  -0.0003102810  -0.0001187947
       -0.0000174455   0.0002918439  -0.0001067161   0.0001730777  -0.0006818941
        0.0000860293  -0.0000585564   0.0015885646   0.0008848726  -0.0008095587
       -0.0050043575   0.0020645266   0.0010500466   0.0073921473  -0.0135348306
       -0.0439003085   0.0453170084   0.0465460650   0.1130931562  -0.0223156705
        0.0006507362  -0.0449929910  -0.0053202548  -0.0027429669  -0.0003035810
       -0.0001800944   0.0006189441  -0.0012790627  -0.0000710899  -0.0049995628
        0.0015116457  -0.0007254434  -0.0011325617   0.0042364782  -0.0000416766
       -0.0000762219  -0.0001904363  -0.0004865700  -0.0006818216   0.0042843600
        0.0008786749  -0.0002118707   0.0023975100  -0.0000500773  -0.0000767374
        0.0000170224   0.0000349520  -0.0000221182   0.0000253628  -0.0000037983
       -0.0000770085   0.0001196248  -0.0000411173  -0.0000178342  -0.0000383020
        0.0000307158  -0.0001894722   0.0002681032  -0.0198894035  -0.0268190764
       -0.0360747140
       -0.0014910403   0.0009796640  -0.0003858204   0.0002480655   0.0002184983
       -0.0001798826  -0.0004427083   0.0000832037  -0.0000158569   0.0003436143
       -0.0002179381   0.0002995068  -0.0005073995  -0.0009727317  -0.0000282388
        0.0026526433   0.0018657330  -0.0007047464  -0.0275265032   0.0855711880
        0.0045326438  -0.3181264297  -0.0187888383  -0.0223156705   0.5949392859
        0.0386940185   0.0416726021  -0.1440919993  -0.0787299888  -0.0135189871
        0.0479278436  -0.0381194750   0.0006910891  -0.0477330884  -0.0228043831
       -0.0058085444   0.0006812226   0.0000301434  -0.0000426048  -0.0003631479
        0.0037045649  -0.0001764948  -0.0393911918  -0.0173214236  -0.0045867285
       -0.0466167563   0.0464097334   0.0016960081   0.0000314211   0.0000602242
       -0.0000032069   0.0002170023  -0.0000264860  -0.0000018065  -0.0000234680
       -0.0001184526   0.0001211627  -0.0000429932  -0.0000454163  -0.0000393579
       -0.0002091138  -0.0001781331   0.0001063688  -0.0204752591  -0.0002937046
       -0.0013114347
        0.0003563536  -0.0003359694   0.0002052946   0.0000846296   0.0001226753
        0.0003406965   0.0005881838  -0.0002483408   0.0002815597   0.0003362331
        0.0005644651  -0.0003881322  -0.0002907607   0.0001882230   0.0000488346
        0.0025000753  -0.0038607263  -0.0005856388   0.0292148754   0.0107031394
        0.0027746559   0.0467805536  -0.0814701781   0.0006507362   0.0386940185
        0.4856278976   0.0348332462  -0.1348497542  -0.2103191602  -0.0236290334
        0.0147025036  -0.0635544602  -0.0039679472  -0.0214978965  -0.0077427564
       -0.0025404555   0.0000288359   0.0006999968   0.0001686505   0.0021421343
       -0.0003173536  -0.0003063761  -0.0035986821   0.0004348252  -0.0004266819
        0.0486716270  -0.1316416503  -0.0054455207  -0.0001324445  -0.0001161633
        0.0001324260  -0.0004066885   0.0000027542  -0.0001133441   0.0000747759
       -0.0000469378  -0.0000174062  -0.0000210775  -0.0000191550  -0.0000130211
        0.0000484921  -0.0000087872  -0.0001941203  -0.0234259877   0.0013376620
       -0.0018084227
        0.0012201978  -0.0001968706   0.0001621119  -0.0000168715  -0.0004598097
        0.0001101327   0.0001500461  -0.0000085414   0.0000146893   0.0000484699
       -0.0002468850  -0.0001823135  -0.0009256058   0.0001638325  -0.0000188796
       -0.0006047810  -0.0007770703   0.0064287864   0.0004253002   0.0087036782
        0.0013240763  -0.0174154898  -0.0051467791  -0.0449929910   0.0416726021
        0.0348332462   0.1009484610  -0.0184525500  -0.0191537882  -0.0464282636
        0.0053255692  -0.0082918006  -0.0007947577  -0.0056452712  -0.0024758661
       -0.0027735185   0.0000422938   0.0000744246   0.0000136460  -0.0002647070
       -0.0002574521   0.0046612728  -0.0035531839  -0.0014251465   0.0015850044
        0.0019064329  -0.0055633896  -0.0202642511  -0.0000969073  -0.0000388784
        0.0000512392  -0.0001425847   0.0000532024   0.0000026239   0.0000360577
        0.0001054097   0.0000574657   0.0000887299  -0.0000025839   0.0000241411
       -0.0001151006   0.0000960328  -0.0000092293  -0.0036826466   0.0000150352
        0.0000805538
        0.0006584172  -0.0001473010  -0.0000239240  -0.0000969994  -0.0000658229
       -0.0000722672  -0.0006289631   0.0002178777  -0.0002428015  -0.0003808130
       -0.0002713749   0.0004201949   0.0006045499   0.0001597175   0.0001463986
       -0.0021633800   0.0001731808  -0.0000768563   0.0046490893  -0.0076098406
       -0.0000351078  -0.0466768277  -0.0142560499  -0.0053202548  -0.1440919993
       -0.1348497542  -0.0184525500   0.4739472080   0.0118847922   0.0298496041
       -0.1045142911   0.1132137322   0.0049332193  -0.0256497462   0.0272920399
        0.0009603771  -0.0027047857  -0.0005414138  -0.0007340700  -0.0002437789
       -0.0181622564  -0.0019446150  -0.1515736810   0.0131131723  -0.0092135012
        0.0027033056   0.0093731232   0.0008928080   0.0001969297   0.0001986077
       -0.0002307310   0.0004170860  -0.0000205037   0.0000440905  -0.0000615739
        0.0000009347   0.0000269535   0.0000560967   0.0000000037   0.0000176266
       -0.0000576059   0.0000412239  -0.0000702893  -0.0043882372   0.0002559118
       -0.0008743047
        0.0003156355   0.0001426649   0.0001126534  -0.0000448954  -0.0000332096
        0.0000566100  -0.0000076736   0.0000721140  -0.0001082299  -0.0000394128
       -0.0000685447   0.0000088854  -0.0002887579   0.0000427451   0.0001832669
        0.0001183087  -0.0004955354   0.0002180430  -0.0057095227  -0.0552907610
       -0.0048797834  -0.0671051396   0.0307721397  -0.0027429669  -0.0787299888
       -0.2103191602  -0.0191537882   0.0118847922   0.5854907131   0.0422547327
        0.0580732101  -0.2523330531  -0.0143611524   0.0795172604   0.0091307793
        0.0071992727  -0.0020396134   0.0011877492  -0.0004356593  -0.0049607321
       -0.0400231165  -0.0039945834   0.0127615150  -0.0262782632   0.0004312263
       -0.0046823921  -0.0426356036  -0.0039539813   0.0000546368   0.0000475307
       -0.0000691712   0.0000513842   0.0000180595   0.0000035233  -0.0000173542
        0.0001039565  -0.0000783414   0.0000336277  -0.0000024417   0.0000077915
        0.0000486718   0.0001163016  -0.0000765598   0.0007664401   0.0003549354
       -0.0006217881
        0.0001553386  -0.0000164032   0.0000130551  -0.0000213056  -0.0000247823
       -0.0000062754  -0.0000692851   0.0000247864  -0.0000260020  -0.0000108333
       -0.0000405880   0.0000462690  -0.0000856934   0.0000643391   0.0000437652
       -0.0002085517  -0.0001071472   0.0002594144  -0.0001037878  -0.0055273409
       -0.0019237118  -0.0095464326   0.0018032977  -0.0003035810  -0.0135189871
       -0.0236290334  -0.0464282636   0.0298496041   0.0422547327   0.0965419442
       -0.0001373430  -0.0091863873  -0.0420784649   0.0052318293   0.0032055963
        0.0001409523  -0.0006800651  -0.0004259027   0.0044023380  -0.0006878633
       -0.0054182511   0.0015266997  -0.0091315698   0.0004750237  -0.0202626642
       -0.0002693804  -0.0029790597   0.0016365795  -0.0000063680   0.0000028200
       -0.0000043380   0.0000341116   0.0000039409   0.0000011689   0.0000191846
        0.0000079868  -0.0000125427   0.0000056577   0.0000061942   0.0000027372
       -0.0000240164   0.0000137153  -0.0000118066  -0.0007942434  -0.0005075371
        0.0064427265
       -0.0000038374   0.0011915148  -0.0002516564   0.0003199679   0.0001270258
       -0.0000074948  -0.0006238923   0.0001864940  -0.0001976258   0.0000020541
       -0.0003363818   0.0004340209  -0.0013028899  -0.0008034925   0.0003442851
        0.0013648062  -0.0020893480  -0.0001448286  -0.0442237475  -0.0676211457
       -0.0094947526  -0.0358955128   0.0283983524  -0.0001800944   0.0479278436
        0.0147025036   0.0053255692  -0.1045142911   0.0580732101  -0.0001373430
        0.5478395979  -0.0626060738   0.0312813162  -0.2869791156   0.0509093788
       -0.0159833182  -0.0203370560   0.0165878492  -0.0000415828  -0.0679644633
       -0.0592937682  -0.0092327569  -0.0336271751   0.0248839255  -0.0007052382
       -0.0018716728  -0.0029742573  -0.0007238212   0.0001027762   0.0001150470
       -0.0001371996   0.0003727667  -0.0000265260   0.0000241007  -0.0002193662
        0.0001497679  -0.0000128539   0.0000670535  -0.0000189569   0.0000274599
       -0.0000819397   0.0001101808  -0.0000662035  -0.0003519064   0.0003347002
       -0.0001199822
        0.0000179739  -0.0001542417   0.0000244488   0.0000313103   0.0000967436
        0.0000039720  -0.0003059867   0.0000035195   0.0000083640  -0.0004140525
        0.0000571052   0.0004096702   0.0000150875   0.0000942041  -0.0002423127
       -0.0027796772  -0.0027414765  -0.0011325103  -0.0154904896   0.0284102224
        0.0006134668   0.0280159260  -0.0161726702   0.0006189441  -0.0381194750
       -0.0635544602  -0.0082918006   0.1132137322  -0.2523330531  -0.0091863873
       -0.0626060738   0.5081795558   0.0331422746  -0.0037342195  -0.0676932897
       -0.0020669496   0.0303597489  -0.0207885351  -0.0001117588  -0.0591886248
       -0.1068546160  -0.0135077970   0.0118580445  -0.0063964126   0.0001775745
       -0.0012899310   0.0004006944  -0.0004427940   0.0000291999   0.0000105768
       -0.0001055023   0.0000940935  -0.0000814228   0.0000031422   0.0000385602
       -0.0003211816   0.0000716402  -0.0000512338   0.0000024840   0.0000031419
       -0.0000817104  -0.0001068170  -0.0000700525   0.0003877972  -0.0000569292
        0.0000812258
        0.0006117629   0.0000219426  -0.0000293622   0.0002824505  -0.0002747942
       -0.0001809736  -0.0002529964  -0.0000496574   0.0000424732  -0.0001510963
       -0.0004629732   0.0000860823  -0.0012298513   0.0000549878  -0.0000151883
       -0.0005957163  -0.0010165879   0.0060400253  -0.0048074782  -0.0021026984
       -0.0014198165  -0.0004476767   0.0009995662  -0.0012790627   0.0006910891
       -0.0039679472  -0.0007947577   0.0049332193  -0.0143611524  -0.0420784649
        0.0312813162   0.0331422746   0.0973914917  -0.0203421619   0.0014262069
       -0.0441315288   0.0016527862  -0.0011686071   0.0019767938  -0.0094025042
       -0.0129794226  -0.0220932565  -0.0018065542   0.0012206225   0.0018007318
       -0.0005278628  -0.0006746781   0.0043411421  -0.0001110672  -0.0000179859
        0.0000083537   0.0001568917   0.0000367472   0.0000433819   0.0000706789
        0.0001013288  -0.0000106965   0.0000499718  -0.0000023188  -0.0000101937
       -0.0000355419   0.0001057586   0.0000492987  -0.0000196593  -0.0000306120
        0.0002635269
        0.0007442545  -0.0029914731   0.0017402686  -0.0008610455   0.0007128502
        0.0007737060   0.0010536108  -0.0002149010   0.0002474052  -0.0013759092
        0.0008250645   0.0008290636  -0.0021024776   0.0018134213  -0.0018710519
       -0.0308427309  -0.0225196602  -0.0040156316  -0.1543438029  -0.0734739430
       -0.0170249491   0.0506685870  -0.0369130043  -0.0000710899  -0.0477330884
       -0.0214978965  -0.0056452712  -0.0256497462   0.0795172604   0.0052318293
       -0.2869791156  -0.0037342195  -0.0203421619   0.5684648034   0.0464748983
        0.0422705656  -0.0439946708   0.0448097779   0.0036909090  -0.0284872624
       -0.0142688667  -0.0041875460   0.0019372887  -0.0004808915  -0.0001484426
        0.0006279471   0.0002788366   0.0001480521  -0.0002451733  -0.0000009030
        0.0000190938  -0.0003274970  -0.0000757777  -0.0002254554  -0.0001996021
       -0.0002178635  -0.0007562921  -0.0000643260  -0.0000067071   0.0000484059
        0.0000633883  -0.0003594316  -0.0004315302  -0.0003534320   0.0023234295
       -0.0002798772
        0.0024551524  -0.0019446749  -0.0008028102  -0.0000962372  -0.0005351052
        0.0002071744  -0.0001950554  -0.0000286987   0.0002312477  -0.0009680952
        0.0002631870   0.0001321482   0.0034000113   0.0007835514  -0.0009524594
       -0.0128488612   0.0015543759  -0.0009851422  -0.1291137782  -0.2038037641
       -0.0239112741   0.0156055360  -0.0645447448  -0.0049995628  -0.0228043831
       -0.0077427564  -0.0024758661   0.0272920399   0.0091307793   0.0032055963
        0.0509093788  -0.0676932897   0.0014262069   0.0464748983   0.4826601410
        0.0429425023   0.0435362478  -0.1305903187  -0.0109801480  -0.0271727295
       -0.0109885521  -0.0035211889   0.0007755491  -0.0030567081  -0.0005501803
       -0.0000145494   0.0007275813   0.0001449129   0.0002775833   0.0000681947
       -0.0001541670   0.0003271148  -0.0001090427   0.0000733228   0.0004741568
        0.0001756135   0.0010300643   0.0001808228   0.0000604758   0.0001796637
       -0.0001890367  -0.0003103637   0.0003983646   0.0016942347  -0.0040758805
       -0.0006384050
       -0.0010041342   0.0006279377  -0.0004613171   0.0005773355   0.0001588644
        0.0000584178  -0.0001598294  -0.0001608339   0.0002315850   0.0001817394
        0.0000329997   0.0000741007   0.0004154873  -0.0000149202   0.0001730925
        0.0004243706  -0.0022896427   0.0004869790  -0.0251432676  -0.0204033311
       -0.0487333158   0.0055909818  -0.0093470051   0.0015116457  -0.0058085444
       -0.0025404555  -0.0027735185   0.0009603771   0.0071992727   0.0001409523
       -0.0159833182  -0.0020669496  -0.0441315288   0.0422705656   0.0429425023
        0.1013576565   0.0034719122  -0.0100393614  -0.0206750398  -0.0052049432
       -0.0027995987   0.0014182817  -0.0000508786  -0.0007523581   0.0045696456
       -0.0000283426   0.0002976439   0.0000064121  -0.0000290928  -0.0000296393
        0.0000235151  -0.0000381053  -0.0000170407  -0.0000142525  -0.0000802866
       -0.0000018296   0.0000350878   0.0000324708  -0.0000313380  -0.0000090301
        0.0000222423  -0.0000582975   0.0000442155  -0.0004167398  -0.0007066193
        0.0066664155
       -0.0016761710  -0.0015750915  -0.0019013460   0.0003626109  -0.0001969657
       -0.0001365395  -0.0001947454  -0.0002506870   0.0005768365  -0.0005221692
        0.0003477730  -0.0001427082   0.0007666665   0.0001615709  -0.0003940811
       -0.0001573312  -0.0026197807   0.0000401629   0.0059271957  -0.0037911194
       -0.0002143858  -0.0015750036  -0.0014592378  -0.0007254434   0.0006812226
        0.0000288359   0.0000422938  -0.0027047857  -0.0020396134  -0.0006800651
       -0.0203370560   0.0303597489   0.0016527862  -0.0439946708   0.0435362478
        0.0034719122   0.0687883749  -0.0639136301  -0.0009757120  -0.0038620053
        0.0017097339   0.0000738012  -0.0007975114   0.0009459025  -0.0000095457
       -0.0001404285   0.0004897118   0.0000987710  -0.0000103498  -0.0000586511
        0.0000211807   0.0000089942   0.0000019869   0.0000250796  -0.0006324162
       -0.0012351965  -0.0008092396  -0.0000172475   0.0000188191  -0.0000201005
        0.0000187349   0.0000500643   0.0000331969   0.0000680919  -0.0005104218
       -0.0000268541
       -0.0013851204  -0.0007456546  -0.0002440875  -0.0000562069   0.0000204708
       -0.0003118819   0.0002324082   0.0000906630  -0.0001519794   0.0001951309
       -0.0002035578  -0.0001008118  -0.0000785939   0.0002493554   0.0003791245
        0.0001331562  -0.0005089215   0.0006416011   0.0067908036  -0.0387404776
       -0.0038653178  -0.0038282934  -0.0015493571  -0.0011325617   0.0000301434
        0.0006999968   0.0000744246  -0.0005414138   0.0011877492  -0.0004259027
        0.0165878492  -0.0207885351  -0.0011686071   0.0448097779  -0.1305903187
       -0.0100393614  -0.0639136301   0.1865704736   0.0176200728   0.0004443052
        0.0060830232   0.0005822663   0.0003657681  -0.0002989304   0.0000085272
        0.0003287666  -0.0008705658   0.0000564988   0.0000585242   0.0000663739
       -0.0000466601  -0.0000136822   0.0001088948  -0.0000154139  -0.0012272049
        0.0001689214  -0.0017360690   0.0001685060   0.0000089430  -0.0000365784
        0.0001790319   0.0000133278  -0.0001226460   0.0007199742  -0.0009718745
        0.0000353634
       -0.0010606539  -0.0008120820  -0.0009736417  -0.0001945024  -0.0000687133
        0.0000240778   0.0000313822   0.0000992335   0.0000276187   0.0000968099
        0.0001353909  -0.0000257608   0.0002701002   0.0000609031   0.0000763029
       -0.0001767460  -0.0002182157  -0.0014527617   0.0012569016  -0.0044199668
        0.0013561681  -0.0008366756  -0.0005743976   0.0042364782  -0.0000426048
        0.0001686505   0.0000136460  -0.0007340700  -0.0004356593   0.0044023380
       -0.0000415828  -0.0001117588   0.0019767938   0.0036909090  -0.0109801480
       -0.0206750398  -0.0009757120   0.0176200728   0.0139528955  -0.0001531760
        0.0008894374  -0.0010125531  -0.0000211394   0.0000640955  -0.0000705844
        0.0001038897  -0.0000426160  -0.0007225201  -0.0000574568  -0.0000797777
        0.0000683524   0.0000035808  -0.0000019511   0.0000090637  -0.0013315531
       -0.0011267340  -0.0010719668   0.0000103890  -0.0000109111  -0.0000233157
        0.0000266423  -0.0000494218  -0.0000577141   0.0001352681  -0.0001054305
       -0.0000578766
       -0.0000881330  -0.0001916703   0.0002284902  -0.0000889273   0.0000301696
        0.0000349557   0.0001948211  -0.0000323567   0.0000479679   0.0000158293
        0.0001331653   0.0000410892  -0.0002959152   0.0001395023  -0.0001157475
       -0.0002413512  -0.0012012128  -0.0000760325  -0.0031702578   0.0031122245
       -0.0003429270  -0.0000748987  -0.0012340910  -0.0000416766  -0.0003631479
        0.0021421343  -0.0002647070  -0.0002437789  -0.0049607321  -0.0006878633
       -0.0679644633  -0.0591886248  -0.0094025042  -0.0284872624  -0.0271727295
       -0.0052049432  -0.0038620053   0.0004443052  -0.0001531760   0.0998017804
        0.0835479947   0.0152723297   0.0046291956   0.0040217921   0.0007473824
        0.0000921620   0.0001375763   0.0000536711  -0.0000174070   0.0000378001
        0.0000153475  -0.0000501854   0.0000056673  -0.0000059133   0.0000162123
       -0.0000496551  -0.0001190639  -0.0000129402   0.0000239674  -0.0000472428
        0.0000843180   0.0000172952  -0.0000731502   0.0001263548   0.0002374780
        0.0000937139
       -0.0000378413  -0.0002079582   0.0002197048  -0.0001355541   0.0000068576
        0.0000368897   0.0002340546   0.0000079361   0.0000006520   0.0000928310
        0.0000628076   0.0000107122  -0.0001126957   0.0001452236  -0.0000144805
        0.0002419980  -0.0003913220   0.0000052868   0.0006367654   0.0015236684
       -0.0000774803  -0.0010380663  -0.0012637713  -0.0000762219   0.0037045649
       -0.0003173536  -0.0002574521  -0.0181622564  -0.0400231165  -0.0054182511
       -0.0592937682  -0.1068546160  -0.0129794226  -0.0142688667  -0.0109885521
       -0.0027995987   0.0017097339   0.0060830232   0.0008894374   0.0835479947
        0.1546069871   0.0206026345   0.0032849444  -0.0015510626   0.0001293808
       -0.0006110716  -0.0012433637  -0.0000781471  -0.0000030807   0.0000504254
        0.0000263846  -0.0000941413   0.0000192082  -0.0000005459   0.0000277450
       -0.0000009096  -0.0002015802  -0.0000039293   0.0000259504  -0.0000579226
        0.0000982262   0.0000101960  -0.0000544851   0.0001824134   0.0002997422
        0.0000945050
       -0.0000203746  -0.0001084323   0.0000564482  -0.0000421872  -0.0000052748
        0.0000324404   0.0000564186   0.0000070724  -0.0000053793  -0.0000158465
        0.0000732303  -0.0000363818  -0.0000326598   0.0000021022  -0.0000243473
       -0.0001053208  -0.0000815930  -0.0001296509  -0.0003782648   0.0001193875
        0.0044337888   0.0000720205  -0.0002372847  -0.0001904363  -0.0001764948
       -0.0003063761   0.0046612728  -0.0019446150  -0.0039945834   0.0015266997
       -0.0092327569  -0.0135077970  -0.0220932565  -0.0041875460  -0.0035211889
        0.0014182817   0.0000738012   0.0005822663  -0.0010125531   0.0152723297
        0.0206026345   0.0135120540   0.0005913503   0.0002978264  -0.0010896259
       -0.0000629708  -0.0000647486  -0.0001019748   0.0000026381   0.0000010163
        0.0000140972   0.0000349313  -0.0000027005  -0.0000012040  -0.0000234883
       -0.0000153017  -0.0000056611   0.0000048883  -0.0000015875   0.0000030491
       -0.0000031801   0.0000192252  -0.0000374173   0.0001173275   0.0001421073
       -0.0009302435
       -0.0001116494  -0.0002801042   0.0001830453  -0.0000972681  -0.0000237877
        0.0001206822   0.0004413091  -0.0001329141   0.0001284851   0.0001627538
        0.0001662740  -0.0003256898  -0.0002212899   0.0002719298  -0.0001010542
        0.0003533480  -0.0000221871   0.0001021235  -0.0012476489   0.0006539964
       -0.0000522972   0.0009985395  -0.0031037659  -0.0004865700  -0.0393911918
       -0.0035986821  -0.0035531839  -0.1515736810   0.0127615150  -0.0091315698
       -0.0336271751   0.0118580445  -0.0018065542   0.0019372887   0.0007755491
       -0.0000508786  -0.0007975114   0.0003657681  -0.0000211394   0.0046291956
        0.0032849444   0.0005913503   0.2164086848  -0.0191788977   0.0143931967
        0.0033125935  -0.0042117295   0.0000109494  -0.0000584241  -0.0001223068
        0.0000717635  -0.0001845470  -0.0000433107   0.0000203431   0.0000336306
        0.0000529506   0.0000445817  -0.0000197439   0.0000540105  -0.0000186715
        0.0001200677  -0.0000125496  -0.0000793494  -0.0010672807   0.0004852530
       -0.0000395627
        0.0000015483   0.0000277512  -0.0000067388  -0.0000260166  -0.0000077774
       -0.0000108662  -0.0000561806   0.0000159744  -0.0000207711  -0.0000279327
       -0.0000338439   0.0000386917  -0.0000209944  -0.0000260739   0.0000473255
       -0.0000293218   0.0000470477   0.0000881598   0.0002799523   0.0005045466
        0.0000924624  -0.0010060531  -0.0030357539  -0.0006818216  -0.0173214236
        0.0004348252  -0.0014251465   0.0131131723  -0.0262782632   0.0004750237
        0.0248839255  -0.0063964126   0.0012206225  -0.0004808915  -0.0030567081
       -0.0007523581   0.0009459025  -0.0002989304   0.0000640955   0.0040217921
       -0.0015510626   0.0002978264  -0.0191788977   0.0393076129   0.0009574513
       -0.0043295919   0.0002562547  -0.0002267552   0.0000199348   0.0000268237
       -0.0000221102   0.0000180505   0.0000002911  -0.0000031773   0.0000043685
       -0.0000012500  -0.0000409380  -0.0000103400   0.0000016252  -0.0000142930
        0.0000161906   0.0000016618  -0.0000193344  -0.0008171931   0.0000616614
       -0.0000573484
       -0.0001717775   0.0000385149  -0.0000026239  -0.0000163800   0.0000553458
        0.0000200293   0.0000161560  -0.0000116103   0.0000111028  -0.0000053586
        0.0000763893  -0.0000326055   0.0001334405  -0.0000311645   0.0000066386
        0.0001688536   0.0000674152  -0.0009361095  -0.0001163276  -0.0000390739
       -0.0000910344  -0.0003242733  -0.0008248855   0.0042843600  -0.0045867285
       -0.0004266819   0.0015850044  -0.0092135012   0.0004312263  -0.0202626642
       -0.0007052382   0.0001775745   0.0018007318  -0.0001484426  -0.0005501803
        0.0045696456  -0.0000095457   0.0000085272  -0.0000705844   0.0007473824
        0.0001293808  -0.0010896259   0.0143931967   0.0009574513   0.0113645817
       -0.0000685645  -0.0000873008  -0.0010756676   0.0000212631  -0.0000012220
       -0.0000039159   0.0000375464  -0.0000109939  -0.0000027892  -0.0000165497
       -0.0000231346   0.0000053445  -0.0000067374  -0.0000027418  -0.0000012469
        0.0000204443  -0.0000010854  -0.0000254233  -0.0001488581   0.0000682496
       -0.0000531479
       -0.0002213779  -0.0001175926   0.0001070943  -0.0000513411  -0.0000871551
       -0.0000868739   0.0001868554  -0.0000670064   0.0000552194   0.0000459955
        0.0000428824  -0.0001416816   0.0000301832   0.0000955815  -0.0001212432
       -0.0001718374   0.0010934761   0.0000762096  -0.0039611785  -0.0014036506
       -0.0006442793  -0.0186663352   0.0303709950   0.0008786749  -0.0466167563
        0.0486716270   0.0019064329   0.0027033056  -0.0046823921  -0.0002693804
       -0.0018716728  -0.0012899310  -0.0005278628   0.0006279471  -0.0000145494
       -0.0000283426  -0.0001404285   0.0003287666   0.0001038897   0.0000921620
       -0.0006110716  -0.0000629708   0.0033125935  -0.0043295919  -0.0000685645
        0.0643679879  -0.0686133165  -0.0014542724  -0.0000286184  -0.0000200723
        0.0000165519  -0.0000444227  -0.0000026527   0.0000104309   0.0000163496
       -0.0000170991   0.0000581477  -0.0000123313   0.0000133618  -0.0000217628
       -0.0000203449   0.0000691728  -0.0000048412   0.0004232651   0.0005702180
        0.0002194240
        0.0001041654   0.0001865343  -0.0000837691  -0.0000112624   0.0001120557
        0.0000277086  -0.0003138794   0.0001204984  -0.0001145177  -0.0000426265
       -0.0001272225   0.0001966688  -0.0000254705  -0.0001396733   0.0001813810
       -0.0001247329  -0.0005128667  -0.0000450757   0.0010026611   0.0014744046
       -0.0002174429   0.0187296827  -0.0163355589  -0.0002118707   0.0464097334
       -0.1316416503  -0.0055633896   0.0093731232  -0.0426356036  -0.0029790597
       -0.0029742573   0.0004006944  -0.0006746781   0.0002788366   0.0007275813
        0.0002976439   0.0004897118  -0.0008705658  -0.0000426160   0.0001375763
       -0.0012433637  -0.0000647486  -0.0042117295   0.0002562547  -0.0000873008
       -0.0686133165   0.1891013525   0.0093251232   0.0000482236   0.0000621433
       -0.0000528004   0.0000850364   0.0000125919   0.0000060777  -0.0000670015
        0.0000098450  -0.0000870474  -0.0000291459  -0.0000095911   0.0000271248
        0.0000693314  -0.0000118721  -0.0000896100  -0.0003146594   0.0010640119
        0.0002521986
       -0.0000371681   0.0000019650  -0.0000171300   0.0000287118   0.0000256992
       -0.0000164009  -0.0000454796   0.0000175136  -0.0000144608   0.0000340172
       -0.0000000233   0.0000185796  -0.0000417885  -0.0000522039  -0.0000106605
        0.0001374921   0.0000570112  -0.0000489215  -0.0007980323  -0.0005000620
        0.0045853157  -0.0001825066   0.0008317474   0.0023975100   0.0016960081
       -0.0054455207  -0.0202642511   0.0008928080  -0.0039539813   0.0016365795
       -0.0007238212  -0.0004427940   0.0043411421   0.0001480521   0.0001449129
        0.0000064121   0.0000987710   0.0000564988  -0.0007225201   0.0000536711
       -0.0000781471  -0.0001019748   0.0000109494  -0.0002267552  -0.0010756676
       -0.0014542724   0.0093251232   0.0110914539  -0.0000149329  -0.0000118320
        0.0000222071   0.0000330566  -0.0000058986   0.0000017149  -0.0000032345
       -0.0000047405  -0.0000163263  -0.0000069178  -0.0000006652  -0.0000049522
        0.0000191134  -0.0000079533  -0.0000035136   0.0001555031   0.0002701059
       -0.0018041355
       -0.0002035015  -0.0006628931   0.0007171693  -0.0001882571   0.0011558676
       -0.0012179357  -0.0001426971  -0.0029621521   0.0032494282  -0.0666868344
       -0.0402936594   0.0439741169  -0.0286791301  -0.0193420348   0.0212732006
       -0.0036469146   0.0021876719  -0.0021758401  -0.0003615464  -0.0007805623
        0.0008227353  -0.0000169628  -0.0001590224  -0.0000500773   0.0000314211
       -0.0001324445  -0.0000969073   0.0001969297   0.0000546368  -0.0000063680
        0.0001027762   0.0000291999  -0.0001110672  -0.0002451733   0.0002775833
       -0.0000290928  -0.0000103498   0.0000585242  -0.0000574568  -0.0000174070
       -0.0000030807   0.0000026381  -0.0000584241   0.0000199348   0.0000212631
       -0.0000286184   0.0000482236  -0.0000149329   0.0943498859   0.0580367156
       -0.0635905653   0.0049298470   0.0023606838  -0.0025897010   0.0002229569
        0.0001742212  -0.0001370075   0.0000111748   0.0002186765  -0.0002442895
        0.0004652479  -0.0002634179   0.0002439146  -0.0000244228  -0.0000226721
        0.0000167751
       -0.0011316620  -0.0002751179   0.0000387361   0.0032387222   0.0017258024
        0.0033171831  -0.0127358901  -0.0171313213   0.0211211790  -0.0386676372
       -0.0606665270   0.0438655950  -0.0113629919  -0.0020239167   0.0050584016
        0.0000328600   0.0036535930   0.0017147409   0.0002647003  -0.0001542344
        0.0001468825  -0.0000610918  -0.0000838937  -0.0000767374   0.0000602242
       -0.0001161633  -0.0000388784   0.0001986077   0.0000475307   0.0000028200
        0.0001150470   0.0000105768  -0.0000179859  -0.0000009030   0.0000681947
       -0.0000296393  -0.0000586511   0.0000663739  -0.0000797777   0.0000378001
        0.0000504254   0.0000010163  -0.0001223068   0.0000268237  -0.0000012220
       -0.0000200723   0.0000621433  -0.0000118320   0.0580367156   0.0770713110
       -0.0727541846   0.0024435986  -0.0009085703  -0.0002147026   0.0001735294
       -0.0004382430  -0.0007553248  -0.0007130984  -0.0005281102   0.0004314602
        0.0003025618  -0.0004972312  -0.0017223109  -0.0000300623   0.0000405542
        0.0000045808
        0.0013555312  -0.0000239955  -0.0001448567  -0.0035165116   0.0032309689
        0.0011527911   0.0140143555   0.0210085635  -0.0208368576   0.0422296714
        0.0440728798  -0.0686817957   0.0124592551   0.0048958306  -0.0030890277
       -0.0002468239   0.0019666232   0.0032247601  -0.0000768596   0.0000764088
       -0.0001339701   0.0000029099   0.0001520632   0.0000170224  -0.0000032069
        0.0001324260   0.0000512392  -0.0002307310  -0.0000691712  -0.0000043380
       -0.0001371996  -0.0001055023   0.0000083537   0.0000190938  -0.0001541670
        0.0000235151   0.0000211807  -0.0000466601   0.0000683524   0.0000153475
        0.0000263846   0.0000140972   0.0000717635  -0.0000221102  -0.0000039159
        0.0000165519  -0.0000528004   0.0000222071  -0.0635905653  -0.0727541846
        0.0902480640  -0.0027153429  -0.0001967224  -0.0008468035  -0.0001837159
       -0.0008420332  -0.0003351527   0.0007697824   0.0004030083  -0.0006025414
       -0.0003286087  -0.0016670438  -0.0001422592   0.0000541223  -0.0000307663
       -0.0000088836
        0.0009427441  -0.0027960703   0.0028848170  -0.0382808174  -0.0047288247
        0.0053990847  -0.1500967363   0.0093729307  -0.0099587002  -0.0345278700
        0.0074910914  -0.0080395228   0.0019653966   0.0019756941  -0.0019030819
       -0.0016587201  -0.0001191656   0.0000541850   0.0010971680  -0.0001673462
        0.0001355607  -0.0003949645  -0.0001351253   0.0000349520   0.0002170023
       -0.0004066885  -0.0001425847   0.0004170860   0.0000513842   0.0000341116
        0.0003727667   0.0000940935   0.0001568917  -0.0003274970   0.0003271148
       -0.0000381053   0.0000089942  -0.0000136822   0.0000035808  -0.0000501854
       -0.0000941413   0.0000349313  -0.0001845470   0.0000180505   0.0000375464
       -0.0000444227   0.0000850364   0.0000330566   0.0049298470   0.0024435986
       -0.0027153429   0.2164009379  -0.0133717658   0.0139330409  -0.0008896493
        0.0001896327  -0.0001763427   0.0009787278   0.0000253094   0.0000160246
       -0.0009677041  -0.0001501431   0.0002252347   0.0000924432  -0.0000909831
       -0.0000093376
       -0.0006504340   0.0014375274   0.0041336850  -0.0130751163   0.0027551302
       -0.0003270316   0.0081039615  -0.0234727169   0.0033134730   0.0171595171
       -0.0016181061   0.0040025006  -0.0001789051   0.0006516866   0.0044068099
        0.0000561586   0.0004749943  -0.0006283597  -0.0000521627  -0.0005910911
       -0.0006398024   0.0001965768  -0.0000244366  -0.0000221182  -0.0000264860
        0.0000027542   0.0000532024  -0.0000205037   0.0000180595   0.0000039409
       -0.0000265260  -0.0000814228   0.0000367472  -0.0000757777  -0.0001090427
       -0.0000170407   0.0000019869   0.0001088948  -0.0000019511   0.0000056673
        0.0000192082  -0.0000027005  -0.0000433107   0.0000002911  -0.0000109939
       -0.0000026527   0.0000125919  -0.0000058986   0.0023606838  -0.0009085703
       -0.0001967224  -0.0133717658   0.0220756742  -0.0126220809  -0.0005724067
       -0.0000547722  -0.0000547538  -0.0005239206  -0.0006586333  -0.0013769480
        0.0007426151  -0.0000850201  -0.0000485984  -0.0000071988   0.0000469996
        0.0000046413
        0.0007394708   0.0040556014   0.0006293992   0.0143744250  -0.0003043765
        0.0027947977  -0.0083723628   0.0033256780  -0.0240839212  -0.0186588878
        0.0040768914  -0.0022844926   0.0002411326   0.0043765457  -0.0000595195
       -0.0001289925  -0.0004664798   0.0004512576   0.0000949759  -0.0006400941
       -0.0004461687   0.0000905504   0.0000025498   0.0000253628  -0.0000018065
       -0.0001133441   0.0000026239   0.0000440905   0.0000035233   0.0000011689
        0.0000241007   0.0000031422   0.0000433819  -0.0002254554   0.0000733228
       -0.0000142525   0.0000250796  -0.0000154139   0.0000090637  -0.0000059133
       -0.0000005459  -0.0000012040   0.0000203431  -0.0000031773  -0.0000027892
        0.0000104309   0.0000060777   0.0000017149  -0.0025897010  -0.0002147026
       -0.0008468035   0.0139330409  -0.0126220809   0.0242849973   0.0006087162
       -0.0000767741  -0.0000303827   0.0005708059  -0.0013901120  -0.0003770006
       -0.0008246231  -0.0000364479  -0.0000663760   0.0000305800  -0.0000397834
       -0.0000308576
       -0.1294598803  -0.0815870679   0.0942457582  -0.0203570435  -0.0157099614
        0.0176902567  -0.0050471076   0.0004437992  -0.0005101610  -0.0004670267
        0.0002119146  -0.0002507825  -0.0003069748   0.0015431942  -0.0017832901
        0.0063229494   0.0050848425  -0.0059899002   0.0008733035   0.0005587830
       -0.0005811385  -0.0000484177   0.0000546927  -0.0000037983  -0.0000234680
        0.0000747759   0.0000360577  -0.0000615739  -0.0000173542   0.0000191846
       -0.0002193662   0.0000385602   0.0000706789  -0.0001996021   0.0004741568
       -0.0000802866  -0.0006324162  -0.0012272049  -0.0013315531   0.0000162123
        0.0000277450  -0.0000234883   0.0000336306   0.0000043685  -0.0000165497
        0.0000163496  -0.0000670015  -0.0000032345   0.0002229569   0.0001735294
       -0.0001837159  -0.0008896493  -0.0005724067   0.0006087162   0.1494222719
        0.0907251981  -0.1021059151   0.0005229931  -0.0005418796   0.0006092614
        0.0002724650   0.0003911954  -0.0003939604   0.0000093941  -0.0000838791
       -0.0000221394
       -0.0818800415  -0.1144317233   0.0933122449  -0.0005113019   0.0007791129
       -0.0002763362   0.0001964435   0.0048018180   0.0034108432   0.0002882787
        0.0001712827   0.0000739686   0.0016271242   0.0014034580   0.0057492268
       -0.0087102890  -0.0109234048   0.0128743753  -0.0009492591  -0.0012869269
       -0.0013877113   0.0002730057  -0.0003521262  -0.0000770085  -0.0001184526
       -0.0000469378   0.0001054097   0.0000009347   0.0001039565   0.0000079868
        0.0001497679  -0.0003211816   0.0001013288  -0.0002178635   0.0001756135
       -0.0000018296  -0.0012351965   0.0001689214  -0.0011267340  -0.0000496551
       -0.0000009096  -0.0000153017   0.0000529506  -0.0000012500  -0.0000231346
       -0.0000170991   0.0000098450  -0.0000047405   0.0001742212  -0.0004382430
       -0.0008420332   0.0001896327  -0.0000547722  -0.0000767741   0.0907251981
        0.1216471946  -0.1105737715   0.0005718985  -0.0009960568  -0.0017686041
       -0.0005027984  -0.0004821150   0.0005515983  -0.0000574990   0.0000744447
       -0.0000130033
        0.0940738444   0.0934944485  -0.1393379954   0.0003533377  -0.0001825186
        0.0006778743  -0.0002715262   0.0033843966   0.0039727203  -0.0005012775
       -0.0000133538   0.0002355513  -0.0017762133   0.0058101445   0.0001760936
        0.0111869591   0.0125361392  -0.0132597474   0.0005134730  -0.0014243098
       -0.0005174902   0.0001993609   0.0000720382   0.0001196248   0.0001211627
       -0.0000174062   0.0000574657   0.0000269535  -0.0000783414  -0.0000125427
       -0.0000128539   0.0000716402  -0.0000106965  -0.0007562921   0.0010300643
        0.0000350878  -0.0008092396  -0.0017360690  -0.0010719668  -0.0001190639
       -0.0002015802  -0.0000056611   0.0000445817  -0.0000409380   0.0000053445
        0.0000581477  -0.0000870474  -0.0000163263  -0.0001370075  -0.0007553248
       -0.0003351527  -0.0001763427  -0.0000547538  -0.0000303827  -0.1021059151
       -0.1105737715   0.1505430427  -0.0006313345  -0.0017323373  -0.0005943645
        0.0006096380   0.0006138721  -0.0006006613   0.0001096076  -0.0001149920
       -0.0000298175
       -0.0143550322   0.0174194292  -0.0194253890  -0.0886723047   0.0681798944
       -0.0755116027   0.0060758681  -0.0102391956   0.0113532766  -0.0013228616
       -0.0014796561   0.0016408858  -0.0002229726  -0.0004002322   0.0004290541
       -0.0055877913   0.0002213355  -0.0005072056  -0.0003600182   0.0007838711
       -0.0009632735  -0.0003258114  -0.0000026597  -0.0000411173  -0.0000429932
       -0.0000210775   0.0000887299   0.0000560967   0.0000336277   0.0000056577
        0.0000670535  -0.0000512338   0.0000499718  -0.0000643260   0.0001808228
        0.0000324708  -0.0000172475   0.0001685060   0.0000103890  -0.0000129402
       -0.0000039293   0.0000048883  -0.0000197439  -0.0000103400  -0.0000067374
       -0.0000123313  -0.0000291459  -0.0000069178   0.0000111748  -0.0007130984
        0.0007697824   0.0009787278  -0.0005239206   0.0005708059   0.0005229931
        0.0005718985  -0.0006313345   0.1033036596  -0.0739533612   0.0820962195
       -0.0000082506  -0.0000553836   0.0000721570   0.0000090509  -0.0000761509
       -0.0000307111
        0.0022038998  -0.0013587817   0.0022606075   0.0680622711  -0.1356237081
        0.1131617528   0.0056492935  -0.0115700616   0.0136212011  -0.0019297353
        0.0027817570   0.0050464468  -0.0002860879   0.0000986522  -0.0003101345
        0.0006896601   0.0046777819   0.0032832279  -0.0001594340  -0.0001569243
        0.0001023216   0.0000268798   0.0000094360  -0.0000178342  -0.0000454163
       -0.0000191550  -0.0000025839   0.0000000037  -0.0000024417   0.0000061942
       -0.0000189569   0.0000024840  -0.0000023188  -0.0000067071   0.0000604758
       -0.0000313380   0.0000188191   0.0000089430  -0.0000109111   0.0000239674
        0.0000259504  -0.0000015875   0.0000540105   0.0000016252  -0.0000027418
        0.0000133618  -0.0000095911  -0.0000006652   0.0002186765  -0.0005281102
        0.0004030083   0.0000253094  -0.0006586333  -0.0013901120  -0.0005418796
       -0.0009960568  -0.0017323373  -0.0739533612   0.1440338243  -0.1336147407
       -0.0000143106  -0.0007687492  -0.0007801119  -0.0000302639  -0.0000087168
        0.0000126569
       -0.0030616694   0.0023479131  -0.0020096403  -0.0746611890   0.1133249012
       -0.1594096195  -0.0065737351   0.0133282883  -0.0140362687   0.0019693262
        0.0050736010   0.0016984845   0.0004600052  -0.0003629851   0.0001851058
       -0.0003312364   0.0032412770   0.0040789612  -0.0002363468   0.0001092859
       -0.0000979700   0.0000036782  -0.0000688528  -0.0000383020  -0.0000393579
       -0.0000130211   0.0000241411   0.0000176266   0.0000077915   0.0000027372
        0.0000274599   0.0000031419  -0.0000101937   0.0000484059   0.0001796637
       -0.0000090301  -0.0000201005  -0.0000365784  -0.0000233157  -0.0000472428
       -0.0000579226   0.0000030491  -0.0000186715  -0.0000142930  -0.0000012469
       -0.0000217628   0.0000271248  -0.0000049522  -0.0002442895   0.0004314602
       -0.0006025414   0.0000160246  -0.0013769480  -0.0003770006   0.0006092614
       -0.0017686041  -0.0005943645   0.0820962195  -0.1336147407   0.1718414249
        0.0000132331  -0.0007539243  -0.0006181115  -0.0000056388  -0.0000065783
       -0.0000013468
       -0.0014711524  -0.0020149320   0.0022195303  -0.0003585039  -0.0002107409
        0.0002295305  -0.0044965148   0.0000627448  -0.0000237065  -0.0153881134
        0.0184638675  -0.0203800059  -0.0851839001   0.0649188362  -0.0733364340
        0.0062724821  -0.0087761116   0.0098882770   0.0007766419  -0.0008319591
        0.0008327752  -0.0002599032  -0.0001680534   0.0000307158  -0.0002091138
        0.0000484921  -0.0001151006  -0.0000576059   0.0000486718  -0.0000240164
       -0.0000819397  -0.0000817104  -0.0000355419   0.0000633883  -0.0001890367
        0.0000222423   0.0000187349   0.0001790319   0.0000266423   0.0000843180
        0.0000982262  -0.0000031801   0.0001200677   0.0000161906   0.0000204443
       -0.0000203449   0.0000693314   0.0000191134   0.0004652479   0.0003025618
       -0.0003286087  -0.0009677041   0.0007426151  -0.0008246231   0.0002724650
       -0.0005027984   0.0006096380  -0.0000082506  -0.0000143106   0.0000132331
        0.1006569254  -0.0724541333   0.0805922442  -0.0002272244   0.0002932172
        0.0005668307
       -0.0022282786   0.0019797765   0.0054307836  -0.0003559780   0.0001545288
       -0.0004172936   0.0004580179   0.0044098536   0.0034011534   0.0027167878
       -0.0018459332   0.0028248927   0.0656468401  -0.1351736487   0.1141234565
        0.0047631756  -0.0107707143   0.0127396607   0.0009241446  -0.0013252161
       -0.0014303684   0.0005980885   0.0001635944  -0.0001894722  -0.0001781331
       -0.0000087872   0.0000960328   0.0000412239   0.0001163016   0.0000137153
        0.0001101808  -0.0001068170   0.0001057586  -0.0003594316  -0.0003103637
       -0.0000582975   0.0000500643   0.0000133278  -0.0000494218   0.0000172952
        0.0000101960   0.0000192252  -0.0000125496   0.0000016618  -0.0000010854
        0.0000691728  -0.0000118721  -0.0000079533  -0.0002634179  -0.0004972312
       -0.0016670438  -0.0001501431  -0.0000850201  -0.0000364479   0.0003911954
       -0.0004821150   0.0006138721  -0.0000553836  -0.0007687492  -0.0007539243
       -0.0724541333   0.1442778862  -0.1344698677   0.0002712621   0.0002593413
       -0.0002873749
        0.0025438795   0.0053034218   0.0012786306   0.0002073809  -0.0004298070
        0.0002318668  -0.0004294412   0.0035481227   0.0036152125  -0.0024701045
        0.0026689308  -0.0023465610  -0.0741790843   0.1147413375  -0.1611389829
       -0.0062306209   0.0127381355  -0.0129393493  -0.0005278345  -0.0015530862
       -0.0005964814   0.0003591862   0.0002120924   0.0002681032   0.0001063688
       -0.0001941203  -0.0000092293  -0.0000702893  -0.0000765598  -0.0000118066
       -0.0000662035  -0.0000700525   0.0000492987  -0.0004315302   0.0003983646
        0.0000442155   0.0000331969  -0.0001226460  -0.0000577141  -0.0000731502
       -0.0000544851  -0.0000374173  -0.0000793494  -0.0000193344  -0.0000254233
       -0.0000048412  -0.0000896100  -0.0000035136   0.0002439146  -0.0017223109
       -0.0001422592   0.0002252347  -0.0000485984  -0.0000663760  -0.0003939604
        0.0005515983  -0.0006006613   0.0000721570  -0.0007801119  -0.0006181115
        0.0805922442  -0.1344698677   0.1736509962   0.0005728470  -0.0005314135
       -0.0005444367
        0.0000320428   0.0000533736   0.0000451570  -0.0000493320  -0.0000372456
       -0.0000372208  -0.0000758871   0.0000134356  -0.0000310419  -0.0001575190
       -0.0000893588  -0.0000453414  -0.0003318295   0.0002910855  -0.0001322141
        0.0006690309   0.0011467502   0.0002340082   0.0063517904   0.0074259974
        0.0012207944  -0.1298975232  -0.1242481559  -0.0198894035  -0.0204752591
       -0.0234259877  -0.0036826466  -0.0043882372   0.0007664401  -0.0007942434
       -0.0003519064   0.0003877972  -0.0000196593  -0.0003534320   0.0016942347
       -0.0004167398   0.0000680919   0.0007199742   0.0001352681   0.0001263548
        0.0001824134   0.0001173275  -0.0010672807  -0.0008171931  -0.0001488581
        0.0004232651  -0.0003146594   0.0001555031  -0.0000244228  -0.0000300623
        0.0000541223   0.0000924432  -0.0000071988   0.0000305800   0.0000093941
       -0.0000574990   0.0001096076   0.0000090509  -0.0000302639  -0.0000056388
       -0.0002272244   0.0002712621   0.0005728470   0.1496183894   0.1361048605
        0.0225277925
        0.0000213367  -0.0002509196   0.0002839142  -0.0002052121  -0.0000011987
       -0.0000357369  -0.0000149805   0.0000606303  -0.0000847230   0.0002419724
        0.0000595549  -0.0001195422  -0.0001272576   0.0001515541   0.0002437445
       -0.0010314890   0.0003046542   0.0003176028  -0.0132768947  -0.0244523739
       -0.0030519963  -0.1251347317  -0.2159167926  -0.0268190764  -0.0002937046
        0.0013376620   0.0000150352   0.0002559118   0.0003549354  -0.0005075371
        0.0003347002  -0.0000569292  -0.0000306120   0.0023234295  -0.0040758805
       -0.0007066193  -0.0005104218  -0.0009718745  -0.0001054305   0.0002374780
        0.0002997422   0.0001421073   0.0004852530   0.0000616614   0.0000682496
        0.0005702180   0.0010640119   0.0002701059  -0.0000226721   0.0000405542
       -0.0000307663  -0.0000909831   0.0000469996  -0.0000397834  -0.0000838791
        0.0000744447  -0.0001149920  -0.0000761509  -0.0000087168  -0.0000065783
        0.0002932172   0.0002593413  -0.0005314135   0.1361048605   0.2416189395
        0.0308440476
       -0.0004222601   0.0000765985  -0.0000887141  -0.0000656125   0.0001645309
       -0.0000249918  -0.0000082574  -0.0000071738   0.0000006833   0.0000033135
        0.0001939338  -0.0000911044   0.0005936857  -0.0002619891   0.0003139770
        0.0004684380   0.0005324067  -0.0023058608  -0.0011111108  -0.0014169636
        0.0003242897  -0.0201685290  -0.0271842206  -0.0360747140  -0.0013114347
       -0.0018084227   0.0000805538  -0.0008743047  -0.0006217881   0.0064427265
       -0.0001199822   0.0000812258   0.0002635269  -0.0002798772  -0.0006384050
        0.0066664155  -0.0000268541   0.0000353634  -0.0000578766   0.0000937139
        0.0000945050  -0.0009302435  -0.0000395627  -0.0000573484  -0.0000531479
        0.0002194240   0.0002521986  -0.0018041355   0.0000167751   0.0000045808
       -0.0000088836  -0.0000093376   0.0000046413  -0.0000308576  -0.0000221394
       -0.0000130033  -0.0000298175  -0.0000307111   0.0000126569  -0.0000013468
        0.0005668307  -0.0002873749  -0.0005444367   0.0225277925   0.0308440476
        0.0279539581
