           1           2   1.44885798283220     
           2           3   1.39450588195174     
           3           4   1.35418688096264     
           2           5  0.101613270297532     
           4           5   1.40945204336146     
           1           6   1.38282855563359     
           5           6   1.39118112058634     
           6           7   1.03471520211320     
           7           8   1.38676843118653     
           8           9   1.40111191213633     
           9          10   1.34415216173627     
          10          11   1.35120651380797     
           7          12   1.34674540559771     
          11          12   1.35672438753876     
          12          13   1.00873038338473     
          11          14   1.02095941790313     
          10          15   1.02184643417315     
           9          16   1.01116949677629     
           4          17  0.998265103568376     
           3          18   1.00204471587451     
           1          19  0.965354377493354     
           2          20  0.963509355432512     
           5          21  0.962816992848989     
           8          22  0.959291164631410     
