$hessian                                                                        
        0.4418871506  -0.0067308568   0.0489018212  -0.1450582424   0.0035667422
        0.0677097497  -0.0358479285   0.0201914030   0.0095768080   0.0001448273
       -0.0035037496   0.0001105771   0.0001427733   0.0045479464  -0.0001181896
       -0.0010161334   0.0004218745   0.0010856323   0.0001097845  -0.0000262340
       -0.0000015188  -0.0000379198   0.0000155374  -0.0000398217   0.0000488850
        0.0000024449   0.0001231392   0.0006179579   0.0001301089  -0.0002295944
       -0.1037821235  -0.1038215102  -0.0144673813  -0.0961887919   0.0945876590
       -0.0483483780  -0.0597597096  -0.0091896194  -0.0642905495  -0.0006077327
       -0.0000008920   0.0003243904  -0.0000662401  -0.0002064300   0.0000704800
       -0.0002794870   0.0003174018  -0.0002809493  -0.0001174126   0.0000531554
       -0.0000205242   0.0000813446  -0.0001282383   0.0000333509   0.0000208503
        0.0000135562   0.0000757461   0.0000454271  -0.0000163300  -0.0000679742
       -0.0001560699  -0.0000580986  -0.0002405170  -0.0000317083   0.0000508773
       -0.0000544055  -0.0003344172  -0.0002256844   0.0003327385   0.0001849167
        0.0000089365  -0.0001846298
       -0.0067308568   0.5239958101  -0.0219063656  -0.0063713548  -0.0637268694
        0.0139397135   0.0276921329  -0.0055625531  -0.0159532580   0.0009703745
       -0.0007755034  -0.0038854139   0.0042286340  -0.0016470500   0.0036919099
        0.0011060877   0.0000271912  -0.0008838440  -0.0000287864   0.0000243705
       -0.0000111122  -0.0000227142   0.0000010977  -0.0000124338  -0.0001056021
       -0.0000241431   0.0000449637  -0.0002067317   0.0000546089  -0.0001556257
       -0.1006877975  -0.2070202005  -0.0179888240   0.0907281091  -0.1968331555
        0.0735770013  -0.0103140399  -0.0483255324  -0.0306310021  -0.0004527197
       -0.0000328635   0.0002857819  -0.0000140544   0.0000005899  -0.0000321315
        0.0002931384  -0.0002813366   0.0000605421   0.0000338197   0.0000312500
       -0.0000292657   0.0000085128   0.0000034169  -0.0000111363  -0.0000203884
       -0.0000099279  -0.0000221487  -0.0000060842  -0.0000098558   0.0000080926
        0.0000032152  -0.0000084385  -0.0000708565  -0.0000217765  -0.0000530653
       -0.0000397621  -0.0000684240   0.0000681574   0.0000653022  -0.0000126935
        0.0001040025  -0.0000401270
        0.0489018212  -0.0219063656   0.4778151429   0.0774656217   0.0059565453
       -0.1223902547   0.0023899930  -0.0099001979   0.0086464441  -0.0042279020
       -0.0002550313  -0.0004084618   0.0004043325   0.0025966505   0.0021593865
        0.0000584017   0.0000092657   0.0000893369  -0.0000503711   0.0000169823
        0.0001666747   0.0000174320  -0.0000067255  -0.0000090919  -0.0001678101
        0.0000321177   0.0001431819   0.0001778515   0.0001790043  -0.0004127969
       -0.0132041756  -0.0172521318  -0.0439402090  -0.0446309121   0.0705340668
       -0.0753697580  -0.0675516810  -0.0297912200  -0.2465170950  -0.0000659129
       -0.0001033930   0.0003550613   0.0000725729   0.0000612644  -0.0000087671
       -0.0000468272   0.0000015964   0.0000510248   0.0000795936   0.0000524277
       -0.0001191115  -0.0000178499   0.0000456898  -0.0000454073  -0.0000617004
       -0.0000495631  -0.0000883576   0.0000441735  -0.0000129642   0.0000153938
        0.0000262869  -0.0000773623  -0.0001445166   0.0000416661  -0.0000861302
       -0.0000243589   0.0002859066  -0.0000879312  -0.0000039107   0.0000594890
        0.0000434050   0.0000404502
       -0.1450582424  -0.0063713548   0.0774656217   0.3636256835  -0.1304819851
       -0.1030612795  -0.1276239098   0.0764013964  -0.0178381270   0.0099274480
        0.0287615361  -0.0145164805  -0.0335049322   0.0248490630   0.0063865674
       -0.0045361299   0.0000325910   0.0044596095   0.0003002299  -0.0002061266
        0.0003023279   0.0001696886   0.0001204327   0.0000268135  -0.0001952990
       -0.0000078621   0.0003038627  -0.0015423344   0.0019060764  -0.0005059226
       -0.0330548861  -0.0044045116   0.0198484994  -0.0228988389   0.0066595663
        0.0124036617  -0.0019622714   0.0020110629   0.0134433194  -0.0009419710
        0.0014339636   0.0008709285   0.0005512067  -0.0005744768  -0.0002474772
       -0.0015778486   0.0013522862  -0.0000652022   0.0004407423   0.0001033733
        0.0002349957  -0.0000341410   0.0000817915  -0.0000058757  -0.0000707363
       -0.0001556284  -0.0002036170   0.0000403438   0.0000027303   0.0001322558
       -0.0002168619  -0.0000710923  -0.0003362359   0.0000126109  -0.0002983281
       -0.0000509442  -0.0015396512  -0.0012043361   0.0008210478  -0.0003098996
        0.0000598323   0.0001316507
        0.0035667422  -0.0637268694   0.0059565453  -0.1304819851   0.2885006302
       -0.1033417146   0.0668218097  -0.1570032660   0.0471750946   0.0328583256
       -0.0656283657   0.0613419543   0.0171612806  -0.0039154943  -0.0067146347
        0.0011813868   0.0009105348  -0.0008871195  -0.0002683325   0.0001276207
        0.0002110130  -0.0000227391  -0.0003484877   0.0000066996   0.0003510923
        0.0003909957  -0.0004199264  -0.0002311468  -0.0030256195   0.0016244865
       -0.0200761627   0.0047920117   0.0157925638   0.0242946496  -0.0033427171
       -0.0152997948   0.0066357955  -0.0004514085  -0.0051780996   0.0002219337
       -0.0005461549  -0.0000208301  -0.0005417518   0.0008686911   0.0004528126
        0.0005718766  -0.0003557120  -0.0002565340  -0.0007717383  -0.0003571306
       -0.0005860679  -0.0000009473   0.0000734164  -0.0000725362  -0.0000115750
        0.0001989605   0.0000787938  -0.0000294583   0.0001919316  -0.0001573117
        0.0000577964  -0.0000520974   0.0009417319   0.0000612139   0.0004484685
        0.0002442131  -0.0012085002   0.0016071736  -0.0008128434  -0.0001395656
        0.0006428883  -0.0000784956
        0.0677097497   0.0139397135  -0.1223902547  -0.1030612795  -0.1033417146
        0.2514103955  -0.0067418101   0.0369592092  -0.0857385376  -0.0185682925
        0.0645270634  -0.0208910835   0.0151772524  -0.0126494468   0.0055111631
        0.0029642700   0.0002278282  -0.0021097751   0.0000528132  -0.0001229471
       -0.0002436150  -0.0000404159   0.0000262178   0.0001390730   0.0002250631
       -0.0002976566  -0.0004008835   0.0016480835   0.0003703668  -0.0002493462
        0.0093431950   0.0054274309  -0.0030986913  -0.0045146655  -0.0013159530
        0.0055490024   0.0346543241  -0.0035691308  -0.0291730543  -0.0003556621
        0.0007267570   0.0011731488   0.0000516409  -0.0001299918  -0.0003292002
        0.0006628107  -0.0007479632   0.0002620259   0.0003000120   0.0001409866
        0.0003001485   0.0000940156   0.0000215173   0.0001319337   0.0000911210
        0.0000145479   0.0000861642  -0.0001580314  -0.0000046579   0.0000676011
       -0.0003586922   0.0000279622   0.0004102279   0.0000366194  -0.0000015467
       -0.0000216571   0.0007867203  -0.0003095509  -0.0003649164   0.0000011583
        0.0000809587  -0.0000298690
       -0.0358479285   0.0276921329   0.0023899930  -0.1276239098   0.0668218097
       -0.0067418101   0.4215997357  -0.0159679266  -0.1664230344  -0.1025791457
       -0.0865102543   0.1101289954  -0.1221355637   0.0051915808   0.0416279706
       -0.0204727614   0.0086933224   0.0108472719  -0.0005029336  -0.0001301069
        0.0000547612  -0.0008249046  -0.0002275576  -0.0001609279   0.0000260756
        0.0006472477  -0.0003011477  -0.0135982798  -0.0103360468   0.0120214099
        0.0001046141   0.0014388658  -0.0002552207  -0.0053346824   0.0012541223
        0.0034729989   0.0009228840   0.0001527124  -0.0009730074   0.0072736282
       -0.0022258742  -0.0046535299   0.0001899369  -0.0000773099   0.0003922205
       -0.0022411850   0.0020041428  -0.0004999439  -0.0005714240   0.0002687287
       -0.0008900305   0.0005407126  -0.0000796959   0.0001484621   0.0002351471
        0.0002555512   0.0003586249  -0.0000991864   0.0000344415  -0.0001648877
        0.0003353083  -0.0004593951  -0.0000055026   0.0004563132   0.0005511030
        0.0003195904   0.0009304511   0.0020542587  -0.0011100112  -0.0007829018
       -0.0010458526   0.0004167551
        0.0201914030  -0.0055625531  -0.0099001979   0.0764013964  -0.1570032660
        0.0369592092  -0.0159679266   0.5505680593  -0.3234802696  -0.0752695172
       -0.3169168150   0.2954996210  -0.0061674629  -0.0613942084  -0.0044386848
        0.0156747690  -0.0026649232  -0.0110292369   0.0001685975   0.0000122680
       -0.0007977832   0.0002060867   0.0006651861  -0.0001543374  -0.0009967190
       -0.0000147570   0.0009180795  -0.0193441218   0.0007671164   0.0156575384
       -0.0041158688   0.0010475034  -0.0003996284   0.0011820653  -0.0010936164
        0.0006993026  -0.0006071721   0.0026445159   0.0019185340   0.0055510089
        0.0017232017  -0.0055245334   0.0013537054  -0.0024141012  -0.0012122457
        0.0032345727  -0.0030098155   0.0015443341   0.0014174139   0.0006582342
        0.0020939044  -0.0001021650  -0.0001518320   0.0003429031   0.0000418720
       -0.0003278691  -0.0000163320  -0.0000208674  -0.0005420186   0.0002356530
       -0.0001819153   0.0004300085  -0.0014698709  -0.0000662614  -0.0006369135
       -0.0001625155   0.0001549774  -0.0016904743   0.0018584926  -0.0027378706
       -0.0050929302   0.0008580639
        0.0095768080  -0.0159532580   0.0086464441  -0.0178381270   0.0471750946
       -0.0857385376  -0.1664230344  -0.3234802696   0.6335811791   0.1013236284
        0.3040235382  -0.4292797122   0.0472867028  -0.0133363256  -0.1011490699
       -0.0008353822  -0.0042774526   0.0048884668  -0.0007425508   0.0006427234
        0.0017762958   0.0001947577  -0.0003373858  -0.0003323690  -0.0009612865
       -0.0003733531   0.0023732927   0.0036803959   0.0082345950  -0.0021507089
        0.0023743978  -0.0001538322   0.0015851918   0.0036962370   0.0005028998
       -0.0029196465   0.0023678939  -0.0032450386  -0.0006310898   0.0203633335
       -0.0023726833  -0.0263935784  -0.0002547794   0.0014457203   0.0009975562
       -0.0010050561   0.0019963082  -0.0003976532  -0.0021539284   0.0000503987
       -0.0021424713  -0.0003076482  -0.0000718547  -0.0006981632  -0.0004763667
        0.0000058287  -0.0004261738   0.0005593118   0.0001631164  -0.0003518717
        0.0003849796  -0.0008871177  -0.0007160023  -0.0002459382   0.0000213351
       -0.0008292639  -0.0001903685   0.0012346294  -0.0002703116  -0.0003739798
       -0.0010076168   0.0005781970
        0.0001448273   0.0009703745  -0.0042279020   0.0099274480   0.0328583256
       -0.0185682925  -0.1025791457  -0.0752695172   0.1013236284   0.1018036614
        0.0620336525  -0.1153994746  -0.0026893941  -0.0161247827   0.0315852249
        0.0007576509  -0.0013572380  -0.0002326669  -0.0010352264  -0.0001010186
       -0.0006091292   0.0000559331   0.0001907715   0.0002390773   0.0000654248
        0.0002049105   0.0000770072  -0.0025813002  -0.0001315618   0.0024380072
        0.0012639177  -0.0004587991   0.0005259816   0.0011441457   0.0003352429
       -0.0011801485   0.0001944785  -0.0011207279  -0.0007259227  -0.0035151005
       -0.0001194228   0.0038698882  -0.0004652920  -0.0001755745  -0.0000106415
        0.0004951012  -0.0005871119  -0.0000700915  -0.0015795855   0.0002891709
        0.0005141133  -0.0002827632   0.0000674002   0.0002513509  -0.0000390068
       -0.0000533004  -0.0001209030  -0.0000282334  -0.0001611151   0.0001396613
       -0.0002298605  -0.0000366954  -0.0000683931  -0.0000495075  -0.0001393399
        0.0000565832  -0.0000590274  -0.0000011448   0.0001576071  -0.0007191456
       -0.0011124984   0.0000354345
       -0.0035037496  -0.0007755034  -0.0002550313   0.0287615361  -0.0656283657
        0.0645270634  -0.0865102543  -0.3169168150   0.3040235382   0.0620336525
        0.3811869283  -0.3838446467   0.0005852645   0.0001826337   0.0180476416
        0.0020611452  -0.0014538746  -0.0016707641  -0.0000505400   0.0004027531
       -0.0000412641  -0.0001068605  -0.0002405036   0.0000756236   0.0003593753
       -0.0000525167   0.0000020613  -0.0002387110   0.0003074897  -0.0002280890
        0.0006756937  -0.0000222277   0.0000882113  -0.0012013055   0.0009694803
        0.0000738346  -0.0001508363  -0.0002978663  -0.0008457141  -0.0018779484
       -0.0003104647   0.0016538190  -0.0001179373   0.0019135642   0.0002476946
        0.0001136027   0.0003846728  -0.0002567997  -0.0003316105  -0.0003371288
       -0.0010223408  -0.0002078670   0.0001463173  -0.0002148090  -0.0000197927
        0.0001269876  -0.0000751097   0.0000570007   0.0001590254   0.0000107915
       -0.0001281335  -0.0004382701   0.0000528088   0.0001015529   0.0001958371
       -0.0001279440   0.0002000502   0.0006388341  -0.0003452579  -0.0005033272
       -0.0001409871   0.0001246825
        0.0001105771  -0.0038854139  -0.0004084618  -0.0145164805   0.0613419543
       -0.0208910835   0.1101289954   0.2954996210  -0.4292797122  -0.1153994746
       -0.3838446467   0.4788876927   0.0181456851   0.0311203079  -0.0259313161
       -0.0023833285   0.0016672908   0.0004292450  -0.0000248222  -0.0001918726
       -0.0012784203   0.0000851032   0.0003654460   0.0001256460  -0.0000778633
       -0.0003703068  -0.0009673770   0.0043224937  -0.0021761371  -0.0047816806
       -0.0015413533  -0.0005557840  -0.0005411526   0.0003008990  -0.0010720373
        0.0009246324  -0.0006475758   0.0014260317   0.0007288539   0.0010713255
       -0.0002922793  -0.0007174234  -0.0001046119  -0.0009946084  -0.0003388121
       -0.0005181955   0.0000475887   0.0004687196   0.0003390013   0.0000441150
        0.0016993503   0.0000070339  -0.0000407003   0.0003805830   0.0002893664
        0.0000030991   0.0002954561  -0.0004224978  -0.0001590561   0.0002108356
       -0.0002627710   0.0006813765   0.0005000258  -0.0001230348  -0.0001630177
        0.0004038167  -0.0002024177  -0.0008069651   0.0003196543   0.0014239464
        0.0023559946  -0.0002390719
        0.0001427733   0.0042286340   0.0004043325  -0.0335049322   0.0171612806
        0.0151772524  -0.1221355637  -0.0061674629   0.0472867028  -0.0026893941
        0.0005852645   0.0181456851   0.4691128750  -0.0109947747   0.0226679267
       -0.1172705506   0.0558898065  -0.0200194281  -0.0136072401   0.0090169586
       -0.0107905432   0.0014283337   0.0005378829   0.0012988915  -0.0086730168
       -0.0149490818  -0.0034510060  -0.0872604520  -0.0427256191   0.0057953667
        0.0004943346  -0.0000483812  -0.0001259367  -0.0007915604   0.0000890670
        0.0006731111  -0.0005404528   0.0000864299   0.0000949112  -0.0669549218
       -0.0172742351  -0.0752224410   0.0080173422  -0.0069615136   0.0025707470
       -0.0187251628   0.0182763592  -0.0034583966   0.0003816936  -0.0002213587
        0.0006513391  -0.0012619264  -0.0005779596  -0.0030679973   0.0001247330
        0.0001219228   0.0001405272  -0.0002568328  -0.0000145039   0.0000985815
        0.0006355410   0.0005999248   0.0005357180  -0.0011215353  -0.0012355835
       -0.0030218631   0.0075045306   0.0164777582  -0.0014284531  -0.0130486154
       -0.0219008147   0.0050449726
        0.0045479464  -0.0016470500   0.0025966505   0.0248490630  -0.0039154943
       -0.0126494468   0.0051915808  -0.0613942084  -0.0133363256  -0.0161247827
        0.0001826337   0.0311203079  -0.0109947747   0.4629765500  -0.0014653173
        0.0554234683  -0.1250746218   0.0225769572  -0.0002087506   0.0049508776
        0.0033284414   0.0005482095  -0.0002606324   0.0006955913  -0.0095468800
       -0.0116512781  -0.0065707713  -0.0475682023  -0.1576500278   0.0122387037
        0.0003530345  -0.0003707783  -0.0000909067   0.0010910401  -0.0000423507
       -0.0006577817  -0.0004090055   0.0001078246   0.0003067768  -0.0164176025
       -0.0488946217  -0.0503214142   0.0172560142  -0.0247194837   0.0088013722
        0.0057879443  -0.0047801829   0.0007996820  -0.0001783086   0.0002566270
        0.0000148830  -0.0012739023   0.0006776681  -0.0014904722   0.0001154941
       -0.0000352830   0.0000886048  -0.0000285435  -0.0000336621  -0.0000253085
        0.0003230282   0.0004850007   0.0005598794  -0.0008206419   0.0003347803
       -0.0017508078  -0.0082014422  -0.0255032199   0.0033598531  -0.0037139866
       -0.0039990669   0.0018708488
       -0.0001181896   0.0036919099   0.0021593865   0.0063865674  -0.0067146347
        0.0055111631   0.0416279706  -0.0044386848  -0.1011490699   0.0315852249
        0.0180476416  -0.0259313161   0.0226679267  -0.0014653173   0.4896338391
       -0.0222721173   0.0251284742  -0.0740188705  -0.0197828440   0.0159244622
       -0.0110657078   0.0013401294   0.0007396951   0.0019971947  -0.0121073271
       -0.0214173328  -0.0004128396   0.0019680158   0.0048932886  -0.0596236628
        0.0005594611  -0.0002147810  -0.0003593959  -0.0004112366   0.0001679317
        0.0003426914  -0.0003847159   0.0002860660   0.0000428470  -0.0696532570
       -0.0482984944  -0.2203435653  -0.0029988097   0.0050722953  -0.0013043776
        0.0140760392  -0.0145246602   0.0043350184   0.0004018045   0.0006111264
        0.0009208355  -0.0032450894  -0.0009113766  -0.0044748686   0.0003850791
        0.0001601063   0.0002194622  -0.0001860118  -0.0000521699  -0.0000730309
       -0.0001935367  -0.0004230709   0.0010635214  -0.0031494511  -0.0022588066
       -0.0039031130   0.0027296444   0.0072823369  -0.0005351210   0.0107747231
        0.0187139949  -0.0030310203
       -0.0010161334   0.0011060877   0.0000584017  -0.0045361299   0.0011813868
        0.0029642700  -0.0204727614   0.0156747690  -0.0008353822   0.0007576509
        0.0020611452  -0.0023833285  -0.1172705506   0.0554234683  -0.0222721173
        0.4968442997   0.0298825204  -0.0411091908  -0.0930234417  -0.0142081456
       -0.0473681817  -0.0091889317  -0.0097147929  -0.0125693867   0.0002016956
        0.0011169208  -0.0001928165   0.0072926705  -0.0039601160   0.0026030680
        0.0000829692   0.0000674080  -0.0000366582  -0.0002839524   0.0000153363
        0.0002021404  -0.0000286155   0.0000063761  -0.0000616768  -0.0101635507
        0.0097138447  -0.0063155534  -0.0976419980  -0.0975705655   0.0187009652
       -0.1467303652   0.0151701302   0.1140593316   0.0083228514   0.0043330589
        0.0156388648  -0.0124849277  -0.0033087081  -0.0208779582  -0.0008743864
       -0.0031024486  -0.0000640607   0.0002003096   0.0000699481  -0.0007458281
       -0.0000046069  -0.0000595334   0.0000587986  -0.0000397308   0.0001248574
        0.0000171975  -0.0004413725  -0.0031791536   0.0003769848   0.0004990077
       -0.0008437945   0.0001521168
        0.0004218745   0.0000271912   0.0000092657   0.0000325910   0.0009105348
        0.0002278282   0.0086933224  -0.0026649232  -0.0042774526  -0.0013572380
       -0.0014538746   0.0016672908   0.0558898065  -0.1250746218   0.0251284742
        0.0298825204   0.5034296073  -0.0021994871  -0.0154362600  -0.0739680079
       -0.0299197057  -0.0153652188  -0.0119643244  -0.0223578955   0.0011441709
        0.0030612282   0.0002985846   0.0142535639  -0.0269202540   0.0080449908
       -0.0000343398  -0.0000525114  -0.0000125676  -0.0000372825   0.0000189688
       -0.0000086347  -0.0000021986   0.0000024615   0.0000630952  -0.0011811509
        0.0026936459  -0.0004501255  -0.0980734569  -0.2160006607   0.0297607703
        0.0154432186  -0.0467415870  -0.0181130717  -0.0007847090  -0.0003639212
       -0.0037644588   0.0101038389   0.0041755339   0.0167945388  -0.0031819544
       -0.0053326319  -0.0005041637   0.0005865440   0.0007637298  -0.0004789468
        0.0001155903  -0.0002405316  -0.0002430557   0.0000706816   0.0003798806
        0.0001189516  -0.0018837429  -0.0054268534   0.0005682758   0.0006998287
        0.0007419211  -0.0003525006
        0.0010856323  -0.0008838440   0.0000893369   0.0044596095  -0.0008871195
       -0.0021097751   0.0108472719  -0.0110292369   0.0048884668  -0.0002326669
       -0.0016707641   0.0004292450  -0.0200194281   0.0225769572  -0.0740188705
       -0.0411091908  -0.0021994871   0.4880648341  -0.0480615187  -0.0281440319
       -0.1616186429  -0.0035595525  -0.0060553522  -0.0002155690  -0.0002063914
        0.0002122842  -0.0000963692  -0.0011824764   0.0049377135  -0.0001076493
       -0.0000535434  -0.0000229608   0.0000269460   0.0002724658  -0.0000606445
       -0.0001607275  -0.0000439737  -0.0000011544   0.0000642162  -0.0196701746
        0.0179284107  -0.0101637053   0.0183558447   0.0295397048  -0.0473932013
        0.1132492960  -0.0181412893  -0.1635567946  -0.0092600421  -0.0073950524
       -0.0267776181  -0.0065212499  -0.0010641461  -0.0095822352   0.0004339726
        0.0005561126   0.0009639702   0.0007081993   0.0008604901   0.0008653627
        0.0001009606  -0.0001076508  -0.0001202595   0.0000576624   0.0001221761
       -0.0000703572   0.0005633188   0.0005179134   0.0005815485  -0.0002140253
        0.0004109713   0.0000178482
        0.0001097845  -0.0000287864  -0.0000503711   0.0003002299  -0.0002683325
        0.0000528132  -0.0005029336   0.0001685975  -0.0007425508  -0.0010352264
       -0.0000505400  -0.0000248222  -0.0136072401  -0.0002087506  -0.0197828440
       -0.0930234417  -0.0154362600  -0.0480615187   0.5186215134  -0.0354572846
       -0.0272235408  -0.0930842224  -0.0519885465   0.0083983985   0.0079719778
        0.0154600945  -0.0017146417   0.0010491204  -0.0015889268   0.0006324503
        0.0000020900  -0.0000014364  -0.0000130431   0.0000163450  -0.0000194333
        0.0000173547  -0.0000276443   0.0000343569   0.0000183389  -0.0024331196
        0.0028347609  -0.0016962175  -0.0083343865  -0.0070400579  -0.0140658150
        0.0081047911   0.0049940415   0.0158141916  -0.1497697852   0.0078159717
        0.1164393263  -0.1532364661   0.1107198075  -0.0313285356  -0.0073244128
       -0.0141220915  -0.0003739567  -0.0124432704  -0.0209382071   0.0053936604
        0.0007343902   0.0009234491  -0.0003929442  -0.0020245609   0.0042682122
       -0.0013798886  -0.0000015099  -0.0001602624   0.0001248411  -0.0000620225
        0.0000896242  -0.0000406849
       -0.0000262340   0.0000243705   0.0000169823  -0.0002061266   0.0001276207
       -0.0001229471  -0.0001301069   0.0000122680   0.0006427234  -0.0001010186
        0.0004027531  -0.0001918726   0.0090169586   0.0049508776   0.0159244622
       -0.0142081456  -0.0739680079  -0.0281440319  -0.0354572846   0.4898283990
       -0.0112171090  -0.0529769972  -0.1681449082   0.0123621955  -0.0034356547
       -0.0294073653   0.0054057750  -0.0015062975   0.0016173872  -0.0011526622
       -0.0000004687  -0.0000133652  -0.0000041587  -0.0000002372   0.0000020948
        0.0000078001   0.0000035286   0.0000099790  -0.0000119977   0.0036174685
       -0.0023872058   0.0022344070  -0.0139263471  -0.0095098238  -0.0225386094
       -0.0016035441  -0.0005730541  -0.0044976598   0.0083376346  -0.0444134515
       -0.0056637252   0.1110553258  -0.1523717009   0.0338095337  -0.0069913659
       -0.0109560111  -0.0011523623  -0.0033828738  -0.0026874487   0.0026485383
       -0.0009417021   0.0007708769   0.0000935586   0.0030095996  -0.0033889598
        0.0015119920  -0.0001338224   0.0002034284  -0.0002029940  -0.0000122888
       -0.0001287531   0.0002421619
       -0.0000015188  -0.0000111122   0.0001666747   0.0003023279   0.0002110130
       -0.0002436150   0.0000547612  -0.0007977832   0.0017762958  -0.0006091292
       -0.0000412641  -0.0012784203  -0.0107905432   0.0033284414  -0.0110657078
       -0.0473681817  -0.0299197057  -0.1616186429  -0.0272235408  -0.0112171090
        0.4953727575   0.0086438939   0.0132049183  -0.0684583344   0.0020124345
        0.0078750847  -0.0002493014   0.0005893982  -0.0012101215   0.0006182030
        0.0000169207   0.0000075054  -0.0000014970   0.0000202616   0.0000081799
       -0.0000277722   0.0000005583  -0.0000332305  -0.0000251876  -0.0011279246
        0.0011100525   0.0000147489  -0.0009167475  -0.0012999478   0.0004545789
       -0.0088959671  -0.0075810400  -0.0269929197   0.1179679825  -0.0053484211
       -0.1712305303  -0.0319048118   0.0343802226  -0.0539306795  -0.0126260609
       -0.0233087670   0.0006706977   0.0123611217   0.0201548770  -0.0042463464
        0.0001373992  -0.0008920297   0.0002959188  -0.0008833678   0.0014634935
        0.0001890900   0.0000765583  -0.0001834279   0.0000803800   0.0001641754
        0.0001001717  -0.0002703905
       -0.0000379198  -0.0000227142   0.0000174320   0.0001696886  -0.0000227391
       -0.0000404159  -0.0008249046   0.0002060867   0.0001947577   0.0000559331
       -0.0001068605   0.0000851032   0.0014283337   0.0005482095   0.0013401294
       -0.0091889317  -0.0153652188  -0.0035595525  -0.0930842224  -0.0529769972
        0.0086438939   0.5010244679   0.0068035339  -0.0033277079  -0.1280951877
        0.0628128244  -0.0187188428  -0.0144434653   0.0095504729  -0.0109451490
        0.0000038434   0.0000106909  -0.0000038764   0.0000339800  -0.0000253401
        0.0000038623  -0.0000092971   0.0000132673  -0.0000120908   0.0003004815
        0.0000524855   0.0001708633  -0.0012262630  -0.0013632359  -0.0026469241
        0.0006774174   0.0007478683   0.0007560849  -0.0123204032  -0.0200337305
        0.0051820636   0.0076198413   0.0175439434  -0.0021876595  -0.0877068550
       -0.0249815680  -0.0851017929  -0.1515276302   0.0072248551   0.1114688613
       -0.0199421417   0.0171419006  -0.0023462014   0.0073019494  -0.0070762036
        0.0025008816  -0.0011888393  -0.0004586663  -0.0027095324   0.0009801248
       -0.0002228645   0.0012358122
        0.0000155374   0.0000010977  -0.0000067255   0.0001204327  -0.0003484877
        0.0000262178  -0.0002275576   0.0006651861  -0.0003373858   0.0001907715
       -0.0002405036   0.0003654460   0.0005378829  -0.0002606324   0.0007396951
       -0.0097147929  -0.0119643244  -0.0060553522  -0.0519885465  -0.1681449082
        0.0132049183   0.0068035339   0.4547019949   0.0178653350   0.0616644598
       -0.1272078547   0.0201781342   0.0000419028   0.0042311545   0.0028101209
        0.0000108761  -0.0000119760  -0.0000132238   0.0000041599   0.0000022912
        0.0000040289   0.0000024316   0.0000126650   0.0000072725   0.0001145434
       -0.0000012553   0.0000383366  -0.0009433986   0.0001872427  -0.0015654646
        0.0002501371   0.0004442826   0.0006340043  -0.0036460703  -0.0027532747
        0.0020180266  -0.0085475857  -0.0250392681   0.0038818240  -0.0248768947
       -0.0550055675  -0.0499806289   0.0073938094  -0.0425770504  -0.0092299669
        0.0055347637  -0.0033366956  -0.0001509313   0.0186910206  -0.0243567921
        0.0074267733  -0.0010478428   0.0006849825  -0.0015477925  -0.0003835738
        0.0003176934  -0.0003126619
       -0.0000398217  -0.0000124338  -0.0000090919   0.0000268135   0.0000066996
        0.0001390730  -0.0001609279  -0.0001543374  -0.0003323690   0.0002390773
        0.0000756236   0.0001256460   0.0012988915   0.0006955913   0.0019971947
       -0.0125693867  -0.0223578955  -0.0002155690   0.0083983985   0.0123621955
       -0.0684583344  -0.0033277079   0.0178653350   0.5399268843  -0.0185433353
        0.0210586770  -0.0734642044  -0.0210640337   0.0162944608  -0.0117210164
        0.0000004374   0.0000094968   0.0000072956   0.0000025503  -0.0000037868
       -0.0000012180  -0.0000247993  -0.0000071114   0.0000331472   0.0002611273
        0.0000239603   0.0001482303  -0.0032566480  -0.0024320221  -0.0042243947
       -0.0006510127  -0.0007236700   0.0006146674   0.0118793549   0.0201623775
       -0.0037729721   0.0025315264   0.0063309380  -0.0003081555  -0.0850138439
       -0.0501764022  -0.2167147266   0.1115307763  -0.0089304799  -0.1631201077
        0.0155506171  -0.0143327915   0.0040590066  -0.0027401042   0.0043367386
       -0.0005496132  -0.0034394341  -0.0008214969  -0.0047270378  -0.0008885152
        0.0007303335   0.0005676656
        0.0000488850  -0.0001056021  -0.0001678101  -0.0001952990   0.0003510923
        0.0002250631   0.0000260756  -0.0009967190  -0.0009612865   0.0000654248
        0.0003593753  -0.0000778633  -0.0086730168  -0.0095468800  -0.0121073271
        0.0002016956   0.0011441709  -0.0002063914   0.0079719778  -0.0034356547
        0.0020124345  -0.1280951877   0.0616644598  -0.0185433353   0.4949893069
        0.0252818314  -0.0382325969  -0.0911231235  -0.0128588677  -0.0476217343
       -0.0000156820   0.0000527580   0.0000267649  -0.0000079083  -0.0000272731
        0.0000096566  -0.0000593841  -0.0000071873   0.0000470194  -0.0007607090
       -0.0027129186  -0.0001619518  -0.0000367079   0.0000751039   0.0000197948
       -0.0000546608  -0.0000368190   0.0000616708   0.0008141866  -0.0010885441
        0.0001018172  -0.0000571050  -0.0032205977   0.0004250159  -0.0119769441
        0.0106706929  -0.0061037692  -0.0196189200   0.0178088519  -0.0023256264
       -0.1497425156   0.0074338404   0.1141655759  -0.0899148734  -0.0920667886
        0.0134936065  -0.0114847665  -0.0031526764  -0.0208182332   0.0076992512
        0.0044143516   0.0167395059
        0.0000024449  -0.0000241431   0.0000321177  -0.0000078621   0.0003909957
       -0.0002976566   0.0006472477  -0.0000147570  -0.0003733531   0.0002049105
       -0.0000525167  -0.0003703068  -0.0149490818  -0.0116512781  -0.0214173328
        0.0011169208   0.0030612282   0.0002122842   0.0154600945  -0.0294073653
        0.0078750847   0.0628128244  -0.1272078547   0.0210586770   0.0252818314
        0.5116905596  -0.0022534368  -0.0138850815  -0.0723043185  -0.0281494583
        0.0000197235   0.0000142988  -0.0000187799  -0.0000135878   0.0000029998
       -0.0000027074   0.0000310527  -0.0000016855  -0.0000189561  -0.0031018591
       -0.0049280588  -0.0006192803   0.0000662047   0.0003883269   0.0001250527
        0.0001040753  -0.0002768319  -0.0001943376   0.0006658061   0.0008431290
       -0.0004198919  -0.0020257845  -0.0058227805   0.0006484279  -0.0020855046
        0.0033066989  -0.0003589829   0.0054242158  -0.0035679285  -0.0006604118
        0.0072177542  -0.0461160600  -0.0093997415  -0.0919352515  -0.2223117210
        0.0210857413   0.0092433035   0.0040944588   0.0169241031  -0.0002943973
       -0.0001053960  -0.0034068547
        0.0001231392   0.0000449637   0.0001431819   0.0003038627  -0.0004199264
       -0.0004008835  -0.0003011477   0.0009180795   0.0023732927   0.0000770072
        0.0000020613  -0.0009673770  -0.0034510060  -0.0065707713  -0.0004128396
       -0.0001928165   0.0002985846  -0.0000963692  -0.0017146417   0.0054057750
       -0.0002493014  -0.0187188428   0.0201781342  -0.0734642044  -0.0382325969
       -0.0022534368   0.4883552595  -0.0469329028  -0.0265283476  -0.1655164499
       -0.0000004077  -0.0000254468  -0.0000248887   0.0000162150   0.0000119649
       -0.0000155453   0.0000715179   0.0000098774  -0.0000871670   0.0004070699
        0.0005178325   0.0007958672  -0.0000017381   0.0000722467  -0.0000256584
        0.0001512793  -0.0000703590  -0.0001350173  -0.0004191642   0.0005928492
        0.0000652155   0.0004028522   0.0006895894   0.0006254123  -0.0203694732
        0.0180194986  -0.0089773337   0.0155809742  -0.0144502492   0.0036472820
        0.1143903459  -0.0092156475  -0.1629697504   0.0133713728   0.0208152080
       -0.0461335779  -0.0064999740  -0.0010442305  -0.0096233412  -0.0080609246
       -0.0069982498  -0.0269058061
        0.0006179579  -0.0002067317   0.0001778515  -0.0015423344  -0.0002311468
        0.0016480835  -0.0135982798  -0.0193441218   0.0036803959  -0.0025813002
       -0.0002387110   0.0043224937  -0.0872604520  -0.0475682023   0.0019680158
        0.0072926705   0.0142535639  -0.0011824764   0.0010491204  -0.0015062975
        0.0005893982  -0.0144434653   0.0000419028  -0.0210640337  -0.0911231235
       -0.0138850815  -0.0469329028   0.5166159033  -0.0447920845  -0.0192963632
       -0.0000069564   0.0000174504   0.0000605132   0.0000462925   0.0000041366
       -0.0000432450  -0.0000955082   0.0000100227   0.0000030310  -0.0058652658
       -0.0131606815  -0.0012083452  -0.0021341879   0.0037811435  -0.0011776774
        0.0004145180   0.0007959822  -0.0002451635  -0.0000768632   0.0001116535
       -0.0000084872   0.0000334005  -0.0001831075   0.0001367360  -0.0029307051
        0.0033321275  -0.0019803516   0.0003628246  -0.0004479859  -0.0009658736
        0.0079667493   0.0045598503   0.0165842288  -0.0077995032  -0.0064693361
       -0.0136618604  -0.1536155373   0.1117409541  -0.0352607461  -0.1513259550
        0.0093847007   0.1138567784
        0.0001301089   0.0000546089   0.0001790043   0.0019060764  -0.0030256195
        0.0003703668  -0.0103360468   0.0007671164   0.0082345950  -0.0001315618
        0.0003074897  -0.0021761371  -0.0427256191  -0.1576500278   0.0048932886
       -0.0039601160  -0.0269202540   0.0049377135  -0.0015889268   0.0016173872
       -0.0012101215   0.0095504729   0.0042311545   0.0162944608  -0.0128588677
       -0.0723043185  -0.0265283476  -0.0447920845   0.4749593272  -0.0108736455
        0.0000043706  -0.0000323505  -0.0000196697   0.0001025164  -0.0000240801
       -0.0000145329  -0.0000482517   0.0000307338  -0.0000158539  -0.0076500347
       -0.0121515139  -0.0016666232   0.0028114051  -0.0033210846   0.0013728767
       -0.0007227810   0.0005383882   0.0001264724   0.0000403318  -0.0000663448
        0.0002743405  -0.0001203956   0.0001261387  -0.0002215678   0.0036563214
       -0.0024337252   0.0021977872  -0.0002541852   0.0004285523   0.0004775874
       -0.0009451850  -0.0002536566  -0.0031403992  -0.0138877845  -0.0094472362
       -0.0234976005   0.1127237367  -0.1521580971   0.0369645022   0.0090965001
       -0.0432725879  -0.0069584967
       -0.0002295944  -0.0001556257  -0.0004127969  -0.0005059226   0.0016244865
       -0.0002493462   0.0120214099   0.0156575384  -0.0021507089   0.0024380072
       -0.0002280890  -0.0047816806   0.0057953667   0.0122387037  -0.0596236628
        0.0026030680   0.0080449908  -0.0001076493   0.0006324503  -0.0011526622
        0.0006182030  -0.0109451490   0.0028101209  -0.0117210164  -0.0476217343
       -0.0281494583  -0.1655164499  -0.0192963632  -0.0108736455   0.4889624781
       -0.0000355482   0.0000378210  -0.0000120611  -0.0000748070   0.0000077450
        0.0000252493   0.0001191794  -0.0000136853  -0.0000599782  -0.0129763492
       -0.0234490837  -0.0001791779  -0.0006280983   0.0017191613  -0.0001015660
        0.0002751540  -0.0006528985   0.0001428681   0.0000720968   0.0001416582
       -0.0003153894   0.0001427732  -0.0001860389   0.0000820240  -0.0012594032
        0.0013461013  -0.0000126547   0.0012054098  -0.0004815244   0.0010001792
       -0.0087872952  -0.0069497130  -0.0268765093  -0.0011792125  -0.0015860942
       -0.0005856851  -0.0355605020   0.0371143290  -0.0555054742   0.1137950638
       -0.0068641374  -0.1626191949
       -0.1037821235  -0.1006877975  -0.0132041756  -0.0330548861  -0.0200761627
        0.0093431950   0.0001046141  -0.0041158688   0.0023743978   0.0012639177
        0.0006756937  -0.0015413533   0.0004943346   0.0003530345   0.0005594611
        0.0000829692  -0.0000343398  -0.0000535434   0.0000020900  -0.0000004687
        0.0000169207   0.0000038434   0.0000108761   0.0000004374  -0.0000156820
        0.0000197235  -0.0000004077  -0.0000069564   0.0000043706  -0.0000355482
        0.1321819349   0.1234951173   0.0065036483   0.0081711655   0.0114070825
        0.0008932505  -0.0054004876  -0.0112798754  -0.0047856629  -0.0001269652
       -0.0000708564   0.0000378586  -0.0000204609   0.0000470701  -0.0000091964
        0.0000437376  -0.0000179113  -0.0000141749  -0.0000149017  -0.0000291735
       -0.0000020226  -0.0000049222   0.0000186788  -0.0000097037  -0.0000043876
        0.0000058830  -0.0000173945   0.0000074734   0.0000151750   0.0000025088
        0.0000337433  -0.0000027954   0.0000762664   0.0000066273   0.0000110108
        0.0000021693   0.0000444345   0.0001648325  -0.0001040175  -0.0000091123
        0.0000867011  -0.0000329132
       -0.1038215102  -0.2070202005  -0.0172521318  -0.0044045116   0.0047920117
        0.0054274309   0.0014388658   0.0010475034  -0.0001538322  -0.0004587991
       -0.0000222277  -0.0005557840  -0.0000483812  -0.0003707783  -0.0002147810
        0.0000674080  -0.0000525114  -0.0000229608  -0.0000014364  -0.0000133652
        0.0000075054   0.0000106909  -0.0000119760   0.0000094968   0.0000527580
        0.0000142988  -0.0000254468   0.0000174504  -0.0000323505   0.0000378210
        0.1234951173   0.2331021845   0.0180092766  -0.0119882504  -0.0249870573
       -0.0022641361  -0.0043532598  -0.0065528052  -0.0029634146   0.0000392101
        0.0000173415  -0.0000336427   0.0000135170   0.0000389470  -0.0000116757
       -0.0000034488  -0.0000029234   0.0000171598   0.0000020952  -0.0000051406
        0.0000040961  -0.0000107067   0.0000228496  -0.0000090592  -0.0000101825
        0.0000010994  -0.0000127457  -0.0000208194   0.0000134848   0.0000106594
        0.0000036189  -0.0000256903   0.0000529829   0.0000141205   0.0000081332
        0.0000011279   0.0000075805   0.0000282239  -0.0000812970  -0.0000411264
        0.0000109485   0.0000233510
       -0.0144673813  -0.0179888240  -0.0439402090   0.0198484994   0.0157925638
       -0.0030986913  -0.0002552207  -0.0003996284   0.0015851918   0.0005259816
        0.0000882113  -0.0005411526  -0.0001259367  -0.0000909067  -0.0003593959
       -0.0000366582  -0.0000125676   0.0000269460  -0.0000130431  -0.0000041587
       -0.0000014970  -0.0000038764  -0.0000132238   0.0000072956   0.0000267649
       -0.0000187799  -0.0000248887   0.0000605132  -0.0000196697  -0.0000120611
        0.0065036483   0.0180092766   0.0507957162   0.0049704116   0.0111706974
        0.0015508959  -0.0170966618  -0.0265004306  -0.0059810849   0.0000761923
        0.0000548065  -0.0000257609   0.0000016135   0.0000151658   0.0000228448
       -0.0000031364   0.0000166854  -0.0000000275  -0.0000134879  -0.0000200981
       -0.0000167004   0.0000039158   0.0000028809  -0.0000031640   0.0000098432
        0.0000016465   0.0000058174  -0.0000083434   0.0000139594   0.0000008809
        0.0000294738  -0.0000243626  -0.0000371374   0.0000014207   0.0000108416
       -0.0000008572  -0.0000556597  -0.0000659701   0.0000234070   0.0000211274
       -0.0000181149   0.0000236322
       -0.0961887919   0.0907281091  -0.0446309121  -0.0228988389   0.0242946496
       -0.0045146655  -0.0053346824   0.0011820653   0.0036962370   0.0011441457
       -0.0012013055   0.0003008990  -0.0007915604   0.0010910401  -0.0004112366
       -0.0002839524  -0.0000372825   0.0002724658   0.0000163450  -0.0000002372
        0.0000202616   0.0000339800   0.0000041599   0.0000025503  -0.0000079083
       -0.0000135878   0.0000162150   0.0000462925   0.0001025164  -0.0000748070
        0.0081711655  -0.0119882504   0.0049704116   0.1206498395  -0.1128275823
        0.0471200202  -0.0045115353   0.0086534561  -0.0067267084   0.0000494496
       -0.0000314490  -0.0000778430   0.0000202848  -0.0000597274   0.0000074193
       -0.0000978310   0.0000744784  -0.0000167623   0.0000173216  -0.0000178323
        0.0000322350  -0.0000146857  -0.0000021490  -0.0000004420   0.0000025923
       -0.0000143728  -0.0000136391   0.0000191779  -0.0000051403   0.0000087149
        0.0000154149   0.0000764669  -0.0000025781  -0.0000377464  -0.0000302958
        0.0000092763  -0.0000587450   0.0000435473   0.0000287101   0.0000402682
       -0.0000212768  -0.0000158220
        0.0945876590  -0.1968331555   0.0705340668   0.0066595663  -0.0033427171
       -0.0013159530   0.0012541223  -0.0010936164   0.0005028998   0.0003352429
        0.0009694803  -0.0010720373   0.0000890670  -0.0000423507   0.0001679317
        0.0000153363   0.0000189688  -0.0000606445  -0.0000194333   0.0000020948
        0.0000081799  -0.0000253401   0.0000022912  -0.0000037868  -0.0000272731
        0.0000029998   0.0000119649   0.0000041366  -0.0000240801   0.0000077450
        0.0114070825  -0.0249870573   0.0111706974  -0.1128275823   0.2227719779
       -0.0798523084  -0.0015428461   0.0025040041  -0.0000345538  -0.0000098488
       -0.0000158369   0.0000154004  -0.0000207431   0.0000369949   0.0000069599
        0.0000306221  -0.0000038702  -0.0000101363  -0.0000191449  -0.0000045222
       -0.0000338429   0.0000109986  -0.0000060388  -0.0000034888   0.0000045429
        0.0000076551   0.0000076558   0.0000087962   0.0000051037  -0.0000116551
        0.0000290349  -0.0000340710  -0.0000157393   0.0000101909   0.0000184606
       -0.0000042462   0.0000407895   0.0000292050  -0.0000027546   0.0000050238
        0.0000180802  -0.0000123546
       -0.0483483780   0.0735770013  -0.0753697580   0.0124036617  -0.0152997948
        0.0055490024   0.0034729989   0.0006993026  -0.0029196465  -0.0011801485
        0.0000738346   0.0009246324   0.0006731111  -0.0006577817   0.0003426914
        0.0002021404  -0.0000086347  -0.0001607275   0.0000173547   0.0000078001
       -0.0000277722   0.0000038623   0.0000040289  -0.0000012180   0.0000096566
       -0.0000027074  -0.0000155453  -0.0000432450  -0.0000145329   0.0000252493
        0.0008932505  -0.0022641361   0.0015508959   0.0471200202  -0.0798523084
        0.0832668929  -0.0151966743   0.0238319986  -0.0132948666  -0.0000510984
        0.0000025783   0.0000696060  -0.0000101185   0.0000018553  -0.0000155081
        0.0000481121  -0.0000552070   0.0000241812   0.0000249200  -0.0000043041
        0.0000007944  -0.0000079700  -0.0000027145   0.0000111998   0.0000038696
        0.0000020324   0.0000028717  -0.0000131415  -0.0000113233   0.0000078025
        0.0000025947   0.0000361544  -0.0000436485  -0.0000193657  -0.0000109501
        0.0000067195   0.0000027214  -0.0000350329   0.0000573287  -0.0000081345
       -0.0000171586   0.0000088228
       -0.0597597096  -0.0103140399  -0.0675516810  -0.0019622714   0.0066357955
        0.0346543241   0.0009228840  -0.0006071721   0.0023678939   0.0001944785
       -0.0001508363  -0.0006475758  -0.0005404528  -0.0004090055  -0.0003847159
       -0.0000286155  -0.0000021986  -0.0000439737  -0.0000276443   0.0000035286
        0.0000005583  -0.0000092971   0.0000024316  -0.0000247993  -0.0000593841
        0.0000310527   0.0000715179  -0.0000955082  -0.0000482517   0.0001191794
       -0.0054004876  -0.0043532598  -0.0170966618  -0.0045115353  -0.0015428461
       -0.0151966743   0.0711483642   0.0107107666   0.0640632402   0.0000674918
       -0.0000431004  -0.0001943024   0.0000001494  -0.0000222091  -0.0000013669
        0.0000268709  -0.0000195497  -0.0000171034  -0.0000203823   0.0000421545
        0.0000098899   0.0000170407  -0.0000151073  -0.0000129963  -0.0000107850
       -0.0000001187  -0.0000086341   0.0000403100  -0.0000170495  -0.0000184111
       -0.0000743817  -0.0000236938   0.0000239809   0.0000370855   0.0000138419
       -0.0000276381   0.0000480246   0.0001349915  -0.0000383909  -0.0000022448
       -0.0000061245  -0.0000456597
       -0.0091896194  -0.0483255324  -0.0297912200   0.0020110629  -0.0004514085
       -0.0035691308   0.0001527124   0.0026445159  -0.0032450386  -0.0011207279
       -0.0002978663   0.0014260317   0.0000864299   0.0001078246   0.0002860660
        0.0000063761   0.0000024615  -0.0000011544   0.0000343569   0.0000099790
       -0.0000332305   0.0000132673   0.0000126650  -0.0000071114  -0.0000071873
       -0.0000016855   0.0000098774   0.0000100227   0.0000307338  -0.0000136853
       -0.0112798754  -0.0065528052  -0.0265004306   0.0086534561   0.0025040041
        0.0238319986   0.0107107666   0.0503978396   0.0374263941  -0.0000513606
       -0.0000177871   0.0000920256  -0.0000033688  -0.0000228750  -0.0000179404
       -0.0000225259  -0.0000013252   0.0000191136   0.0000403121   0.0000007218
        0.0000223059  -0.0000150731  -0.0000095437   0.0000167673   0.0000029733
       -0.0000012661   0.0000055072  -0.0000044324  -0.0000258597   0.0000100616
       -0.0000079944   0.0000798466  -0.0000200646  -0.0000253527  -0.0000257472
        0.0000121610   0.0000141131  -0.0000347679   0.0000431789  -0.0000083313
       -0.0000221223  -0.0000024824
       -0.0642905495  -0.0306310021  -0.2465170950   0.0134433194  -0.0051780996
       -0.0291730543  -0.0009730074   0.0019185340  -0.0006310898  -0.0007259227
       -0.0008457141   0.0007288539   0.0000949112   0.0003067768   0.0000428470
       -0.0000616768   0.0000630952   0.0000642162   0.0000183389  -0.0000119977
       -0.0000251876  -0.0000120908   0.0000072725   0.0000331472   0.0000470194
       -0.0000189561  -0.0000871670   0.0000030310  -0.0000158539  -0.0000599782
       -0.0047856629  -0.0029634146  -0.0059810849  -0.0067267084  -0.0000345538
       -0.0132948666   0.0640632402   0.0374263941   0.2944390819  -0.0000734859
        0.0000735889   0.0002328775  -0.0000061866   0.0000007053   0.0000030551
       -0.0000338076   0.0000165448  -0.0000008285   0.0000139660  -0.0000223000
        0.0000340577   0.0000016587   0.0000018639   0.0000254454   0.0000193874
        0.0000084096   0.0000322291  -0.0000330271   0.0000132392   0.0000026340
        0.0001062718   0.0000038354   0.0000893497  -0.0000038332   0.0000170119
        0.0000340601  -0.0000592528  -0.0001435991  -0.0000300878  -0.0000259322
        0.0000082194   0.0000385849
       -0.0006077327  -0.0004527197  -0.0000659129  -0.0009419710   0.0002219337
       -0.0003556621   0.0072736282   0.0055510089   0.0203633335  -0.0035151005
       -0.0018779484   0.0010713255  -0.0669549218  -0.0164176025  -0.0696532570
       -0.0101635507  -0.0011811509  -0.0196701746  -0.0024331196   0.0036174685
       -0.0011279246   0.0003004815   0.0001145434   0.0002611273  -0.0007607090
       -0.0031018591   0.0004070699  -0.0058652658  -0.0076500347  -0.0129763492
       -0.0001269652   0.0000392101   0.0000761923   0.0000494496  -0.0000098488
       -0.0000510984   0.0000674918  -0.0000513606  -0.0000734859   0.0843613376
        0.0217982113   0.0838021038   0.0003519936  -0.0002045639   0.0001624051
       -0.0000917817  -0.0003818843  -0.0004822329  -0.0001107882   0.0000328047
        0.0001041769  -0.0006600985  -0.0002360411  -0.0009985163   0.0000841898
        0.0000333578   0.0001249239  -0.0000160986   0.0000000758  -0.0000140058
       -0.0000446958   0.0000058351   0.0000851858  -0.0004417853  -0.0002586166
       -0.0006834507   0.0003656787   0.0003274436   0.0002075197  -0.0001196663
        0.0000817376  -0.0005132933
       -0.0000008920  -0.0000328635  -0.0001033930   0.0014339636  -0.0005461549
        0.0007267570  -0.0022258742   0.0017232017  -0.0023726833  -0.0001194228
       -0.0003104647  -0.0002922793  -0.0172742351  -0.0488946217  -0.0482984944
        0.0097138447   0.0026936459   0.0179284107   0.0028347609  -0.0023872058
        0.0011100525   0.0000524855  -0.0000012553   0.0000239603  -0.0027129186
       -0.0049280588   0.0005178325  -0.0131606815  -0.0121515139  -0.0234490837
       -0.0000708564   0.0000173415   0.0000548065  -0.0000314490  -0.0000158369
        0.0000025783  -0.0000431004  -0.0000177871   0.0000735889   0.0217982113
        0.0635336873   0.0542268276   0.0000203200   0.0002869041   0.0003149655
       -0.0002488056   0.0006326114   0.0002631928  -0.0000296431  -0.0001035522
       -0.0001068740   0.0006260227   0.0001155768   0.0009112737   0.0000404417
        0.0000063841   0.0000529127  -0.0000110002  -0.0000603851   0.0000115351
        0.0000406021   0.0000091851   0.0003731027  -0.0008905330  -0.0005692604
       -0.0011632706   0.0001131577   0.0002267652  -0.0005004015   0.0001456016
        0.0007736574  -0.0003053168
        0.0003243904   0.0002857819   0.0003550613   0.0008709285  -0.0000208301
        0.0011731488  -0.0046535299  -0.0055245334  -0.0263935784   0.0038698882
        0.0016538190  -0.0007174234  -0.0752224410  -0.0503214142  -0.2203435653
       -0.0063155534  -0.0004501255  -0.0101637053  -0.0016962175   0.0022344070
        0.0000147489   0.0001708633   0.0000383366   0.0001482303  -0.0001619518
       -0.0006192803   0.0007958672  -0.0012083452  -0.0016666232  -0.0001791779
        0.0000378586  -0.0000336427  -0.0000257609  -0.0000778430   0.0000154004
        0.0000696060  -0.0001943024   0.0000920256   0.0002328775   0.0838021038
        0.0542268276   0.2531704702   0.0001232060   0.0001719935  -0.0001053623
        0.0003453605  -0.0002713007   0.0008304223   0.0001040898   0.0000222971
        0.0004065787  -0.0003832318  -0.0001878963  -0.0005681848   0.0001311631
        0.0000579460   0.0001365165  -0.0000172300   0.0000022500  -0.0000191110
       -0.0000034956   0.0001470521   0.0002940046  -0.0001151366   0.0000507281
       -0.0000767334   0.0001693892  -0.0002025688   0.0002048413   0.0001000369
        0.0002993502   0.0007602291
       -0.0000662401  -0.0000140544   0.0000725729   0.0005512067  -0.0005417518
        0.0000516409   0.0001899369   0.0013537054  -0.0002547794  -0.0004652920
       -0.0001179373  -0.0001046119   0.0080173422   0.0172560142  -0.0029988097
       -0.0976419980  -0.0980734569   0.0183558447  -0.0083343865  -0.0139263471
       -0.0009167475  -0.0012262630  -0.0009433986  -0.0032566480  -0.0000367079
        0.0000662047  -0.0000017381  -0.0021341879   0.0028114051  -0.0006280983
       -0.0000204609   0.0000135170   0.0000016135   0.0000202848  -0.0000207431
       -0.0000101185   0.0000001494  -0.0000033688  -0.0000061866   0.0003519936
        0.0000203200   0.0001232060   0.1135971334   0.1115838022  -0.0170938677
       -0.0132999024  -0.0202406039   0.0067499395   0.0005866968   0.0003159170
        0.0004106205  -0.0002899135  -0.0001024359   0.0001438917  -0.0003487380
       -0.0008863638  -0.0001499841   0.0002761175   0.0002773015  -0.0001557618
       -0.0000301833   0.0000170841  -0.0000111666   0.0000189630   0.0000762963
        0.0000127198   0.0003604207   0.0010215046  -0.0001946378  -0.0000759714
        0.0000573895  -0.0001388934
       -0.0002064300   0.0000005899   0.0000612644  -0.0005744768   0.0008686911
       -0.0001299918  -0.0000773099  -0.0024141012   0.0014457203  -0.0001755745
        0.0019135642  -0.0009946084  -0.0069615136  -0.0247194837   0.0050722953
       -0.0975705655  -0.2160006607   0.0295397048  -0.0070400579  -0.0095098238
       -0.0012999478  -0.0013632359   0.0001872427  -0.0024320221   0.0000751039
        0.0003883269   0.0000722467   0.0037811435  -0.0033210846   0.0017191613
        0.0000470701   0.0000389470   0.0000151658  -0.0000597274   0.0000369949
        0.0000018553  -0.0000222091  -0.0000228750   0.0000007053  -0.0002045639
        0.0002869041   0.0001719935   0.1115838022   0.2521731005  -0.0344556127
       -0.0012441932   0.0009609748   0.0010997856   0.0002361428   0.0000184911
        0.0000726982   0.0000442964   0.0005123445   0.0001708539  -0.0002249171
       -0.0006073788   0.0000350503   0.0002089083   0.0001175069  -0.0001001717
       -0.0000000779  -0.0000291975   0.0000042847   0.0000700321   0.0002397399
        0.0000232761  -0.0005444750  -0.0013169418   0.0000671570   0.0002228284
        0.0001981286  -0.0001608641
        0.0000704800  -0.0000321315  -0.0000087671  -0.0002474772   0.0004528126
       -0.0003292002   0.0003922205  -0.0012122457   0.0009975562  -0.0000106415
        0.0002476946  -0.0003388121   0.0025707470   0.0088013722  -0.0013043776
        0.0187009652   0.0297607703  -0.0473932013  -0.0140658150  -0.0225386094
        0.0004545789  -0.0026469241  -0.0015654646  -0.0042243947   0.0000197948
        0.0001250527  -0.0000256584  -0.0011776774   0.0013728767  -0.0001015660
       -0.0000091964  -0.0000116757   0.0000228448   0.0000074193   0.0000069599
       -0.0000155081  -0.0000013669  -0.0000179404   0.0000030551   0.0001624051
        0.0003149655  -0.0001053623  -0.0170938677  -0.0344556127   0.0565233446
        0.0142563126   0.0203524328  -0.0052050528  -0.0001361404  -0.0005903207
        0.0006225531   0.0000893554  -0.0001210820   0.0004754047  -0.0007440167
       -0.0013091760  -0.0000249699  -0.0000521358   0.0000561351  -0.0001126228
       -0.0000349944   0.0000121587  -0.0000300074   0.0000100676   0.0000190153
        0.0000006817   0.0000708131   0.0005019718   0.0000342332  -0.0001303271
       -0.0001699593   0.0000852483
       -0.0002794870   0.0002931384  -0.0000468272  -0.0015778486   0.0005718766
        0.0006628107  -0.0022411850   0.0032345727  -0.0010050561   0.0004951012
        0.0001136027  -0.0005181955  -0.0187251628   0.0057879443   0.0140760392
       -0.1467303652   0.0154432186   0.1132492960   0.0081047911  -0.0016035441
       -0.0088959671   0.0006774174   0.0002501371  -0.0006510127  -0.0000546608
        0.0001040753   0.0001512793   0.0004145180  -0.0007227810   0.0002751540
        0.0000437376  -0.0000034488  -0.0000031364  -0.0000978310   0.0000306221
        0.0000481121   0.0000268709  -0.0000225259  -0.0000338076  -0.0000917817
       -0.0002488056   0.0003453605  -0.0132999024  -0.0012441932   0.0142563126
        0.1723990254  -0.0208044157  -0.1286788535  -0.0002234660  -0.0009608721
       -0.0025559577   0.0007886941  -0.0002024100  -0.0002335088  -0.0000438765
        0.0000249150  -0.0000241044   0.0000640326   0.0000382417   0.0000376896
       -0.0000733242  -0.0000620120  -0.0001332541  -0.0000360235  -0.0000147232
       -0.0000322070   0.0000555822  -0.0003003390  -0.0000735134   0.0004051442
        0.0002977259  -0.0002166525
        0.0003174018  -0.0002813366   0.0000015964   0.0013522862  -0.0003557120
       -0.0007479632   0.0020041428  -0.0030098155   0.0019963082  -0.0005871119
        0.0003846728   0.0000475887   0.0182763592  -0.0047801829  -0.0145246602
        0.0151701302  -0.0467415870  -0.0181412893   0.0049940415  -0.0005730541
       -0.0075810400   0.0007478683   0.0004442826  -0.0007236700  -0.0000368190
       -0.0002768319  -0.0000703590   0.0007959822   0.0005383882  -0.0006528985
       -0.0000179113  -0.0000029234   0.0000166854   0.0000744784  -0.0000038702
       -0.0000552070  -0.0000195497  -0.0000013252   0.0000165448  -0.0003818843
        0.0006326114  -0.0002713007  -0.0202406039   0.0009609748   0.0203524328
       -0.0208044157   0.0530869270   0.0204592789  -0.0007959039   0.0002322518
       -0.0017183992   0.0000182469   0.0002131204   0.0007012227  -0.0000253667
        0.0000155427   0.0002206632  -0.0004690796  -0.0001195127  -0.0000362714
       -0.0000861492   0.0000328947   0.0001835267   0.0000177095  -0.0000010807
        0.0000067354  -0.0001902322   0.0001870292   0.0000892168  -0.0001136196
       -0.0005814635   0.0004312587
       -0.0002809493   0.0000605421   0.0000510248  -0.0000652022  -0.0002565340
        0.0002620259  -0.0004999439   0.0015443341  -0.0003976532  -0.0000700915
       -0.0002567997   0.0004687196  -0.0034583966   0.0007996820   0.0043350184
        0.1140593316  -0.0181130717  -0.1635567946   0.0158141916  -0.0044976598
       -0.0269929197   0.0007560849   0.0006340043   0.0006146674   0.0000616708
       -0.0001943376  -0.0001350173  -0.0002451635   0.0001264724   0.0001428681
       -0.0000141749   0.0000171598  -0.0000000275  -0.0000167623  -0.0000101363
        0.0000241812  -0.0000171034   0.0000191136  -0.0000008285  -0.0004822329
        0.0002631928   0.0008304223   0.0067499395   0.0010997856  -0.0052050528
       -0.1286788535   0.0204592789   0.1937544993  -0.0030647018  -0.0019467217
       -0.0056350740   0.0004330542   0.0002360691   0.0004621583   0.0000505878
        0.0003219761   0.0003332206  -0.0006300721  -0.0004682263   0.0003588558
       -0.0001727244   0.0001975923   0.0000232519  -0.0000400630   0.0000265255
       -0.0000173580  -0.0001172730   0.0000487086  -0.0000119011  -0.0000711520
       -0.0001109501   0.0002917132
       -0.0001174126   0.0000338197   0.0000795936   0.0004407423  -0.0007717383
        0.0003000120  -0.0005714240   0.0014174139  -0.0021539284  -0.0015795855
       -0.0003316105   0.0003390013   0.0003816936  -0.0001783086   0.0004018045
        0.0083228514  -0.0007847090  -0.0092600421  -0.1497697852   0.0083376346
        0.1179679825  -0.0123204032  -0.0036460703   0.0118793549   0.0008141866
        0.0006658061  -0.0004191642  -0.0000768632   0.0000403318   0.0000720968
       -0.0000149017   0.0000020952  -0.0000134879   0.0000173216  -0.0000191449
        0.0000249200  -0.0000203823   0.0000403121   0.0000139660  -0.0001107882
       -0.0000296431   0.0001040898   0.0005866968   0.0002361428  -0.0001361404
       -0.0002234660  -0.0007959039  -0.0030647018   0.1744011992  -0.0060843337
       -0.1339603925  -0.0192357492   0.0047070933   0.0177189778  -0.0001020834
        0.0002204117   0.0000499644  -0.0010920785  -0.0033058293   0.0004602890
        0.0004715906  -0.0000407192  -0.0000355610  -0.0000669837   0.0002888199
       -0.0001950960  -0.0000347131   0.0000245754  -0.0000681805  -0.0000996623
       -0.0000264458  -0.0001053577
        0.0000531554   0.0000312500   0.0000524277   0.0001033733  -0.0003571306
        0.0001409866   0.0002687287   0.0006582342   0.0000503987   0.0002891709
       -0.0003371288   0.0000441150  -0.0002213587   0.0002566270   0.0006111264
        0.0043330589  -0.0003639212  -0.0073950524   0.0078159717  -0.0444134515
       -0.0053484211  -0.0200337305  -0.0027532747   0.0201623775  -0.0010885441
        0.0008431290   0.0005928492   0.0001116535  -0.0000663448   0.0001416582
       -0.0000291735  -0.0000051406  -0.0000200981  -0.0000178323  -0.0000045222
       -0.0000043041   0.0000421545   0.0000007218  -0.0000223000   0.0000328047
       -0.0001035522   0.0000222971   0.0003159170   0.0000184911  -0.0005903207
       -0.0009608721   0.0002322518  -0.0019467217  -0.0060843337   0.0532537610
        0.0083365554   0.0177300242  -0.0022380372  -0.0159418647   0.0001025196
        0.0007441026   0.0003217072  -0.0032316345  -0.0049532452   0.0013662742
        0.0003959501  -0.0005353543  -0.0001502979   0.0000916187   0.0002523900
       -0.0002144020  -0.0000219527  -0.0000384046  -0.0000221948   0.0000033308
       -0.0001214507  -0.0001867955
       -0.0000205242  -0.0000292657  -0.0001191115   0.0002349957  -0.0005860679
        0.0003001485  -0.0008900305   0.0020939044  -0.0021424713   0.0005141133
       -0.0010223408   0.0016993503   0.0006513391   0.0000148830   0.0009208355
        0.0156388648  -0.0037644588  -0.0267776181   0.1164393263  -0.0056637252
       -0.1712305303   0.0051820636   0.0020180266  -0.0037729721   0.0001018172
       -0.0004198919   0.0000652155  -0.0000084872   0.0002743405  -0.0003153894
       -0.0000020226   0.0000040961  -0.0000167004   0.0000322350  -0.0000338429
        0.0000007944   0.0000098899   0.0000223059   0.0000340577   0.0001041769
       -0.0001068740   0.0004065787   0.0004106205   0.0000726982   0.0006225531
       -0.0025559577  -0.0017183992  -0.0056350740  -0.1339603925   0.0083365554
        0.2004259587  -0.0016489252  -0.0002950085   0.0038146710  -0.0004162038
       -0.0002586397   0.0006268664   0.0006828083   0.0009993988   0.0005677720
       -0.0002776254   0.0004465328   0.0002496085  -0.0001406193  -0.0002053341
        0.0001169404   0.0000055615  -0.0000291886  -0.0000088704  -0.0000870237
       -0.0001497044   0.0001673867
        0.0000813446   0.0000085128  -0.0000178499  -0.0000341410  -0.0000009473
        0.0000940156   0.0005407126  -0.0001021650  -0.0003076482  -0.0002827632
       -0.0002078670   0.0000070339  -0.0012619264  -0.0012739023  -0.0032450894
       -0.0124849277   0.0101038389  -0.0065212499  -0.1532364661   0.1110553258
       -0.0319048118   0.0076198413  -0.0085475857   0.0025315264  -0.0000571050
       -0.0020257845   0.0004028522   0.0000334005  -0.0001203956   0.0001427732
       -0.0000049222  -0.0000107067   0.0000039158  -0.0000146857   0.0000109986
       -0.0000079700   0.0000170407  -0.0000150731   0.0000016587  -0.0006600985
        0.0006260227  -0.0003832318  -0.0002899135   0.0000442964   0.0000893554
        0.0007886941   0.0000182469   0.0004330542  -0.0192357492   0.0177300242
       -0.0016489252   0.1768922572  -0.1263469210   0.0401915262   0.0004246091
        0.0001030666   0.0003049798   0.0006502001  -0.0002431640  -0.0001287285
        0.0001024763  -0.0001984692  -0.0001217300   0.0003663700  -0.0004822310
        0.0000386627   0.0000728871  -0.0000934293   0.0000678098  -0.0000271351
       -0.0000316911  -0.0000219291
       -0.0001282383   0.0000034169   0.0000456898   0.0000817915   0.0000734164
        0.0000215173  -0.0000796959  -0.0001518320  -0.0000718547   0.0000674002
        0.0001463173  -0.0000407003  -0.0005779596   0.0006776681  -0.0009113766
       -0.0033087081   0.0041755339  -0.0010641461   0.1107198075  -0.1523717009
        0.0343802226   0.0175439434  -0.0250392681   0.0063309380  -0.0032205977
       -0.0058227805   0.0006895894  -0.0001831075   0.0001261387  -0.0001860389
        0.0000186788   0.0000228496   0.0000028809  -0.0000021490  -0.0000060388
       -0.0000027145  -0.0000151073  -0.0000095437   0.0000018639  -0.0002360411
        0.0001155768  -0.0001878963  -0.0001024359   0.0005123445  -0.0001210820
       -0.0002024100   0.0002131204   0.0002360691   0.0047070933  -0.0022380372
       -0.0002950085  -0.1263469210   0.1796665612  -0.0392323862   0.0003560213
        0.0002894133  -0.0002624668   0.0003993731   0.0007116835   0.0001339631
       -0.0004032962   0.0002227148   0.0000711807   0.0010112477  -0.0014224326
        0.0005742457  -0.0000952712   0.0001382425  -0.0000856341  -0.0000034180
       -0.0000333642  -0.0000268555
        0.0000333509  -0.0000111363  -0.0000454073  -0.0000058757  -0.0000725362
        0.0001319337   0.0001484621   0.0003429031  -0.0006981632   0.0002513509
       -0.0002148090   0.0003805830  -0.0030679973  -0.0014904722  -0.0044748686
       -0.0208779582   0.0167945388  -0.0095822352  -0.0313285356   0.0338095337
       -0.0539306795  -0.0021876595   0.0038818240  -0.0003081555   0.0004250159
        0.0006484279   0.0006254123   0.0001367360  -0.0002215678   0.0000820240
       -0.0000097037  -0.0000090592  -0.0000031640  -0.0000004420  -0.0000034888
        0.0000111998  -0.0000129963   0.0000167673   0.0000254454  -0.0009985163
        0.0009112737  -0.0005681848   0.0001438917   0.0001708539   0.0004754047
       -0.0002335088   0.0007012227   0.0004621583   0.0177189778  -0.0159418647
        0.0038146710   0.0401915262  -0.0392323862   0.0633996410   0.0001786873
       -0.0004657471   0.0001694217  -0.0002549629   0.0003379701  -0.0000523746
       -0.0000792420   0.0000809913   0.0000045924  -0.0002109654   0.0000653581
        0.0000354656   0.0000739295  -0.0000929384   0.0000519310  -0.0000335648
       -0.0000056586  -0.0000066513
        0.0000208503  -0.0000203884  -0.0000617004  -0.0000707363  -0.0000115750
        0.0000911210   0.0002351471   0.0000418720  -0.0004763667  -0.0000390068
       -0.0000197927   0.0002893664   0.0001247330   0.0001154941   0.0003850791
       -0.0008743864  -0.0031819544   0.0004339726  -0.0073244128  -0.0069913659
       -0.0126260609  -0.0877068550  -0.0248768947  -0.0850138439  -0.0119769441
       -0.0020855046  -0.0203694732  -0.0029307051   0.0036563214  -0.0012594032
       -0.0000043876  -0.0000101825   0.0000098432   0.0000025923   0.0000045429
        0.0000038696  -0.0000107850   0.0000029733   0.0000193874   0.0000841898
        0.0000404417   0.0001311631  -0.0003487380  -0.0002249171  -0.0007440167
       -0.0000438765  -0.0000253667   0.0000505878  -0.0001020834   0.0001025196
       -0.0004162038   0.0004246091   0.0003560213   0.0001786873   0.1023162454
        0.0288781518   0.1011698183   0.0082138906   0.0051263295   0.0192921233
        0.0000523938  -0.0004395036  -0.0002871034   0.0005572325  -0.0002668659
        0.0001880373  -0.0005588512  -0.0002561418  -0.0011171158  -0.0000401158
        0.0000857858   0.0001282316
        0.0000135562  -0.0000099279  -0.0000495631  -0.0001556284   0.0001989605
        0.0000145479   0.0002555512  -0.0003278691   0.0000058287  -0.0000533004
        0.0001269876   0.0000030991   0.0001219228  -0.0000352830   0.0001601063
       -0.0031024486  -0.0053326319   0.0005561126  -0.0141220915  -0.0109560111
       -0.0233087670  -0.0249815680  -0.0550055675  -0.0501764022   0.0106706929
        0.0033066989   0.0180194986   0.0033321275  -0.0024337252   0.0013461013
        0.0000058830   0.0000010994   0.0000016465  -0.0000143728   0.0000076551
        0.0000020324  -0.0000001187  -0.0000012661   0.0000084096   0.0000333578
        0.0000063841   0.0000579460  -0.0008863638  -0.0006073788  -0.0013091760
        0.0000249150   0.0000155427   0.0003219761   0.0002204117   0.0007441026
       -0.0002586397   0.0001030666   0.0002894133  -0.0004657471   0.0288781518
        0.0685788191   0.0567711841  -0.0006802077   0.0004604112  -0.0031118274
       -0.0003565970   0.0004780775   0.0001130823   0.0000488836   0.0005228374
        0.0003876484   0.0006524263   0.0001125982   0.0010177150  -0.0000082496
       -0.0001399269  -0.0001068125
        0.0000757461  -0.0000221487  -0.0000883576  -0.0002036170   0.0000787938
        0.0000861642   0.0003586249  -0.0000163320  -0.0004261738  -0.0001209030
       -0.0000751097   0.0002954561   0.0001405272   0.0000886048   0.0002194622
       -0.0000640607  -0.0005041637   0.0009639702  -0.0003739567  -0.0011523623
        0.0006706977  -0.0851017929  -0.0499806289  -0.2167147266  -0.0061037692
       -0.0003589829  -0.0089773337  -0.0019803516   0.0021977872  -0.0000126547
       -0.0000173945  -0.0000127457   0.0000058174  -0.0000136391   0.0000076558
        0.0000028717  -0.0000086341   0.0000055072   0.0000322291   0.0001249239
        0.0000529127   0.0001365165  -0.0001499841   0.0000350503  -0.0000249699
       -0.0000241044   0.0002206632   0.0003332206   0.0000499644   0.0003217072
        0.0006268664   0.0003049798  -0.0002624668   0.0001694217   0.1011698183
        0.0567711841   0.2490835210  -0.0080655492  -0.0071923503  -0.0269611621
        0.0002314166  -0.0002467886   0.0006605865   0.0002591678   0.0001905776
       -0.0000908391  -0.0004742929  -0.0001519715  -0.0004902234  -0.0000131196
        0.0000056072   0.0004996395
        0.0000454271  -0.0000060842   0.0000441735   0.0000403438  -0.0000294583
       -0.0001580314  -0.0000991864  -0.0000208674   0.0005593118  -0.0000282334
        0.0000570007  -0.0004224978  -0.0002568328  -0.0000285435  -0.0001860118
        0.0002003096   0.0005865440   0.0007081993  -0.0124432704  -0.0033828738
        0.0123611217  -0.1515276302   0.0073938094   0.1115307763  -0.0196189200
        0.0054242158   0.0155809742   0.0003628246  -0.0002541852   0.0012054098
        0.0000074734  -0.0000208194  -0.0000083434   0.0000191779   0.0000087962
       -0.0000131415   0.0000403100  -0.0000044324  -0.0000330271  -0.0000160986
       -0.0000110002  -0.0000172300   0.0002761175   0.0002089083  -0.0000521358
        0.0000640326  -0.0004690796  -0.0006300721  -0.0010920785  -0.0032316345
        0.0006828083   0.0006502001   0.0003993731  -0.0002549629   0.0082138906
       -0.0006802077  -0.0080655492   0.1776763677  -0.0094184093  -0.1311619063
       -0.0035318045   0.0038087863  -0.0008265233   0.0006576166  -0.0003519750
        0.0000892683   0.0004121532  -0.0001328327   0.0000651891  -0.0000521898
        0.0001549693  -0.0009977998
       -0.0000163300  -0.0000098558  -0.0000129642   0.0000027303   0.0001919316
       -0.0000046579   0.0000344415  -0.0005420186   0.0001631164  -0.0001611151
        0.0001590254  -0.0001590561  -0.0000145039  -0.0000336621  -0.0000521699
        0.0000699481   0.0007637298   0.0008604901  -0.0209382071  -0.0026874487
        0.0201548770   0.0072248551  -0.0425770504  -0.0089304799   0.0178088519
       -0.0035679285  -0.0144502492  -0.0004479859   0.0004285523  -0.0004815244
        0.0000151750   0.0000134848   0.0000139594  -0.0000051403   0.0000051037
       -0.0000113233  -0.0000170495  -0.0000258597   0.0000132392   0.0000000758
       -0.0000603851   0.0000022500   0.0002773015   0.0001175069   0.0000561351
        0.0000382417  -0.0001195127  -0.0004682263  -0.0033058293  -0.0049532452
        0.0009993988  -0.0002431640   0.0007116835   0.0003379701   0.0051263295
        0.0004604112  -0.0071923503  -0.0094184093   0.0540798649   0.0085399934
        0.0040241959  -0.0028704263   0.0009704741   0.0002060430   0.0003241848
       -0.0005509679  -0.0002296442  -0.0000289154  -0.0001436051  -0.0000308107
        0.0002208298   0.0003456708
       -0.0000679742   0.0000080926   0.0000153938   0.0001322558  -0.0001573117
        0.0000676011  -0.0001648877   0.0002356530  -0.0003518717   0.0001396613
        0.0000107915   0.0002108356   0.0000985815  -0.0000253085  -0.0000730309
       -0.0007458281  -0.0004789468   0.0008653627   0.0053936604   0.0026485383
       -0.0042463464   0.1114688613  -0.0092299669  -0.1631201077  -0.0023256264
       -0.0006604118   0.0036472820  -0.0009658736   0.0004775874   0.0010001792
        0.0000025088   0.0000106594   0.0000008809   0.0000087149  -0.0000116551
        0.0000078025  -0.0000184111   0.0000100616   0.0000026340  -0.0000140058
        0.0000115351  -0.0000191110  -0.0001557618  -0.0001001717  -0.0001126228
        0.0000376896  -0.0000362714   0.0003588558   0.0004602890   0.0013662742
        0.0005677720  -0.0001287285   0.0001339631  -0.0000523746   0.0192921233
       -0.0031118274  -0.0269611621  -0.1311619063   0.0085399934   0.1873392591
       -0.0010253702   0.0005501048   0.0006169571  -0.0001224438  -0.0003563383
        0.0002161777  -0.0000774551   0.0000073655  -0.0000821248  -0.0000600733
        0.0001575897   0.0001017586
       -0.0001560699   0.0000032152   0.0000262869  -0.0002168619   0.0000577964
       -0.0003586922   0.0003353083  -0.0001819153   0.0003849796  -0.0002298605
       -0.0001281335  -0.0002627710   0.0006355410   0.0003230282  -0.0001935367
       -0.0000046069   0.0001155903   0.0001009606   0.0007343902  -0.0009417021
        0.0001373992  -0.0199421417   0.0055347637   0.0155506171  -0.1497425156
        0.0072177542   0.1143903459   0.0079667493  -0.0009451850  -0.0087872952
        0.0000337433   0.0000036189   0.0000294738   0.0000154149   0.0000290349
        0.0000025947  -0.0000743817  -0.0000079944   0.0001062718  -0.0000446958
        0.0000406021  -0.0000034956  -0.0000301833  -0.0000000779  -0.0000349944
       -0.0000733242  -0.0000861492  -0.0001727244   0.0004715906   0.0003959501
       -0.0002776254   0.0001024763  -0.0004032962  -0.0000792420   0.0000523938
       -0.0003565970   0.0002314166  -0.0035318045   0.0040241959  -0.0010253702
        0.1761920771  -0.0113209234  -0.1305718656  -0.0129624061  -0.0024405841
        0.0136085150   0.0006089665  -0.0002043229  -0.0000650581  -0.0001397993
       -0.0007286689  -0.0027361904
       -0.0000580986  -0.0000084385  -0.0000773623  -0.0000710923  -0.0000520974
        0.0000279622  -0.0004593951   0.0004300085  -0.0008871177  -0.0000366954
       -0.0004382701   0.0006813765   0.0005999248   0.0004850007  -0.0004230709
       -0.0000595334  -0.0002405316  -0.0001076508   0.0009234491   0.0007708769
       -0.0008920297   0.0171419006  -0.0033366956  -0.0143327915   0.0074338404
       -0.0461160600  -0.0092156475   0.0045598503  -0.0002536566  -0.0069497130
       -0.0000027954  -0.0000256903  -0.0000243626   0.0000764669  -0.0000340710
        0.0000361544  -0.0000236938   0.0000798466   0.0000038354   0.0000058351
        0.0000091851   0.0001470521   0.0000170841  -0.0000291975   0.0000121587
       -0.0000620120   0.0000328947   0.0001975923  -0.0000407192  -0.0005353543
        0.0004465328  -0.0001984692   0.0002227148   0.0000809913  -0.0004395036
        0.0004780775  -0.0002467886   0.0038087863  -0.0028704263   0.0005501048
       -0.0113209234   0.0519665789   0.0111820116  -0.0213856684  -0.0010177444
        0.0210446916  -0.0000454457   0.0001355371   0.0005679499  -0.0003630922
        0.0003475128  -0.0018218789
       -0.0002405170  -0.0000708565  -0.0001445166  -0.0003362359   0.0009417319
        0.0004102279  -0.0000055026  -0.0014698709  -0.0007160023  -0.0000683931
        0.0000528088   0.0005000258   0.0005357180   0.0005598794   0.0010635214
        0.0000587986  -0.0002430557  -0.0001202595  -0.0003929442   0.0000935586
        0.0002959188  -0.0023462014  -0.0001509313   0.0040590066   0.1141655759
       -0.0093997415  -0.1629697504   0.0165842288  -0.0031403992  -0.0268765093
        0.0000762664   0.0000529829  -0.0000371374  -0.0000025781  -0.0000157393
       -0.0000436485   0.0000239809  -0.0000200646   0.0000893497   0.0000851858
        0.0003731027   0.0002940046  -0.0000111666   0.0000042847  -0.0000300074
       -0.0001332541   0.0001835267   0.0000232519  -0.0000355610  -0.0001502979
        0.0002496085  -0.0001217300   0.0000711807   0.0000045924  -0.0002871034
        0.0001130823   0.0006605865  -0.0008265233   0.0009704741   0.0006169571
       -0.1305718656   0.0111820116   0.1923387295   0.0059476127   0.0016128069
       -0.0042046368   0.0004524762   0.0002254952   0.0003677043  -0.0025502671
       -0.0017759697  -0.0058310167
       -0.0000317083  -0.0000217765   0.0000416661   0.0000126109   0.0000612139
        0.0000366194   0.0004563132  -0.0000662614  -0.0002459382  -0.0000495075
        0.0001015529  -0.0001230348  -0.0011215353  -0.0008206419  -0.0031494511
       -0.0000397308   0.0000706816   0.0000576624  -0.0020245609   0.0030095996
       -0.0008833678   0.0073019494   0.0186910206  -0.0027401042  -0.0899148734
       -0.0919352515   0.0133713728  -0.0077995032  -0.0138877845  -0.0011792125
        0.0000066273   0.0000141205   0.0000014207  -0.0000377464   0.0000101909
       -0.0000193657   0.0000370855  -0.0000253527  -0.0000038332  -0.0004417853
       -0.0008905330  -0.0001151366   0.0000189630   0.0000700321   0.0000100676
       -0.0000360235   0.0000177095  -0.0000400630  -0.0000669837   0.0000916187
       -0.0001406193   0.0003663700   0.0010112477  -0.0002109654   0.0005572325
        0.0000488836   0.0002591678   0.0006576166   0.0002060430  -0.0001224438
       -0.0129624061  -0.0213856684   0.0059476127   0.1047502366   0.1054999711
       -0.0112821521  -0.0002018238  -0.0002116677   0.0001596336   0.0005631832
        0.0003410520   0.0003704647
        0.0000508773  -0.0000530653  -0.0000861302  -0.0002983281   0.0004484685
       -0.0000015467   0.0005511030  -0.0006369135   0.0000213351  -0.0001393399
        0.0001958371  -0.0001630177  -0.0012355835   0.0003347803  -0.0022588066
        0.0001248574   0.0003798806   0.0001221761   0.0042682122  -0.0033889598
        0.0014634935  -0.0070762036  -0.0243567921   0.0043367386  -0.0920667886
       -0.2223117210   0.0208152080  -0.0064693361  -0.0094472362  -0.0015860942
        0.0000110108   0.0000081332   0.0000108416  -0.0000302958   0.0000184606
       -0.0000109501   0.0000138419  -0.0000257472   0.0000170119  -0.0002586166
       -0.0005692604   0.0000507281   0.0000762963   0.0002397399   0.0000190153
       -0.0000147232  -0.0000010807   0.0000265255   0.0002888199   0.0002523900
       -0.0002053341  -0.0004822310  -0.0014224326   0.0000653581  -0.0002668659
        0.0005228374   0.0001905776  -0.0003519750   0.0003241848  -0.0003563383
       -0.0024405841  -0.0010177444   0.0016128069   0.1054999711   0.2599527442
       -0.0243394606  -0.0000282030   0.0005625646   0.0001861400   0.0002740847
       -0.0000090681   0.0000697219
       -0.0000544055  -0.0000397621  -0.0000243589  -0.0000509442   0.0002442131
       -0.0000216571   0.0003195904  -0.0001625155  -0.0008292639   0.0000565832
       -0.0001279440   0.0004038167  -0.0030218631  -0.0017508078  -0.0039031130
        0.0000171975   0.0001189516  -0.0000703572  -0.0013798886   0.0015119920
        0.0001890900   0.0025008816   0.0074267733  -0.0005496132   0.0134936065
        0.0210857413  -0.0461335779  -0.0136618604  -0.0234976005  -0.0005856851
        0.0000021693   0.0000011279  -0.0000008572   0.0000092763  -0.0000042462
        0.0000067195  -0.0000276381   0.0000121610   0.0000340601  -0.0006834507
       -0.0011632706  -0.0000767334   0.0000127198   0.0000232761   0.0000006817
       -0.0000322070   0.0000067354  -0.0000173580  -0.0001950960  -0.0002144020
        0.0001169404   0.0000386627   0.0005742457   0.0000354656   0.0001880373
        0.0003876484  -0.0000908391   0.0000892683  -0.0005509679   0.0002161777
        0.0136085150   0.0210446916  -0.0042046368  -0.0112821521  -0.0243394606
        0.0542641702   0.0001539307  -0.0001700524   0.0005954320  -0.0001009330
       -0.0004165277   0.0006454969
       -0.0003344172  -0.0000684240   0.0002859066  -0.0015396512  -0.0012085002
        0.0007867203   0.0009304511   0.0001549774  -0.0001903685  -0.0000590274
        0.0002000502  -0.0002024177   0.0075045306  -0.0082014422   0.0027296444
       -0.0004413725  -0.0018837429   0.0005633188  -0.0000015099  -0.0001338224
        0.0000765583  -0.0011888393  -0.0010478428  -0.0034394341  -0.0114847665
        0.0092433035  -0.0064999740  -0.1536155373   0.1127237367  -0.0355605020
        0.0000444345   0.0000075805  -0.0000556597  -0.0000587450   0.0000407895
        0.0000027214   0.0000480246   0.0000141131  -0.0000592528   0.0003656787
        0.0001131577   0.0001693892   0.0003604207  -0.0005444750   0.0000708131
        0.0000555822  -0.0001902322  -0.0001172730  -0.0000347131  -0.0000219527
        0.0000055615   0.0000728871  -0.0000952712   0.0000739295  -0.0005588512
        0.0006524263  -0.0004742929   0.0004121532  -0.0002296442  -0.0000774551
        0.0006089665  -0.0000454457   0.0004524762  -0.0002018238  -0.0000282030
        0.0001539307   0.1785079561  -0.1270530411   0.0433102697  -0.0193918311
        0.0176019046  -0.0020046095
       -0.0002256844   0.0000681574  -0.0000879312  -0.0012043361   0.0016071736
       -0.0003095509   0.0020542587  -0.0016904743   0.0012346294  -0.0000011448
        0.0006388341  -0.0008069651   0.0164777582  -0.0255032199   0.0072823369
       -0.0031791536  -0.0054268534   0.0005179134  -0.0001602624   0.0002034284
       -0.0001834279  -0.0004586663   0.0006849825  -0.0008214969  -0.0031526764
        0.0040944588  -0.0010442305   0.1117409541  -0.1521580971   0.0371143290
        0.0001648325   0.0000282239  -0.0000659701   0.0000435473   0.0000292050
       -0.0000350329   0.0001349915  -0.0000347679  -0.0001435991   0.0003274436
        0.0002267652  -0.0002025688   0.0010215046  -0.0013169418   0.0005019718
       -0.0003003390   0.0001870292   0.0000487086   0.0000245754  -0.0000384046
       -0.0000291886  -0.0000934293   0.0001382425  -0.0000929384  -0.0002561418
        0.0001125982  -0.0001519715  -0.0001328327  -0.0000289154   0.0000073655
       -0.0002043229   0.0001355371   0.0002254952  -0.0002116677   0.0005625646
       -0.0001700524  -0.1270530411   0.1795307715  -0.0425257549   0.0046438325
       -0.0020502976  -0.0002620707
        0.0003327385   0.0000653022  -0.0000039107   0.0008210478  -0.0008128434
       -0.0003649164  -0.0011100112   0.0018584926  -0.0002703116   0.0001576071
       -0.0003452579   0.0003196543  -0.0014284531   0.0033598531  -0.0005351210
        0.0003769848   0.0005682758   0.0005815485   0.0001248411  -0.0002029940
        0.0000803800  -0.0027095324  -0.0015477925  -0.0047270378  -0.0208182332
        0.0169241031  -0.0096233412  -0.0352607461   0.0369645022  -0.0555054742
       -0.0001040175  -0.0000812970   0.0000234070   0.0000287101  -0.0000027546
        0.0000573287  -0.0000383909   0.0000431789  -0.0000300878   0.0002075197
       -0.0005004015   0.0002048413  -0.0001946378   0.0000671570   0.0000342332
       -0.0000735134   0.0000892168  -0.0000119011  -0.0000681805  -0.0000221948
       -0.0000088704   0.0000678098  -0.0000856341   0.0000519310  -0.0011171158
        0.0010177150  -0.0004902234   0.0000651891  -0.0001436051  -0.0000821248
       -0.0000650581   0.0005679499   0.0003677043   0.0001596336   0.0001861400
        0.0005954320   0.0433102697  -0.0425257549   0.0653850150   0.0173355386
       -0.0154413568   0.0039518452
        0.0001849167  -0.0000126935   0.0000594890  -0.0003098996  -0.0001395656
        0.0000011583  -0.0007829018  -0.0027378706  -0.0003739798  -0.0007191456
       -0.0005033272   0.0014239464  -0.0130486154  -0.0037139866   0.0107747231
        0.0004990077   0.0006998287  -0.0002140253  -0.0000620225  -0.0000122888
        0.0001641754   0.0009801248  -0.0003835738  -0.0008885152   0.0076992512
       -0.0002943973  -0.0080609246  -0.1513259550   0.0090965001   0.1137950638
       -0.0000091123  -0.0000411264   0.0000211274   0.0000402682   0.0000050238
       -0.0000081345  -0.0000022448  -0.0000083313  -0.0000259322  -0.0001196663
        0.0001456016   0.0001000369  -0.0000759714   0.0002228284  -0.0001303271
        0.0004051442  -0.0001136196  -0.0000711520  -0.0000996623   0.0000033308
       -0.0000870237  -0.0000271351  -0.0000034180  -0.0000335648  -0.0000401158
       -0.0000082496  -0.0000131196  -0.0000521898  -0.0000308107  -0.0000600733
       -0.0001397993  -0.0003630922  -0.0025502671   0.0005631832   0.0002740847
       -0.0001009330  -0.0193918311   0.0046438325   0.0173355386   0.1758343720
       -0.0067246794  -0.1310572870
        0.0000089365   0.0001040025   0.0000434050   0.0000598323   0.0006428883
        0.0000809587  -0.0010458526  -0.0050929302  -0.0010076168  -0.0011124984
       -0.0001409871   0.0023559946  -0.0219008147  -0.0039990669   0.0187139949
       -0.0008437945   0.0007419211   0.0004109713   0.0000896242  -0.0001287531
        0.0001001717  -0.0002228645   0.0003176934   0.0007303335   0.0044143516
       -0.0001053960  -0.0069982498   0.0093847007  -0.0432725879  -0.0068641374
        0.0000867011   0.0000109485  -0.0000181149  -0.0000212768   0.0000180802
       -0.0000171586  -0.0000061245  -0.0000221223   0.0000082194   0.0000817376
        0.0007736574   0.0002993502   0.0000573895   0.0001981286  -0.0001699593
        0.0002977259  -0.0005814635  -0.0001109501  -0.0000264458  -0.0001214507
       -0.0001497044  -0.0000316911  -0.0000333642  -0.0000056586   0.0000857858
       -0.0001399269   0.0000056072   0.0001549693   0.0002208298   0.0001575897
       -0.0007286689   0.0003475128  -0.0017759697   0.0003410520  -0.0000090681
       -0.0004165277   0.0176019046  -0.0020502976  -0.0154413568  -0.0067246794
        0.0523217517   0.0100688080
       -0.0001846298  -0.0000401270   0.0000404502   0.0001316507  -0.0000784956
       -0.0000298690   0.0004167551   0.0008580639   0.0005781970   0.0000354345
        0.0001246825  -0.0002390719   0.0050449726   0.0018708488  -0.0030310203
        0.0001521168  -0.0003525006   0.0000178482  -0.0000406849   0.0002421619
       -0.0002703905   0.0012358122  -0.0003126619   0.0005676656   0.0167395059
       -0.0034068547  -0.0269058061   0.1138567784  -0.0069584967  -0.1626191949
       -0.0000329132   0.0000233510   0.0000236322  -0.0000158220  -0.0000123546
        0.0000088228  -0.0000456597  -0.0000024824   0.0000385849  -0.0005132933
       -0.0003053168   0.0007602291  -0.0001388934  -0.0001608641   0.0000852483
       -0.0002166525   0.0004312587   0.0002917132  -0.0001053577  -0.0001867955
        0.0001673867  -0.0000219291  -0.0000268555  -0.0000066513   0.0001282316
       -0.0001068125   0.0004996395  -0.0009977998   0.0003456708   0.0001017586
       -0.0027361904  -0.0018218789  -0.0058310167   0.0003704647   0.0000697219
        0.0006454969  -0.0020046095  -0.0002620707   0.0039518452  -0.1310572870
        0.0100688080   0.1911545021
