$hessian                                                                        
        0.4776367797  -0.0000877774   0.0352791641  -0.1409902511  -0.0049839387
        0.0672315123  -0.0285611595   0.0087389995   0.0090891078   0.0004224712
        0.0025342966   0.0010416604  -0.0001902292   0.0000046938   0.0002167125
       -0.0852163026  -0.0904834696   0.0003230143  -0.1490550575   0.1062440502
       -0.0543707525  -0.0642214948  -0.0177812590  -0.0667831647   0.0038700909
        0.0000280429  -0.0006699498  -0.0144878453  -0.0031238502   0.0107061450
        0.0008081272  -0.0009249403  -0.0002347768  -0.0000945109  -0.0001987155
       -0.0019536320   0.0000401015   0.0000075718   0.0000477057   0.0000155599
       -0.0000126703   0.0001620295   0.0000237205   0.0000389661  -0.0000847756
       -0.0000877774   0.5230554679  -0.0008628609  -0.0009643470  -0.0655599448
       -0.0027510095   0.0181048128  -0.0017823311  -0.0101724203   0.0009481678
       -0.0022131664  -0.0001178174   0.0000352814  -0.0000456583  -0.0004109596
       -0.0910012193  -0.2414581937   0.0043713020   0.1065941477  -0.1514704392
        0.0523190588  -0.0179095988  -0.0608231991  -0.0548967037   0.0057327603
        0.0009526608  -0.0060155609  -0.0224761997  -0.0020288272   0.0167881815
        0.0008367541   0.0006118855  -0.0001382645   0.0000343067   0.0002317998
        0.0018598325   0.0000356920   0.0001122650   0.0000345497   0.0001749519
        0.0001771766   0.0000840638  -0.0000577326   0.0002405041  -0.0000913915
        0.0352791641  -0.0008628609   0.4958815559   0.0618343547   0.0007118238
       -0.1134604246  -0.0021053644  -0.0020489695   0.0062375746  -0.0013711688
        0.0009473743  -0.0006740771  -0.0001365773   0.0000624380   0.0000176243
        0.0005473640   0.0040964524  -0.0446254909  -0.0546208919   0.0522523688
       -0.0696207155  -0.0667473836  -0.0549169085  -0.2474314719   0.0240138071
       -0.0015120446  -0.0244213247   0.0039825551   0.0013992131  -0.0016192313
       -0.0005504110   0.0001099882   0.0003955836  -0.0001049825  -0.0000569622
       -0.0007269383  -0.0000377407  -0.0000975365  -0.0000433790   0.0000514982
       -0.0000349218   0.0000861805  -0.0000342230  -0.0000494545   0.0000045344
       -0.1409902511  -0.0009643470   0.0618343547   0.4610514411   0.0294001956
        0.0247126464  -0.1240478323   0.0650574069  -0.0323452742  -0.0273296142
        0.0192511778  -0.0118957662   0.0009054699   0.0002181200   0.0012728776
       -0.0143744944  -0.0038287209   0.0103615235  -0.0210031943   0.0023804419
        0.0136450167   0.0047783942   0.0006274806  -0.0007464679  -0.0597031766
       -0.0192490220  -0.0644680066  -0.0796966064  -0.0872035371   0.0002245100
        0.0046707150  -0.0047494567   0.0019496478  -0.0023016544  -0.0011820556
       -0.0040156717  -0.0001121049   0.0002742940   0.0000986904  -0.0016746415
        0.0000048596  -0.0004673447  -0.0001724500  -0.0000368371  -0.0001607359
       -0.0049839387  -0.0655599448   0.0007118238   0.0294001956   0.5286676449
        0.0043403492   0.0648755486  -0.1432864143   0.0330392516   0.0057633134
        0.0045448446   0.0014741192   0.0003961544  -0.0002206919  -0.0004721339
       -0.0227995031  -0.0020804857   0.0172130974   0.0173025954  -0.0009273692
       -0.0118910757   0.0062711740   0.0002169473  -0.0057355055  -0.0213332025
       -0.0589469061  -0.0521972103  -0.0866114682  -0.2384304465   0.0041561794
        0.0162669422  -0.0252273598   0.0095439919  -0.0022850155   0.0015253243
        0.0006257780  -0.0002246101  -0.0001300015  -0.0000175307  -0.0019424420
       -0.0001751459  -0.0007209750  -0.0000957434   0.0000300047  -0.0000701592
        0.0672315123  -0.0027510095  -0.1134604246   0.0247126464   0.0043403492
        0.4781177004  -0.0339736230   0.0340037343  -0.0747438192  -0.0096467041
        0.0057336526  -0.0037791096   0.0011363068  -0.0004235517  -0.0028665840
        0.0035551118   0.0023263934  -0.0017367222  -0.0041850809  -0.0002031110
        0.0044181284   0.0231729370  -0.0014208682  -0.0225222852  -0.0669709880
       -0.0494243167  -0.2294158715   0.0005530039   0.0039659205  -0.0452469018
       -0.0008599842   0.0023154524   0.0003587594  -0.0046059365   0.0012569651
        0.0113256494  -0.0002978116  -0.0001297822  -0.0000424981  -0.0000895090
       -0.0000417891  -0.0003038741   0.0002681191   0.0004519610  -0.0001021473
       -0.0285611595   0.0181048128  -0.0021053644  -0.1240478323   0.0648755486
       -0.0339736230   0.7769068750   0.0731718712   0.1925383344  -0.5001174871
       -0.0677864728  -0.1391161701  -0.0197792604  -0.0130009185  -0.0045822755
        0.0003081048   0.0005504311  -0.0005606767  -0.0048730369   0.0011331765
        0.0030585848   0.0011149826  -0.0000475909  -0.0009350018  -0.0134433956
        0.0093490265  -0.0102242523   0.0081409488  -0.0053665404   0.0034052317
       -0.0724441134  -0.0832323796   0.0000548274  -0.0249549400   0.0013602538
       -0.0079638434   0.0005330832  -0.0001834899   0.0011712576   0.0005817059
        0.0016574674  -0.0000583642   0.0006355249  -0.0005851958  -0.0007086646
        0.0087389995  -0.0017823311  -0.0020489695   0.0650574069  -0.1432864143
        0.0340037343   0.0731718712   0.5292480215  -0.0341992936  -0.0736536803
       -0.0904567279  -0.0152492704  -0.0276950991  -0.0069994486  -0.0073709111
       -0.0016328840   0.0008559457   0.0002240103  -0.0002194159   0.0004433082
        0.0000784668  -0.0001183339   0.0000821578   0.0001892877  -0.0002973447
        0.0037863789   0.0006216103   0.0171935890  -0.0264338492   0.0093435619
       -0.0803711249  -0.2598353583   0.0076373222   0.0242806781  -0.0000745524
        0.0075013805  -0.0023410358  -0.0036122642  -0.0004358232   0.0000488950
        0.0011212640  -0.0001352661  -0.0021625211  -0.0030561301  -0.0001598403
        0.0090891078  -0.0101724203   0.0062375746  -0.0323452742   0.0330392516
       -0.0747438192   0.1925383344  -0.0341992936   0.1922448690  -0.1382182820
       -0.0129895453  -0.0715904829  -0.0023317338  -0.0032329514  -0.0000412689
       -0.0003175449  -0.0005577947   0.0004001012   0.0037447339  -0.0006358192
       -0.0016499720   0.0007233084  -0.0005526141   0.0006100561  -0.0222299323
        0.0192636972  -0.0116786023  -0.0001924760   0.0021101230   0.0003615525
       -0.0008367950   0.0065887050  -0.0347713292  -0.0108871499   0.0002646689
       -0.0046666097  -0.0003954070  -0.0008087755  -0.0000769542   0.0001004481
        0.0004319822  -0.0001565086   0.0015586625   0.0014507862  -0.0004786067
        0.0004224712   0.0009481678  -0.0013711688  -0.0273296142   0.0057633134
       -0.0096467041  -0.5001174871  -0.0736536803  -0.1382182820   0.7803089145
        0.0553285771   0.1990670870  -0.1014911673  -0.0641204694  -0.0043505976
        0.0000007092  -0.0000074709  -0.0001252176  -0.0001497612  -0.0000263309
        0.0005490314  -0.0000103692   0.0001187506   0.0000795093  -0.0000763219
        0.0008729544   0.0004395247   0.0007688519  -0.0016194461   0.0006707441
       -0.0176685333  -0.0068468768  -0.0045063532  -0.1146287207   0.1073866141
       -0.0400028897  -0.0106449302  -0.0140530127  -0.0049947059   0.0100763206
        0.0144998204   0.0010952435  -0.0194603623  -0.0245909106   0.0013147791
        0.0025342966  -0.0022131664   0.0009473743   0.0192511778   0.0045448446
        0.0057336526  -0.0677864728  -0.0904567279  -0.0129895453   0.0553285771
        0.5265197057  -0.0392456717  -0.0639081192  -0.1898120082  -0.0022914880
       -0.0001361710  -0.0002740777   0.0000561669   0.0010297148  -0.0000885199
       -0.0005864382  -0.0001130889   0.0001024794   0.0000128396   0.0027474589
       -0.0021842704   0.0016402524  -0.0000100709   0.0002964022   0.0000767005
       -0.0298639034  -0.0103489041  -0.0082003276   0.1048554426  -0.1978362454
        0.0559411484  -0.0083639358  -0.0080779503  -0.0042937067  -0.0081849156
       -0.0273302856   0.0013510494  -0.0073799903  -0.0028412761   0.0018479933
        0.0010416604  -0.0001178174  -0.0006740771  -0.0118957662   0.0014741192
       -0.0037791096  -0.1391161701  -0.0152492704  -0.0715904829   0.1990670870
       -0.0392456717   0.1929658989  -0.0039523586  -0.0015879189  -0.0607270916
        0.0000536610   0.0000481088  -0.0000765372   0.0000752310  -0.0001348164
        0.0002332687  -0.0000293131   0.0000415562   0.0000628354  -0.0014926020
        0.0014229093  -0.0010208428   0.0003423456  -0.0005625180   0.0000898787
       -0.0009231887  -0.0008547352  -0.0014481632  -0.0398305291   0.0565962203
       -0.0547682513  -0.0159845123  -0.0250147692  -0.0016435470   0.0034428974
        0.0072867967   0.0004777469   0.0092015577   0.0158978066   0.0018984739
       -0.0001902292   0.0000352814  -0.0001365773   0.0009054699   0.0003961544
        0.0011363068  -0.0197792604  -0.0276950991  -0.0023317338  -0.1014911673
       -0.0639081192  -0.0039523586   0.4983572176  -0.0301699154   0.0087862594
        0.0000860306   0.0001302370   0.0000470699  -0.0000965665   0.0000123087
        0.0000248190  -0.0000063145  -0.0000391591  -0.0000501599  -0.0001710049
       -0.0002996350   0.0001614367  -0.0020720861  -0.0007801170  -0.0004408683
       -0.0025649057  -0.0014044346  -0.0046940345   0.0060519582   0.0118562142
       -0.0005096986  -0.0702773321  -0.0087185157  -0.0776529167  -0.1280907566
        0.1116816764  -0.0349633875  -0.1806610530   0.0089031229   0.1145758432
        0.0000046938  -0.0000456583   0.0000624380   0.0002181200  -0.0002206919
       -0.0004235517  -0.0130009185  -0.0069994486  -0.0032329514  -0.0641204694
       -0.1898120082  -0.0015879189  -0.0301699154   0.4959070921  -0.0095047073
        0.0000886014   0.0000167080   0.0000068281   0.0000138138   0.0000111555
        0.0000355911  -0.0000740926   0.0000353595  -0.0000350873   0.0000358435
        0.0001408638   0.0000352135   0.0012308190   0.0004511362   0.0003418536
       -0.0005391966   0.0018020379   0.0013694232  -0.0097440576  -0.0264446032
        0.0009627031  -0.0073111665  -0.0460972747  -0.0274845316   0.1107483435
       -0.1873241908   0.0454604070   0.0126195818  -0.0414204773  -0.0060057094
        0.0002167125  -0.0004109596   0.0000176243   0.0012728776  -0.0004721339
       -0.0028665840  -0.0045822755  -0.0073709111  -0.0000412689  -0.0043505976
       -0.0022914880  -0.0607270916   0.0087862594  -0.0095047073   0.4894869736
       -0.0000170269   0.0000650193   0.0000845002   0.0000776768   0.0000710979
       -0.0000350253  -0.0000530516  -0.0000333429   0.0000940841  -0.0002611265
        0.0000939768  -0.0000717903  -0.0006953511  -0.0003893429  -0.0004690533
       -0.0047774256   0.0011449396   0.0110692780   0.0027065805   0.0073747655
        0.0011348354  -0.0796438026  -0.0305651256  -0.2429404260  -0.0348948329
        0.0459342820  -0.0593634426   0.1162153835  -0.0036460697  -0.1353726136
       -0.0852163026  -0.0910012193   0.0005473640  -0.0143744944  -0.0227995031
        0.0035551118   0.0003081048  -0.0016328840  -0.0003175449   0.0000007092
       -0.0001361710   0.0000536610   0.0000860306   0.0000886014  -0.0000170269
        0.0993118086   0.1064890756  -0.0041168740   0.0082268102   0.0197970164
       -0.0008522839  -0.0047199937  -0.0118134525  -0.0021992895   0.0007971070
        0.0000478803  -0.0006340225  -0.0042510797  -0.0002803841   0.0038340236
       -0.0003201832   0.0008089122   0.0000876915   0.0000363254   0.0000825203
        0.0000625936   0.0000290613   0.0000746921   0.0000020755   0.0000541901
        0.0001755171   0.0000127668   0.0000319065   0.0000993985  -0.0000182461
       -0.0904834696  -0.2414581937   0.0040964524  -0.0038287209  -0.0020804857
        0.0023263934   0.0005504311   0.0008559457  -0.0005577947  -0.0000074709
       -0.0002740777   0.0000481088   0.0001302370   0.0000167080   0.0000650193
        0.1064890756   0.2780291929  -0.0054505447  -0.0077355408  -0.0260137995
        0.0012156261  -0.0052569674  -0.0110471222  -0.0023876813   0.0003554730
        0.0003442628   0.0000808253  -0.0002800631   0.0010231049   0.0007259051
       -0.0000190718   0.0003779224  -0.0001505076   0.0000261902   0.0000865164
        0.0000060483   0.0000257596   0.0000259912  -0.0000067297   0.0000446551
        0.0000669997  -0.0000235055  -0.0000105172   0.0000470346   0.0000123849
        0.0003230143   0.0043713020  -0.0446254909   0.0103615235   0.0172130974
       -0.0017367222  -0.0005606767   0.0002240103   0.0004001012  -0.0001252176
        0.0000561669  -0.0000765372   0.0000470699   0.0000068281   0.0000845002
       -0.0041168740  -0.0054505447   0.0495653221   0.0035901493   0.0117758153
        0.0000869024  -0.0135028406  -0.0291253801  -0.0020773230   0.0000709349
        0.0007825905   0.0004469513   0.0038741589   0.0004658044  -0.0020380763
        0.0000746234  -0.0001882647   0.0000952548  -0.0000294042  -0.0000170285
       -0.0000855605   0.0000163754  -0.0000306921   0.0000136379  -0.0000135646
       -0.0000660682  -0.0000682706  -0.0000092719  -0.0000176366   0.0000153109
       -0.1490550575   0.1065941477  -0.0546208919  -0.0210031943   0.0173025954
       -0.0041850809  -0.0048730369  -0.0002194159   0.0037447339  -0.0001497612
        0.0010297148   0.0000752310  -0.0000965665   0.0000138138   0.0000776768
        0.0082268102  -0.0077355408   0.0035901493   0.1742602698  -0.1247347172
        0.0600751765  -0.0083630146   0.0081628080  -0.0071739886   0.0008670117
       -0.0000760245  -0.0004362288   0.0002097377   0.0001531659  -0.0004876397
        0.0000304361  -0.0002599141  -0.0000026927  -0.0000229897  -0.0001360613
       -0.0006923576   0.0000308510  -0.0000527877  -0.0000098985  -0.0000706766
        0.0000160871   0.0000152693   0.0000091806  -0.0000578712   0.0000305418
        0.1062440502  -0.1514704392   0.0522523688   0.0023804419  -0.0009273692
       -0.0002031110   0.0011331765   0.0004433082  -0.0006358192  -0.0000263309
       -0.0000885199  -0.0001348164   0.0000123087   0.0000111555   0.0000710979
        0.0197970164  -0.0260137995   0.0117758153  -0.1247347172   0.1724097926
       -0.0612261963  -0.0041427035   0.0046751638  -0.0018587763  -0.0000393845
       -0.0001144437  -0.0000884211  -0.0004650339   0.0005785228   0.0000280237
       -0.0001739348   0.0003616640  -0.0000374645  -0.0000354688   0.0000300595
        0.0000684648   0.0000110615   0.0000380731   0.0000157418   0.0000281888
        0.0000466211  -0.0000037156   0.0000113296   0.0000202107  -0.0000231919
       -0.0543707525   0.0523190588  -0.0696207155   0.0136450167  -0.0118910757
        0.0044181284   0.0030585848   0.0000784668  -0.0016499720   0.0005490314
       -0.0005864382   0.0002332687   0.0000248190   0.0000355911  -0.0000350253
       -0.0008522839   0.0012156261   0.0000869024   0.0600751765  -0.0612261963
        0.0791322496  -0.0221389431   0.0207256995  -0.0139534731   0.0002601247
       -0.0003542786   0.0006727911  -0.0003059098  -0.0002723844   0.0003292561
       -0.0000249130  -0.0000600651  -0.0000189067   0.0000954249   0.0000252936
        0.0004046927   0.0000322201   0.0000187517   0.0000088734  -0.0000170124
       -0.0000146623  -0.0000267182  -0.0000305833  -0.0000133870   0.0000186484
       -0.0642214948  -0.0179095988  -0.0667473836   0.0047783942   0.0062711740
        0.0231729370   0.0011149826  -0.0001183339   0.0007233084  -0.0000103692
       -0.0001130889  -0.0000293131  -0.0000063145  -0.0000740926  -0.0000530516
       -0.0047199937  -0.0052569674  -0.0135028406  -0.0083630146  -0.0041427035
       -0.0221389431   0.0740460248   0.0206662927   0.0741881686  -0.0034791762
        0.0004512721   0.0043675216   0.0008119609   0.0003800280   0.0000368603
       -0.0000254288  -0.0000604966  -0.0000225087   0.0000876592  -0.0000221793
       -0.0000024137  -0.0000884135  -0.0000163952  -0.0000598790  -0.0000122961
       -0.0000441000   0.0001052711   0.0000874794  -0.0000108106  -0.0000377336
       -0.0177812590  -0.0608231991  -0.0549169085   0.0006274806   0.0002169473
       -0.0014208682  -0.0000475909   0.0000821578  -0.0005526141   0.0001187506
        0.0001024794   0.0000415562  -0.0000391591   0.0000353595  -0.0000333429
       -0.0118134525  -0.0110471222  -0.0291253801   0.0081628080   0.0046751638
        0.0207256995   0.0206662927   0.0658294035   0.0644580567   0.0002643811
        0.0008917781   0.0000060179   0.0000281256   0.0002850831   0.0007597741
       -0.0001340017  -0.0001444711  -0.0000501744  -0.0000180188  -0.0000432897
        0.0000520184   0.0000115067   0.0000138628   0.0000102705  -0.0000287162
       -0.0000163154   0.0000359489  -0.0000171469  -0.0000578378   0.0000099461
       -0.0667831647  -0.0548967037  -0.2474314719  -0.0007464679  -0.0057355055
       -0.0225222852  -0.0009350018   0.0001892877   0.0006100561   0.0000795093
        0.0000128396   0.0000628354  -0.0000501599  -0.0000350873   0.0000940841
       -0.0021992895  -0.0023876813  -0.0020773230  -0.0071739886  -0.0018587763
       -0.0139534731   0.0741881686   0.0644580567   0.2878433956   0.0042993369
       -0.0000114253  -0.0028022233  -0.0006388417   0.0000618986   0.0004355729
       -0.0000489024   0.0000125266  -0.0000612462  -0.0000311112  -0.0000132717
       -0.0001529210   0.0000792942   0.0000420671   0.0001021350   0.0000863660
        0.0001205747  -0.0001471361  -0.0001257473   0.0000412001   0.0000000006
        0.0038700909   0.0057327603   0.0240138071  -0.0597031766  -0.0213332025
       -0.0669709880  -0.0134433956  -0.0002973447  -0.0222299323  -0.0000763219
        0.0027474589  -0.0014926020  -0.0001710049   0.0000358435  -0.0002611265
        0.0007971070   0.0003554730   0.0000709349   0.0008670117  -0.0000393845
        0.0002601247  -0.0034791762   0.0002643811   0.0042993369   0.0762909723
        0.0189765428   0.0738708242  -0.0045216612  -0.0062861206  -0.0134071708
        0.0004400744  -0.0004423237   0.0003615655  -0.0011623313   0.0002502742
        0.0014927060  -0.0000066762   0.0001027098   0.0000709549   0.0002577087
        0.0000088872  -0.0001100056   0.0000407789  -0.0000759546   0.0000315712
        0.0000280429   0.0009526608  -0.0015120446  -0.0192490220  -0.0589469061
       -0.0494243167   0.0093490265   0.0037863789   0.0192636972   0.0008729544
       -0.0021842704   0.0014229093  -0.0002996350   0.0001408638   0.0000939768
        0.0000478803   0.0003442628   0.0007825905  -0.0000760245  -0.0001144437
       -0.0003542786   0.0004512721   0.0008917781  -0.0000114253   0.0189765428
        0.0657408075   0.0588292391  -0.0116695369  -0.0112705398  -0.0278075935
        0.0002653582   0.0004666604   0.0001823657   0.0010883323  -0.0002377549
       -0.0014352073  -0.0001179392   0.0001614966  -0.0000160555   0.0002704444
        0.0001763118  -0.0000047076   0.0000623038   0.0000926941  -0.0000091496
       -0.0006699498  -0.0060155609  -0.0244213247  -0.0644680066  -0.0521972103
       -0.2294158715  -0.0102242523   0.0006216103  -0.0116786023   0.0004395247
        0.0016402524  -0.0010208428   0.0001614367   0.0000352135  -0.0000717903
       -0.0006340225   0.0000808253   0.0004469513  -0.0004362288  -0.0000884211
        0.0006727911   0.0043675216   0.0000060179  -0.0028022233   0.0738708242
        0.0588292391   0.2694745660  -0.0021204867  -0.0028501384  -0.0024597374
        0.0001604003  -0.0001284658   0.0004417870  -0.0005463538   0.0001114802
        0.0008754033   0.0001180524   0.0000209808   0.0000851970  -0.0000121512
       -0.0000404941  -0.0001723099  -0.0000063083  -0.0000253290   0.0000460065
       -0.0144878453  -0.0224761997   0.0039825551  -0.0796966064  -0.0866114682
        0.0005530039   0.0081409488   0.0171935890  -0.0001924760   0.0007688519
       -0.0000100709   0.0003423456  -0.0020720861   0.0012308190  -0.0006953511
       -0.0042510797  -0.0002800631   0.0038741589   0.0002097377  -0.0004650339
       -0.0003059098   0.0008119609   0.0000281256  -0.0006388417  -0.0045216612
       -0.0116695369  -0.0021204867   0.0992254037   0.1014154851  -0.0023982013
       -0.0021041006   0.0033996574  -0.0015742767   0.0001175148  -0.0002705055
        0.0000643427   0.0002302051  -0.0001843945  -0.0000063650  -0.0024045566
       -0.0011626682  -0.0010723905   0.0000333130  -0.0001377351   0.0001878925
       -0.0031238502  -0.0020288272   0.0013992131  -0.0872035371  -0.2384304465
        0.0039659205  -0.0053665404  -0.0264338492   0.0021101230  -0.0016194461
        0.0002964022  -0.0005625180  -0.0007801170   0.0004511362  -0.0003893429
       -0.0002803841   0.0010231049   0.0004658044   0.0001531659   0.0005785228
       -0.0002723844   0.0003800280   0.0002850831   0.0000618986  -0.0062861206
       -0.0112705398  -0.0028501384   0.1014154851   0.2766027752  -0.0054526480
        0.0031661775  -0.0031343333   0.0018128531  -0.0004212752   0.0002991431
       -0.0001437873  -0.0000502315   0.0001320940  -0.0001321731  -0.0000610037
        0.0015177415  -0.0000436806   0.0000776494   0.0001119930   0.0000308599
        0.0107061450   0.0167881815  -0.0016192313   0.0002245100   0.0041561794
       -0.0452469018   0.0034052317   0.0093435619   0.0003615525   0.0006707441
        0.0000767005   0.0000898787  -0.0004408683   0.0003418536  -0.0004690533
        0.0038340236   0.0007259051  -0.0020380763  -0.0004876397   0.0000280237
        0.0003292561   0.0000368603   0.0007597741   0.0004355729  -0.0134071708
       -0.0278075935  -0.0024597374  -0.0023982013  -0.0054526480   0.0495645386
       -0.0012639019   0.0019044637   0.0006018029   0.0000893005  -0.0001497236
        0.0000452426  -0.0000914796  -0.0000588115  -0.0001386918  -0.0011777965
       -0.0005368615   0.0005314098   0.0003002428  -0.0001190055   0.0000124377
        0.0008081272   0.0008367541  -0.0005504110   0.0046707150   0.0162669422
       -0.0008599842  -0.0724441134  -0.0803711249  -0.0008367950  -0.0176685333
       -0.0298639034  -0.0009231887  -0.0025649057  -0.0005391966  -0.0047774256
       -0.0003201832  -0.0000190718   0.0000746234   0.0000304361  -0.0001739348
       -0.0000249130  -0.0000254288  -0.0001340017  -0.0000489024   0.0004400744
        0.0002653582   0.0001604003  -0.0021041006   0.0031661775  -0.0012639019
        0.0901333691   0.0925262413   0.0074039827  -0.0001022941  -0.0010578025
        0.0019199904  -0.0008835591  -0.0013426512  -0.0000180817  -0.0000492536
        0.0003688223  -0.0000731088   0.0000796499   0.0000713915  -0.0001822845
       -0.0009249403   0.0006118855   0.0001099882  -0.0047494567  -0.0252273598
        0.0023154524  -0.0832323796  -0.2598353583   0.0065887050  -0.0068468768
       -0.0103489041  -0.0008547352  -0.0014044346   0.0018020379   0.0011449396
        0.0008089122   0.0003779224  -0.0001882647  -0.0002599141   0.0003616640
       -0.0000600651  -0.0000604966  -0.0001444711   0.0000125266  -0.0004423237
        0.0004666604  -0.0001284658   0.0033996574  -0.0031343333   0.0019044637
        0.0925262413   0.2934670617  -0.0102562768   0.0012573319   0.0015167639
       -0.0006379366   0.0000044443   0.0000993539   0.0001044048   0.0002393221
        0.0005135571   0.0000305122  -0.0003150869  -0.0005264802  -0.0000852482
       -0.0002347768  -0.0001382645   0.0003955836   0.0019496478   0.0095439919
        0.0003587594   0.0000548274   0.0076373222  -0.0347713292  -0.0045063532
       -0.0082003276  -0.0014481632  -0.0046940345   0.0013694232   0.0110692780
        0.0000876915  -0.0001505076   0.0000952548  -0.0000026927  -0.0000374645
       -0.0000189067  -0.0000225087  -0.0000501744  -0.0000612462   0.0003615655
        0.0001823657   0.0004417870  -0.0015742767   0.0018128531   0.0006018029
        0.0074039827  -0.0102562768   0.0279310802   0.0016009544  -0.0013536485
       -0.0049507704   0.0011115823   0.0019358313   0.0003001266   0.0000269303
        0.0001146122   0.0000287699  -0.0015625393  -0.0024097356   0.0000279732
       -0.0000945109   0.0000343067  -0.0001049825  -0.0023016544  -0.0022850155
       -0.0046059365  -0.0249549400   0.0242806781  -0.0108871499  -0.1146287207
        0.1048554426  -0.0398305291   0.0060519582  -0.0097440576   0.0027065805
        0.0000363254   0.0000261902  -0.0000294042  -0.0000229897  -0.0000354688
        0.0000954249   0.0000876592  -0.0000180188  -0.0000311112  -0.0011623313
        0.0010883323  -0.0005463538   0.0001175148  -0.0004212752   0.0000893005
       -0.0001022941   0.0012573319   0.0016009544   0.1366457288  -0.1156220958
        0.0516496307   0.0003888639  -0.0002565814   0.0002259174  -0.0005363737
       -0.0030249708  -0.0002210652   0.0004757645  -0.0001347980  -0.0001112762
       -0.0001987155   0.0002317998  -0.0000569622  -0.0011820556   0.0015253243
        0.0012569651   0.0013602538  -0.0000745524   0.0002646689   0.1073866141
       -0.1978362454   0.0565962203   0.0118562142  -0.0264446032   0.0073747655
        0.0000825203   0.0000865164  -0.0000170285  -0.0001360613   0.0000300595
        0.0000252936  -0.0000221793  -0.0000432897  -0.0000132717   0.0002502742
       -0.0002377549   0.0001114802  -0.0002705055   0.0002991431  -0.0001497236
       -0.0010578025   0.0015167639  -0.0013536485  -0.1156220958   0.2252639871
       -0.0643081661   0.0005259780   0.0005161313   0.0001163456  -0.0033446985
       -0.0051926608   0.0000295808   0.0003722594   0.0003593808   0.0001234806
       -0.0019536320   0.0018598325  -0.0007269383  -0.0040156717   0.0006257780
        0.0113256494  -0.0079638434   0.0075013805  -0.0046666097  -0.0400028897
        0.0559411484  -0.0547682513  -0.0005096986   0.0009627031   0.0011348354
        0.0000625936   0.0000060483  -0.0000855605  -0.0006923576   0.0000684648
        0.0004046927  -0.0000024137   0.0000520184  -0.0001529210   0.0014927060
       -0.0014352073   0.0008754033   0.0000643427  -0.0001437873   0.0000452426
        0.0019199904  -0.0006379366  -0.0049507704   0.0516496307  -0.0643081661
        0.0492767708   0.0002314178  -0.0001656637   0.0005131079  -0.0000979506
       -0.0001259639   0.0015499593  -0.0001822240  -0.0002006491   0.0002253898
        0.0000401015   0.0000356920  -0.0000377407  -0.0001121049  -0.0002246101
       -0.0002978116   0.0005330832  -0.0023410358  -0.0003954070  -0.0106449302
       -0.0083639358  -0.0159845123  -0.0702773321  -0.0073111665  -0.0796438026
        0.0000290613   0.0000257596   0.0000163754   0.0000308510   0.0000110615
        0.0000322201  -0.0000884135   0.0000115067   0.0000792942  -0.0000066762
       -0.0001179392   0.0001180524   0.0002302051  -0.0000502315  -0.0000914796
       -0.0008835591   0.0000044443   0.0011115823   0.0003888639   0.0005259780
        0.0002314178   0.0820762425   0.0144739672   0.0912866717  -0.0085427855
       -0.0000134213  -0.0207885425   0.0072273930   0.0033339309   0.0243636825
        0.0000075718   0.0001122650  -0.0000975365   0.0002742940  -0.0001300015
       -0.0001297822  -0.0001834899  -0.0036122642  -0.0008087755  -0.0140530127
       -0.0080779503  -0.0250147692  -0.0087185157  -0.0460972747  -0.0305651256
        0.0000746921   0.0000259912  -0.0000306921  -0.0000527877   0.0000380731
        0.0000187517  -0.0000163952   0.0000138628   0.0000420671   0.0001027098
        0.0001614966   0.0000209808  -0.0001843945   0.0001320940  -0.0000588115
       -0.0013426512   0.0000993539   0.0019358313  -0.0002565814   0.0005161313
       -0.0001656637   0.0144739672   0.0539139275   0.0344857619   0.0099025016
        0.0018402552   0.0233127249  -0.0000279082   0.0010640399  -0.0029449614
        0.0000477057   0.0000345497  -0.0000433790   0.0000986904  -0.0000175307
       -0.0000424981   0.0011712576  -0.0004358232  -0.0000769542  -0.0049947059
       -0.0042937067  -0.0016435470  -0.0776529167  -0.0274845316  -0.2429404260
        0.0000020755  -0.0000067297   0.0000136379  -0.0000098985   0.0000157418
        0.0000088734  -0.0000598790   0.0000102705   0.0001021350   0.0000709549
       -0.0000160555   0.0000851970  -0.0000063650  -0.0001321731  -0.0001386918
       -0.0000180817   0.0001044048   0.0003001266   0.0002259174   0.0001163456
        0.0005131079   0.0912866717   0.0344857619   0.2813529241  -0.0051700220
        0.0007619487  -0.0106171078  -0.0049914044  -0.0031424725  -0.0268733981
        0.0000155599   0.0001749519   0.0000514982  -0.0016746415  -0.0019424420
       -0.0000895090   0.0005817059   0.0000488950   0.0001004481   0.0100763206
       -0.0081849156   0.0034428974  -0.1280907566   0.1107483435  -0.0348948329
        0.0000541901   0.0000446551  -0.0000135646  -0.0000706766   0.0000281888
       -0.0000170124  -0.0000122961  -0.0000287162   0.0000863660   0.0002577087
        0.0002704444  -0.0000121512  -0.0024045566  -0.0000610037  -0.0011777965
       -0.0000492536   0.0002393221   0.0000269303  -0.0005363737  -0.0033446985
       -0.0000979506  -0.0085427855   0.0099025016  -0.0051700220   0.1494765357
       -0.1287498550   0.0424962369  -0.0190806807   0.0208543287  -0.0047315379
       -0.0000126703   0.0001771766  -0.0000349218   0.0000048596  -0.0001751459
       -0.0000417891   0.0016574674   0.0011212640   0.0004319822   0.0144998204
       -0.0273302856   0.0072867967   0.1116816764  -0.1873241908   0.0459342820
        0.0001755171   0.0000669997  -0.0000660682   0.0000160871   0.0000466211
       -0.0000146623  -0.0000441000  -0.0000163154   0.0001205747   0.0000088872
        0.0001763118  -0.0000404941  -0.0011626682   0.0015177415  -0.0005368615
        0.0003688223   0.0005135571   0.0001146122  -0.0030249708  -0.0051926608
       -0.0001259639  -0.0000134213   0.0018402552   0.0007619487  -0.1287498550
        0.2174160815  -0.0539680847   0.0045945483  -0.0028374100   0.0001786490
        0.0001620295   0.0000840638   0.0000861805  -0.0004673447  -0.0007209750
       -0.0003038741  -0.0000583642  -0.0001352661  -0.0001565086   0.0010952435
        0.0013510494   0.0004777469  -0.0349633875   0.0454604070  -0.0593634426
        0.0000127668  -0.0000235055  -0.0000682706   0.0000152693  -0.0000037156
       -0.0000267182   0.0001052711   0.0000359489  -0.0001471361  -0.0001100056
       -0.0000047076  -0.0001723099  -0.0010723905  -0.0000436806   0.0005314098
       -0.0000731088   0.0000305122   0.0000287699  -0.0002210652   0.0000295808
        0.0015499593  -0.0207885425   0.0233127249  -0.0106171078   0.0424962369
       -0.0539680847   0.0637094801   0.0138673919  -0.0154043520   0.0044718212
        0.0000237205  -0.0000577326  -0.0000342230  -0.0001724500  -0.0000957434
        0.0002681191   0.0006355249  -0.0021625211   0.0015586625  -0.0194603623
       -0.0073799903   0.0092015577  -0.1806610530   0.0126195818   0.1162153835
        0.0000319065  -0.0000105172  -0.0000092719   0.0000091806   0.0000113296
       -0.0000305833   0.0000874794  -0.0000171469  -0.0001257473   0.0000407789
        0.0000623038  -0.0000063083   0.0000333130   0.0000776494   0.0003002428
        0.0000796499  -0.0003150869  -0.0015625393   0.0004757645   0.0003722594
       -0.0001822240   0.0072273930  -0.0000279082  -0.0049914044  -0.0190806807
        0.0045945483   0.0138673919   0.2107298347  -0.0076710258  -0.1344690559
        0.0000389661   0.0002405041  -0.0000494545  -0.0000368371   0.0000300047
        0.0004519610  -0.0005851958  -0.0030561301   0.0014507862  -0.0245909106
       -0.0028412761   0.0158978066   0.0089031229  -0.0414204773  -0.0036460697
        0.0000993985   0.0000470346  -0.0000176366  -0.0000578712   0.0000202107
       -0.0000133870  -0.0000108106  -0.0000578378   0.0000412001  -0.0000759546
        0.0000926941  -0.0000253290  -0.0001377351   0.0001119930  -0.0001190055
        0.0000713915  -0.0005264802  -0.0024097356  -0.0001347980   0.0003593808
       -0.0002006491   0.0033339309   0.0010640399  -0.0031424725   0.0208543287
       -0.0028374100  -0.0154043520  -0.0076710258   0.0487737498   0.0071863375
       -0.0000847756  -0.0000913915   0.0000045344  -0.0001607359  -0.0000701592
       -0.0001021473  -0.0007086646  -0.0001598403  -0.0004786067   0.0013147791
        0.0018479933   0.0018984739   0.1145758432  -0.0060057094  -0.1353726136
       -0.0000182461   0.0000123849   0.0000153109   0.0000305418  -0.0000231919
        0.0000186484  -0.0000377336   0.0000099461   0.0000000006   0.0000315712
       -0.0000091496   0.0000460065   0.0001878925   0.0000308599   0.0000124377
       -0.0001822845  -0.0000852482   0.0000279732  -0.0001112762   0.0001234806
        0.0002253898   0.0243636825  -0.0029449614  -0.0268733981  -0.0047315379
        0.0001786490   0.0044718212  -0.1344690559   0.0071863375   0.1561061691
