           1           2  0.982041081206433     
           2           3   1.00368097880919     
           2           4  0.966250129560694     
           4           5   1.87621954781062     
           4           6   1.00388827103244     
           1           7  0.986405167584493     
           1           8  0.986446074362531     
           1           9  0.982515951416783     
           2          10  0.966700742922992     
           3          11  0.984135743796152     
           3          12  0.985379125268843     
           3          13  0.987276423897675     
           6          14  0.982582643800592     
           6          15  0.956759967377867     
           6          16  0.967362641711852     
