$hessian                                                                        
        0.4813554605   0.0543372219  -0.0038087833  -0.1186194144   0.0593782309
       -0.0101669303  -0.0381018351   0.0235868433  -0.0045638942  -0.0055827083
       -0.0020672821  -0.0004102816  -0.0013272318   0.0022236002  -0.0003235599
       -0.0019098679  -0.0001677185  -0.0000129645   0.0001463788   0.0002320126
       -0.0000278735   0.0006297210  -0.0001844964   0.0001989817   0.0016517458
        0.0002818301  -0.0005204167  -0.0426059100  -0.0092121342  -0.0078112612
       -0.2227895034  -0.1049955820  -0.0089512149  -0.0503656214  -0.0234694598
        0.0361493904  -0.0001036988  -0.0002334173  -0.0000019487  -0.0004996679
       -0.0001661577  -0.0000161409   0.0001430903   0.0001831919   0.0000083687
       -0.0019146107   0.0002653297  -0.0001754014  -0.0000342843  -0.0000486800
        0.0002132760  -0.0000720423   0.0000566672   0.0002206542
        0.0543372219   0.4658851928   0.0055253283   0.0763207028  -0.1766462503
        0.0154860822   0.0058772397   0.0126575786  -0.0006473641  -0.0000171243
       -0.0005273348   0.0000911794  -0.0009436951  -0.0013331764   0.0000702652
        0.0019308801   0.0011383194  -0.0000699895   0.0000305579   0.0008491024
       -0.0000202381  -0.0027714228   0.0015447174  -0.0004818711  -0.0018441805
       -0.0002951216   0.0005789154  -0.0093732180  -0.1161730772  -0.1019814932
       -0.0989570291  -0.0955811662  -0.0054670673  -0.0235404952  -0.0911524891
        0.0875049845   0.0001458533   0.0001528904   0.0000053417  -0.0000097432
        0.0001028985  -0.0000333892  -0.0000162852  -0.0001734000  -0.0000006571
       -0.0012951262  -0.0004552114  -0.0000935487   0.0000287643   0.0000605213
       -0.0002626806   0.0000970994  -0.0000539940  -0.0002037978
       -0.0038087833   0.0055253283   0.4810620292  -0.0114443320   0.0142228938
       -0.0494984135  -0.0032974533   0.0007413166  -0.0044973625  -0.0005492827
       -0.0000407609   0.0007759599  -0.0001520286   0.0003586063   0.0013116813
       -0.0004061632  -0.0001060878   0.0004120987  -0.0000503370  -0.0000016604
        0.0006372959   0.0003650990  -0.0002243640  -0.0014286500   0.0004726595
        0.0000389040  -0.0004669111  -0.0080977787  -0.1028689268  -0.1825435045
       -0.0093631584  -0.0060074914  -0.0453039180   0.0365553724   0.0883230145
       -0.2002601416  -0.0000174518  -0.0000323055   0.0000468777  -0.0000405688
       -0.0000213857  -0.0000719499   0.0000232624   0.0000292834   0.0000077393
       -0.0000642660   0.0000394927  -0.0002619335  -0.0000565354  -0.0000336116
        0.0000724749  -0.0000682542   0.0000577545   0.0000066276
       -0.1186194144   0.0763207028  -0.0114443320   0.4723232492  -0.0463067940
        0.0377672494  -0.2368573791  -0.0721161654  -0.0118264189  -0.0427306498
        0.0047250655  -0.0042295507  -0.0030103184  -0.0002505228  -0.0007574496
        0.0118041766   0.0000643006  -0.0002303994  -0.0064556657  -0.0000316367
       -0.0011756283  -0.0254395695  -0.0125141232  -0.0017395037  -0.0113575131
       -0.0013895056   0.0037816186  -0.0065014544   0.0158097438   0.0065451462
       -0.0320171023   0.0246611950  -0.0046443566  -0.0017771812   0.0110329117
       -0.0094486717   0.0014771348  -0.0003803215   0.0004069564  -0.0009994076
        0.0000629705  -0.0001308178  -0.0013051471  -0.0004692160  -0.0001567215
        0.0003590803   0.0007814593   0.0001285710   0.0005049997   0.0004310885
       -0.0014530827   0.0006021620  -0.0004311523  -0.0013926088
        0.0593782309  -0.1766462503   0.0142228938  -0.0463067940   0.3440652422
       -0.0235949654  -0.0458469963  -0.1028552241   0.0010012401   0.0298162810
        0.0076036606   0.0021539375   0.0011676609  -0.0052258609   0.0006396293
        0.0019539747   0.0009719188  -0.0001420016  -0.0007047748  -0.0063616881
        0.0007324776  -0.0399525980  -0.0119180773  -0.0023011804  -0.0021636920
       -0.0001873737   0.0006897013   0.0243487718  -0.0328141709  -0.0042743798
       -0.0023614438   0.0090746401  -0.0007536538   0.0203461124  -0.0288630936
        0.0126433409  -0.0004762061   0.0018528151  -0.0003306783   0.0013780013
        0.0000499576   0.0001548005  -0.0019184397  -0.0005417066  -0.0001515720
        0.0011236929   0.0018594722  -0.0001108138   0.0001947527   0.0000714063
       -0.0002461371   0.0000234662  -0.0001356673  -0.0003326387
       -0.0101669303   0.0154860822  -0.0494984135   0.0377672494  -0.0235949654
        0.0657072273  -0.0138975032  -0.0011136809  -0.0337269290  -0.0056809086
        0.0000674716   0.0028994284  -0.0007249217   0.0006091501   0.0043704897
        0.0008191006   0.0000152532  -0.0000427670  -0.0009218881   0.0007533671
        0.0061644661  -0.0000029221  -0.0001348831   0.0033232273  -0.0005461260
       -0.0000836767  -0.0002479035   0.0164456069  -0.0173636359   0.0067448036
       -0.0027231832   0.0016489708   0.0007820657  -0.0205841759   0.0242590485
       -0.0019984702   0.0003781299  -0.0003371991  -0.0027873429  -0.0002055644
        0.0000189992   0.0002305335  -0.0000417182  -0.0000116262   0.0001897976
        0.0000657511  -0.0001370549  -0.0015054513   0.0000242725  -0.0001158614
       -0.0003072109  -0.0000042686   0.0000342408  -0.0002975509
       -0.0381018351   0.0058772397  -0.0032974533  -0.2368573791  -0.0458469963
       -0.0138975032   0.6142689841   0.0070350351   0.0404090325  -0.1673037867
        0.1397575277  -0.0183959418  -0.0466703452   0.0150000738  -0.0048478074
       -0.0080124543   0.0105159694  -0.0000297517  -0.0115153013  -0.0339478225
        0.0013380419  -0.1185212821  -0.1075555387   0.0008443918   0.0087124447
        0.0006658953  -0.0025891567   0.0023257984  -0.0015256585  -0.0014571406
       -0.0041950483   0.0034751411  -0.0005771946   0.0023100363  -0.0013460739
        0.0019490690   0.0069131432  -0.0089302474   0.0010381568  -0.0046893546
       -0.0013058299  -0.0010687676  -0.0049296245  -0.0009991512  -0.0010111346
        0.0063432697   0.0191264141  -0.0006691455  -0.0000517982  -0.0002127551
        0.0010313070  -0.0000254669   0.0002167774   0.0012309981
        0.0235868433   0.0126575786   0.0007413166  -0.0721161654  -0.1028552241
       -0.0011136809   0.0070350351   0.6657336680  -0.0336232119   0.0627430404
       -0.2247873923   0.0161268822   0.0690284812   0.0434258670   0.0037317695
        0.0079015715  -0.0649062576   0.0046799969  -0.0877178370   0.0066997233
       -0.0085960721  -0.0267144219  -0.2901461249   0.0129374624   0.0027896536
        0.0030397736  -0.0012001067   0.0007454279   0.0005582379  -0.0001381373
        0.0032505682  -0.0028787261   0.0005318206   0.0005327028   0.0006007723
        0.0002290525   0.0163001153  -0.0267129892   0.0030867117  -0.0022006528
        0.0014246968   0.0002900224   0.0000538889   0.0019284755   0.0003342354
       -0.0049133575  -0.0247240689   0.0012285801   0.0000030934   0.0004320682
        0.0011010299  -0.0003079869   0.0005099219  -0.0003476715
       -0.0045638942  -0.0006473641  -0.0044973625  -0.0118264189   0.0010012401
       -0.0337269290   0.0404090325  -0.0336232119   0.1275136399  -0.0136899392
        0.0226962358  -0.0520796129  -0.0081205746  -0.0015468992  -0.0022452248
       -0.0006246390   0.0045291213  -0.0059554048   0.0044946764  -0.0033710550
       -0.0011006069  -0.0041381527   0.0060570696  -0.0480134136   0.0004166180
       -0.0001691424  -0.0003163374   0.0015006695  -0.0001459351   0.0005044373
       -0.0006969698   0.0005636501   0.0005286281  -0.0013068158  -0.0001471168
        0.0005536082  -0.0006189131   0.0010852799   0.0018495719  -0.0009228352
        0.0003462693   0.0083627680  -0.0010208900   0.0002820303   0.0077183516
        0.0007901837   0.0031208473   0.0003766292  -0.0000739931   0.0001075381
        0.0002098933  -0.0000071444  -0.0001385575   0.0003173645
       -0.0055827083  -0.0000171243  -0.0005492827  -0.0427306498   0.0298162810
       -0.0056809086  -0.1673037867   0.0627430404  -0.0136899392   0.6869528867
        0.0245165955   0.0465655308  -0.3486049678  -0.0079353105  -0.0243590165
       -0.0133649244  -0.0869516164   0.0040552697  -0.0538208495   0.0198022217
       -0.0060134078   0.0515598313   0.0444096087   0.0016446658  -0.0020323969
        0.0013010117  -0.0008199458  -0.0008508766   0.0002470448   0.0002602699
       -0.0007754681   0.0012831868  -0.0001428673  -0.0008276079   0.0002118865
       -0.0004386454  -0.0784473144  -0.0883781570   0.0017250170  -0.0227027022
       -0.0000187862  -0.0019670529  -0.0003545107   0.0009834094  -0.0001669604
       -0.0003205895  -0.0025026739  -0.0003984613  -0.0004156373   0.0000439681
        0.0007809381  -0.0003777279   0.0004454135  -0.0008052034
       -0.0020672821  -0.0005273348  -0.0000407609   0.0047250655   0.0076036606
        0.0000674716   0.1397575277  -0.2247873923   0.0226962358   0.0245165955
        0.6516169688  -0.0323529567  -0.0777040238  -0.0990170009  -0.0028608351
       -0.0338529269   0.0095103535  -0.0032204352   0.0217607574  -0.0053835271
        0.0021434215  -0.0087966027  -0.0588300727   0.0028532753  -0.0000038684
       -0.0061234980  -0.0003457517   0.0004202382  -0.0002937355  -0.0001257328
       -0.0005747939   0.0001807476  -0.0000681013   0.0004294782  -0.0002328522
        0.0002355865  -0.0891176404  -0.2702427516   0.0078999384   0.0235019769
        0.0020904933   0.0019193337   0.0003220501   0.0007271209   0.0000244859
       -0.0020164309  -0.0053370380   0.0005650290  -0.0016025110  -0.0003829591
        0.0002830143   0.0003023907  -0.0005711824   0.0003267816
       -0.0004102816   0.0000911794   0.0007759599  -0.0042295507   0.0021539375
        0.0028994284  -0.0183959418   0.0161268822  -0.0520796129   0.0465655308
       -0.0323529567   0.1141801349  -0.0210932586   0.0029714557  -0.0402573512
        0.0014609443  -0.0077068962  -0.0010245587  -0.0057123588   0.0018714378
       -0.0034910099   0.0049452507   0.0074502785   0.0000988275  -0.0019010629
        0.0006988046   0.0044873679  -0.0002531085   0.0001308742   0.0000199019
       -0.0000413088   0.0001023193   0.0001095826   0.0000492898  -0.0000559420
       -0.0000276991   0.0018483599   0.0078720936  -0.0332019558  -0.0032730069
       -0.0001717557  -0.0007222366  -0.0000612236   0.0000328929  -0.0000459951
       -0.0004675670   0.0005348633   0.0069470708   0.0005968662   0.0004983222
        0.0012062090   0.0003724276  -0.0002477906   0.0001259363
       -0.0013272318  -0.0009436951  -0.0001520286  -0.0030103184   0.0011676609
       -0.0007249217  -0.0466703452   0.0690284812  -0.0081205746  -0.3486049678
       -0.0777040238  -0.0210932586   0.6868243490   0.0007974184   0.0473081874
       -0.1154337252  -0.0277497806  -0.0035920346   0.0505152546  -0.0073695148
        0.0050542718  -0.0371847790  -0.0316897634  -0.0009588991  -0.0256936740
       -0.0412828469  -0.0000512179   0.0005614479  -0.0001590277  -0.0002452050
       -0.0002723771   0.0000802001  -0.0000255671   0.0004837928  -0.0001617096
        0.0003566398  -0.0125868529  -0.0046002491  -0.0007089817  -0.1413146454
        0.1223796115  -0.0167928788  -0.0018981806   0.0035634543  -0.0008202136
        0.0001293406  -0.0010906165   0.0000343607  -0.0064414014  -0.0012119881
       -0.0001552397   0.0019243139  -0.0030536108   0.0006875615
        0.0022236002  -0.0013331764   0.0003586063  -0.0002505228  -0.0052258609
        0.0006091501   0.0150000738   0.0434258670  -0.0015468992  -0.0079353105
       -0.0990170009   0.0029714557   0.0007974184   0.6420717680  -0.0335269338
       -0.1056216082  -0.2806586865   0.0053091556   0.0431265980  -0.0566835495
        0.0071998733  -0.0311472940  -0.0225649650  -0.0014346348  -0.0153166683
       -0.0133456908   0.0021324409   0.0002595157   0.0001753980   0.0000354588
        0.0000996781  -0.0002536503   0.0000357478   0.0002915858   0.0001177536
       -0.0000105969  -0.0276060806  -0.0069072015  -0.0019172842   0.1220724196
       -0.1985266911   0.0198411748   0.0029680029  -0.0033680441   0.0009553377
       -0.0004605893   0.0002970799  -0.0000304988  -0.0007606681   0.0010665013
       -0.0009398398   0.0022598494   0.0007301491  -0.0000417135
       -0.0003235599   0.0000702652   0.0013116813  -0.0007574496   0.0006396293
        0.0043704897  -0.0048478074   0.0037317695  -0.0022452248  -0.0243590165
       -0.0028608351  -0.0402573512   0.0473081874  -0.0335269338   0.1129961077
        0.0004801242   0.0121919697  -0.0501447777   0.0019405859   0.0029876447
        0.0003079845  -0.0014227486  -0.0017537765  -0.0026839060  -0.0001898199
       -0.0016017240   0.0031353913  -0.0001928446   0.0001463347  -0.0000376676
       -0.0000222998   0.0000163188  -0.0000238566   0.0002505538  -0.0001750427
        0.0000738334   0.0007683278   0.0000678312  -0.0001173461  -0.0168948339
        0.0202738399  -0.0344053459  -0.0009192830   0.0008698666   0.0068350445
        0.0000537695  -0.0001190545  -0.0000532256  -0.0013019541  -0.0006326249
        0.0012910245   0.0004300687  -0.0003254782  -0.0003528553
       -0.0019098679   0.0019308801  -0.0004061632   0.0118041766   0.0019539747
        0.0008191006  -0.0080124543   0.0079015715  -0.0006246390  -0.0133649244
       -0.0338529269   0.0014609443  -0.1154337252  -0.1056216082   0.0004801242
        0.6861641736   0.0022323349   0.0431932773  -0.1762171134   0.1448014346
       -0.0200956555  -0.0463021823   0.0149499516  -0.0042077500  -0.2974868700
       -0.0367852888  -0.0330239685   0.0001150947  -0.0004559391  -0.0003576079
        0.0002897550  -0.0001532519   0.0000608738   0.0000310081  -0.0004035101
        0.0004509706  -0.0053745860  -0.0011460848  -0.0011286016   0.0039809977
        0.0187561452  -0.0012403945   0.0050950351  -0.0086345760   0.0005720559
       -0.0051331749  -0.0011580890  -0.0010487993  -0.0131387055  -0.0103291909
        0.0080078109  -0.0251066366   0.0060141730   0.0070884219
       -0.0001677185   0.0011383194  -0.0001060878   0.0000643006   0.0009719188
        0.0000152532   0.0105159694  -0.0649062576   0.0045291213  -0.0869516164
        0.0095103535  -0.0077068962  -0.0277497806  -0.2806586865   0.0121919697
        0.0022323349   0.6614829721  -0.0334977060   0.0677896117  -0.2283289964
        0.0164031181   0.0683702850   0.0430436279   0.0027592947  -0.0342350761
       -0.0880976488  -0.0014342452  -0.0005498868   0.0001047700   0.0001538308
        0.0001729926   0.0000868973   0.0000079704  -0.0005131623   0.0000831658
       -0.0002646752  -0.0001772345   0.0016201550   0.0004732660  -0.0052166300
       -0.0254667493   0.0011824298   0.0156002482  -0.0269596244   0.0029884256
       -0.0020798194   0.0013248965   0.0001783397  -0.0316765198  -0.0083799226
        0.0026335080   0.0245717023   0.0034308094  -0.0005069169
       -0.0000129645  -0.0000699895   0.0004120987  -0.0002303994  -0.0001420016
       -0.0000427670  -0.0000297517   0.0046799969  -0.0059554048   0.0040552697
       -0.0032204352  -0.0010245587  -0.0035920346   0.0053091556  -0.0501447777
        0.0431932773  -0.0334977060   0.1318987335  -0.0146657560   0.0234641606
       -0.0514165559  -0.0082258553  -0.0019844388  -0.0024789137   0.0039701734
        0.0043109616  -0.0332279194  -0.0000498634  -0.0000621344  -0.0000836180
        0.0000105231  -0.0000158948  -0.0000212958   0.0001363304   0.0000536947
       -0.0000377052  -0.0011076675   0.0003516308   0.0083775339   0.0007446181
        0.0031790433   0.0010494945  -0.0004587627   0.0011170358   0.0009865546
       -0.0009354191   0.0003153529   0.0079167567  -0.0090902262  -0.0027161819
       -0.0031023258  -0.0137114915  -0.0010722501  -0.0031053297
        0.0001463788   0.0000305579  -0.0000503370  -0.0064556657  -0.0007047748
       -0.0009218881  -0.0115153013  -0.0877178370   0.0044946764  -0.0538208495
        0.0217607574  -0.0057123588   0.0505152546   0.0431265980   0.0019405859
       -0.1762171134   0.0677896117  -0.0146657560   0.6728324352   0.0068597242
        0.0458666126  -0.3312938986  -0.0030090239  -0.0244332904  -0.0416480192
        0.0319550477  -0.0049990780  -0.0005704874   0.0002408097   0.0001021982
        0.0001089646   0.0000626985  -0.0000054433  -0.0006244515   0.0002499485
       -0.0002309439  -0.0002859773   0.0009589952  -0.0001049631  -0.0001047860
       -0.0025187876  -0.0002587971  -0.0738879726  -0.0811572432   0.0011383021
       -0.0224833495   0.0000141632  -0.0018025869   0.0015938231   0.0033963715
        0.0001555453  -0.0062889846  -0.0013376170  -0.0005124780
        0.0002320126   0.0008491024  -0.0000016604  -0.0000316367  -0.0063616881
        0.0007533671  -0.0339478225   0.0066997233  -0.0033710550   0.0198022217
       -0.0053835271   0.0018714378  -0.0073695148  -0.0566835495   0.0029876447
        0.1448014346  -0.2283289964   0.0234641606   0.0068597242   0.6514124588
       -0.0330153074  -0.0741937425  -0.0965233054  -0.0025448452   0.0063983005
        0.0024137641  -0.0020207913   0.0000682275  -0.0001688291   0.0001411139
        0.0001326744   0.0001911092  -0.0000075973   0.0001432347  -0.0001325065
       -0.0001099221   0.0002620973   0.0007308442  -0.0000648830  -0.0020145211
       -0.0052095110   0.0005443506  -0.0808502192  -0.2674454191   0.0084619661
        0.0235547450   0.0017390790   0.0018859734  -0.0019241629   0.0010858869
        0.0001027428  -0.0019230528   0.0011153642   0.0009233050
       -0.0000278735  -0.0000202381   0.0006372959  -0.0011756283   0.0007324776
        0.0061644661   0.0013380419  -0.0085960721  -0.0011006069  -0.0060134078
        0.0021434215  -0.0034910099   0.0050542718   0.0071998733   0.0003079845
       -0.0200956555   0.0164031181  -0.0514165559   0.0458666126  -0.0330153074
        0.1118213544  -0.0189638581   0.0037627630  -0.0408398090  -0.0025895632
        0.0023489314   0.0030731398  -0.0004640085  -0.0001180171  -0.0001456828
       -0.0000011080  -0.0000081949   0.0000221384   0.0003639351   0.0001707717
       -0.0001056125  -0.0000243550   0.0000427058  -0.0000760602  -0.0004561513
        0.0005834698   0.0066105158   0.0011453775   0.0079987455  -0.0317302682
       -0.0032424667  -0.0001144881  -0.0003552822   0.0006425530   0.0002934637
       -0.0003833987  -0.0013567157   0.0001925763   0.0010073915
        0.0006297210  -0.0027714228   0.0003650990  -0.0254395695  -0.0399525980
       -0.0000029221  -0.1185212821  -0.0267144219  -0.0041381527   0.0515598313
       -0.0087966027   0.0049452507  -0.0371847790  -0.0311472940  -0.0014227486
       -0.0463021823   0.0683702850  -0.0082258553  -0.3312938986  -0.0741937425
       -0.0189638581   0.6600253497  -0.0039965338   0.0462195633  -0.0019267834
       -0.0003066587  -0.0010249074   0.0003293901   0.0000068484   0.0000443811
        0.0003167710  -0.0002280809   0.0000442152   0.0003508370  -0.0000260617
       -0.0000010424  -0.0021886861   0.0032441227  -0.0009338663   0.0001203548
       -0.0011651654   0.0000222670  -0.0134727896  -0.0050432804  -0.0008304449
       -0.1359921098   0.1232638457  -0.0162941296  -0.0001778317  -0.0004300967
       -0.0006177464  -0.0008323429  -0.0001131423   0.0008148975
       -0.0001844964   0.0015447174  -0.0002243640  -0.0125141232  -0.0119180773
       -0.0001348831  -0.1075555387  -0.2901461249   0.0060570696   0.0444096087
       -0.0588300727   0.0074502785  -0.0316897634  -0.0225649650  -0.0017537765
        0.0149499516   0.0430436279  -0.0019844388  -0.0030090239  -0.0965233054
        0.0037627630  -0.0039965338   0.6611456816  -0.0342248662   0.0005752009
       -0.0059667867   0.0017538200   0.0000735298   0.0001185606  -0.0006691083
        0.0006944152  -0.0007665634   0.0001527726  -0.0000746031   0.0000767212
        0.0006693992   0.0028334467  -0.0035595198   0.0009077255  -0.0004813001
        0.0002260998  -0.0001120989  -0.0286280756  -0.0077605378  -0.0020808258
        0.1231953532  -0.2074090626   0.0207561057  -0.0001035369  -0.0007451686
       -0.0004655889   0.0015054892   0.0000347757   0.0001400163
        0.0001989817  -0.0004818711  -0.0014286500  -0.0017395037  -0.0023011804
        0.0033232273   0.0008443918   0.0129374624  -0.0480134136   0.0016446658
        0.0028532753   0.0000988275  -0.0009588991  -0.0014346348  -0.0026839060
       -0.0042077500   0.0027592947  -0.0024789137  -0.0244332904  -0.0025448452
       -0.0408398090   0.0462195633  -0.0342248662   0.1123165038  -0.0019725970
        0.0002667015   0.0046161132   0.0000979030   0.0004571641   0.0001552707
       -0.0000451207   0.0000449015   0.0003083932  -0.0000496026  -0.0004428235
        0.0001134416  -0.0009112091   0.0009426226   0.0066215975   0.0000181916
       -0.0001119869   0.0000215254   0.0007046776   0.0000664096  -0.0002842100
       -0.0162254003   0.0208367936  -0.0333081078   0.0003162667   0.0004994311
        0.0001347028   0.0004987313  -0.0001218482   0.0013274071
        0.0016517458  -0.0018441805   0.0004726595  -0.0113575131  -0.0021636920
       -0.0005461260   0.0087124447   0.0027896536   0.0004166180  -0.0020323969
       -0.0000038684  -0.0019010629  -0.0256936740  -0.0153166683  -0.0001898199
       -0.2974868700  -0.0342350761   0.0039701734  -0.0416480192   0.0063983005
       -0.0025895632  -0.0019267834   0.0005752009  -0.0019725970   0.5748333781
       -0.0078623807   0.1553093372  -0.0000103721   0.0004100808   0.0001371396
       -0.0001639477  -0.0000142887  -0.0000530412   0.0000805503   0.0004373780
       -0.0002183433  -0.0004248430   0.0000055315  -0.0000218910   0.0020383621
        0.0013666278   0.0009896593   0.0020115897  -0.0010543832   0.0010918800
       -0.0009180755  -0.0001034514  -0.0000956307  -0.0682611487  -0.0829692080
       -0.0495627397  -0.1394044270   0.1335844245  -0.1052366521
        0.0002818301  -0.0002951216   0.0000389040  -0.0013895056  -0.0001873737
       -0.0000836767   0.0006658953   0.0030397736  -0.0001691424   0.0013010117
       -0.0061234980   0.0006988046  -0.0412828469  -0.0133456908  -0.0016017240
       -0.0367852888  -0.0880976488   0.0043109616   0.0319550477   0.0024137641
        0.0023489314  -0.0003066587  -0.0059667867   0.0002667015  -0.0078623807
        0.6934505820  -0.0170986559  -0.0000205745   0.0000732960   0.0000739891
       -0.0000159602   0.0000468770  -0.0000103508  -0.0000114850   0.0000693717
       -0.0000852156  -0.0015329230  -0.0003779325  -0.0001101314  -0.0011839611
        0.0014694760  -0.0003871077   0.0014077271   0.0015149618   0.0002475816
        0.0013551379   0.0000534750   0.0001381981  -0.0800153195  -0.3456912435
       -0.1144028142   0.1334402542  -0.2420462816   0.1258247469
       -0.0005204167   0.0005789154  -0.0004669111   0.0037816186   0.0006897013
       -0.0002479035  -0.0025891567  -0.0012001067  -0.0003163374  -0.0008199458
       -0.0003457517   0.0044873679  -0.0000512179   0.0021324409   0.0031353913
       -0.0330239685  -0.0014342452  -0.0332279194  -0.0049990780  -0.0020207913
        0.0030731398  -0.0010249074   0.0017538200   0.0046161132   0.1553093372
       -0.0170986559   0.1353458374   0.0000601964  -0.0001047161  -0.0000185826
        0.0000724435  -0.0000093346   0.0000116493  -0.0000796563  -0.0001693375
        0.0001354291  -0.0000402586   0.0000209573   0.0001230441   0.0004777281
        0.0001079182  -0.0016040026   0.0003766036  -0.0004373425  -0.0016870012
       -0.0002401717  -0.0000367420   0.0001551970  -0.0347767763  -0.0850701421
       -0.0404830084  -0.0819123736   0.1026434127  -0.0730315029
       -0.0426059100  -0.0093732180  -0.0080977787  -0.0065014544   0.0243487718
        0.0164456069   0.0023257984   0.0007454279   0.0015006695  -0.0008508766
        0.0004202382  -0.0002531085   0.0005614479   0.0002595157  -0.0001928446
        0.0001150947  -0.0005498868  -0.0000498634  -0.0005704874   0.0000682275
       -0.0004640085   0.0003293901   0.0000735298   0.0000979030  -0.0000103721
       -0.0000205745   0.0000601964   0.0507871361   0.0003295565   0.0053742387
       -0.0032228436  -0.0178415152  -0.0227304037   0.0011862494   0.0026316112
        0.0071211432   0.0000605312  -0.0001846899   0.0000373448   0.0000211083
       -0.0000203453   0.0000131621   0.0000409264  -0.0000090800   0.0000235168
       -0.0016873685  -0.0008797323   0.0010703460  -0.0000036404   0.0000090377
        0.0000111987   0.0000252705  -0.0000068742   0.0000326812
       -0.0092121342  -0.1161730772  -0.1028689268   0.0158097438  -0.0328141709
       -0.0173636359  -0.0015256585   0.0005582379  -0.0001459351   0.0002470448
       -0.0002937355   0.0001308742  -0.0001590277   0.0001753980   0.0001463347
       -0.0004559391   0.0001047700  -0.0000621344   0.0002408097  -0.0001688291
       -0.0001180171   0.0000068484   0.0001185606   0.0004571641   0.0004100808
        0.0000732960  -0.0001047161   0.0003295565   0.1501002649   0.1239622847
       -0.0045753214  -0.0107519221  -0.0148447510  -0.0002778376   0.0084119484
        0.0106200548  -0.0000815862   0.0001757886  -0.0000555259  -0.0000027464
       -0.0000145840  -0.0000060069  -0.0000314948   0.0000403040  -0.0000009104
       -0.0007115314   0.0004505858   0.0001582523   0.0000005480  -0.0000011905
        0.0000435209  -0.0000113546   0.0000083553   0.0000520738
       -0.0078112612  -0.1019814932  -0.1825435045   0.0065451462  -0.0042743798
        0.0067448036  -0.0014571406  -0.0001381373   0.0005044373   0.0002602699
       -0.0001257328   0.0000199019  -0.0002452050   0.0000354588  -0.0000376676
       -0.0003576079   0.0001538308  -0.0000836180   0.0001021982   0.0001411139
       -0.0001456828   0.0000443811  -0.0006691083   0.0001552707   0.0001371396
        0.0000739891  -0.0000185826   0.0053742387   0.1239622847   0.2073897310
       -0.0014712980  -0.0026741775  -0.0028849225  -0.0018092879  -0.0154218911
       -0.0290480876  -0.0000491337   0.0001113530  -0.0000272368  -0.0000061372
        0.0000035433  -0.0000032676  -0.0000179516   0.0000356841  -0.0000060115
        0.0007585882   0.0007645377  -0.0000542412   0.0000174431   0.0000004251
        0.0000172353  -0.0000143818   0.0000026997   0.0000214426
       -0.2227895034  -0.0989570291  -0.0093631584  -0.0320171023  -0.0023614438
       -0.0027231832  -0.0041950483   0.0032505682  -0.0006969698  -0.0007754681
       -0.0005747939  -0.0000413088  -0.0002723771   0.0000996781  -0.0000222998
        0.0002897550   0.0001729926   0.0000105231   0.0001089646   0.0001326744
       -0.0000011080   0.0003167710   0.0006944152  -0.0000451207  -0.0001639477
       -0.0000159602   0.0000724435  -0.0032228436  -0.0045753214  -0.0014712980
        0.2705266582   0.1089681596   0.0127921416  -0.0076804829  -0.0069870792
        0.0015670981  -0.0000267098  -0.0000286494  -0.0000063828  -0.0001106334
        0.0000223656  -0.0000127883   0.0000043973  -0.0000137766  -0.0000010979
       -0.0000134525   0.0001794137   0.0000038854   0.0000127193  -0.0000110959
       -0.0000306943   0.0000083038   0.0000048823  -0.0000306816
       -0.1049955820  -0.0955811662  -0.0060074914   0.0246611950   0.0090746401
        0.0016489708   0.0034751411  -0.0028787261   0.0005636501   0.0012831868
        0.0001807476   0.0001023193   0.0000802001  -0.0002536503   0.0000163188
       -0.0001532519   0.0000868973  -0.0000158948   0.0000626985   0.0001911092
       -0.0000081949  -0.0002280809  -0.0007665634   0.0000449015  -0.0000142887
        0.0000468770  -0.0000093346  -0.0178415152  -0.0107519221  -0.0026741775
        0.1089681596   0.1085863589   0.0056526508  -0.0150113310  -0.0085593335
        0.0007548962  -0.0000116443   0.0001526638  -0.0000085262   0.0000755980
        0.0000247402   0.0000041983   0.0000218624   0.0000434765   0.0000005263
       -0.0003588895   0.0004021157  -0.0000652036   0.0000115027   0.0000010029
        0.0000080109  -0.0000249606   0.0000007326  -0.0000076199
       -0.0089512149  -0.0054670673  -0.0453039180  -0.0046443566  -0.0007536538
        0.0007820657  -0.0005771946   0.0005318206   0.0005286281  -0.0001428673
       -0.0000681013   0.0001095826  -0.0000255671   0.0000357478  -0.0000238566
        0.0000608738   0.0000079704  -0.0000212958  -0.0000054433  -0.0000075973
        0.0000221384   0.0000442152   0.0001527726   0.0003083932  -0.0000530412
       -0.0000103508   0.0000116493  -0.0227304037  -0.0148447510  -0.0028849225
        0.0127921416   0.0056526508   0.0471710900   0.0242152990   0.0148102747
       -0.0005356414  -0.0000069285  -0.0000084343   0.0000217944  -0.0000159064
       -0.0000034599  -0.0000195893  -0.0000052450  -0.0000016526   0.0000148365
        0.0000384581  -0.0000249224  -0.0001709136   0.0000020944   0.0000014295
       -0.0000058415   0.0000050865  -0.0000026758  -0.0000041995
       -0.0503656214  -0.0235404952   0.0365553724  -0.0017771812   0.0203461124
       -0.0205841759   0.0023100363   0.0005327028  -0.0013068158  -0.0008276079
        0.0004294782   0.0000492898   0.0004837928   0.0002915858   0.0002505538
        0.0000310081  -0.0005131623   0.0001363304  -0.0006244515   0.0001432347
        0.0003639351   0.0003508370  -0.0000746031  -0.0000496026   0.0000805503
       -0.0000114850  -0.0000796563   0.0011862494  -0.0002778376  -0.0018092879
       -0.0076804829  -0.0150113310   0.0242152990   0.0580437144   0.0187301284
       -0.0365032763   0.0000545475  -0.0001664139  -0.0000042030   0.0000199058
       -0.0000192218  -0.0000030789   0.0000431955  -0.0000037828  -0.0000156780
       -0.0013191126  -0.0008606700  -0.0011943988  -0.0000116581  -0.0000011281
        0.0000026620   0.0000022786   0.0000068885  -0.0000232690
       -0.0234694598  -0.0911524891   0.0883230145   0.0110329117  -0.0288630936
        0.0242590485  -0.0013460739   0.0006007723  -0.0001471168   0.0002118865
       -0.0002328522  -0.0000559420  -0.0001617096   0.0001177536  -0.0001750427
       -0.0004035101   0.0000831658   0.0000536947   0.0002499485  -0.0001325065
        0.0001707717  -0.0000260617   0.0000767212  -0.0004428235   0.0004373780
        0.0000693717  -0.0001693375   0.0026316112   0.0084119484  -0.0154218911
       -0.0069870792  -0.0085593335   0.0148102747   0.0187301284   0.1191033929
       -0.1109864002  -0.0000779075   0.0001474220   0.0000200470   0.0000071015
       -0.0000093921   0.0000138585  -0.0000279087   0.0000272856  -0.0000048568
       -0.0007626673   0.0003060321  -0.0003668988  -0.0000099533  -0.0000070977
        0.0000705098  -0.0000286345   0.0000128992   0.0000490900
        0.0361493904   0.0875049845  -0.2002601416  -0.0094486717   0.0126433409
       -0.0019984702   0.0019490690   0.0002290525   0.0005536082  -0.0004386454
        0.0002355865  -0.0000276991   0.0003566398  -0.0000105969   0.0000738334
        0.0004509706  -0.0002646752  -0.0000377052  -0.0002309439  -0.0001099221
       -0.0001056125  -0.0000010424   0.0006693992   0.0001134416  -0.0002183433
       -0.0000852156   0.0001354291   0.0071211432   0.0106200548  -0.0290480876
        0.0015670981   0.0007548962  -0.0005356414  -0.0365032763  -0.1109864002
        0.2315093529   0.0000732727  -0.0001635960  -0.0000092695   0.0000104272
       -0.0000055629  -0.0000100544   0.0000333845  -0.0000423167  -0.0000024964
       -0.0008993559  -0.0009830536  -0.0002658758  -0.0000069359   0.0000090374
       -0.0000503918   0.0000358193  -0.0000150129  -0.0000342196
       -0.0001036988   0.0001458533  -0.0000174518   0.0014771348  -0.0004762061
        0.0003781299   0.0069131432   0.0163001153  -0.0006189131  -0.0784473144
       -0.0891176404   0.0018483599  -0.0125868529  -0.0276060806   0.0007683278
       -0.0053745860  -0.0001772345  -0.0011076675  -0.0002859773   0.0002620973
       -0.0000243550  -0.0021886861   0.0028334467  -0.0009112091  -0.0004248430
       -0.0015329230  -0.0000402586   0.0000605312  -0.0000815862  -0.0000491337
       -0.0000267098  -0.0000116443  -0.0000069285   0.0000545475  -0.0000779075
        0.0000732727   0.0901598958   0.0995351825  -0.0008270997   0.0008469808
       -0.0007980761   0.0003739085  -0.0000473724   0.0000203675   0.0001199062
        0.0002138399   0.0010479712  -0.0000136418  -0.0004217253  -0.0001402380
        0.0000362146   0.0001816928  -0.0001254972   0.0000185394
       -0.0002334173   0.0001528904  -0.0000323055  -0.0003803215   0.0018528151
       -0.0003371991  -0.0089302474  -0.0267129892   0.0010852799  -0.0883781570
       -0.2702427516   0.0078720936  -0.0046002491  -0.0069072015   0.0000678312
       -0.0011460848   0.0016201550   0.0003516308   0.0009589952   0.0007308442
        0.0000427058   0.0032441227  -0.0035595198   0.0009426226   0.0000055315
       -0.0003779325   0.0000209573  -0.0001846899   0.0001757886   0.0001113530
       -0.0000286494   0.0001526638  -0.0000084343  -0.0001664139   0.0001474220
       -0.0001635960   0.0995351825   0.3030902150  -0.0096421612   0.0007649549
        0.0011054092  -0.0002077757   0.0000280040   0.0001282033  -0.0001118616
       -0.0004711693  -0.0013329104   0.0000136714  -0.0000390045   0.0000026391
        0.0000316142   0.0000216133  -0.0000257407  -0.0000364265
       -0.0000019487   0.0000053417   0.0000468777   0.0004069564  -0.0003306783
       -0.0027873429   0.0010381568   0.0030867117   0.0018495719   0.0017250170
        0.0078999384  -0.0332019558  -0.0007089817  -0.0019172842  -0.0001173461
       -0.0011286016   0.0004732660   0.0083775339  -0.0001049631  -0.0000648830
       -0.0000760602  -0.0009338663   0.0009077255   0.0066215975  -0.0000218910
       -0.0001101314   0.0001230441   0.0000373448  -0.0000555259  -0.0000272368
       -0.0000063828  -0.0000085262   0.0000217944  -0.0000042030   0.0000200470
       -0.0000092695  -0.0008270997  -0.0096421612   0.0242206154   0.0002718340
       -0.0003380328  -0.0030245276   0.0001237637  -0.0000953670  -0.0015363202
        0.0000825340   0.0001573389  -0.0003862717   0.0000295733  -0.0000122268
       -0.0001150059   0.0000227580   0.0000244475   0.0000203019
       -0.0004996679  -0.0000097432  -0.0000405688  -0.0009994076   0.0013780013
       -0.0002055644  -0.0046893546  -0.0022006528  -0.0009228352  -0.0227027022
        0.0235019769  -0.0032730069  -0.1413146454   0.1220724196  -0.0168948339
        0.0039809977  -0.0052166300   0.0007446181  -0.0001047860  -0.0020145211
       -0.0004561513   0.0001203548  -0.0004813001   0.0000181916   0.0020383621
       -0.0011839611   0.0004777281   0.0000211083  -0.0000027464  -0.0000061372
       -0.0001106334   0.0000755980  -0.0000159064   0.0000199058   0.0000071015
        0.0000104272   0.0008469808   0.0007649549   0.0002718340   0.1632659494
       -0.1364549408   0.0202396363   0.0002713441  -0.0003813468   0.0001395655
       -0.0000362630  -0.0000196092   0.0001326900  -0.0000732216   0.0000175793
       -0.0000791021  -0.0000343213   0.0001478199  -0.0001405845
       -0.0001661577   0.0001028985  -0.0000213857   0.0000629705   0.0000499576
        0.0000189992  -0.0013058299   0.0014246968   0.0003462693  -0.0000187862
        0.0020904933  -0.0001717557   0.1223796115  -0.1985266911   0.0202738399
        0.0187561452  -0.0254667493   0.0031790433  -0.0025187876  -0.0052095110
        0.0005834698  -0.0011651654   0.0002260998  -0.0001119869   0.0013666278
        0.0014694760   0.0001079182  -0.0000203453  -0.0000145840   0.0000035433
        0.0000223656   0.0000247402  -0.0000034599  -0.0000192218  -0.0000093921
       -0.0000055629  -0.0007980761   0.0011054092  -0.0003380328  -0.1364549408
        0.2237905433  -0.0233393499   0.0009596668  -0.0014367534   0.0001147179
       -0.0000556991   0.0001017873  -0.0001194068   0.0002887405   0.0006112403
        0.0002051841  -0.0013131181  -0.0003336614  -0.0007220444
       -0.0000161409  -0.0000333892  -0.0000719499  -0.0001308178   0.0001548005
        0.0002305335  -0.0010687676   0.0002900224   0.0083627680  -0.0019670529
        0.0019193337  -0.0007222366  -0.0167928788   0.0198411748  -0.0344053459
       -0.0012403945   0.0011824298   0.0010494945  -0.0002587971   0.0005443506
        0.0066105158   0.0000222670  -0.0001120989   0.0000215254   0.0009896593
       -0.0003871077  -0.0016040026   0.0000131621  -0.0000060069  -0.0000032676
       -0.0000127883   0.0000041983  -0.0000195893  -0.0000030789   0.0000138585
       -0.0000100544   0.0003739085  -0.0002077757  -0.0030245276   0.0202396363
       -0.0233393499   0.0260050214   0.0000434085   0.0000668112  -0.0004755162
        0.0001258526  -0.0000977822  -0.0015676807  -0.0001766102  -0.0001284849
        0.0000429323  -0.0001405673   0.0002950158  -0.0004186200
        0.0001430903  -0.0000162852   0.0000232624  -0.0013051471  -0.0019184397
       -0.0000417182  -0.0049296245   0.0000538889  -0.0010208900  -0.0003545107
        0.0003220501  -0.0000612236  -0.0018981806   0.0029680029  -0.0009192830
        0.0050950351   0.0156002482  -0.0004587627  -0.0738879726  -0.0808502192
        0.0011453775  -0.0134727896  -0.0286280756   0.0007046776   0.0020115897
        0.0014077271   0.0003766036   0.0000409264  -0.0000314948  -0.0000179516
        0.0000043973   0.0000218624  -0.0000052450   0.0000431955  -0.0000279087
        0.0000333845  -0.0000473724   0.0000280040   0.0001237637   0.0002713441
        0.0009596668   0.0000434085   0.0878433046   0.0914502657   0.0000329531
        0.0007434634  -0.0009378573   0.0003460246  -0.0003941965  -0.0002081551
       -0.0003245480   0.0000934477  -0.0001932805   0.0000201667
        0.0001831919  -0.0001734000   0.0000292834  -0.0004692160  -0.0005417066
       -0.0000116262  -0.0009991512   0.0019284755   0.0002820303   0.0009834094
        0.0007271209   0.0000328929   0.0035634543  -0.0033680441   0.0008698666
       -0.0086345760  -0.0269596244   0.0011170358  -0.0811572432  -0.2674454191
        0.0079987455  -0.0050432804  -0.0077605378   0.0000664096  -0.0010543832
        0.0015149618  -0.0004373425  -0.0000090800   0.0000403040   0.0000356841
       -0.0000137766   0.0000434765  -0.0000016526  -0.0000037828   0.0000272856
       -0.0000423167   0.0000203675   0.0001282033  -0.0000953670  -0.0003813468
       -0.0014367534   0.0000668112   0.0914502657   0.3015372329  -0.0100341809
        0.0007903517   0.0012298918  -0.0001814346   0.0012537278   0.0000833056
        0.0006004358  -0.0004789322   0.0004252274  -0.0002952748
        0.0000083687  -0.0000006571   0.0000077393  -0.0001567215  -0.0001515720
        0.0001897976  -0.0010111346   0.0003342354   0.0077183516  -0.0001669604
        0.0000244859  -0.0000459951  -0.0008202136   0.0009553377   0.0068350445
        0.0005720559   0.0029884256   0.0009865546   0.0011383021   0.0084619661
       -0.0317302682  -0.0008304449  -0.0020808258  -0.0002842100   0.0010918800
        0.0002475816  -0.0016870012   0.0000235168  -0.0000009104  -0.0000060115
       -0.0000010979   0.0000005263   0.0000148365  -0.0000156780  -0.0000048568
       -0.0000024964   0.0001199062  -0.0001118616  -0.0015363202   0.0001395655
        0.0001147179  -0.0004755162   0.0000329531  -0.0100341809   0.0233205026
        0.0002496605  -0.0003262371  -0.0028654397  -0.0002293769  -0.0004197881
       -0.0005069754  -0.0001445810   0.0000036132   0.0000674071
       -0.0019146107  -0.0012951262  -0.0000642660   0.0003590803   0.0011236929
        0.0000657511   0.0063432697  -0.0049133575   0.0007901837  -0.0003205895
       -0.0020164309  -0.0004675670   0.0001293406  -0.0004605893   0.0000537695
       -0.0051331749  -0.0020798194  -0.0009354191  -0.0224833495   0.0235547450
       -0.0032424667  -0.1359921098   0.1231953532  -0.0162254003  -0.0009180755
        0.0013551379  -0.0002401717  -0.0016873685  -0.0007115314   0.0007585882
       -0.0000134525  -0.0003588895   0.0000384581  -0.0013191126  -0.0007626673
       -0.0008993559   0.0002138399  -0.0004711693   0.0000825340  -0.0000362630
       -0.0000556991   0.0001258526   0.0007434634   0.0007903517   0.0002496605
        0.1623461822  -0.1370718426   0.0199078128   0.0001237636   0.0001785051
       -0.0000287519  -0.0004408329  -0.0000006631   0.0000307882
        0.0002653297  -0.0004552114   0.0000394927   0.0007814593   0.0018594722
       -0.0001370549   0.0191264141  -0.0247240689   0.0031208473  -0.0025026739
       -0.0053370380   0.0005348633  -0.0010906165   0.0002970799  -0.0001190545
       -0.0011580890   0.0013248965   0.0003153529   0.0000141632   0.0017390790
       -0.0001144881   0.1232638457  -0.2074090626   0.0208367936  -0.0001034514
        0.0000534750  -0.0000367420  -0.0008797323   0.0004505858   0.0007645377
        0.0001794137   0.0004021157  -0.0000249224  -0.0008606700   0.0003060321
       -0.0009830536   0.0010479712  -0.0013329104   0.0001573389  -0.0000196092
        0.0001017873  -0.0000977822  -0.0009378573   0.0012298918  -0.0003262371
       -0.1370718426   0.2314578882  -0.0239441771   0.0000349890   0.0000249279
        0.0000488980  -0.0000890437   0.0000110600  -0.0000346125
       -0.0001754014  -0.0000935487  -0.0002619335   0.0001285710  -0.0001108138
       -0.0015054513  -0.0006691455   0.0012285801   0.0003766292  -0.0003984613
        0.0005650290   0.0069470708   0.0000343607  -0.0000304988  -0.0000532256
       -0.0010487993   0.0001783397   0.0079167567  -0.0018025869   0.0018859734
       -0.0003552822  -0.0162941296   0.0207561057  -0.0333081078  -0.0000956307
        0.0001381981   0.0001551970   0.0010703460   0.0001582523  -0.0000542412
        0.0000038854  -0.0000652036  -0.0001709136  -0.0011943988  -0.0003668988
       -0.0002658758  -0.0000136418   0.0000136714  -0.0003862717   0.0001326900
       -0.0001194068  -0.0015676807   0.0003460246  -0.0001814346  -0.0028654397
        0.0199078128  -0.0239441771   0.0254696647   0.0000319635  -0.0000127774
        0.0000031050   0.0000365410   0.0000006099  -0.0000740004
       -0.0000342843   0.0000287643  -0.0000565354   0.0005049997   0.0001947527
        0.0000242725  -0.0000517982   0.0000030934  -0.0000739931  -0.0004156373
       -0.0016025110   0.0005968662  -0.0064414014  -0.0007606681  -0.0013019541
       -0.0131387055  -0.0316765198  -0.0090902262   0.0015938231  -0.0019241629
        0.0006425530  -0.0001778317  -0.0001035369   0.0003162667  -0.0682611487
       -0.0800153195  -0.0347767763  -0.0000036404   0.0000005480   0.0000174431
        0.0000127193   0.0000115027   0.0000020944  -0.0000116581  -0.0000099533
       -0.0000069359  -0.0004217253  -0.0000390045   0.0000295733  -0.0000732216
        0.0002887405  -0.0001766102  -0.0003941965   0.0012537278  -0.0002293769
        0.0001237636   0.0000349890   0.0000319635   0.0825645384   0.0978159365
        0.0386414429   0.0046254050   0.0164996211   0.0054099325
       -0.0000486800   0.0000605213  -0.0000336116   0.0004310885   0.0000714063
       -0.0001158614  -0.0002127551   0.0004320682   0.0001075381   0.0000439681
       -0.0003829591   0.0004983222  -0.0012119881   0.0010665013  -0.0006326249
       -0.0103291909  -0.0083799226  -0.0027161819   0.0033963715   0.0010858869
        0.0002934637  -0.0004300967  -0.0007451686   0.0004994311  -0.0829692080
       -0.3456912435  -0.0850701421   0.0000090377  -0.0000011905   0.0000004251
       -0.0000110959   0.0000010029   0.0000014295  -0.0000011281  -0.0000070977
        0.0000090374  -0.0001402380   0.0000026391  -0.0000122268   0.0000175793
        0.0006112403  -0.0001284849  -0.0002081551   0.0000833056  -0.0004197881
        0.0001785051   0.0000249279  -0.0000127774   0.0978159365   0.3759862381
        0.0968196639  -0.0063299510  -0.0242181559  -0.0090876121
        0.0002132760  -0.0002626806   0.0000724749  -0.0014530827  -0.0002461371
       -0.0003072109   0.0010313070   0.0011010299   0.0002098933   0.0007809381
        0.0002830143   0.0012062090  -0.0001552397  -0.0009398398   0.0012910245
        0.0080078109   0.0026335080  -0.0031023258   0.0001555453   0.0001027428
       -0.0003833987  -0.0006177464  -0.0004655889   0.0001347028  -0.0495627397
       -0.1144028142  -0.0404830084   0.0000111987   0.0000435209   0.0000172353
       -0.0000306943   0.0000080109  -0.0000058415   0.0000026620   0.0000705098
       -0.0000503918   0.0000362146   0.0000316142  -0.0001150059  -0.0000791021
        0.0002051841   0.0000429323  -0.0003245480   0.0006004358  -0.0005069754
       -0.0000287519   0.0000488980   0.0000031050   0.0386414429   0.0968196639
        0.0410762176   0.0033715094   0.0143689279   0.0009003637
       -0.0000720423   0.0000970994  -0.0000682542   0.0006021620   0.0000234662
       -0.0000042686  -0.0000254669  -0.0003079869  -0.0000071444  -0.0003777279
        0.0003023907   0.0003724276   0.0019243139   0.0022598494   0.0004300687
       -0.0251066366   0.0245717023  -0.0137114915  -0.0062889846  -0.0019230528
       -0.0013567157  -0.0008323429   0.0015054892   0.0004987313  -0.1394044270
        0.1334402542  -0.0819123736   0.0000252705  -0.0000113546  -0.0000143818
        0.0000083038  -0.0000249606   0.0000050865   0.0000022786  -0.0000286345
        0.0000358193   0.0001816928   0.0000216133   0.0000227580  -0.0000343213
       -0.0013131181  -0.0001405673   0.0000934477  -0.0004789322  -0.0001445810
       -0.0004408329  -0.0000890437   0.0000365410   0.0046254050  -0.0063299510
        0.0033715094   0.1651199081  -0.1517148301   0.0925868363
        0.0000566672  -0.0000539940   0.0000577545  -0.0004311523  -0.0001356673
        0.0000342408   0.0002167774   0.0005099219  -0.0001385575   0.0004454135
       -0.0005711824  -0.0002477906  -0.0030536108   0.0007301491  -0.0003254782
        0.0060141730   0.0034308094  -0.0010722501  -0.0013376170   0.0011153642
        0.0001925763  -0.0001131423   0.0000347757  -0.0001218482   0.1335844245
       -0.2420462816   0.1026434127  -0.0000068742   0.0000083553   0.0000026997
        0.0000048823   0.0000007326  -0.0000026758   0.0000068885   0.0000128992
       -0.0000150129  -0.0001254972  -0.0000257407   0.0000244475   0.0001478199
       -0.0003336614   0.0002950158  -0.0001932805   0.0004252274   0.0000036132
       -0.0000006631   0.0000110600   0.0000006099   0.0164996211  -0.0242181559
        0.0143689279  -0.1517148301   0.2611053887  -0.1156996849
        0.0002206542  -0.0002037978   0.0000066276  -0.0013926088  -0.0003326387
       -0.0002975509   0.0012309981  -0.0003476715   0.0003173645  -0.0008052034
        0.0003267816   0.0001259363   0.0006875615  -0.0000417135  -0.0003528553
        0.0070884219  -0.0005069169  -0.0031053297  -0.0005124780   0.0009233050
        0.0010073915   0.0008148975   0.0001400163   0.0013274071  -0.1052366521
        0.1258247469  -0.0730315029   0.0000326812   0.0000520738   0.0000214426
       -0.0000306816  -0.0000076199  -0.0000041995  -0.0000232690   0.0000490900
       -0.0000342196   0.0000185394  -0.0000364265   0.0000203019  -0.0001405845
       -0.0007220444  -0.0004186200   0.0000201667  -0.0002952748   0.0000674071
        0.0000307882  -0.0000346125  -0.0000740004   0.0054099325  -0.0090876121
        0.0009003637   0.0925868363  -0.1156996849   0.0735240360
