           1           2  0.991691542747348     
           2           3   1.03831578893135     
           3           4   1.34839269563905     
           4           5   1.47979532496123     
           5           6   1.34023526424195     
           4           7  0.106465240255387     
           6           7   1.36639968873835     
           3           8   1.38004203098237     
           5           8  0.100942386590099     
           7           8   1.44093240534000     
           6           9   1.13478184768097     
           1          10  0.976586626145859     
           1          11  0.979974750958825     
           1          12  0.976613831853767     
           4          13  0.968658059105114     
           5          14  0.968455341151509     
           7          15  0.969130619143824     
           8          16  0.966701014499395     
           9          17  0.957092443584759     
           9          18  0.956929000084295     
