$hessian                                                                        
        0.4832831232   0.0085769996  -0.0307466521  -0.1468812384   0.0177277766
       -0.0654371738  -0.0255401359   0.0071999310  -0.0088364601  -0.0018553379
        0.0006412235   0.0006682028  -0.0026319036   0.0004860960   0.0009693076
       -0.1867811114   0.0509155950   0.1055747242  -0.0571113835  -0.0478279695
       -0.0269631037  -0.0547507669  -0.0385986708   0.0349669284  -0.0093612175
       -0.0003024257  -0.0086785485   0.0023065759   0.0009035867   0.0002556866
        0.0002970445  -0.0001239763  -0.0020779068   0.0000570053   0.0001178631
        0.0000560383  -0.0004677793  -0.0004300453   0.0001536779  -0.0001434884
        0.0000424314   0.0000743334  -0.0001132392   0.0000462829   0.0000506741
       -0.0003369361   0.0007971427  -0.0001647063   0.0000307893  -0.0001718410
        0.0001349779
        0.0085769996   0.5220422450   0.0062933965   0.0172103177  -0.0711060446
        0.0149586198   0.0082731815  -0.0018531375   0.0026760892   0.0000275904
       -0.0002585261   0.0003043140   0.0016104388  -0.0006135690  -0.0008152439
        0.0509000915  -0.0641573228  -0.0376873230  -0.0478665871  -0.2094723203
       -0.0989164385  -0.0384247793  -0.1726595521   0.1119487353  -0.0193395215
        0.0033735944  -0.0165361525   0.0181690396  -0.0055669069   0.0171163872
        0.0006430918   0.0007823233   0.0006308745  -0.0003175536  -0.0001263905
       -0.0001114178  -0.0000181651   0.0001151695   0.0000929959   0.0001065201
        0.0000123577   0.0000919047  -0.0000403185  -0.0000751715  -0.0001260850
        0.0003383970  -0.0004265972  -0.0000179042   0.0001512573  -0.0000101513
        0.0000972479
       -0.0307466521   0.0062933965   0.5043796552  -0.0644662652   0.0149076991
       -0.1155410434   0.0090543453  -0.0022013464   0.0074302102   0.0011566258
       -0.0003678568  -0.0005744488   0.0016071036  -0.0005537717  -0.0005781912
        0.1057752310  -0.0377114340  -0.1197496112  -0.0269398625  -0.0989922632
       -0.1042010624   0.0349569805   0.1117011394  -0.1440189038  -0.0159416047
        0.0007435451  -0.0126397666  -0.0173290124   0.0068817433  -0.0158294063
        0.0019757825  -0.0004992679   0.0009676178   0.0000656179   0.0000301193
        0.0000281979   0.0003904805   0.0002347464   0.0000239880   0.0001143975
        0.0001324916   0.0000354259   0.0001028890  -0.0001170483   0.0001398748
        0.0002974572  -0.0004819123   0.0001703982  -0.0000735140   0.0000000200
       -0.0000429342
       -0.1468812384   0.0172103177  -0.0644662652   0.4527788305   0.0256148112
        0.0045136170  -0.1325272920   0.0225991236   0.0485757705  -0.0231404156
        0.0010679819   0.0130790495  -0.0144197187   0.0090147253   0.0067572330
       -0.0238322205   0.0057998422  -0.0135638957  -0.0096799292  -0.0009897871
       -0.0087352975   0.0031266459   0.0014845165   0.0002254723  -0.0503281045
       -0.0397272392  -0.0239276165  -0.0539138029  -0.0420631680   0.0356493355
        0.0012522935   0.0004634475   0.0006052465   0.0004743042   0.0008776291
       -0.0001149619  -0.0034650202  -0.0029867603   0.0004391804   0.0007144867
        0.0007899792   0.0006510327   0.0004809286  -0.0005455851   0.0007591997
       -0.0010845970   0.0024778192  -0.0003670431   0.0004448495  -0.0010876536
       -0.0000800570
        0.0177277766  -0.0711060446   0.0149076991   0.0256148112   0.5327592475
       -0.0043754659   0.0225477303  -0.0721913985  -0.0170231521  -0.0145827963
        0.0032080734   0.0088160160   0.0205568190  -0.0105877345  -0.0111014680
        0.0080219457  -0.0016692207   0.0046520982  -0.0196430421   0.0034051547
       -0.0156174010   0.0179260196  -0.0057388988   0.0157438390  -0.0395202954
       -0.2026673952  -0.0986632093  -0.0421607093  -0.1699401032   0.1062294595
        0.0047462073  -0.0005238140  -0.0048571330  -0.0006532422   0.0003586556
        0.0005797000  -0.0036672557  -0.0023307886   0.0000114424  -0.0004257247
        0.0003267641   0.0002946535  -0.0001618916   0.0006983335  -0.0004969711
        0.0028635127  -0.0042256514   0.0015463201   0.0008101348   0.0002248207
       -0.0006464271
       -0.0654371738   0.0149586198  -0.1155410434   0.0045136170  -0.0043754659
        0.4949204607   0.0486946507  -0.0173011388  -0.1011125389   0.0049860971
        0.0011598517  -0.0016654286  -0.0030637273   0.0003864080   0.0036208425
        0.0115752146  -0.0027066791   0.0083058922  -0.0153452769   0.0001900097
       -0.0128332664  -0.0169555998   0.0069606187  -0.0158376954  -0.0237217241
       -0.0996223599  -0.1066161867   0.0356640688   0.1066235591  -0.1357530543
        0.0216212812  -0.0085260662  -0.0199928000   0.0001359364  -0.0003224310
        0.0002305986   0.0004049553   0.0001853672   0.0006803079  -0.0012817876
       -0.0000520118   0.0004462483  -0.0008915829   0.0004109466   0.0004818576
       -0.0007914933   0.0016592839   0.0003688528  -0.0001074554   0.0003714881
        0.0002969533
       -0.0255401359   0.0082731815   0.0090543453  -0.1325272920   0.0225477303
        0.0486946507   0.4713821546   0.0044492692   0.0232306611  -0.1268732569
       -0.0651716474  -0.0061059848  -0.0815487454   0.0424108025  -0.0184854239
       -0.0039744612   0.0011819824  -0.0024940055   0.0006293933   0.0003440279
        0.0008106545   0.0007439011  -0.0005558427   0.0008002787   0.0011523054
        0.0008714163   0.0007797920  -0.0094822471   0.0008135045   0.0083907193
       -0.0576615543  -0.0078510651  -0.0566138893   0.0062624986   0.0055465359
        0.0007381137  -0.0214375738  -0.0167496083   0.0014048100  -0.0100795151
       -0.0094796211  -0.0044681964  -0.0046642104   0.0084204327  -0.0060724968
       -0.0125449309   0.0220704362  -0.0062871681   0.0061636700  -0.0171215349
        0.0066231395
        0.0071999310  -0.0018531375  -0.0022013464   0.0225991236  -0.0721913985
       -0.0173011388   0.0044492692   0.4719464953   0.0064511032  -0.0657828236
       -0.1297742795  -0.0050995560   0.0423154965  -0.1589372913   0.0385251625
        0.0012934529   0.0004814628   0.0005329922  -0.0010068950   0.0001235841
       -0.0000095188   0.0004002087   0.0000937560  -0.0003546737   0.0175146394
       -0.0082828783  -0.0148321407  -0.0141653339   0.0038359470   0.0113165465
       -0.0077165421  -0.0448270780  -0.0281280755  -0.0179748964  -0.0242130477
        0.0002842408   0.0029140310   0.0038627007   0.0005622413  -0.0059849108
       -0.0055089491  -0.0037154164   0.0011817874   0.0000517587   0.0033730747
        0.0066084722  -0.0100551715   0.0021203221   0.0061549899  -0.0247524733
        0.0084761830
       -0.0088364601   0.0026760892   0.0074302102   0.0485757705  -0.0170231521
       -0.1011125389   0.0232306611   0.0064511032   0.5289536188  -0.0057817704
       -0.0051682079  -0.0673153608  -0.0188360707   0.0390067308  -0.0834394402
       -0.0032189592   0.0006861131  -0.0013687786  -0.0010735267  -0.0000098804
        0.0003763620  -0.0006674535   0.0005633770   0.0003787637   0.0137494066
       -0.0076180645  -0.0112354992   0.0165672970  -0.0027067199  -0.0123704395
       -0.0566789303  -0.0277577371  -0.2456351522   0.0068853636   0.0082129400
        0.0001623007   0.0132365443   0.0115577553  -0.0001949147  -0.0215304956
       -0.0214168480  -0.0045938936  -0.0132345776   0.0261871223  -0.0151431798
        0.0066483096  -0.0133422649   0.0047915661   0.0009648914  -0.0002983563
        0.0003163761
       -0.0018553379   0.0000275904   0.0011566258  -0.0231404156  -0.0145827963
        0.0049860971  -0.1268732569  -0.0657828236  -0.0057817704   0.4904938314
       -0.0369445603  -0.0027356138   0.0050211298   0.0036053131   0.0008963223
       -0.0005979781   0.0002873526  -0.0003484147  -0.0001350454   0.0000462806
        0.0000429302   0.0000476037  -0.0000330071   0.0001138321   0.0003227003
       -0.0017216720  -0.0009342125  -0.0032004557   0.0000521913   0.0013809017
       -0.0093160715  -0.0104136417  -0.0031729434  -0.0781120907   0.0795912537
       -0.0310437946  -0.1870285406   0.0497694385   0.1049877448  -0.0669140028
       -0.0078707668  -0.0687113910   0.0004918213   0.0007082594   0.0001722995
        0.0006903884   0.0008939264  -0.0003067276   0.0001057202   0.0023676618
       -0.0007018855
        0.0006412235  -0.0002585261  -0.0003678568   0.0010679819   0.0032080734
        0.0011598517  -0.0651716474  -0.1297742795  -0.0051682079  -0.0369445603
        0.4920498962  -0.0022741123  -0.0168078609  -0.0286373730   0.0016005064
        0.0002599388  -0.0000338862   0.0000702432   0.0000225856  -0.0000463170
        0.0000860357   0.0001732977   0.0000398781   0.0001013050   0.0014265848
        0.0006875803  -0.0006880532   0.0005802271   0.0001768139  -0.0005263472
       -0.0070918475  -0.0059090458  -0.0024154414   0.0795814224  -0.2194976030
        0.0697526244   0.0500951055  -0.0602411881  -0.0356928778  -0.0075632546
       -0.0474232666  -0.0269975608  -0.0006054850   0.0009998753  -0.0007532548
       -0.0010349939   0.0004190220   0.0000224136   0.0013712824  -0.0057596538
        0.0020907322
        0.0006682028   0.0003043140  -0.0005744488   0.0130790495   0.0088160160
       -0.0016654286  -0.0061059848  -0.0050995560  -0.0673153608  -0.0027356138
       -0.0022741123   0.5241350570   0.0062939826   0.0088493472   0.0007280347
        0.0002508868  -0.0000174389   0.0003038968   0.0001875475   0.0000685179
        0.0001206004  -0.0002798589  -0.0000944329  -0.0001141904   0.0014396973
        0.0010874240   0.0009575929   0.0025140937   0.0002562941  -0.0015376620
       -0.0209854210  -0.0215519440  -0.0043612500  -0.0310164262   0.0700987757
       -0.0729696135   0.1050969840  -0.0358159695  -0.1229301066  -0.0691446371
       -0.0273330192  -0.2552492599   0.0008349795   0.0007845017   0.0005413729
        0.0001200178  -0.0004721863   0.0001202378  -0.0002174995   0.0023934686
       -0.0001894721
       -0.0026319036   0.0016104388   0.0016071036  -0.0144197187   0.0205568190
       -0.0030637273  -0.0815487454   0.0423154965  -0.0188360707   0.0050211298
       -0.0168078609   0.0062939826   0.5166575149   0.0246336293  -0.0101348954
       -0.0009985939   0.0001424875  -0.0004476853   0.0000439543   0.0000953469
        0.0000913725  -0.0001402140  -0.0000510436   0.0000079142  -0.0017078831
        0.0011675274   0.0006986343   0.0002395355   0.0018864014  -0.0009597134
       -0.0035658935   0.0095486858  -0.0059479426  -0.0022298868  -0.0041906507
        0.0002374550   0.0006606222  -0.0010230781   0.0000414069   0.0006490348
       -0.0003962555   0.0006218989  -0.0635420007  -0.0074249048  -0.0629253951
       -0.1939633021   0.0472080896   0.1040135813  -0.1585236498  -0.1192711286
       -0.0112979196
        0.0004860960  -0.0006135690  -0.0005537717   0.0090147253  -0.0105877345
        0.0003864080   0.0424108025  -0.1589372913   0.0390067308   0.0036053131
       -0.0286373730   0.0088493472   0.0246336293   0.4731844976   0.0200727365
        0.0002400293   0.0000198851   0.0002330991  -0.0001002623   0.0000278043
       -0.0001623847   0.0000346866  -0.0000493672  -0.0000438964   0.0008963476
       -0.0005932173  -0.0003922897  -0.0010873596   0.0005509261   0.0012471936
        0.0015173423  -0.0014816078   0.0023745236  -0.0032065225  -0.0042319625
        0.0002001657   0.0009174086   0.0005447249  -0.0001413471   0.0009847063
        0.0007944689   0.0004922708  -0.0079015530  -0.0459395569  -0.0244361722
        0.0469583889  -0.0585416072  -0.0342585156  -0.1194037784  -0.1655090202
       -0.0128740980
        0.0009693076  -0.0008152439  -0.0005781912   0.0067572330  -0.0111014680
        0.0036208425  -0.0184854239   0.0385251625  -0.0834394402   0.0008963223
        0.0016005064   0.0007280347  -0.0101348954   0.0200727365   0.5172141451
        0.0003815361  -0.0000865380   0.0003702737  -0.0000847822   0.0001764186
       -0.0000813020   0.0001052459  -0.0001628632   0.0001516312   0.0012217919
       -0.0011466289  -0.0009362282   0.0010265564  -0.0012363209   0.0010311723
       -0.0127580132   0.0264726932  -0.0147860759   0.0001241310  -0.0002974465
        0.0006491566  -0.0001161862   0.0002919617  -0.0000307633   0.0001327543
       -0.0011180173   0.0007324420  -0.0629626799  -0.0238530100  -0.2607842414
        0.1042416340  -0.0343176983  -0.1177974908  -0.0113145317  -0.0130042437
       -0.0460639650
       -0.1867811114   0.0509000915   0.1057752310  -0.0238322205   0.0080219457
        0.0115752146  -0.0039744612   0.0012934529  -0.0032189592  -0.0005979781
        0.0002599388   0.0002508868  -0.0009985939   0.0002400293   0.0003815361
        0.2191595150  -0.0609352374  -0.1209790166   0.0046369203  -0.0008548592
       -0.0020925574  -0.0080389895   0.0011712003   0.0082118358   0.0001999375
       -0.0002844247   0.0005002886   0.0005743380   0.0001178702   0.0003392858
       -0.0000493307  -0.0001321637  -0.0007280892   0.0000275645   0.0000888594
        0.0000458005  -0.0000962179  -0.0001060072   0.0000053957  -0.0000654848
        0.0000401054  -0.0000122793  -0.0000569599   0.0000076219  -0.0000146801
       -0.0001070159   0.0002412075  -0.0000681929   0.0000000885  -0.0000696307
        0.0000282998
        0.0509155950  -0.0641573228  -0.0377114340   0.0057998422  -0.0016692207
       -0.0027066791   0.0011819824   0.0004814628   0.0006861131   0.0002873526
       -0.0000338862  -0.0000174389   0.0001424875   0.0000198851  -0.0000865380
       -0.0609352374   0.0707140337   0.0436454509   0.0216513160  -0.0108684308
       -0.0191577572  -0.0188820350   0.0053969471   0.0152181224  -0.0006199301
        0.0002812044   0.0000480608   0.0003098432  -0.0002468622  -0.0002089012
       -0.0000180615  -0.0001032680   0.0002713180  -0.0000053174   0.0000202131
        0.0000525004   0.0000298620   0.0000866416   0.0000156120  -0.0000106679
        0.0000547713   0.0000227483   0.0000596277   0.0000093844   0.0000034778
        0.0000456233  -0.0000035944   0.0000017466   0.0000477173   0.0000180416
       -0.0000764021
        0.1055747242  -0.0376873230  -0.1197496112  -0.0135638957   0.0046520982
        0.0083058922  -0.0024940055   0.0005329922  -0.0013687786  -0.0003484147
        0.0000702432   0.0003038968  -0.0004476853   0.0002330991   0.0003702737
       -0.1209790166   0.0436454509   0.1380215734   0.0138407113  -0.0074195779
       -0.0118757762   0.0189135809  -0.0043209178  -0.0154482395  -0.0001221565
        0.0003033082   0.0005022560  -0.0002790778  -0.0001096276   0.0004842200
        0.0000480000   0.0000864823   0.0002350909  -0.0000169896  -0.0000582191
       -0.0000809150  -0.0001053821  -0.0000734826   0.0000803223   0.0000490394
        0.0000481002   0.0001038150   0.0000218567  -0.0000433397   0.0001262876
       -0.0000938002   0.0001516554   0.0000406694   0.0000025116  -0.0000109422
       -0.0000509770
       -0.0571113835  -0.0478665871  -0.0269398625  -0.0096799292  -0.0196430421
       -0.0153452769   0.0006293933  -0.0010068950  -0.0010735267  -0.0001350454
        0.0000225856   0.0001875475   0.0000439543  -0.0001002623  -0.0000847822
        0.0046369203   0.0216513160   0.0138407113   0.0673598159   0.0551819448
        0.0351013099  -0.0016662145  -0.0089004581  -0.0032437867  -0.0041454028
        0.0005975452  -0.0039367470   0.0007994686  -0.0001989518   0.0006813863
       -0.0008650790  -0.0000544939   0.0006900535   0.0000253375   0.0000622402
       -0.0000884997  -0.0000543628   0.0000412816   0.0000349000   0.0001172460
        0.0000694958   0.0001339569   0.0000816545  -0.0000580086   0.0001193577
        0.0000002772  -0.0000648256   0.0000165872  -0.0000366504   0.0002671154
       -0.0000933287
       -0.0478279695  -0.2094723203  -0.0989922632  -0.0009897871   0.0034051547
        0.0001900097   0.0003440279   0.0001235841  -0.0000098804   0.0000462806
       -0.0000463170   0.0000685179   0.0000953469   0.0000278043   0.0001764186
       -0.0008548592  -0.0108684308  -0.0074195779   0.0551819448   0.2406926218
        0.1158433256  -0.0068406334  -0.0261583692  -0.0110898790   0.0006850150
        0.0011968640   0.0004512896   0.0003768235   0.0008031978   0.0002778390
       -0.0004429989   0.0001889398   0.0004100291   0.0000493683  -0.0000059397
       -0.0000899304  -0.0000538948   0.0000600198   0.0000145981   0.0000872616
        0.0000675232   0.0000156487   0.0000491203  -0.0000683491   0.0000698465
        0.0000015763  -0.0000156602   0.0000341216   0.0000933776   0.0000696767
        0.0000498866
       -0.0269631037  -0.0989164385  -0.1042010624  -0.0087352975  -0.0156174010
       -0.0128332664   0.0008106545  -0.0000095188   0.0003763620   0.0000429302
        0.0000860357   0.0001206004   0.0000913725  -0.0001623847  -0.0000813020
       -0.0020925574  -0.0191577572  -0.0118757762   0.0351013099   0.1158433256
        0.1210650578   0.0049886422   0.0176268289   0.0094856564  -0.0040393572
        0.0005976781  -0.0026287951   0.0002591125  -0.0006566542   0.0000897989
        0.0003293152   0.0000751932   0.0004449221  -0.0000073029   0.0000583486
       -0.0000505969   0.0000368060   0.0000563979   0.0001125724   0.0001101113
       -0.0000244435   0.0000790622   0.0000089754  -0.0000497144  -0.0000083505
        0.0000984994   0.0000034577  -0.0000058857  -0.0000401104   0.0002470465
       -0.0000889969
       -0.0547507669  -0.0384247793   0.0349569805   0.0031266459   0.0179260196
       -0.0169555998   0.0007439011   0.0004002087  -0.0006674535   0.0000476037
        0.0001732977  -0.0002798589  -0.0001402140   0.0000346866   0.0001052459
       -0.0080389895  -0.0188820350   0.0189135809  -0.0016662145  -0.0068406334
        0.0049886422   0.0638782404   0.0436210315  -0.0378334169   0.0006803207
        0.0002552688   0.0004038216  -0.0035495178   0.0017317933  -0.0039631205
       -0.0001610024   0.0004001316   0.0002206924  -0.0002712446  -0.0002904477
       -0.0000373734   0.0000497471  -0.0000043542  -0.0000069960   0.0000516375
       -0.0000108698   0.0000534967   0.0000671173   0.0000023028   0.0000954137
       -0.0000334983   0.0000046584   0.0000259526  -0.0000337656  -0.0000962794
       -0.0000200076
       -0.0385986708  -0.1726595521   0.1117011394   0.0014845165  -0.0057388988
        0.0069606187  -0.0005558427   0.0000937560   0.0005633770  -0.0000330071
        0.0000398781  -0.0000944329  -0.0000510436  -0.0000493672  -0.0001628632
        0.0011712003   0.0053969471  -0.0043209178  -0.0089004581  -0.0261583692
        0.0176268289   0.0436210315   0.1979953436  -0.1322168255  -0.0002589875
        0.0007077125  -0.0006237032   0.0015821797   0.0006867044   0.0012602579
        0.0005907514  -0.0006668541  -0.0004626826   0.0000233229   0.0002678901
       -0.0000777885   0.0000154982  -0.0000662960  -0.0000125259  -0.0001015816
       -0.0000483377  -0.0001019297  -0.0000709331   0.0001072156  -0.0000790920
        0.0000904464   0.0000108991  -0.0000248349  -0.0000084222   0.0000813287
        0.0000653743
        0.0349669284   0.1119487353  -0.1440189038   0.0002254723   0.0157438390
       -0.0158376954   0.0008002787  -0.0003546737   0.0003787637   0.0001138321
        0.0001013050  -0.0001141904   0.0000079142  -0.0000438964   0.0001516312
        0.0082118358   0.0152181224  -0.0154482395  -0.0032437867  -0.0110898790
        0.0094856564  -0.0378334169  -0.1322168255   0.1673365662   0.0005858667
        0.0002447789   0.0000748763  -0.0039288976   0.0010264821  -0.0026777796
        0.0001292740  -0.0000864267   0.0004550029  -0.0002075933  -0.0003135803
        0.0001016367   0.0000954515  -0.0000766991  -0.0000088525   0.0000097876
        0.0000460760  -0.0000298637   0.0001034806   0.0000008879   0.0000730372
       -0.0000191630  -0.0000407555   0.0001251051  -0.0000172644  -0.0001074906
       -0.0000467507
       -0.0093612175  -0.0193395215  -0.0159416047  -0.0503281045  -0.0395202954
       -0.0237217241   0.0011523054   0.0175146394   0.0137494066   0.0003227003
        0.0014265848   0.0014396973  -0.0017078831   0.0008963476   0.0012217919
        0.0001999375  -0.0006199301  -0.0001221565  -0.0041454028   0.0006850150
       -0.0040393572   0.0006803207  -0.0002589875   0.0005858667   0.0678823918
        0.0458117837   0.0281423012  -0.0008097613  -0.0083554530  -0.0033654958
       -0.0022857039   0.0010982805   0.0019604235  -0.0000971525  -0.0001440645
        0.0005815432  -0.0000218693   0.0000388728   0.0000074890  -0.0010211163
        0.0003372297  -0.0002040080   0.0000296997  -0.0000878387  -0.0000395572
       -0.0003910748   0.0005811104  -0.0002811688  -0.0000980697  -0.0000637734
        0.0000265528
       -0.0003024257   0.0033735944   0.0007435451  -0.0397272392  -0.2026673952
       -0.0996223599   0.0008714163  -0.0082828783  -0.0076180645  -0.0017216720
        0.0006875803   0.0010874240   0.0011675274  -0.0005932173  -0.0011466289
       -0.0002844247   0.0002812044   0.0003033082   0.0005975452   0.0011968640
        0.0005976781   0.0002552688   0.0007077125   0.0002447789   0.0458117837
        0.2324522188   0.1155905058  -0.0078458988  -0.0271879566  -0.0113813523
        0.0008334332  -0.0006803074  -0.0000631633  -0.0001357374   0.0004134177
        0.0002474815  -0.0005489784  -0.0000672966   0.0003876366   0.0005195692
        0.0003686398   0.0003586047   0.0001029407  -0.0001893769   0.0000566830
        0.0003539238  -0.0001887705   0.0002059649   0.0000529678   0.0003759670
        0.0000079580
       -0.0086785485  -0.0165361525  -0.0126397666  -0.0239276165  -0.0986632093
       -0.1066161867   0.0007797920  -0.0148321407  -0.0112354992  -0.0009342125
       -0.0006880532   0.0009575929   0.0006986343  -0.0003922897  -0.0009362282
        0.0005002886   0.0000480608   0.0005022560  -0.0039367470   0.0004512896
       -0.0026287951   0.0004038216  -0.0006237032   0.0000748763   0.0281423012
        0.1155905058   0.1251734572   0.0044346208   0.0164837225   0.0094758864
        0.0021558087  -0.0013093785  -0.0020795213   0.0003868084   0.0004864049
       -0.0008064184  -0.0004663971   0.0000203148   0.0001539883   0.0003735201
        0.0000772045   0.0003927369  -0.0000279268   0.0002046519   0.0000892883
        0.0000837312  -0.0003915105   0.0002286493   0.0000121214   0.0000742829
       -0.0001063161
        0.0023065759   0.0181690396  -0.0173290124  -0.0539138029  -0.0421607093
        0.0356640688  -0.0094822471  -0.0141653339   0.0165672970  -0.0032004557
        0.0005802271   0.0025140937   0.0002395355  -0.0010873596   0.0010265564
        0.0005743380   0.0003098432  -0.0002790778   0.0007994686   0.0003768235
        0.0002591125  -0.0035495178   0.0015821797  -0.0039288976  -0.0008097613
       -0.0078458988   0.0044346208   0.0704765569   0.0438094225  -0.0399253655
       -0.0016413552   0.0001299262   0.0010869417   0.0000094307   0.0003009855
       -0.0000959016  -0.0010103658  -0.0006532300  -0.0000278735   0.0000453505
        0.0000520129   0.0000696887  -0.0010672885   0.0000457072  -0.0003724626
        0.0001781241  -0.0001362804  -0.0001491302   0.0000454141   0.0006926448
        0.0004853417
        0.0009035867  -0.0055669069   0.0068817433  -0.0420631680  -0.1699401032
        0.1066235591   0.0008135045   0.0038359470  -0.0027067199   0.0000521913
        0.0001768139   0.0002562941   0.0018864014   0.0005509261  -0.0012363209
        0.0001178702  -0.0002468622  -0.0001096276  -0.0001989518   0.0008031978
       -0.0006566542   0.0017317933   0.0006867044   0.0010264821  -0.0083554530
       -0.0271879566   0.0164837225   0.0438094225   0.1972647160  -0.1244786559
        0.0004548933  -0.0005499707  -0.0008610415   0.0000725275   0.0002543929
       -0.0001888720  -0.0000159302   0.0002254113   0.0000137822  -0.0000340065
       -0.0001562914   0.0001385015   0.0000213404   0.0002547891  -0.0002369732
        0.0003546987  -0.0002472617  -0.0002570393   0.0004492796  -0.0001575458
       -0.0006921803
        0.0002556866   0.0171163872  -0.0158294063   0.0356493355   0.1062294595
       -0.1357530543   0.0083907193   0.0113165465  -0.0123704395   0.0013809017
       -0.0005263472  -0.0015376620  -0.0009597134   0.0012471936   0.0010311723
        0.0003392858  -0.0002089012   0.0004842200   0.0006813863   0.0002778390
        0.0000897989  -0.0039631205   0.0012602579  -0.0026777796  -0.0033654958
       -0.0113813523   0.0094758864  -0.0399253655  -0.1244786559   0.1582258104
        0.0015297545  -0.0002793425  -0.0014841686  -0.0000838344  -0.0001709722
       -0.0000603222   0.0004655965   0.0005023421   0.0001151412  -0.0000971099
       -0.0001616076   0.0000716015   0.0000874324  -0.0001431795   0.0003868519
       -0.0005164878   0.0003142598   0.0001120052   0.0001310288  -0.0009139271
       -0.0002796554
        0.0002970445   0.0006430918   0.0019757825   0.0012522935   0.0047462073
        0.0216212812  -0.0576615543  -0.0077165421  -0.0566789303  -0.0093160715
       -0.0070918475  -0.0209854210  -0.0035658935   0.0015173423  -0.0127580132
       -0.0000493307  -0.0000180615   0.0000480000  -0.0008650790  -0.0004429989
        0.0003293152  -0.0001610024   0.0005907514   0.0001292740  -0.0022857039
        0.0008334332   0.0021558087  -0.0016413552   0.0004548933   0.0015297545
        0.0770662452   0.0077734052   0.0654264585   0.0004864792   0.0005338787
        0.0000485650   0.0000684721   0.0002129629  -0.0006206794  -0.0032023191
       -0.0038270522  -0.0009465843  -0.0005702228   0.0023718176  -0.0013177839
       -0.0001902568  -0.0001848747  -0.0004444094   0.0003382546  -0.0003964069
        0.0004875822
       -0.0001239763   0.0007823233  -0.0004992679   0.0004634475  -0.0005238140
       -0.0085260662  -0.0078510651  -0.0448270780  -0.0277577371  -0.0104136417
       -0.0059090458  -0.0215519440   0.0095486858  -0.0014816078   0.0264726932
       -0.0001321637  -0.0001032680   0.0000864823  -0.0000544939   0.0001889398
        0.0000751932   0.0004001316  -0.0006668541  -0.0000864267   0.0010982805
       -0.0006803074  -0.0013093785   0.0001299262  -0.0005499707  -0.0002793425
        0.0077734052   0.0596573481   0.0311877453   0.0001309666   0.0002850912
       -0.0006466042   0.0005254365   0.0004714372  -0.0000621822  -0.0039016719
       -0.0034116399  -0.0009092255   0.0025976087  -0.0045746022   0.0030667175
       -0.0002777466   0.0006206174   0.0002435150   0.0000868706   0.0007224310
        0.0004958283
       -0.0020779068   0.0006308745   0.0009676178   0.0006052465  -0.0048571330
       -0.0199928000  -0.0566138893  -0.0281280755  -0.2456351522  -0.0031729434
       -0.0024154414  -0.0043612500  -0.0059479426   0.0023745236  -0.0147860759
       -0.0007280892   0.0002713180   0.0002350909   0.0006900535   0.0004100291
        0.0004449221   0.0002206924  -0.0004626826   0.0004550029   0.0019604235
       -0.0000631633  -0.0020795213   0.0010869417  -0.0008610415  -0.0014841686
        0.0654264585   0.0311877453   0.2844740320   0.0003080638  -0.0000527077
        0.0002816592   0.0000227541   0.0003317391   0.0005275523  -0.0007550814
       -0.0008313598   0.0008381055  -0.0013719635   0.0030023516  -0.0005654647
        0.0000247724  -0.0003335964   0.0005445477   0.0003224098  -0.0002033800
        0.0001359023
        0.0000570053  -0.0003175536   0.0000656179   0.0004743042  -0.0006532422
        0.0001359364   0.0062624986  -0.0179748964   0.0068853636  -0.0781120907
        0.0795814224  -0.0310164262  -0.0022298868  -0.0032065225   0.0001241310
        0.0000275645  -0.0000053174  -0.0000169896   0.0000253375   0.0000493683
       -0.0000073029  -0.0002712446   0.0000233229  -0.0002075933  -0.0000971525
       -0.0001357374   0.0003868084   0.0000094307   0.0000725275  -0.0000838344
        0.0004864792   0.0001309666   0.0003080638   0.0906008715  -0.0903435453
        0.0359386079  -0.0129993569   0.0243778206  -0.0074947160  -0.0045385629
        0.0095698482  -0.0052960638  -0.0001013765  -0.0000071019   0.0000885618
       -0.0000448794  -0.0000579931  -0.0001439814   0.0004510588  -0.0011033667
        0.0003338170
        0.0001178631  -0.0001263905   0.0000301193   0.0008776291   0.0003586556
       -0.0003224310   0.0055465359  -0.0242130477   0.0082129400   0.0795912537
       -0.2194976030   0.0700987757  -0.0041906507  -0.0042319625  -0.0002974465
        0.0000888594   0.0000202131  -0.0000582191   0.0000622402  -0.0000059397
        0.0000583486  -0.0002904477   0.0002678901  -0.0003135803  -0.0001440645
        0.0004134177   0.0004864049   0.0003009855   0.0002543929  -0.0001709722
        0.0005338787   0.0002850912  -0.0000527077  -0.0903435453   0.2568494880
       -0.0817570671   0.0075683146  -0.0107768278   0.0028120584   0.0005429589
        0.0014499180   0.0009604259  -0.0001812937   0.0001803934  -0.0003506477
       -0.0003484152   0.0003031821   0.0000834287   0.0002678980  -0.0015308709
        0.0005805701
        0.0000560383  -0.0001114178   0.0000281979  -0.0001149619   0.0005797000
        0.0002305986   0.0007381137   0.0002842408   0.0001623007  -0.0310437946
        0.0697526244  -0.0729696135   0.0002374550   0.0002001657   0.0006491566
        0.0000458005   0.0000525004  -0.0000809150  -0.0000884997  -0.0000899304
       -0.0000505969  -0.0000373734  -0.0000777885   0.0001016367   0.0005815432
        0.0002474815  -0.0008064184  -0.0000959016  -0.0001888720  -0.0000603222
        0.0000485650  -0.0006466042   0.0002816592   0.0359386079  -0.0817570671
        0.0813870871   0.0084312510  -0.0160040758   0.0057207053  -0.0147104625
        0.0278266047  -0.0149956813   0.0000439121  -0.0001366995   0.0001957987
        0.0000101897  -0.0000500892  -0.0000628662  -0.0000404829   0.0001192269
        0.0002692727
       -0.0004677793  -0.0000181651   0.0003904805  -0.0034650202  -0.0036672557
        0.0004049553  -0.0214375738   0.0029140310   0.0132365443  -0.1870285406
        0.0500951055   0.1050969840   0.0006606222   0.0009174086  -0.0001161862
       -0.0000962179   0.0000298620  -0.0001053821  -0.0000543628  -0.0000538948
        0.0000368060   0.0000497471   0.0000154982   0.0000954515  -0.0000218693
       -0.0005489784  -0.0004663971  -0.0010103658  -0.0000159302   0.0004655965
        0.0000684721   0.0005254365   0.0000227541  -0.0129993569   0.0075683146
        0.0084312510   0.2188875391  -0.0559867899  -0.1235025591   0.0064242843
       -0.0016012492  -0.0037161413  -0.0001057679  -0.0000302956  -0.0000126854
        0.0004839764  -0.0005124549  -0.0001426910   0.0001122134   0.0003693574
       -0.0001187808
       -0.0004300453   0.0001151695   0.0002347464  -0.0029867603  -0.0023307886
        0.0001853672  -0.0167496083   0.0038627007   0.0115577553   0.0497694385
       -0.0602411881  -0.0358159695  -0.0010230781   0.0005447249   0.0002919617
       -0.0001060072   0.0000866416  -0.0000734826   0.0000412816   0.0000600198
        0.0000563979  -0.0000043542  -0.0000662960  -0.0000766991   0.0000388728
       -0.0000672966   0.0000203148  -0.0006532300   0.0002254113   0.0005023421
        0.0002129629   0.0004714372   0.0003317391   0.0243778206  -0.0107768278
       -0.0160040758  -0.0559867899   0.0697946596   0.0420583662   0.0034987803
       -0.0008300851  -0.0032945124   0.0000424261  -0.0001311076  -0.0000090201
       -0.0000866369  -0.0007960731   0.0000522530   0.0000449275   0.0000788983
       -0.0000174842
        0.0001536779   0.0000929959   0.0000239880   0.0004391804   0.0000114424
        0.0006803079   0.0014048100   0.0005622413  -0.0001949147   0.1049877448
       -0.0356928778  -0.1229301066   0.0000414069  -0.0001413471  -0.0000307633
        0.0000053957   0.0000156120   0.0000803223   0.0000349000   0.0000145981
        0.0001125724  -0.0000069960  -0.0000125259  -0.0000088525   0.0000074890
        0.0003876366   0.0001539883  -0.0000278735   0.0000137822   0.0001151412
       -0.0006206794  -0.0000621822   0.0005275523  -0.0074947160   0.0028120584
        0.0057207053  -0.1235025591   0.0420583662   0.1394765103   0.0247875878
       -0.0104083222  -0.0236664785   0.0001650289  -0.0000390692  -0.0003086389
       -0.0001562386   0.0004911224   0.0002568666  -0.0002181586  -0.0001035312
       -0.0000081999
       -0.0001434884   0.0001065201   0.0001143975   0.0007144867  -0.0004257247
       -0.0012817876  -0.0100795151  -0.0059849108  -0.0215304956  -0.0669140028
       -0.0075632546  -0.0691446371   0.0006490348   0.0009847063   0.0001327543
       -0.0000654848  -0.0000106679   0.0000490394   0.0001172460   0.0000872616
        0.0001101113   0.0000516375  -0.0001015816   0.0000097876  -0.0010211163
        0.0005195692   0.0003735201   0.0000453505  -0.0000340065  -0.0000971099
       -0.0032023191  -0.0039016719  -0.0007550814  -0.0045385629   0.0005429589
       -0.0147104625   0.0064242843   0.0034987803   0.0247875878   0.0777824981
        0.0121783721   0.0814593092   0.0002303047  -0.0002117997   0.0003139335
       -0.0000829588  -0.0000013593   0.0001643772   0.0000326057   0.0003168085
        0.0000047562
        0.0000424314   0.0000123577   0.0001324916   0.0007899792   0.0003267641
       -0.0000520118  -0.0094796211  -0.0055089491  -0.0214168480  -0.0078707668
       -0.0474232666  -0.0273330192  -0.0003962555   0.0007944689  -0.0011180173
        0.0000401054   0.0000547713   0.0000481002   0.0000694958   0.0000675232
       -0.0000244435  -0.0000108698  -0.0000483377   0.0000460760   0.0003372297
        0.0003686398   0.0000772045   0.0000520129  -0.0001562914  -0.0001616076
       -0.0038270522  -0.0034116399  -0.0008313598   0.0095698482   0.0014499180
        0.0278266047  -0.0016012492  -0.0008300851  -0.0104083222   0.0121783721
        0.0547707703   0.0327010456  -0.0000889957  -0.0005221743   0.0005617455
        0.0000299195  -0.0001662891  -0.0001230606   0.0001654162   0.0002218199
        0.0000754218
        0.0000743334   0.0000919047   0.0000354259   0.0006510327   0.0002946535
        0.0004462483  -0.0044681964  -0.0037154164  -0.0045938936  -0.0687113910
       -0.0269975608  -0.2552492599   0.0006218989   0.0004922708   0.0007324420
       -0.0000122793   0.0000227483   0.0001038150   0.0001339569   0.0000156487
        0.0000790622   0.0000534967  -0.0001019297  -0.0000298637  -0.0002040080
        0.0003586047   0.0003927369   0.0000696887   0.0001385015   0.0000716015
       -0.0009465843  -0.0009092255   0.0008381055  -0.0052960638   0.0009604259
       -0.0149956813  -0.0037161413  -0.0032945124  -0.0236664785   0.0814593092
        0.0327010456   0.2956424876   0.0001161112  -0.0002370245   0.0004801904
       -0.0000211257  -0.0000822187  -0.0003154228   0.0001959622   0.0002620845
        0.0000284846
       -0.0001132392  -0.0000403185   0.0001028890   0.0004809286  -0.0001618916
       -0.0008915829  -0.0046642104   0.0011817874  -0.0132345776   0.0004918213
       -0.0006054850   0.0008349795  -0.0635420007  -0.0079015530  -0.0629626799
       -0.0000569599   0.0000596277   0.0000218567   0.0000816545   0.0000491203
        0.0000089754   0.0000671173  -0.0000709331   0.0001034806   0.0000296997
        0.0001029407  -0.0000279268  -0.0010672885   0.0000213404   0.0000874324
       -0.0005702228   0.0025976087  -0.0013719635  -0.0001013765  -0.0001812937
        0.0000439121  -0.0001057679   0.0000424261   0.0001650289   0.0002303047
       -0.0000889957   0.0001161112   0.0716133255   0.0069517023   0.0750407833
        0.0057389157   0.0035619450   0.0259493749  -0.0085127014  -0.0055180280
       -0.0239860932
        0.0000462829  -0.0000751715  -0.0001170483  -0.0005455851   0.0006983335
        0.0004109466   0.0084204327   0.0000517587   0.0261871223   0.0007082594
        0.0009998753   0.0007845017  -0.0074249048  -0.0459395569  -0.0238530100
        0.0000076219   0.0000093844  -0.0000433397  -0.0000580086  -0.0000683491
       -0.0000497144   0.0000023028   0.0001072156   0.0000008879  -0.0000878387
       -0.0001893769   0.0002046519   0.0000457072   0.0002547891  -0.0001431795
        0.0023718176  -0.0045746022   0.0030023516  -0.0000071019   0.0001803934
       -0.0001366995  -0.0000302956  -0.0001311076  -0.0000390692  -0.0002117997
       -0.0005221743  -0.0002370245   0.0069517023   0.0538251100   0.0260145982
       -0.0018092868  -0.0005453120  -0.0085515139  -0.0083793055  -0.0040812095
       -0.0234344611
        0.0000506741  -0.0001260850   0.0001398748   0.0007591997  -0.0004969711
        0.0004818576  -0.0060724968   0.0033730747  -0.0151431798   0.0001722995
       -0.0007532548   0.0005413729  -0.0629253951  -0.0244361722  -0.2607842414
       -0.0000146801   0.0000034778   0.0001262876   0.0001193577   0.0000698465
       -0.0000083505   0.0000954137  -0.0000790920   0.0000730372  -0.0000395572
        0.0000566830   0.0000892883  -0.0003724626  -0.0002369732   0.0003868519
       -0.0013177839   0.0030667175  -0.0005654647   0.0000885618  -0.0003506477
        0.0001957987  -0.0000126854  -0.0000090201  -0.0003086389   0.0003139335
        0.0005617455   0.0004801904   0.0750407833   0.0260145982   0.3030126108
       -0.0030525195  -0.0041256174  -0.0232328660  -0.0028326427  -0.0025323098
       -0.0054844288
       -0.0003369361   0.0003383970   0.0002974572  -0.0010845970   0.0028635127
       -0.0007914933  -0.0125449309   0.0066084722   0.0066483096   0.0006903884
       -0.0010349939   0.0001200178  -0.1939633021   0.0469583889   0.1042416340
       -0.0001070159   0.0000456233  -0.0000938002   0.0000002772   0.0000015763
        0.0000984994  -0.0000334983   0.0000904464  -0.0000191630  -0.0003910748
        0.0003539238   0.0000837312   0.0001781241   0.0003546987  -0.0005164878
       -0.0001902568  -0.0002777466   0.0000247724  -0.0000448794  -0.0003484152
        0.0000101897   0.0004839764  -0.0000866369  -0.0001562386  -0.0000829588
        0.0000299195  -0.0000211257   0.0057389157  -0.0018092868  -0.0030525195
        0.2252291601  -0.0572072885  -0.1218449862  -0.0235413918   0.0031194092
        0.0149712031
        0.0007971427  -0.0004265972  -0.0004819123   0.0024778192  -0.0042256514
        0.0016592839   0.0220704362  -0.0100551715  -0.0133422649   0.0008939264
        0.0004190220  -0.0004721863   0.0472080896  -0.0585416072  -0.0343176983
        0.0002412075  -0.0000035944   0.0001516554  -0.0000648256  -0.0000156602
        0.0000034577   0.0000046584   0.0000108991  -0.0000407555   0.0005811104
       -0.0001887705  -0.0003915105  -0.0001362804  -0.0002472617   0.0003142598
       -0.0001848747   0.0006206174  -0.0003335964  -0.0000579931   0.0003031821
       -0.0000500892  -0.0005124549  -0.0007960731   0.0004911224  -0.0000013593
       -0.0001662891  -0.0000822187   0.0035619450  -0.0005453120  -0.0041256174
       -0.0572072885   0.0690194201   0.0383765791  -0.0196712589   0.0048388476
        0.0126414912
       -0.0001647063  -0.0000179042   0.0001703982  -0.0003670431   0.0015463201
        0.0003688528  -0.0062871681   0.0021203221   0.0047915661  -0.0003067276
        0.0000224136   0.0001202378   0.1040135813  -0.0342585156  -0.1177974908
       -0.0000681929   0.0000017466   0.0000406694   0.0000165872   0.0000341216
       -0.0000058857   0.0000259526  -0.0000248349   0.0001251051  -0.0002811688
        0.0002059649   0.0002286493  -0.0001491302  -0.0002570393   0.0001120052
       -0.0004444094   0.0002435150   0.0005445477  -0.0001439814   0.0000834287
       -0.0000628662  -0.0001426910   0.0000522530   0.0002568666   0.0001643772
       -0.0001230606  -0.0003154228   0.0259493749  -0.0085515139  -0.0232328660
       -0.1218449862   0.0383765791   0.1339775495   0.0000303319   0.0005462039
        0.0006780837
        0.0000307893   0.0001512573  -0.0000735140   0.0004448495   0.0008101348
       -0.0001074554   0.0061636700   0.0061549899   0.0009648914   0.0001057202
        0.0013712824  -0.0002174995  -0.1585236498  -0.1194037784  -0.0113145317
        0.0000000885   0.0000477173   0.0000025116  -0.0000366504   0.0000933776
       -0.0000401104  -0.0000337656  -0.0000084222  -0.0000172644  -0.0000980697
        0.0000529678   0.0000121214   0.0000454141   0.0004492796   0.0001310288
        0.0003382546   0.0000868706   0.0003224098   0.0004510588   0.0002678980
       -0.0000404829   0.0001122134   0.0000449275  -0.0002181586   0.0000326057
        0.0001654162   0.0001959622  -0.0085127014  -0.0083793055  -0.0028326427
       -0.0235413918  -0.0196712589   0.0000303319   0.1830215647   0.1377666460
        0.0132024025
       -0.0001718410  -0.0000101513   0.0000000200  -0.0010876536   0.0002248207
        0.0003714881  -0.0171215349  -0.0247524733  -0.0002983563   0.0023676618
       -0.0057596538   0.0023934686  -0.1192711286  -0.1655090202  -0.0130042437
       -0.0000696307   0.0000180416  -0.0000109422   0.0002671154   0.0000696767
        0.0002470465  -0.0000962794   0.0000813287  -0.0001074906  -0.0000637734
        0.0003759670   0.0000742829   0.0006926448  -0.0001575458  -0.0009139271
       -0.0003964069   0.0007224310  -0.0002033800  -0.0011033667  -0.0015308709
        0.0001192269   0.0003693574   0.0000788983  -0.0001035312   0.0003168085
        0.0002218199   0.0002620845  -0.0055180280  -0.0040812095  -0.0025323098
        0.0031194092   0.0048388476   0.0005462039   0.1377666460   0.1951690934
        0.0131603594
        0.0001349779   0.0000972479  -0.0000429342  -0.0000800570  -0.0006464271
        0.0002969533   0.0066231395   0.0084761830   0.0003163761  -0.0007018855
        0.0020907322  -0.0001894721  -0.0112979196  -0.0128740980  -0.0460639650
        0.0000282998  -0.0000764021  -0.0000509770  -0.0000933287   0.0000498866
       -0.0000889969  -0.0000200076   0.0000653743  -0.0000467507   0.0000265528
        0.0000079580  -0.0001063161   0.0004853417  -0.0006921803  -0.0002796554
        0.0004875822   0.0004958283   0.0001359023   0.0003338170   0.0005805701
        0.0002692727  -0.0001187808  -0.0000174842  -0.0000081999   0.0000047562
        0.0000754218   0.0000284846  -0.0239860932  -0.0234344611  -0.0054844288
        0.0149712031   0.0126414912   0.0006780837   0.0132024025   0.0131603594
        0.0506366235
