$hessian                                                                        
        0.6754323161  -0.0000001691   0.0000001492  -0.1514332308   0.1374476835
       -0.0000437228  -0.0368293497   0.0259373308  -0.0000075909   0.0050787665
       -0.0000003693  -0.0000000794  -0.0368305493  -0.0259366294   0.0000079108
       -0.1514353789  -0.1374489920   0.0000444547  -0.0033468763   0.0000000224
       -0.0000000159   0.0007744719   0.0016910890   0.0000000896   0.0007744669
       -0.0016911089  -0.0000000123  -0.3042742784   0.0000014305  -0.0000013270
        0.0066527999  -0.0120345701   0.0000043192  -0.0056079826  -0.0000277316
       -0.0000003091  -0.0056079822   0.0000278007   0.0000004784   0.0066528069
        0.0120342134  -0.0000043446
       -0.0000001691   0.6451420856  -0.0001681536   0.0587765453  -0.2709524878
        0.0000713317   0.0837345820   0.0272610414  -0.0000073929  -0.0000003692
       -0.0624562558   0.0000127336  -0.0837338808   0.0272622413  -0.0000061424
       -0.0587778528  -0.2709503376   0.0000711873   0.0000000132  -0.0007033746
        0.0000054364  -0.0009318766  -0.0003439384  -0.0000015688   0.0009318651
       -0.0003439300  -0.0000016488   0.0000014302  -0.0434882319   0.0000033250
        0.0113898120  -0.0259306380   0.0000081909  -0.0000119763   0.0007172362
        0.0000020518   0.0000120457   0.0007172356   0.0000020551  -0.0113901688
       -0.0259306459   0.0000085948
        0.0000001492  -0.0001681536   0.1205352795  -0.0000171644   0.0000707401
       -0.0494112550  -0.0000271184  -0.0000073602   0.0015060150   0.0000000153
        0.0000142326  -0.0070760463   0.0000273736  -0.0000062609   0.0015059608
        0.0000177674   0.0000707668  -0.0494112115   0.0000000214  -0.0000063969
       -0.0003655448   0.0000020845   0.0000035944   0.0000326762  -0.0000021162
        0.0000035857   0.0000326821  -0.0000010178   0.0000029258  -0.0358919433
       -0.0000039157   0.0000087904   0.0010231182   0.0000003346   0.0000024817
        0.0082485710  -0.0000002733   0.0000023877   0.0082485732   0.0000038598
        0.0000086666   0.0010231250
       -0.1514332308   0.0587765453  -0.0000171644   0.6583320805   0.0186807032
       -0.0000115236  -0.3388078850   0.0387500756  -0.0000074672  -0.0406104276
       -0.0793416546   0.0000237223  -0.0461278572   0.0292708892  -0.0000094021
        0.0597525579   0.0278501751  -0.0000095314   0.0051415517  -0.0029983027
       -0.0000004788  -0.0026995997  -0.0025090315   0.0000005963   0.0003712456
        0.0013066168   0.0000005989  -0.0175382732   0.0255416837  -0.0000077862
       -0.1091296664  -0.1138106422   0.0000362700  -0.0162734839   0.0016191957
        0.0000005121  -0.0004384303   0.0001678774   0.0000003529  -0.0005385816
       -0.0033041313   0.0000013012
        0.1374476835  -0.2709524878   0.0000707401   0.0186807032   0.6675070391
       -0.0001776127  -0.0391981509  -0.0941267547   0.0000146703  -0.0216302079
        0.0262037568  -0.0000048847   0.0281544487  -0.0125536566   0.0000022933
       -0.0278515520  -0.0659424213   0.0000209659  -0.0062252089  -0.0058387441
        0.0000027475  -0.0014655915   0.0006150041  -0.0000006617   0.0017627194
       -0.0005468052  -0.0000001998   0.0020092689  -0.0012491505   0.0000007085
       -0.1135834613  -0.2393706918   0.0000675290   0.0242732962  -0.0001353067
        0.0000001040   0.0005103681   0.0006230500   0.0000004542  -0.0028843156
       -0.0042328314   0.0000031459
       -0.0000437228   0.0000713317  -0.0494112550  -0.0000115236  -0.0001776127
        0.1169851339   0.0000168959   0.0000155212  -0.0475553349   0.0000071199
       -0.0000089877   0.0005966949  -0.0000084878   0.0000017501  -0.0050953156
        0.0000093504   0.0000204401   0.0019181667   0.0000003664   0.0000073830
        0.0098717715   0.0000017359  -0.0000002625  -0.0013806137  -0.0000009372
       -0.0000012521  -0.0014282194  -0.0000005445   0.0000008209   0.0016007624
        0.0000367713   0.0000669040  -0.0350555043  -0.0000077107   0.0000004841
        0.0016344829  -0.0000000886  -0.0000002995  -0.0004128951   0.0000007754
        0.0000037795   0.0077321259
       -0.0368293497   0.0837345820  -0.0000271184  -0.3388078850  -0.0391981509
        0.0000168959   0.6708392919  -0.0223863476  -0.0000000943  -0.1249061159
       -0.0568164335   0.0000243709   0.0508966995  -0.0236584705   0.0000081668
       -0.0461284853  -0.0281540810   0.0000092984  -0.0324147676  -0.0249125111
        0.0000100251  -0.0080218097  -0.0011463132  -0.0000019072  -0.0025079991
       -0.0078113847  -0.0000001587  -0.0012474260   0.0032637772  -0.0000007216
       -0.0183659472  -0.0026759101   0.0000005961  -0.1108473182   0.1169061920
       -0.0000373370  -0.0013262174   0.0034416056  -0.0000022492  -0.0003326704
       -0.0005865544   0.0000002332
        0.0259373308   0.0272610414  -0.0000073602   0.0387500756  -0.0941267547
        0.0000155212  -0.0223863476   0.6591415771  -0.0001723227  -0.1157117790
       -0.2720896735   0.0000711494   0.0236572276  -0.0626204232   0.0000204738
       -0.0292705208  -0.0125530278   0.0000015248  -0.0237609608   0.0016709517
       -0.0000050659   0.0030861693   0.0038160687   0.0000026242   0.0038329414
       -0.0048721138   0.0000012883   0.0030442957  -0.0041004838   0.0000033578
       -0.0257773011  -0.0013243296   0.0000002601   0.1162184336  -0.2367682845
        0.0000653129   0.0031056808  -0.0040339740   0.0000033277  -0.0007252457
        0.0005994260  -0.0000000914
       -0.0000075909  -0.0000073929   0.0015060150  -0.0000074672   0.0000146703
       -0.0475553349  -0.0000000943  -0.0001723227   0.1174478750   0.0000408159
        0.0000702608  -0.0488870151  -0.0000088231   0.0000207464   0.0013670037
        0.0000092986   0.0000021304  -0.0050953389   0.0000050264  -0.0000005939
       -0.0023342286  -0.0000021595  -0.0000007889   0.0025055375   0.0000019472
        0.0000020714   0.0011466723  -0.0000010916   0.0000036968   0.0078052317
        0.0000086130   0.0000005777   0.0005626109  -0.0000381321   0.0000639366
       -0.0351524810  -0.0000005834   0.0000031679   0.0068667131   0.0000002411
       -0.0000001599  -0.0001832607
        0.0050787665  -0.0000003692   0.0000000153  -0.0406104276  -0.0216302079
        0.0000071199  -0.1249061159  -0.1157117790   0.0000408159   0.5350721926
        0.0000009992  -0.0000011624  -0.1249042263   0.1157101649  -0.0000397279
       -0.0406093230   0.0216309388  -0.0000067130  -0.1203613369   0.0000002950
       -0.0000001149  -0.0472580772  -0.0363087983  -0.0000090775  -0.0472570945
        0.0363090740   0.0000089643   0.0013082390  -0.0000000121  -0.0000000096
       -0.0055533766  -0.0001503155   0.0000004101   0.0077770932   0.0117498117
       -0.0000068013   0.0077770669  -0.0117501908   0.0000065985  -0.0055533802
        0.0001503892  -0.0000003175
       -0.0000003693  -0.0624562558   0.0000142326  -0.0793416546   0.0262037568
       -0.0000089877  -0.0568164335  -0.2720896735   0.0000702608   0.0000009992
        0.7169647297  -0.0001512908   0.0568148188  -0.2720915580   0.0000684196
        0.0793423867   0.0262026515  -0.0000095779   0.0000002898  -0.0678112054
        0.0000166383  -0.0525251215  -0.0214307004  -0.0000122239   0.0525253999
       -0.0214316747  -0.0000116739  -0.0000000113  -0.0008612792   0.0000013964
        0.0004651545   0.0012001615   0.0000028941  -0.0093460284  -0.0267995709
        0.0000084235   0.0093456502  -0.0267995461   0.0000084287  -0.0004650805
        0.0012001646   0.0000030601
       -0.0000000794   0.0000127336  -0.0070760463   0.0000237223  -0.0000048847
        0.0005966949   0.0000243709   0.0000711494  -0.0488870151  -0.0000011624
       -0.0001512908   0.1232014027  -0.0000233090   0.0000689720  -0.0488868848
       -0.0000233249  -0.0000047976   0.0005967206   0.0000008522  -0.0000079807
       -0.0787399102  -0.0000092205  -0.0000038765   0.0190428632   0.0000079879
       -0.0000028064   0.0190427160  -0.0000000088   0.0000004039   0.0004751947
        0.0000004962   0.0000022541   0.0084666996   0.0000037929   0.0000089533
        0.0018505136  -0.0000037781   0.0000088969   0.0018504336  -0.0000003393
        0.0000022735   0.0084666175
       -0.0368305493  -0.0837338808   0.0000273736  -0.0461278572   0.0281544487
       -0.0000084878   0.0508966995   0.0236572276  -0.0000088231  -0.1249042263
        0.0568148188  -0.0000233090   0.6708397858   0.0223862294  -0.0000042943
       -0.3388078850   0.0392008285  -0.0000137451  -0.0324142311   0.0249128807
       -0.0000098849  -0.0025079532   0.0078113592   0.0000002431  -0.0080218310
        0.0011464448   0.0000017831  -0.0012474953  -0.0032638088   0.0000008246
       -0.0003326558   0.0005865645  -0.0000002741  -0.0013262890  -0.0034416351
        0.0000023170  -0.1108498763  -0.1169075744   0.0000364165  -0.0183656358
        0.0026760969  -0.0000001397
       -0.0259366294   0.0272622413  -0.0000062609   0.0292708892  -0.0125536566
        0.0000017501  -0.0236584705  -0.0626204232   0.0000207464   0.1157101649
       -0.2720915580   0.0000689720   0.0223862294   0.6591410672  -0.0001523546
       -0.0387473991  -0.0941267453  -0.0000000540   0.0237613343   0.0016704190
       -0.0000060900  -0.0038329680  -0.0048721565  -0.0000003159  -0.0030860394
        0.0038160906   0.0000010314  -0.0030443274  -0.0041004154   0.0000049160
        0.0007252568   0.0005994110   0.0000008944  -0.0031057094  -0.0040339021
        0.0000030038  -0.1162198180  -0.2367657306   0.0000629864   0.0257774865
       -0.0013246413   0.0000007750
        0.0000079108  -0.0000061424   0.0015059608  -0.0000094021   0.0000022933
       -0.0050953156   0.0000081668   0.0000204738   0.0013670037  -0.0000397279
        0.0000684196  -0.0488868848  -0.0000042943  -0.0001523546   0.1174475411
        0.0000114659  -0.0000018468  -0.0475551683  -0.0000046876  -0.0000016299
       -0.0023341238  -0.0000016808   0.0000011394   0.0011466411   0.0000018413
       -0.0000017299   0.0025054697   0.0000010277   0.0000046244   0.0078052222
       -0.0000009218   0.0000003862  -0.0001832748  -0.0000000203   0.0000030414
        0.0068667179   0.0000380669   0.0000622221  -0.0351524003  -0.0000077445
        0.0000011034   0.0005626109
       -0.1514353789  -0.0587778528   0.0000177674   0.0597525579  -0.0278515520
        0.0000093504  -0.0461284853  -0.0292705208   0.0000092986  -0.0406093230
        0.0793423867  -0.0000233249  -0.3388078850  -0.0387473991   0.0000114659
        0.6583316799  -0.0186806019   0.0000058904   0.0051416518   0.0029981795
        0.0000005872   0.0003712130  -0.0013066258  -0.0000006430  -0.0026995561
        0.0025090691  -0.0000005942  -0.0175385753  -0.0255415058   0.0000080208
       -0.0005385139   0.0033040910  -0.0000012251  -0.0004384380  -0.0001678658
       -0.0000002890  -0.0162737667  -0.0016190188  -0.0000001972  -0.1091271803
        0.1138092163  -0.0000361072
       -0.1374489920  -0.2709503376   0.0000707668   0.0278501751  -0.0659424213
        0.0000204401  -0.0281540810  -0.0125530278   0.0000021304   0.0216309388
        0.0262026515  -0.0000047976   0.0392008285  -0.0941267453  -0.0000018468
       -0.0186806019   0.6675074270  -0.0001618072   0.0062250891  -0.0058388463
        0.0000036341  -0.0017627292  -0.0005467721   0.0000013326   0.0014656278
        0.0006149602   0.0000009180  -0.0020090911  -0.0012488486  -0.0000006504
        0.0028842746  -0.0042328987   0.0000023243  -0.0005103574   0.0006230573
        0.0000008188  -0.0242731183  -0.0001350230   0.0000008722   0.1135820370
       -0.2393731750   0.0000658648
        0.0000444547   0.0000711873  -0.0494112115  -0.0000095314   0.0000209659
        0.0019181667   0.0000092984   0.0000015248  -0.0050953389  -0.0000067130
       -0.0000095779   0.0005967206  -0.0000137451  -0.0000000540  -0.0475551683
        0.0000058904  -0.0001618072   0.1169849378  -0.0000003642   0.0000079691
        0.0098717029   0.0000005596  -0.0000002263  -0.0014282230  -0.0000013065
        0.0000006070  -0.0013805953   0.0000006191  -0.0000001193   0.0016007738
       -0.0000000162   0.0000031872   0.0077321294   0.0000007748  -0.0000000497
       -0.0004128928   0.0000070926   0.0000007508   0.0016344786  -0.0000370133
        0.0000656423  -0.0350554800
       -0.0033468763   0.0000000132   0.0000000214   0.0051415517  -0.0062252089
        0.0000003664  -0.0324147676  -0.0237609608   0.0000050264  -0.1203613369
        0.0000002898   0.0000008522  -0.0324142311   0.0237613343  -0.0000046876
        0.0051416518   0.0062250891  -0.0000003642   0.5786651170   0.0000022734
        0.0000029328  -0.2012294558  -0.1745996948  -0.0000467710  -0.2012252770
        0.1745969164   0.0000424605   0.0001312028  -0.0000000030   0.0000000893
       -0.0000504623   0.0004987058   0.0000004901   0.0010066649   0.0011411875
        0.0000003492   0.0010066676  -0.0011412313  -0.0000004118  -0.0000504488
       -0.0004987107  -0.0000003536
        0.0000000224  -0.0007033746  -0.0000063969  -0.0029983027  -0.0058387441
        0.0000073830  -0.0249125111   0.0016709517  -0.0000005939   0.0000002950
       -0.0678112054  -0.0000079807   0.0249128807   0.0016704190  -0.0000016299
        0.0029981795  -0.0058388463   0.0000079691   0.0000022734   0.9849223325
        0.0002818413  -0.2042935166  -0.4504215153  -0.0001387872   0.2042907352
       -0.4504256084  -0.0001283015  -0.0000000024  -0.0004271408  -0.0000015741
       -0.0017278708  -0.0004412856  -0.0000005212  -0.0014857457  -0.0029573398
       -0.0000057567   0.0014856994  -0.0029573433  -0.0000054551   0.0017278639
       -0.0004412998  -0.0000001960
       -0.0000000159   0.0000054364  -0.0003655448  -0.0000004788   0.0000027475
        0.0098717715   0.0000100251  -0.0000050659  -0.0023342286  -0.0000001149
        0.0000166383  -0.0787399102  -0.0000098849  -0.0000060900  -0.0023341238
        0.0000005872   0.0000036341   0.0098717029   0.0000029328   0.0002818413
        0.2091203787  -0.0000762080  -0.0001484320  -0.0683830194   0.0000731531
       -0.0001436215  -0.0683829101  -0.0000000141  -0.0000022332  -0.0025919965
        0.0000016302  -0.0000003510   0.0002922302  -0.0000003124  -0.0000020930
       -0.0031583061   0.0000002535  -0.0000020708  -0.0031582835  -0.0000015530
       -0.0000003403   0.0002922397
        0.0007744719  -0.0009318766   0.0000020845  -0.0026995997  -0.0014655915
        0.0000017359  -0.0080218097   0.0030861693  -0.0000021595  -0.0472580772
       -0.0525251215  -0.0000092205  -0.0025079532  -0.0038329680  -0.0000016808
        0.0003712130  -0.0017627292   0.0000005596  -0.2012294558  -0.2042935166
       -0.0000762080   0.2393627111   0.2327425213   0.0000721109   0.0241874534
        0.0278617197   0.0000135774  -0.0000624161  -0.0000635391  -0.0000005800
       -0.0008981445  -0.0000919656  -0.0000000386   0.0002906507   0.0008283603
        0.0000005918  -0.0023845990   0.0003726799  -0.0000005933   0.0000755552
        0.0000758576  -0.0000001794
        0.0016910890  -0.0003439384   0.0000035944  -0.0025090315   0.0006150041
       -0.0000002625  -0.0011463132   0.0038160687  -0.0000007889  -0.0363087983
       -0.0214307004  -0.0000038765   0.0078113592  -0.0048721565   0.0000011394
       -0.0013066258  -0.0005467721  -0.0000002263  -0.1745996948  -0.4504215153
       -0.0001484320   0.2327425213   0.5662354231   0.0001548474  -0.0278630492
       -0.0970431093  -0.0000095446   0.0001645525   0.0002120124   0.0000000323
       -0.0002926018   0.0000988697   0.0000000121   0.0012792139   0.0013054275
        0.0000009918   0.0004515621   0.0021865073   0.0000023222  -0.0001141835
        0.0001888792   0.0000001912
        0.0000000896  -0.0000015688   0.0000326762   0.0000005963  -0.0000006617
       -0.0013806137  -0.0000019072   0.0000026242   0.0025055375  -0.0000090775
       -0.0000122239   0.0190428632   0.0000002431  -0.0000003159   0.0011466411
       -0.0000006430   0.0000013326  -0.0014282230  -0.0000467710  -0.0001387872
       -0.0683830194   0.0000721109   0.0001548474   0.0243791724  -0.0000142772
       -0.0000069700   0.0236067713  -0.0000000216   0.0000005767   0.0003663700
       -0.0000006390   0.0000000815  -0.0002646683   0.0000002572   0.0000004851
        0.0001160122  -0.0000003625   0.0000004224   0.0002412866   0.0000004019
        0.0000001578   0.0000191938
        0.0007744669   0.0009318651  -0.0000021162   0.0003712456   0.0017627194
       -0.0000009372  -0.0025079991   0.0038329414   0.0000019472  -0.0472570945
        0.0525253999   0.0000079879  -0.0080218310  -0.0030860394   0.0000018413
       -0.0026995561   0.0014656278  -0.0000013065  -0.2012252770   0.2042907352
        0.0000731531   0.0241874534  -0.0278630492  -0.0000142772   0.2393575773
       -0.2327388846  -0.0000669563  -0.0000624170   0.0000635424   0.0000005105
        0.0000755547  -0.0000758558   0.0000000088  -0.0023846102  -0.0003726297
        0.0000005200   0.0002906274  -0.0008283491  -0.0000004928  -0.0008981405
        0.0000919767   0.0000001174
       -0.0016911089  -0.0003439300   0.0000035857   0.0013066168  -0.0005468052
       -0.0000012521  -0.0078113847  -0.0048721138   0.0000020714   0.0363090740
       -0.0214316747  -0.0000028064   0.0011464448   0.0038160906  -0.0000017299
        0.0025090691   0.0006149602   0.0000006070   0.1745969164  -0.4504256084
       -0.0001436215   0.0278617197  -0.0970431093  -0.0000069700  -0.2327388846
        0.5662404653   0.0001465312  -0.0001645502   0.0002120141   0.0000000293
        0.0001141857   0.0001888785   0.0000003989  -0.0004515113   0.0021865161
        0.0000024907  -0.0012792012   0.0013054504   0.0000008417   0.0002926143
        0.0000988662  -0.0000001758
       -0.0000000123  -0.0000016488   0.0000326821   0.0000005989  -0.0000001998
       -0.0014282194  -0.0000001587   0.0000012883   0.0011466723   0.0000089643
       -0.0000116739   0.0190427160   0.0000017831   0.0000010314   0.0025054697
       -0.0000005942   0.0000009180  -0.0013805953   0.0000424605  -0.0001283015
       -0.0683829101   0.0000135774  -0.0000095446   0.0236067713  -0.0000669563
        0.0001465312   0.0243791262  -0.0000000107   0.0000005750   0.0003663628
       -0.0000004166   0.0000001516   0.0000191882   0.0000003935   0.0000003725
        0.0002413288  -0.0000002074   0.0000004291   0.0001160512   0.0000005786
        0.0000000713  -0.0002646439
       -0.3042742784   0.0000014302  -0.0000010178  -0.0175382732   0.0020092689
       -0.0000005445  -0.0012474260   0.0030442957  -0.0000010916   0.0013082390
       -0.0000000113  -0.0000000088  -0.0012474953  -0.0030443274   0.0000010277
       -0.0175385753  -0.0020090911   0.0000006191   0.0001312028  -0.0000000024
       -0.0000000141  -0.0000624161   0.0001645525  -0.0000000216  -0.0000624170
       -0.0001645502  -0.0000000107   0.3402514205  -0.0000015708   0.0000010094
        0.0008402869  -0.0006813743   0.0000002191  -0.0007002702  -0.0001588500
        0.0000000908  -0.0007002816   0.0001588574  -0.0000000749   0.0008402840
        0.0006813727  -0.0000001821
        0.0000014305  -0.0434882319   0.0000029258   0.0255416837  -0.0012491505
        0.0000008209   0.0032637772  -0.0041004838   0.0000036968  -0.0000000121
       -0.0008612792   0.0000004039  -0.0032638088  -0.0041004154   0.0000046244
       -0.0255415058  -0.0012488486  -0.0000001193  -0.0000000030  -0.0004271408
       -0.0000022332  -0.0000635391   0.0002120124   0.0000005767   0.0000635424
        0.0002120141   0.0000005750  -0.0000015708   0.0537066280  -0.0000093648
        0.0009411370   0.0006947052  -0.0000009107   0.0012067641  -0.0000222646
       -0.0000000167  -0.0012067566  -0.0000222531  -0.0000000087  -0.0009411388
        0.0006947080  -0.0000009701
       -0.0000013270   0.0000033250  -0.0358919433  -0.0000077862   0.0000007085
        0.0016007624  -0.0000007216   0.0000033578   0.0078052317  -0.0000000096
        0.0000013964   0.0004751947   0.0000008246   0.0000049160   0.0078052222
        0.0000080208  -0.0000006504   0.0016007738   0.0000000893  -0.0000015741
       -0.0025919965  -0.0000005800   0.0000000323   0.0003663700   0.0000005105
        0.0000000293   0.0003663628   0.0000010094  -0.0000093648   0.0240259434
       -0.0000003492  -0.0000009324  -0.0024405980  -0.0000005942  -0.0000001577
       -0.0003403602   0.0000005773  -0.0000001610  -0.0003403629   0.0000003358
       -0.0000009250  -0.0024406002
        0.0066527999   0.0113898120  -0.0000039157  -0.1091296664  -0.1135834613
        0.0000367713  -0.0183659472  -0.0257773011   0.0000086130  -0.0055533766
        0.0004651545   0.0000004962  -0.0003326558   0.0007252568  -0.0000009218
       -0.0005385139   0.0028842746  -0.0000000162  -0.0000504623  -0.0017278708
        0.0000016302  -0.0008981445  -0.0002926018  -0.0000006390   0.0000755547
        0.0001141857  -0.0000004166   0.0008402869   0.0009411370  -0.0000003492
        0.1262772362   0.1249342700  -0.0000409575   0.0007615256  -0.0008089466
        0.0000000670  -0.0000075286   0.0000687881  -0.0000000338   0.0002688919
        0.0006673030  -0.0000003278
       -0.0120345701  -0.0259306380   0.0000087904  -0.1138106422  -0.2393706918
        0.0000669040  -0.0026759101  -0.0013243296   0.0000005777  -0.0001503155
        0.0012001615   0.0000022541   0.0005865645   0.0005994110   0.0000003862
        0.0033040910  -0.0042328987   0.0000031872   0.0004987058  -0.0004412856
       -0.0000003510  -0.0000919656   0.0000988697   0.0000000815  -0.0000758558
        0.0001888785   0.0000001516  -0.0006813743   0.0006947052  -0.0000009324
        0.1249342700   0.2686423402  -0.0000797210   0.0008176608   0.0008932735
       -0.0000010727   0.0000466600   0.0001382730  -0.0000007011  -0.0006673186
       -0.0011560689   0.0000004456
        0.0000043192   0.0000081909   0.0010231182   0.0000362700   0.0000675290
       -0.0350555043   0.0000005961   0.0000002601   0.0005626109   0.0000004101
        0.0000028941   0.0084666996  -0.0000002741   0.0000008944  -0.0001832748
       -0.0000012251   0.0000023243   0.0077321294   0.0000004901  -0.0000005212
        0.0002922302  -0.0000000386   0.0000000121  -0.0002646683   0.0000000088
        0.0000003989   0.0000191882   0.0000002191  -0.0000009107  -0.0024405980
       -0.0000409575  -0.0000797210   0.0243321212  -0.0000002644  -0.0000011016
       -0.0026383663   0.0000000929  -0.0000007027  -0.0017367273   0.0000003532
        0.0000004535  -0.0001089585
       -0.0056079826  -0.0000119763   0.0000003346  -0.0162734839   0.0242732962
       -0.0000077107  -0.1108473182   0.1162184336  -0.0000381321   0.0077770932
       -0.0093460284   0.0000037929  -0.0013262890  -0.0031057094  -0.0000000203
       -0.0004384380  -0.0005103574   0.0000007748   0.0010066649  -0.0014857457
       -0.0000003124   0.0002906507   0.0012792139   0.0000002572  -0.0023846102
       -0.0004515113   0.0000003935  -0.0007002702   0.0012067641  -0.0000005942
        0.0007615256   0.0008176608  -0.0000002644   0.1273661933  -0.1280178337
        0.0000409533   0.0003837943  -0.0008195481   0.0000006703  -0.0000075298
       -0.0000466583  -0.0000001427
       -0.0000277316   0.0007172362   0.0000024817   0.0016191957  -0.0001353067
        0.0000004841   0.1169061920  -0.2367682845   0.0000639366   0.0117498117
       -0.0267995709   0.0000089533  -0.0034416351  -0.0040339021   0.0000030414
       -0.0001678658   0.0006230573  -0.0000000497   0.0011411875  -0.0029573398
       -0.0000020930   0.0008283603   0.0013054275   0.0000004851  -0.0003726297
        0.0021865161   0.0000003725  -0.0001588500  -0.0000222646  -0.0000001577
       -0.0008089466   0.0008932735  -0.0000011016  -0.1280178337   0.2659710148
       -0.0000764002   0.0008195317  -0.0011181309   0.0000007260  -0.0000687865
        0.0001382742  -0.0000006784
       -0.0000003091   0.0000020518   0.0082485710   0.0000005121   0.0000001040
        0.0016344829  -0.0000373370   0.0000653129  -0.0351524810  -0.0000068013
        0.0000084235   0.0018505136   0.0000023170   0.0000030038   0.0068667179
       -0.0000002890   0.0000008188  -0.0004128928   0.0000003492  -0.0000057567
       -0.0031583061   0.0000005918   0.0000009918   0.0001160122   0.0000005200
        0.0000024907   0.0002413288   0.0000000908  -0.0000000167  -0.0003403602
        0.0000000670  -0.0000010727  -0.0026383663   0.0000409533  -0.0000764002
        0.0240166194  -0.0000006639   0.0000007402   0.0004648873  -0.0000000010
       -0.0000006911  -0.0017367266
       -0.0056079822   0.0000120457  -0.0000002733  -0.0004384303   0.0005103681
       -0.0000000886  -0.0013262174   0.0031056808  -0.0000005834   0.0077770669
        0.0093456502  -0.0000037781  -0.1108498763  -0.1162198180   0.0000380669
       -0.0162737667  -0.0242731183   0.0000070926   0.0010066676   0.0014856994
        0.0000002535  -0.0023845990   0.0004515621  -0.0000003625   0.0002906274
       -0.0012792012  -0.0000002074  -0.0007002816  -0.0012067566   0.0000005773
       -0.0000075286   0.0000466600   0.0000000929   0.0003837943   0.0008195317
       -0.0000006639   0.1273690003   0.1280193553  -0.0000403738   0.0007615257
       -0.0008176592   0.0000002477
        0.0000278007   0.0007172356   0.0000023877   0.0001678774   0.0006230500
       -0.0000002995   0.0034416056  -0.0040339740   0.0000031679  -0.0117501908
       -0.0267995461   0.0000088969  -0.1169075744  -0.2367657306   0.0000622221
       -0.0016190188  -0.0001350230   0.0000007508  -0.0011412313  -0.0029573433
       -0.0000020708   0.0003726799   0.0021865073   0.0000004224  -0.0008283491
        0.0013054504   0.0000004291   0.0001588574  -0.0000222531  -0.0000001610
        0.0000687881   0.0001382730  -0.0000007027  -0.0008195481  -0.0011181309
        0.0000007402   0.1280193553   0.2659682111  -0.0000747578   0.0008089480
        0.0008932736  -0.0000010253
        0.0000004784   0.0000020551   0.0082485732   0.0000003529   0.0000004542
       -0.0004128951  -0.0000022492   0.0000033277   0.0068667131   0.0000065985
        0.0000084287   0.0018504336   0.0000364165   0.0000629864  -0.0351524003
       -0.0000001972   0.0000008722   0.0016344786  -0.0000004118  -0.0000054551
       -0.0031582835  -0.0000005933   0.0000023222   0.0002412866  -0.0000004928
        0.0000008417   0.0001160512  -0.0000000749  -0.0000000087  -0.0003403629
       -0.0000000338  -0.0000007011  -0.0017367273   0.0000006703   0.0000007260
        0.0004648873  -0.0000403738  -0.0000747578   0.0240166135  -0.0000000899
       -0.0000010914  -0.0026383681
        0.0066528069  -0.0113901688   0.0000038598  -0.0005385816  -0.0028843156
        0.0000007754  -0.0003326704  -0.0007252457   0.0000002411  -0.0055533802
       -0.0004650805  -0.0000003393  -0.0183656358   0.0257774865  -0.0000077445
       -0.1091271803   0.1135820370  -0.0000370133  -0.0000504488   0.0017278639
       -0.0000015530   0.0000755552  -0.0001141835   0.0000004019  -0.0008981405
        0.0002926143   0.0000005786   0.0008402840  -0.0009411388   0.0000003358
        0.0002688919  -0.0006673186   0.0000003532  -0.0000075298  -0.0000687865
       -0.0000000010   0.0007615257   0.0008089480  -0.0000000899   0.1262745038
       -0.1249327119   0.0000401952
        0.0120342134  -0.0259306459   0.0000086666  -0.0033041313  -0.0042328314
        0.0000037795  -0.0005865544   0.0005994260  -0.0000001599   0.0001503892
        0.0012001646   0.0000022735   0.0026760969  -0.0013246413   0.0000011034
        0.1138092163  -0.2393731750   0.0000656423  -0.0004987107  -0.0004412998
       -0.0000003403   0.0000758576   0.0001888792   0.0000001578   0.0000919767
        0.0000988662   0.0000000713   0.0006813727   0.0006947080  -0.0000009250
        0.0006673030  -0.0011560689   0.0000004535  -0.0000466583   0.0001382742
       -0.0000006911  -0.0008176592   0.0008932736  -0.0000010914  -0.1249327119
        0.2686450706  -0.0000789404
       -0.0000043446   0.0000085948   0.0010231250   0.0000013012   0.0000031459
        0.0077321259   0.0000002332  -0.0000000914  -0.0001832607  -0.0000003175
        0.0000030601   0.0084666175  -0.0000001397   0.0000007750   0.0005626109
       -0.0000361072   0.0000658648  -0.0350554800  -0.0000003536  -0.0000001960
        0.0002922397  -0.0000001794   0.0000001912   0.0000191938   0.0000001174
       -0.0000001758  -0.0002646439  -0.0000001821  -0.0000009701  -0.0024406002
       -0.0000003278   0.0000004456  -0.0001089585  -0.0000001427  -0.0000006784
       -0.0017367266   0.0000002477  -0.0000010253  -0.0026383681   0.0000401952
       -0.0000789404   0.0243321252
