$hessian                                                                        
        0.6786517524   0.0005544331   0.0000038112  -0.1666803149  -0.1495165972
       -0.0000011863  -0.0440818280  -0.0199838739  -0.0000003733   0.0031746040
       -0.0059600661   0.0000000319  -0.0260909783   0.0289868211  -0.0000000992
       -0.1418687592   0.1343205673  -0.0000003504  -0.0063702177   0.0008586424
       -0.0000000846  -0.0009626408   0.0002301550  -0.0000000003  -0.3029298055
        0.0146394215  -0.0000017798   0.0065401166   0.0103129226   0.0000000887
       -0.0059083928   0.0002140637  -0.0000000850   0.0067916828  -0.0145909954
        0.0000000136  -0.0002652185  -0.0000654940   0.0000000134
        0.0005544331   0.6559350377   0.0000013760  -0.0710487202  -0.2618118615
       -0.0000010493  -0.0796974421   0.0329090613  -0.0000005029  -0.0045337676
       -0.0631461700  -0.0000001698   0.0873337910   0.0212035467   0.0000006408
        0.0582336323  -0.2884926249  -0.0000001660  -0.0023890997  -0.0005916024
       -0.0000000442   0.0012619872   0.0002639472   0.0000000255   0.0148328344
       -0.0447073057   0.0000000676  -0.0136148449  -0.0259029594  -0.0000001596
        0.0003280539   0.0009969828   0.0000000134   0.0093120225  -0.0261261015
        0.0000000020  -0.0005728801  -0.0005299502  -0.0000000337
        0.0000038112   0.0000013760   0.1160171214  -0.0000009758  -0.0000015651
       -0.0472576371  -0.0000005367  -0.0000000434   0.0014745154   0.0000000494
       -0.0000001883  -0.0040199089   0.0000000400   0.0000002852  -0.0025409488
       -0.0000005278   0.0000002946  -0.0438255395  -0.0000000738  -0.0000000529
        0.0068985392  -0.0000000015   0.0000000001  -0.0001094943  -0.0000017782
        0.0000000697  -0.0341902359   0.0000000109   0.0000000064  -0.0000993648
       -0.0000000868  -0.0000000165   0.0075246197   0.0000000738  -0.0000001651
       -0.0001711163  -0.0000000048  -0.0000000006   0.0002994499
       -0.1666803149  -0.0710487202  -0.0000009758   0.6495665357  -0.0103098945
        0.0000036222  -0.3274556664  -0.0271831657  -0.0000020226  -0.0314731089
        0.0894365710  -0.0000000098  -0.0508510187  -0.0283989916  -0.0000003970
        0.0565046111  -0.0365066678   0.0000002782   0.0005441371   0.0024419796
        0.0000000142   0.0016297553   0.0002946299  -0.0000000052  -0.0195774961
       -0.0245535252  -0.0000001962  -0.0939599700   0.1033940972  -0.0000001598
       -0.0187747295  -0.0011181387  -0.0000001139  -0.0000206634   0.0034641460
       -0.0000000403   0.0005479285   0.0000876800   0.0000000061
       -0.1495165972  -0.2618118615  -0.0000015651  -0.0103098945   0.6765751349
        0.0000013645   0.0543890552  -0.0941643820   0.0000002687   0.0275187145
        0.0175961235   0.0000002189  -0.0292267007  -0.0093484401  -0.0000001856
        0.0207102378  -0.0683217929  -0.0000000357   0.0014234199  -0.0005919996
        0.0000000087   0.0032737777  -0.0025735014  -0.0000000055  -0.0008030942
        0.0006367280  -0.0000000033   0.1036526233  -0.2542763688   0.0000001335
       -0.0241486756   0.0003526085  -0.0000001789   0.0027379827  -0.0045280163
       -0.0000000193   0.0002991512   0.0004557678  -0.0000000008
       -0.0000011863  -0.0000010493  -0.0472576371   0.0000036222   0.0000013645
        0.1117853936  -0.0000017629  -0.0000003066  -0.0456771747  -0.0000001682
        0.0000006533   0.0033057926  -0.0000003745  -0.0000002544  -0.0047488372
        0.0000004194  -0.0000004206   0.0018327117  -0.0000000152   0.0000000596
       -0.0002675172  -0.0000000021  -0.0000000143   0.0041027089  -0.0000001393
       -0.0000001640   0.0007573559  -0.0000001571   0.0000001426  -0.0323685581
       -0.0000001954  -0.0000000088   0.0009800329  -0.0000000451  -0.0000000048
        0.0075105471   0.0000000046   0.0000000027   0.0000451815
       -0.0440818280  -0.0796974421  -0.0000005367  -0.3274556664   0.0543890552
       -0.0000017629   0.6539390632   0.0190395496   0.0000038008  -0.1234427331
        0.0608223211  -0.0000003987   0.0555656867   0.0209385403   0.0000004745
       -0.0415344260   0.0317821356  -0.0000001455  -0.0029910782  -0.0046634469
       -0.0000000689  -0.0270927120   0.0187072031  -0.0000001602  -0.0014154760
       -0.0032237747  -0.0000000674  -0.0163881164   0.0033336307  -0.0000001328
       -0.1242553441  -0.1210032870  -0.0000009544  -0.0003392692   0.0005429531
       -0.0000000073  -0.0005081004  -0.0009674380  -0.0000000405
       -0.0199838739   0.0329090613  -0.0000000434  -0.0271831657  -0.0941643820
       -0.0000003066   0.0190395496   0.6683035918   0.0000014872   0.1244345307
       -0.2959274502   0.0000002004  -0.0316219099  -0.0602439458  -0.0000003618
        0.0277954825  -0.0166613168   0.0000000981  -0.0029141248  -0.0010647103
       -0.0000000265   0.0075333022  -0.0015514880   0.0000000468  -0.0033693932
       -0.0036212817  -0.0000000466   0.0271693481  -0.0037289296   0.0000002020
       -0.1226314830  -0.2233812164  -0.0000012897   0.0009149701   0.0005419794
        0.0000000104   0.0008167674  -0.0014099116   0.0000000297
       -0.0000003733  -0.0000005029   0.0014745154  -0.0000020226   0.0000002687
       -0.0456771747   0.0000038008   0.0000014872   0.1120010838  -0.0000002754
       -0.0000002490  -0.0416047181   0.0000003262   0.0000000396  -0.0035700809
       -0.0000001566   0.0000002016  -0.0027974925  -0.0000000594  -0.0000000417
        0.0045657625  -0.0000001870   0.0000001289   0.0007662724  -0.0000000676
       -0.0000000405   0.0073229058  -0.0000000411   0.0000000138   0.0001012101
       -0.0000009248  -0.0000012883  -0.0339090236  -0.0000000068   0.0000000026
       -0.0002293214  -0.0000000125  -0.0000000198   0.0015560613
        0.0031746040  -0.0045337676   0.0000000494  -0.0314731089   0.0275187145
       -0.0000001682  -0.1234427331   0.1244345307  -0.0000002754   0.4485736898
       -0.0058923289   0.0000024507  -0.1379259285  -0.1412574325  -0.0000009566
       -0.0426178398  -0.0154099194  -0.0000003821   0.0040826465   0.0173441174
        0.0000000617  -0.1168784975   0.0091074098  -0.0000006851   0.0010699837
        0.0000482953   0.0000000085  -0.0048463092   0.0004958207  -0.0000000563
        0.0054135486  -0.0141197231   0.0000000166  -0.0048311554   0.0003192148
       -0.0000000719  -0.0002989002   0.0019450684   0.0000000086
       -0.0059600661  -0.0631461700  -0.0000001883   0.0894365710   0.0175961235
        0.0000006533   0.0608223211  -0.2959274502  -0.0000002490  -0.0058923289
        0.6466501583   0.0000013708  -0.0706072542  -0.2310880668  -0.0000009425
       -0.0721020054   0.0299895653  -0.0000003839  -0.0126733079  -0.0545665425
       -0.0000002326   0.0045622157  -0.0182648544   0.0000000272  -0.0003470800
       -0.0008504033  -0.0000000069   0.0002635466   0.0009433113  -0.0000000271
        0.0104180162  -0.0266256947   0.0000000128   0.0006312615   0.0007692609
       -0.0000000086   0.0014481104  -0.0054792375  -0.0000000252
        0.0000000319  -0.0000001698  -0.0040199089  -0.0000000098   0.0000002189
        0.0033057926  -0.0000003987   0.0000002004  -0.0416047181   0.0000024507
        0.0000013708   0.0845638954  -0.0000007866  -0.0000013896  -0.0489404618
       -0.0000004736  -0.0000000385   0.0010570631  -0.0000000129  -0.0000000438
        0.0029885594  -0.0000007037   0.0000000474  -0.0125908906   0.0000000098
       -0.0000000025  -0.0001174072  -0.0000000809  -0.0000000132   0.0071212565
        0.0000000638  -0.0000001608  -0.0004346163  -0.0000000785  -0.0000000124
        0.0070904071  -0.0000000116  -0.0000000069   0.0015810289
       -0.0260909783   0.0873337910   0.0000000400  -0.0508510187  -0.0292267007
       -0.0000003745   0.0555656867  -0.0316219099   0.0000003262  -0.1379259285
       -0.0706072542  -0.0000007866   0.6535138550  -0.0043928028   0.0000036179
       -0.3103624950  -0.0386927350  -0.0000018025  -0.1417542345   0.1140601679
       -0.0000004544  -0.0368237414  -0.0124789150  -0.0000002977   0.0003610833
        0.0018153732  -0.0000000604  -0.0006399842  -0.0005843127  -0.0000000299
       -0.0000320066   0.0026212896  -0.0000000540  -0.0207421384  -0.0013687893
       -0.0000001648   0.0157819006  -0.0168572020   0.0000000406
        0.0289868211   0.0212035467   0.0000002852  -0.0283989916  -0.0093484401
       -0.0000002544   0.0209385403  -0.0602439458   0.0000000396  -0.1412574325
       -0.2310880668  -0.0000013896  -0.0043928028   0.6526752751   0.0000011919
        0.0485897011  -0.0897798443   0.0000002104   0.0854528587  -0.2380753032
        0.0000000863   0.0020736498   0.0002000691   0.0000000241   0.0026424801
       -0.0039944628   0.0000000055  -0.0003821165   0.0003721711  -0.0000000020
        0.0018653722  -0.0037690620  -0.0000000224  -0.0258308484  -0.0031814183
       -0.0000001674   0.0097127687  -0.0349705187  -0.0000000072
       -0.0000000992   0.0000006408  -0.0025409488  -0.0000003970  -0.0000001856
       -0.0047488372   0.0000004745  -0.0000003618  -0.0035700809  -0.0000009566
       -0.0000009425  -0.0489404618   0.0000036179   0.0000011919   0.1253011247
       -0.0000016379  -0.0000003782  -0.0481948616  -0.0000005646   0.0000003704
       -0.0356371573  -0.0000002550  -0.0000000856   0.0017216373  -0.0000000444
       -0.0000000150   0.0079808600  -0.0000000101  -0.0000000078   0.0007219919
       -0.0000000526  -0.0000000084   0.0080895777  -0.0000002161  -0.0000000162
        0.0011065935   0.0000001412  -0.0000002021  -0.0012894376
       -0.1418687592   0.0582336323  -0.0000005278   0.0565046111   0.0207102378
        0.0000004194  -0.0415344260   0.0277954825  -0.0000001566  -0.0426178398
       -0.0721020054  -0.0000004736  -0.3103624950   0.0485897011  -0.0000016379
        0.6468955256  -0.0031990363   0.0000036502  -0.0305786947   0.0142721558
       -0.0000002159   0.0028312213  -0.0007543603  -0.0000000169  -0.0167819029
        0.0270337802  -0.0000000445  -0.0008880415  -0.0034257333  -0.0000000761
       -0.0001807727   0.0005289317  -0.0000000117  -0.1232681679  -0.1162738148
       -0.0000009203   0.0018497416  -0.0014089713   0.0000000117
        0.1343205673  -0.2884926249   0.0000002946  -0.0365066678  -0.0683217929
       -0.0000004206   0.0317821356  -0.0166613168   0.0000002016  -0.0154099194
        0.0299895653  -0.0000000385  -0.0386927350  -0.0897798443  -0.0000003782
       -0.0031990363   0.6748292685   0.0000013525   0.0463523472  -0.0176632732
        0.0000002618  -0.0051409756  -0.0022920040  -0.0000000544   0.0031611036
       -0.0031956454   0.0000000143  -0.0029403908  -0.0037323048  -0.0000000282
        0.0009649140   0.0004118675  -0.0000000043  -0.1170402600  -0.2171560946
       -0.0000012531   0.0023489173   0.0020641995   0.0000000524
       -0.0000003504  -0.0000001660  -0.0438255395   0.0000002782  -0.0000000357
        0.0018327117  -0.0000001455   0.0000000981  -0.0027974925  -0.0000003821
       -0.0000003839   0.0010570631  -0.0000018025   0.0000002104  -0.0481948616
        0.0000036502   0.0000013525   0.1073377581  -0.0000001611   0.0000000708
        0.0061544920  -0.0000000212  -0.0000000215   0.0037645951  -0.0000001088
        0.0000001696   0.0005712349  -0.0000000672  -0.0000000520   0.0070177338
        0.0000000003   0.0000000127  -0.0001344381  -0.0000009170  -0.0000012490
       -0.0314138352   0.0000000271  -0.0000000060  -0.0013694217
       -0.0063702177  -0.0023890997  -0.0000000738   0.0005441371   0.0014234199
       -0.0000000152  -0.0029910782  -0.0029141248  -0.0000000594   0.0040826465
       -0.0126733079  -0.0000000129  -0.1417542345   0.0854528587  -0.0000005646
       -0.0305786947   0.0463523472  -0.0000001611   0.3948962701   0.0687136301
        0.0000027022   0.0036918099  -0.0037008504   0.0000000335  -0.0011084642
        0.0018959198   0.0000000083   0.0002696801  -0.0000865233   0.0000000199
        0.0001234641  -0.0008952326   0.0000000066   0.0025768773   0.0007126369
        0.0000000456  -0.2233821959  -0.1818916738  -0.0000019292
        0.0008586424  -0.0005916024  -0.0000000529   0.0024419796  -0.0005919996
        0.0000000596  -0.0046634469  -0.0010647103  -0.0000000417   0.0173441174
       -0.0545665425  -0.0000000438   0.1140601679  -0.2380753032   0.0000003704
        0.0142721558  -0.0176632732   0.0000000708   0.0687136301   0.5551610151
        0.0000017883  -0.0019189325   0.0020113288  -0.0000000255   0.0003573352
       -0.0007064228  -0.0000000140  -0.0002343999   0.0003979616  -0.0000000136
        0.0006868740  -0.0010904351  -0.0000000101  -0.0025648647   0.0032424028
       -0.0000000282  -0.2093532584  -0.2464624194  -0.0000020593
       -0.0000000846  -0.0000000442   0.0068985392   0.0000000142   0.0000000087
       -0.0002675172  -0.0000000689  -0.0000000265   0.0045657625   0.0000000617
       -0.0000002326   0.0029885594  -0.0000004544   0.0000000863  -0.0356371573
       -0.0000002159   0.0000002618   0.0061544920   0.0000027022   0.0000017883
        0.0259523455   0.0000000274  -0.0000000162  -0.0014558869  -0.0000000048
        0.0000000119  -0.0002615752   0.0000000098   0.0000000036  -0.0011881473
        0.0000000029  -0.0000000089   0.0000218787   0.0000000244   0.0000000175
       -0.0018112574  -0.0000020143  -0.0000018498  -0.0059600360
       -0.0009626408   0.0012619872  -0.0000000015   0.0016297553   0.0032737777
       -0.0000000021  -0.0270927120   0.0075333022  -0.0000001870  -0.1168784975
        0.0045622157  -0.0000007037  -0.0368237414   0.0020736498  -0.0000002550
        0.0028312213  -0.0051409756  -0.0000000212   0.0036918099  -0.0019189325
        0.0000000274   0.1744586537  -0.0128613008   0.0000011130   0.0000904967
       -0.0000378026   0.0000000059  -0.0011784136   0.0001342640  -0.0000000041
        0.0007346563   0.0001322630   0.0000000220  -0.0013468744  -0.0000807965
       -0.0000000082   0.0008462864   0.0010683483   0.0000000145
        0.0002301550   0.0002639472   0.0000000001   0.0002946299  -0.0025735014
       -0.0000000143   0.0187072031  -0.0015514880   0.0000001289   0.0091074098
       -0.0182648544   0.0000000474  -0.0124789150   0.0002000691  -0.0000000856
       -0.0007543603  -0.0022920040  -0.0000000215  -0.0037008504   0.0020113288
       -0.0000000162  -0.0128613008   0.0221262803  -0.0000000500   0.0000462373
        0.0000774766   0.0000000033   0.0007952953  -0.0000748286   0.0000000040
        0.0013824339   0.0003553083   0.0000000102  -0.0007752436   0.0000707743
       -0.0000000051   0.0000073057  -0.0003485081  -0.0000000012
       -0.0000000003   0.0000000255  -0.0001094943  -0.0000000052  -0.0000000055
        0.0041027089  -0.0000001602   0.0000000468   0.0007662724  -0.0000006851
        0.0000000272  -0.0125908906  -0.0000002977   0.0000000241   0.0017216373
       -0.0000000169  -0.0000000544   0.0037645951   0.0000000335  -0.0000000255
       -0.0014558869   0.0000011130  -0.0000000500   0.0063927566   0.0000000061
        0.0000000003  -0.0009766306  -0.0000000070   0.0000000010   0.0000920561
        0.0000000200   0.0000000035  -0.0014613825  -0.0000000080  -0.0000000012
       -0.0002020002   0.0000000078   0.0000000079  -0.0000437413
       -0.3029298055   0.0148328344  -0.0000017782  -0.0195774961  -0.0008030942
       -0.0000001393  -0.0014154760  -0.0033693932  -0.0000000676   0.0010699837
       -0.0003470800   0.0000000098   0.0003610833   0.0026424801  -0.0000000444
       -0.0167819029   0.0031611036  -0.0000001088  -0.0011084642   0.0003573352
       -0.0000000048   0.0000904967   0.0000462373   0.0000000061   0.3393506758
       -0.0164461421   0.0000020886   0.0008471488   0.0006326337   0.0000000220
       -0.0009002977   0.0000509992  -0.0000000049   0.0009767961  -0.0006306118
        0.0000000233   0.0000172580  -0.0001273021  -0.0000000020
        0.0146394215  -0.0447073057   0.0000000697  -0.0245535252   0.0006367280
       -0.0000001640  -0.0032237747  -0.0036212817  -0.0000000405   0.0000482953
       -0.0008504033  -0.0000000025   0.0018153732  -0.0039944628  -0.0000000150
        0.0270337802  -0.0031956454   0.0000001696   0.0018959198  -0.0007064228
        0.0000000119  -0.0000378026   0.0000774766   0.0000000003  -0.0164461421
        0.0547293367  -0.0000000335  -0.0008347169   0.0007338434   0.0000000018
       -0.0012144619  -0.0000350724  -0.0000000129   0.0008824993   0.0007718580
        0.0000000133  -0.0000048658   0.0001613514   0.0000000018
       -0.0000017798   0.0000000676  -0.0341902359  -0.0000001962  -0.0000000033
        0.0007573559  -0.0000000674  -0.0000000466   0.0073229058   0.0000000085
       -0.0000000069  -0.0001174072  -0.0000000604   0.0000000055   0.0079808600
       -0.0000000445   0.0000000143   0.0005712349   0.0000000083  -0.0000000140
       -0.0002615752   0.0000000059   0.0000000033  -0.0009766306   0.0000020886
       -0.0000000335   0.0240380729   0.0000000204   0.0000000121  -0.0024152599
       -0.0000000091  -0.0000000009  -0.0001001945   0.0000000261   0.0000000038
       -0.0026525725  -0.0000000004  -0.0000000014   0.0000434462
        0.0065401166  -0.0136148449   0.0000000109  -0.0939599700   0.1036526233
       -0.0000001571  -0.0163881164   0.0271693481  -0.0000000411  -0.0048463092
        0.0002635466  -0.0000000809  -0.0006399842  -0.0003821165  -0.0000000101
       -0.0008880415  -0.0029403908  -0.0000000672   0.0002696801  -0.0002343999
        0.0000000098  -0.0011784136   0.0007952953  -0.0000000070   0.0008471488
       -0.0008347169   0.0000000204   0.1093199448  -0.1139712563   0.0000002980
        0.0006406138   0.0008458646   0.0000000209   0.0002633091  -0.0007946141
       -0.0000000025   0.0000200215   0.0000456614   0.0000000057
        0.0103129226  -0.0259029594   0.0000000064   0.1033940972  -0.2542763688
        0.0000001426   0.0033336307  -0.0037289296   0.0000000138   0.0004958207
        0.0009433113  -0.0000000132  -0.0005843127   0.0003721711  -0.0000000078
       -0.0034257333  -0.0037323048  -0.0000000520  -0.0000865233   0.0003979616
        0.0000000036   0.0001342640  -0.0000748286   0.0000000010   0.0006326337
        0.0007338434   0.0000000121  -0.1139712563   0.2855167666  -0.0000001146
       -0.0007187945   0.0009130526   0.0000000043   0.0006028683  -0.0012739304
        0.0000000009  -0.0001196171   0.0001122151   0.0000000028
        0.0000000887  -0.0000001596  -0.0000993648  -0.0000001598   0.0000001335
       -0.0323685581  -0.0000001328   0.0000002020   0.0001012101  -0.0000000563
       -0.0000000271   0.0071212565  -0.0000000299  -0.0000000020   0.0007219919
       -0.0000000761  -0.0000000282   0.0070177338   0.0000000199  -0.0000000136
       -0.0011881473  -0.0000000041   0.0000000040   0.0000920561   0.0000000220
        0.0000000018  -0.0024152599   0.0000002980  -0.0000001146   0.0235611485
        0.0000000223   0.0000000095  -0.0025440178   0.0000000045  -0.0000000116
        0.0002735600   0.0000000035   0.0000000058  -0.0002736089
       -0.0059083928   0.0003280539  -0.0000000868  -0.0187747295  -0.0241486756
       -0.0000001954  -0.1242553441  -0.1226314830  -0.0000009248   0.0054135486
        0.0104180162   0.0000000638  -0.0000320066   0.0018653722  -0.0000000526
       -0.0001807727   0.0009649140   0.0000000003   0.0001234641   0.0006868740
        0.0000000029   0.0007346563   0.0013824339   0.0000000200  -0.0009002977
       -0.0012144619  -0.0000000091   0.0006406138  -0.0007187945   0.0000000223
        0.1430801846   0.1326876734   0.0000011430   0.0000837866   0.0000897364
        0.0000000126  -0.0000247106   0.0002903410   0.0000000039
        0.0002140637   0.0009969828  -0.0000000165  -0.0011181387   0.0003526085
       -0.0000000088  -0.1210032870  -0.2233812164  -0.0000012883  -0.0141197231
       -0.0266256947  -0.0000001608   0.0026212896  -0.0037690620  -0.0000000084
        0.0005289317   0.0004118675   0.0000000127  -0.0008952326  -0.0010904351
       -0.0000000089   0.0001322630   0.0003553083   0.0000000035   0.0000509992
       -0.0000350724  -0.0000000009   0.0008458646   0.0009130526   0.0000000095
        0.1326876734   0.2521763061   0.0000014685   0.0000552584   0.0000455035
        0.0000000045   0.0000000378  -0.0003501487  -0.0000000062
       -0.0000000850   0.0000000134   0.0075246197  -0.0000001139  -0.0000001789
        0.0009800329  -0.0000009544  -0.0000012897  -0.0339090236   0.0000000166
        0.0000000128  -0.0004346163  -0.0000000540  -0.0000000224   0.0080895777
       -0.0000000117  -0.0000000043  -0.0001344381   0.0000000066  -0.0000000101
        0.0000218787   0.0000000220   0.0000000102  -0.0014613825  -0.0000000049
       -0.0000000129  -0.0001001945   0.0000000209   0.0000000043  -0.0025440178
        0.0000011430   0.0000014685   0.0237392652   0.0000000147   0.0000000063
       -0.0015511886   0.0000000001   0.0000000028  -0.0002205126
        0.0067916828   0.0093120225   0.0000000738  -0.0000206634   0.0027379827
       -0.0000000451  -0.0003392692   0.0009149701  -0.0000000068  -0.0048311554
        0.0006312615  -0.0000000785  -0.0207421384  -0.0258308484  -0.0000002161
       -0.1232681679  -0.1170402600  -0.0000009170   0.0025768773  -0.0025648647
        0.0000000244  -0.0013468744  -0.0007752436  -0.0000000080   0.0009767961
        0.0008824993   0.0000000261   0.0002633091   0.0006028683   0.0000000045
        0.0000837866   0.0000552584   0.0000000147   0.1404869930   0.1295618527
        0.0000011235  -0.0006311762   0.0015125013   0.0000000045
       -0.0145909954  -0.0261261015  -0.0000001651   0.0034641460  -0.0045280163
       -0.0000000048   0.0005429531   0.0005419794   0.0000000026   0.0003192148
        0.0007692609  -0.0000000124  -0.0013687893  -0.0031814183  -0.0000000162
       -0.1162738148  -0.2171560946  -0.0000012490   0.0007126369   0.0032424028
        0.0000000175  -0.0000807965   0.0000707743  -0.0000000012  -0.0006306118
        0.0007718580   0.0000000038  -0.0007946141  -0.0012739304  -0.0000000116
        0.0000897364   0.0000455035   0.0000000063   0.1295618527   0.2469404942
        0.0000014388  -0.0009509180  -0.0001167120  -0.0000000088
        0.0000000136   0.0000000020  -0.0001711163  -0.0000000403  -0.0000000193
        0.0075105471  -0.0000000073   0.0000000104  -0.0002293214  -0.0000000719
       -0.0000000086   0.0070904071  -0.0000001648  -0.0000001674   0.0011065935
       -0.0000009203  -0.0000012531  -0.0314138352   0.0000000456  -0.0000000282
       -0.0018112574  -0.0000000082  -0.0000000051  -0.0002020002   0.0000000233
        0.0000000133  -0.0026525725  -0.0000000025   0.0000000009   0.0002735600
        0.0000000126   0.0000000045  -0.0015511886   0.0000011235   0.0000014388
        0.0225554072  -0.0000000032   0.0000000118  -0.0005052233
       -0.0002652185  -0.0005728801  -0.0000000048   0.0005479285   0.0002991512
        0.0000000046  -0.0005081004   0.0008167674  -0.0000000125  -0.0002989002
        0.0014481104  -0.0000000116   0.0157819006   0.0097127687   0.0000001412
        0.0018497416   0.0023489173   0.0000000271  -0.2233821959  -0.2093532584
       -0.0000020143   0.0008462864   0.0000073057   0.0000000078   0.0000172580
       -0.0000048658  -0.0000000004   0.0000200215  -0.0001196171   0.0000000035
       -0.0000247106   0.0000000378   0.0000000001  -0.0006311762  -0.0009509180
       -0.0000000032   0.2060471652   0.1963684809   0.0000018627
       -0.0000654940  -0.0005299502  -0.0000000006   0.0000876800   0.0004557678
        0.0000000027  -0.0009674380  -0.0014099116  -0.0000000198   0.0019450684
       -0.0054792375  -0.0000000069  -0.0168572020  -0.0349705187  -0.0000002021
       -0.0014089713   0.0020641995  -0.0000000060  -0.1818916738  -0.2464624194
       -0.0000018498   0.0010683483  -0.0003485081   0.0000000079  -0.0001273021
        0.0001613514  -0.0000000014   0.0000456614   0.0001122151   0.0000000058
        0.0002903410  -0.0003501487   0.0000000028   0.0015125013  -0.0001167120
        0.0000000118   0.1963684809   0.2868738726   0.0000020555
        0.0000000134  -0.0000000337   0.0002994499   0.0000000061  -0.0000000008
        0.0000451815  -0.0000000405   0.0000000297   0.0015560613   0.0000000086
       -0.0000000252   0.0015810289   0.0000000406  -0.0000000072  -0.0012894376
        0.0000000117   0.0000000524  -0.0013694217  -0.0000019292  -0.0000020593
       -0.0059600360   0.0000000145  -0.0000000012  -0.0000437413  -0.0000000020
        0.0000000018   0.0000434462   0.0000000057   0.0000000028  -0.0002736089
        0.0000000039  -0.0000000062  -0.0002205126   0.0000000045  -0.0000000088
       -0.0005052233   0.0000018627   0.0000020555   0.0061368136
