           1           2   1.43780017992416     
           2           3   1.42397579455692     
           1           4  0.100164737137424     
           3           4   1.44069506819689     
           4           5   1.34643116074208     
           1           6   1.44119013069798     
           3           6  0.103765913173742     
           5           6   1.37013393936838     
           5           7   1.08774774765188     
           4           8  0.970096634369867     
           1           9  0.970243860184195     
           2          10  0.968718712951358     
           3          11  0.968244946537223     
           6          12  0.965061617650117     
           7          13  0.884618858282914     
