           1           2   1.00994767561102     
           2           3  0.968272438741669     
           2           4  0.997834277659586     
           4           5   1.01050236467810     
           5           6  0.978275148634502     
           6           7  0.964115753248616     
           6           8  0.972984197935071     
           8           9   1.86413541978271     
           2          10  0.974205929118017     
           8          10  0.991349853208362     
           6          11  0.965102361593078     
          11          12   1.00849354629319     
          11          13   1.00897710114219     
           1          14  0.986031352754619     
           1          15  0.985940558890703     
           1          16  0.983730884425832     
           4          17  0.973616042686033     
           4          18  0.974165202148706     
           5          19  0.974721783941639     
           5          20  0.969512279183957     
          10          21  0.973673569994057     
          10          22  0.951660734062344     
          11          23  0.963470350894442     
          12          24  0.985951477358471     
          12          25  0.983488808873629     
          12          26  0.985920474761704     
          13          27  0.986293200157661     
          13          28  0.984119546570821     
          13          29  0.982903822770964     
