           1           2   1.02003307727474     
           2           3   1.01394994579907     
           3           4   1.42510981944506     
           4           5   1.43465037556375     
           3           6  0.107582576512306     
           5           6   1.44265067282244     
           4           7  0.106646520707738     
           6           7   1.43533272719019     
           3           8   1.37165495765184     
           5           8  0.108222110075747     
           7           8   1.42579275479371     
           8           9   1.02774992072512     
           1          10  0.986662524823666     
           1          11  0.986673456723162     
           1          12  0.986825750453299     
           2          13  0.960842985111852     
           2          14  0.960867056088282     
           4          15  0.966276506822320     
           5          16  0.971588477697278     
           6          17  0.971466834252264     
           7          18  0.968651983579573     
           9          19  0.970407197469226     
           9          20  0.985241622466960     
           9          21  0.970390163052147     
