           1           2  0.968234968441559     
           2           3  0.954362140613304     
           2           4  0.966047597826817     
           4           5  0.958717142731382     
           4           6  0.965693844031140     
           6           7  0.955375168864072     
           6           8  0.972023569840265     
           8           9  0.956517593297470     
           8          10  0.941863101483486     
          10          11  0.947425726747323     
           2          12  0.971455992122731     
          10          12  0.981352976795932     
          10          13  0.989503084598225     
           8          14   1.01637778077707     
           6          15  0.992810700569923     
           4          16  0.988326020143101     
           1          17   1.01065582131478     
           1          18  0.966951324367238     
           1          19  0.969336187388187     
          13          20  0.819653402620984     
          14          21  0.864401082378123     
          15          22  0.857536392663561     
          16          23  0.890049720905292     
          17          24  0.846541570286379     
