           1           2   1.02001442649188     
           2           3   1.01393112549177     
           3           4   1.42507848911375     
           4           5   1.43467853965054     
           3           6  0.107582684635153     
           5           6   1.44262386817348     
           4           7  0.106652382460729     
           6           7   1.43535957321318     
           3           8   1.37171175619493     
           5           8  0.108221900272112     
           7           8   1.42576262364706     
           8           9   1.02772218441753     
           1          10  0.986673218847260     
           1          11  0.986675329322621     
           1          12  0.986830250591267     
           2          13  0.960877929900661     
           2          14  0.960866804055801     
           4          15  0.966275224718174     
           5          16  0.971587247347978     
           6          17  0.971466731918507     
           7          18  0.968654074772377     
           9          19  0.970415807935194     
           9          20  0.970401515494447     
           9          21  0.985246686823033     
