$hessian                                                                        
        0.3929282881  -0.0877584474   0.0371592314  -0.0713257582  -0.0275577378
        0.0170216001   0.0014692574  -0.0050822314  -0.0030664383  -0.0138835980
       -0.0079540629   0.0059808117  -0.0420131289   0.0174672961  -0.0424904019
       -0.0372316855  -0.0002898111  -0.0038949864  -0.2267561671   0.1099039654
       -0.0108066146  -0.0036538651   0.0031423641  -0.0005714031  -0.0002588884
       -0.0006399347  -0.0000159497   0.0007255458  -0.0012314004   0.0006841508
       -0.0877584474   0.4375216046   0.0384054004  -0.0366967520  -0.0655001374
        0.0198668623  -0.0134597578  -0.0178896060  -0.0048089549   0.0087164744
        0.0073060136  -0.0043382645   0.0132793700  -0.0633001082   0.0698090423
       -0.0046683065  -0.1930426196  -0.1235045671   0.1183603601  -0.1052601877
        0.0047539270   0.0030452409  -0.0016077463   0.0004735565  -0.0004454143
        0.0009086935   0.0004045782  -0.0003727674   0.0008640934  -0.0010615801
        0.0371592314   0.0384054004   0.5029180969   0.0431631984   0.0311603820
       -0.0639358553  -0.0190101934  -0.0182114734   0.0121556476  -0.0036689164
       -0.0027664319   0.0024623881  -0.0347091513   0.0749573847  -0.2674904249
       -0.0077678934  -0.1285479768  -0.1441235516  -0.0139073827   0.0053273789
       -0.0428986947  -0.0012172392   0.0005075589   0.0001394921   0.0003441848
       -0.0000963018  -0.0000511464  -0.0003858383  -0.0007359209   0.0008240483
       -0.0713257582  -0.0366967520   0.0431631984   0.2475898775   0.0171645738
        0.0204281883  -0.0480511468  -0.0220142399  -0.0278591563  -0.0758439335
        0.0397447869  -0.0391426959  -0.0055433789  -0.0061114710   0.0052707190
       -0.0003933102  -0.0008194077  -0.0012620119  -0.0199545294  -0.0106052212
        0.0054899741  -0.0202099366   0.0121683681  -0.0023957122   0.0019129650
       -0.0016184534   0.0012909372  -0.0081808489   0.0087878163  -0.0049834406
       -0.0275577378  -0.0655001374   0.0311603820   0.0171645738   0.3999541951
        0.1620352135  -0.0236685393  -0.2353818860  -0.2326219627   0.0325515420
       -0.0696830396   0.0290819985  -0.0093243662  -0.0082561963   0.0078420842
       -0.0107869916  -0.0123593047   0.0006590446   0.0068430525   0.0069194838
       -0.0024901445  -0.0054829567   0.0065965138  -0.0013010407   0.0099524697
       -0.0129825090  -0.0010193087   0.0103089535  -0.0093071197   0.0066537338
        0.0170216001   0.0198668623  -0.0639358553   0.0204281883   0.1620352135
        0.4470246489  -0.0271955289  -0.2110138067  -0.3154829711  -0.0137805181
        0.0149593834  -0.0552424107   0.0192728736   0.0181535628  -0.0097582133
       -0.0099829114  -0.0102187745   0.0018953598   0.0014151940   0.0002815055
        0.0003987086   0.0017637845  -0.0014848363   0.0009817950   0.0093797961
       -0.0107516304   0.0001977297  -0.0183224784   0.0181725203  -0.0060787915
        0.0014692574  -0.0134597578  -0.0190101934  -0.0480511468  -0.0236685393
       -0.0271955289   0.0392971128   0.0264089393   0.0269810122   0.0058676428
        0.0112067647   0.0188713230   0.0023634739   0.0025514349  -0.0010817661
       -0.0040311067  -0.0044647231   0.0011913250   0.0019753263   0.0012468614
       -0.0001573582   0.0019800376  -0.0014557342  -0.0002343500  -0.0034618547
        0.0047184138  -0.0002135082   0.0025912574  -0.0030836597   0.0008490445
       -0.0050822314  -0.0178896060  -0.0182114734  -0.0220142399  -0.2353818860
       -0.2110138067   0.0264089393   0.2762860869   0.2484487087   0.0008123891
       -0.0188321938  -0.0198296539   0.0021671392   0.0018326073  -0.0011114134
       -0.0059515970  -0.0037427292   0.0020575468  -0.0001655875  -0.0000498385
       -0.0003381984  -0.0000037632   0.0000265921  -0.0003497636   0.0061737445
       -0.0043945924   0.0011725953  -0.0023447932   0.0021455596  -0.0008245412
       -0.0030664383  -0.0048089549   0.0121556476  -0.0278591563  -0.2326219627
       -0.3154829711   0.0269810122   0.2484487087   0.2888837889   0.0037391214
       -0.0069176723   0.0087079035  -0.0027157800  -0.0033929901   0.0016204567
        0.0003560733   0.0021248999   0.0018909512  -0.0008051948  -0.0006513286
       -0.0003763567   0.0004045077  -0.0004790858  -0.0004636242   0.0006192680
        0.0014137600   0.0019779664   0.0023465869  -0.0031153741   0.0010862376
       -0.0138835980   0.0087164744  -0.0036689164  -0.0758439335   0.0325515420
       -0.0137805181   0.0058676428   0.0008123891   0.0037391214   0.3957479922
        0.0950624132  -0.0177575760   0.0007620144   0.0011086975  -0.0007352312
       -0.0002364595   0.0006872950   0.0000735993  -0.0036527472  -0.0028973113
        0.0011679648  -0.2319436592  -0.0998313322   0.0398888021  -0.0405908589
       -0.0288220816  -0.0198700736  -0.0362263932  -0.0073880863   0.0109428276
       -0.0079540629   0.0073060136  -0.0027664319   0.0397447869  -0.0696830396
        0.0149593834   0.0112067647  -0.0188321938  -0.0069176723   0.0950624132
        0.4263026829   0.0260826572   0.0002163235   0.0007753152  -0.0010634776
        0.0005721759   0.0008350433   0.0003246185  -0.0028026255  -0.0012436067
        0.0008690745  -0.1082608915  -0.0918152017   0.0206636294  -0.0237083956
       -0.1917259918  -0.1215136558  -0.0040764887  -0.0619190215   0.0693618745
        0.0059808117  -0.0043382645   0.0024623881  -0.0391426959   0.0290819985
       -0.0552424107   0.0188713230  -0.0198296539   0.0087079035  -0.0177575760
        0.0260826572   0.5113164695   0.0003498341  -0.0009382288   0.0008791821
       -0.0003189021  -0.0001775496  -0.0000080933   0.0018164689   0.0008789299
       -0.0002264090   0.0429798298   0.0197464843  -0.0511549006  -0.0162891890
       -0.1260562885  -0.1420733536   0.0035100956   0.0755499155  -0.2746607760
       -0.0420131289   0.0132793700  -0.0347091513  -0.0055433789  -0.0093243662
        0.0192728736   0.0023634739   0.0021671392  -0.0027157800   0.0007620144
        0.0002163235   0.0003498341   0.0504146904  -0.0175629091   0.0457567367
        0.0004785518   0.0007916765  -0.0008608396  -0.0058442374   0.0102033381
       -0.0266291162   0.0005155682  -0.0001455302  -0.0000759944  -0.0001263147
        0.0001012879   0.0000798696  -0.0010072386   0.0002736703  -0.0004684325
        0.0174672961  -0.0633001082   0.0749573847  -0.0061114710  -0.0082561963
        0.0181535628   0.0025514349   0.0018326073  -0.0033929901   0.0011086975
        0.0007753152  -0.0009382288  -0.0175629091   0.0671970483  -0.0814093554
       -0.0033795551   0.0072498891  -0.0235115616   0.0055484047  -0.0057341866
        0.0164131617   0.0005878096  -0.0003055935   0.0000184917  -0.0000003969
       -0.0000563381  -0.0001090100  -0.0002093107   0.0005975627  -0.0001814549
       -0.0424904019   0.0698090423  -0.2674904249   0.0052707190   0.0078420842
       -0.0097582133  -0.0010817661  -0.0011114134   0.0016204567  -0.0007352312
       -0.0010634776   0.0008791821   0.0457567367  -0.0814093554   0.2998090796
       -0.0040806474   0.0041659301  -0.0218833022  -0.0028221915   0.0019997960
       -0.0035478370  -0.0005982386   0.0000852606   0.0001152298   0.0000914506
       -0.0000640966  -0.0002637659   0.0006895705  -0.0002537701   0.0005195951
       -0.0372316855  -0.0046683065  -0.0077678934  -0.0003933102  -0.0107869916
       -0.0099829114  -0.0040311067  -0.0059515970   0.0003560733  -0.0002364595
        0.0005721759  -0.0003189021   0.0004785518  -0.0033795551  -0.0040806474
        0.0422611500   0.0011344436   0.0042850276  -0.0000967007   0.0228881124
        0.0171930530   0.0005071224  -0.0000884887   0.0000880271  -0.0010959185
        0.0002914952   0.0003353131  -0.0001616431  -0.0000112882  -0.0001071398
       -0.0002898111  -0.1930426196  -0.1285479768  -0.0008194077  -0.0123593047
       -0.0102187745  -0.0044647231  -0.0037427292   0.0021248999   0.0006872950
        0.0008350433  -0.0001775496   0.0007916765   0.0072498891   0.0041659301
        0.0011344436   0.2157780833   0.1441596699   0.0026579994  -0.0150363141
       -0.0117864862   0.0005636412  -0.0002053378   0.0001012742  -0.0001592806
        0.0005733276   0.0002199139  -0.0001018332  -0.0000500380  -0.0000409010
       -0.0038949864  -0.1235045671  -0.1441235516  -0.0012620119   0.0006590446
        0.0018953598   0.0011913250   0.0020575468   0.0018909512   0.0000735993
        0.0003246185  -0.0000080933  -0.0008608396  -0.0235115616  -0.0218833022
        0.0042850276   0.1441596699   0.1617554391   0.0006001610  -0.0004280308
        0.0003381412   0.0000630073   0.0001477509  -0.0000348470  -0.0000941811
        0.0001977531   0.0004025273  -0.0001011013  -0.0001022243  -0.0002326245
       -0.2267561671   0.1183603601  -0.0139073827  -0.0199545294   0.0068430525
        0.0014151940   0.0019753263  -0.0001655875  -0.0008051948  -0.0036527472
       -0.0028026255   0.0018164689  -0.0058442374   0.0055484047  -0.0028221915
       -0.0000967007   0.0026579994   0.0006001610   0.2544586921  -0.1301149623
        0.0134921716  -0.0011493446   0.0008839553  -0.0001881787   0.0004404168
       -0.0005819365  -0.0001293130   0.0005792913  -0.0006286602   0.0005282652
        0.1099039654  -0.1052601877   0.0053273789  -0.0106052212   0.0069194838
        0.0002815055   0.0012468614  -0.0000498385  -0.0006513286  -0.0028973113
       -0.0012436067   0.0008789299   0.0102033381  -0.0057341866   0.0019997960
        0.0228881124  -0.0150363141  -0.0004280308  -0.1301149623   0.1199799002
       -0.0073944775  -0.0007989247   0.0008758782  -0.0001860986   0.0000715889
       -0.0001753595   0.0001412796   0.0001025534  -0.0002757691   0.0000310455
       -0.0108066146   0.0047539270  -0.0428986947   0.0054899741  -0.0024901445
        0.0003987086  -0.0001573582  -0.0003381984  -0.0003763567   0.0011679648
        0.0008690745  -0.0002264090  -0.0266291162   0.0164131617  -0.0035478370
        0.0171930530  -0.0117864862   0.0003381412   0.0134921716  -0.0073944775
        0.0459671208   0.0003986315  -0.0003331133   0.0003247083  -0.0001549539
        0.0001968452  -0.0000016702   0.0000062479   0.0001094115   0.0000222887
       -0.0036538651   0.0030452409  -0.0012172392  -0.0202099366  -0.0054829567
        0.0017637845   0.0019800376  -0.0000037632   0.0004045077  -0.2319436592
       -0.1082608915   0.0429798298   0.0005155682   0.0005878096  -0.0005982386
        0.0005071224   0.0005636412   0.0000630073  -0.0011493446  -0.0007989247
        0.0003986315   0.2605623080   0.1186031767  -0.0466019401  -0.0044806500
       -0.0050761881   0.0000996344  -0.0021275807  -0.0031771442   0.0027080227
        0.0031423641  -0.0016077463   0.0005075589   0.0121683681   0.0065965138
       -0.0014848363  -0.0014557342   0.0000265921  -0.0004790858  -0.0998313322
       -0.0918152017   0.0197464843  -0.0001455302  -0.0003055935   0.0000852606
       -0.0000884887  -0.0002053378   0.0001477509   0.0008839553   0.0008758782
       -0.0003331133   0.1186031767   0.1046513275  -0.0247225744  -0.0234240233
       -0.0133750527   0.0031696537  -0.0098527557  -0.0048413797   0.0033629014
       -0.0005714031   0.0004735565   0.0001394921  -0.0023957122  -0.0013010407
        0.0009817950  -0.0002343500  -0.0003497636  -0.0004636242   0.0398888021
        0.0206636294  -0.0511549006  -0.0000759944   0.0000184917   0.0001152298
        0.0000880271   0.0001012742  -0.0000348470  -0.0001881787  -0.0001860986
        0.0003247083  -0.0466019401  -0.0247225744   0.0551914770  -0.0172409662
       -0.0101128342   0.0030566840   0.0273317154   0.0154153598  -0.0081560142
       -0.0002588884  -0.0004454143   0.0003441848   0.0019129650   0.0099524697
        0.0093797961  -0.0034618547   0.0061737445   0.0006192680  -0.0405908589
       -0.0237083956  -0.0162891890  -0.0001263147  -0.0000003969   0.0000914506
       -0.0010959185  -0.0001592806  -0.0000941811   0.0004404168   0.0000715889
       -0.0001549539  -0.0044806500  -0.0234240233  -0.0172409662   0.0469584500
        0.0313934400   0.0225074292   0.0007026533   0.0001462677   0.0008371615
       -0.0006399347   0.0009086935  -0.0000963018  -0.0016184534  -0.0129825090
       -0.0107516304   0.0047184138  -0.0043945924   0.0014137600  -0.0288220816
       -0.1917259918  -0.1260562885   0.0001012879  -0.0000563381  -0.0000640966
        0.0002914952   0.0005733276   0.0001977531  -0.0005819365  -0.0001753595
        0.0001968452  -0.0050761881  -0.0133750527  -0.0101128342   0.0313934400
        0.2140808557   0.1412340990   0.0002339573   0.0071469668   0.0040386942
       -0.0000159497   0.0004045782  -0.0000511464   0.0012909372  -0.0010193087
        0.0001977297  -0.0002135082   0.0011725953   0.0019779664  -0.0198700736
       -0.1215136558  -0.1420733536   0.0000798696  -0.0001090100  -0.0002637659
        0.0003353131   0.0002199139   0.0004025273  -0.0001293130   0.0001412796
       -0.0000016702   0.0000996344   0.0031696537   0.0030566840   0.0225074292
        0.1412340990   0.1587577705  -0.0040843391  -0.0237001453  -0.0220027418
        0.0007255458  -0.0003727674  -0.0003858383  -0.0081808489   0.0103089535
       -0.0183224784   0.0025912574  -0.0023447932   0.0023465869  -0.0362263932
       -0.0040764887   0.0035100956  -0.0010072386  -0.0002093107   0.0006895705
       -0.0001616431  -0.0001018332  -0.0001011013   0.0005792913   0.0001025534
        0.0000062479  -0.0021275807  -0.0098527557   0.0273317154   0.0007026533
        0.0002339573  -0.0040843391   0.0431049568   0.0063124847  -0.0109904593
       -0.0012314004   0.0008640934  -0.0007359209   0.0087878163  -0.0093071197
        0.0181725203  -0.0030836597   0.0021455596  -0.0031153741  -0.0073880863
       -0.0619190215   0.0755499155   0.0002736703   0.0005975627  -0.0002537701
       -0.0000112882  -0.0000500380  -0.0001022243  -0.0006286602  -0.0002757691
        0.0001094115  -0.0031771442  -0.0048413797   0.0154153598   0.0001462677
        0.0071469668  -0.0237001453   0.0063124847   0.0656391455  -0.0813397723
        0.0006841508  -0.0010615801   0.0008240483  -0.0049834406   0.0066537338
       -0.0060787915   0.0008490445  -0.0008245412   0.0010862376   0.0109428276
        0.0693618745  -0.2746607760  -0.0004684325  -0.0001814549   0.0005195951
       -0.0001071398  -0.0000409010  -0.0002326245   0.0005282652   0.0000310455
        0.0000222887   0.0027080227   0.0033629014  -0.0081560142   0.0008371615
        0.0040386942  -0.0220027418  -0.0109904593  -0.0813397723   0.3086787784
