           1           2   1.00491068582172     
           2           3   1.00509289056958     
           2           4  0.997187828462941     
           4           5   1.41248602799475     
           5           6   1.44589757677777     
           4           7  0.110630188610544     
           6           7   1.43814613603145     
           5           8  0.110836548812048     
           7           8   1.43834822873576     
           4           9   1.41269925157202     
           6           9  0.110792636358704     
           8           9   1.44565699131184     
           1          10  0.987670455657813     
           1          11  0.984966489686504     
           1          12  0.983735670743485     
           2          13  0.952849961371220     
           3          14  0.984961130348316     
           3          15  0.987638575832869     
           3          16  0.983764608518753     
           5          17  0.965982357042656     
           6          18  0.971412716359254     
           7          19  0.971623341753901     
           8          20  0.971414232562748     
           9          21  0.965979452966512     
