           1           2  0.957488133604477     
           2           3   1.12527756560429     
           2           4  0.171359490915251     
           3           4   1.75757711200295     
           3           5  0.958502172465362     
           5           6  0.972411832156557     
           6           7   1.00634451952227     
           7           8   1.00913370001709     
           8           9   1.00909217562217     
           5          10  0.985139435716881     
           9          10   1.00783478908067     
           1          11  0.982099561224472     
           1          12  0.977357376554502     
           1          13  0.977500337241229     
           5          14  0.965612623035880     
           6          15  0.975635339030473     
           6          16  0.977595150245604     
           7          17  0.975891688876428     
           7          18  0.977219264023486     
           8          19  0.977166836057719     
           8          20  0.977509864336464     
           9          21  0.976399722289572     
           9          22  0.977256478308353     
          10          23  0.974202676155124     
          10          24  0.977400070496171     
