           1           2  0.961981374142588     
           2           3   1.10877342989334     
           2           4  0.165404532432575     
           3           4   1.71884734296573     
           3           5   1.01512749654509     
           5           6   1.37927002132272     
           6           7   1.46889512712145     
           7           8   1.36021798445937     
           8           9   1.34702589349754     
           5          10   1.37004729538981     
           9          10   1.48267403281998     
           8          11   1.09162088235262     
           1          12  0.976699510436909     
           1          13  0.982084605909508     
           1          14  0.976697437310029     
           6          15  0.965158983096732     
           7          16  0.965294528553698     
           9          17  0.966794420346809     
          10          18  0.966018211413103     
          11          19  0.884863977188730     
