$hessian                                                                        
        0.5030073759  -0.0305042469   0.0178706768  -0.0923923662  -0.0488976026
        0.0328574718   0.0025582955   0.0025107791  -0.0019222760  -0.0285127844
       -0.0208085725   0.0114438902  -0.0023914096   0.0013925298   0.0013511677
       -0.0603171473   0.0569726454   0.0229981886  -0.0534779522   0.0006412455
       -0.0460317762  -0.2719551456   0.0352506438  -0.0358820706   0.0025788930
        0.0008572129  -0.0003936506   0.0000745615   0.0017455133   0.0003494141
        0.0001193414   0.0001930073  -0.0000696354   0.0007784928   0.0011191361
       -0.0001698987   0.0004308371  -0.0009452064  -0.0003034660  -0.0002310772
        0.0007062491  -0.0027925401  -0.0002699148  -0.0002333340   0.0006945045
       -0.0305042469   0.4839149596   0.0266900801  -0.0419688111  -0.1265748299
        0.0406278850  -0.0127348967  -0.0290812268   0.0099214680  -0.0073407216
        0.0007153148  -0.0017040273   0.0014411774   0.0008184756   0.0010616869
        0.0563975603  -0.2312802091  -0.0811547117   0.0005413587  -0.0438879696
       -0.0037158258   0.0358584802  -0.0477897279   0.0042505162  -0.0024919136
       -0.0030744073   0.0043302457   0.0009590276  -0.0059807080  -0.0016189341
       -0.0003023576   0.0009461229   0.0008731926  -0.0010114745   0.0006852146
        0.0004018656   0.0011057853   0.0006614358  -0.0001955378  -0.0000401366
       -0.0000296871   0.0001990824   0.0000911692  -0.0000427576   0.0000330142
        0.0178706768   0.0266900801   0.5057622117   0.0282113084   0.0404200001
       -0.0907022319  -0.0038171475  -0.0054958408   0.0039661262   0.0015498351
       -0.0013111211   0.0023502174  -0.0008984635   0.0000499889  -0.0004467415
        0.0232302801  -0.0813815543  -0.0788512782  -0.0456580952  -0.0031863333
       -0.2739719617  -0.0360332505   0.0042307279  -0.0499427653   0.0160389797
        0.0236165483  -0.0195359070   0.0002117892  -0.0024044230   0.0001584320
       -0.0003220043  -0.0010869959   0.0009495958  -0.0002594052  -0.0000796584
        0.0001458909  -0.0000853595  -0.0000062706   0.0002947878  -0.0000922252
        0.0000676123  -0.0003003668   0.0000530815  -0.0001227602   0.0001239907
       -0.0923923662  -0.0419688111   0.0282113084   0.4723181765  -0.0185770561
        0.0113766580  -0.0740319926   0.0311259331   0.0113110849  -0.1942852808
        0.0320705383  -0.0145622901  -0.0298973657  -0.0040924607  -0.0090692418
        0.0031412348   0.0038524282  -0.0028278293   0.0022421263   0.0022416316
        0.0005798672  -0.0206433802  -0.0221294868   0.0138439231  -0.0485676369
        0.0010953310  -0.0427686522   0.0038315951  -0.0131267276  -0.0048515846
        0.0017722611  -0.0041941558  -0.0007443263  -0.0125833444   0.0280542659
        0.0107385205  -0.0117902525   0.0056612605  -0.0003939503   0.0002582734
       -0.0008533734  -0.0025249884   0.0006279523   0.0008406831   0.0016815007
       -0.0488976026  -0.1265748299   0.0404200001  -0.0185770561   0.4716639768
        0.0159487319   0.0330249752  -0.1678108888  -0.0429327282   0.0324240567
       -0.0694061704   0.0002181744  -0.0155628414   0.0044883319  -0.0014642060
       -0.0130932363  -0.0248332160   0.0113111663  -0.0009578175  -0.0017047698
        0.0040036172  -0.0009540066   0.0007734789  -0.0006140529   0.0003966789
       -0.0405778235  -0.0077477563   0.0043321023  -0.0253071368  -0.0069756871
        0.0002947117  -0.0042335046  -0.0057206815   0.0052006795  -0.0075343109
       -0.0026943884   0.0245606438  -0.0091715388   0.0006601883  -0.0014745882
        0.0010307739  -0.0062755759  -0.0007166994  -0.0008023721   0.0018631981
        0.0328574718   0.0406278850  -0.0907022319   0.0113766580   0.0159487319
        0.5049756336   0.0123298456  -0.0434382818  -0.0857583059  -0.0166349056
        0.0001246934  -0.0642661365  -0.0148902834   0.0012012658  -0.0018536718
       -0.0051853467  -0.0071221673   0.0045216271   0.0158928982   0.0226571889
       -0.0188929518   0.0002871032  -0.0013631832   0.0013573992  -0.0473733863
       -0.0072579818  -0.2468058910  -0.0035611835   0.0116521641   0.0045154368
        0.0082418359  -0.0284873837  -0.0160124988  -0.0003704689   0.0033314144
        0.0016295112   0.0099954356  -0.0038016276   0.0015068080  -0.0037381626
       -0.0063886930   0.0095198863   0.0007724889   0.0023159750  -0.0037346145
        0.0025582955  -0.0127348967  -0.0038171475  -0.0740319926   0.0330249752
        0.0123298456   0.5194142296   0.0201950880   0.0064778741  -0.0135408149
        0.0266654912   0.0096859254   0.0001188766   0.0003475794   0.0003982349
       -0.0011552430  -0.0031591431   0.0012870534   0.0002185653   0.0000770544
       -0.0003358622   0.0007039767  -0.0010820332  -0.0001340956   0.0018386973
       -0.0034532998  -0.0016542503  -0.1060446597  -0.0895515174   0.0565338812
       -0.0512993231  -0.0025643277  -0.0407999998  -0.2723085471   0.0287297690
       -0.0399040599  -0.0054003674   0.0021074101  -0.0003304251   0.0001712969
        0.0005805279   0.0002488337  -0.0012429902   0.0008173228   0.0000141922
        0.0025107791  -0.0290812268  -0.0054958408   0.0311259331  -0.1678108888
       -0.0434382818   0.0201950880   0.4714561300  -0.0233185486   0.0086403274
       -0.0086712687  -0.0021926721  -0.0009666052  -0.0000903427   0.0001359929
       -0.0022103764  -0.0041793401   0.0019482189   0.0005505985   0.0008850399
       -0.0008539231   0.0008565523   0.0006294324  -0.0004116129   0.0018655691
       -0.0061360751  -0.0048903780  -0.0892383393  -0.1682809123   0.0816857612
       -0.0023015309  -0.0437294147  -0.0090765214   0.0285432198  -0.0457203531
        0.0062499267   0.0007804931   0.0004526109  -0.0001322655  -0.0002249640
        0.0000727810  -0.0001356240  -0.0001267446   0.0002038282  -0.0000742315
       -0.0019222760   0.0099214680   0.0039661262   0.0113110849  -0.0429327282
       -0.0857583059   0.0064778741  -0.0233185486   0.5178723142   0.0013049767
        0.0011366084   0.0018012824  -0.0001600474   0.0006645324  -0.0006318880
        0.0011109679   0.0027480222  -0.0003105666  -0.0000853931   0.0011069042
        0.0009168186  -0.0002999438   0.0001546394   0.0001546612   0.0074313636
       -0.0281129152  -0.0152470552   0.0567520448   0.0816032604  -0.0968044501
       -0.0405247022  -0.0095222459  -0.2761652679  -0.0400522089   0.0060658416
       -0.0516038081  -0.0008216915   0.0002528492   0.0012868452  -0.0001314282
        0.0000574975   0.0002485687  -0.0003906208   0.0001748146   0.0002747252
       -0.0285127844  -0.0073407216   0.0015498351  -0.1942852808   0.0324240567
       -0.0166349056  -0.0135408149   0.0086403274   0.0013049767   0.6422917124
        0.1076183277   0.1609064352  -0.3037625406  -0.1879864493  -0.1533399745
        0.0005578690   0.0006065999  -0.0002449313   0.0007230139   0.0009000852
       -0.0006133402  -0.0025324175  -0.0020928032   0.0017288070  -0.0161068154
        0.0006046159  -0.0076310010   0.0006266930  -0.0007674211   0.0002415068
        0.0006820884  -0.0004878124  -0.0006132772  -0.0007521151   0.0014897410
        0.0004774512  -0.0638686346   0.0627989986   0.0256490743  -0.0278891992
       -0.0181584697  -0.0147555449   0.0063692257   0.0017509250   0.0019748884
       -0.0208085725   0.0007153148  -0.0013111211   0.0320705383  -0.0694061704
        0.0001246934   0.0266654912  -0.0086712687   0.0011366084   0.1076183277
        0.5758636349   0.2455179878  -0.1935333231  -0.2427422950  -0.1490897675
       -0.0015303056   0.0000573615   0.0000426413  -0.0000563621   0.0006336557
       -0.0004170580  -0.0037651056  -0.0030500621   0.0022427424  -0.0006034515
        0.0014626819  -0.0006795516   0.0002790614   0.0002437328   0.0002148368
        0.0000313576   0.0004739432   0.0000178648   0.0022425378  -0.0050983038
       -0.0021333841   0.0653272764  -0.2318309866  -0.0843714313   0.0040933108
        0.0033225132   0.0034542906  -0.0180307808  -0.0219737515  -0.0147493518
        0.0114438902  -0.0017040273   0.0023502174  -0.0145622901   0.0002181744
       -0.0642661365   0.0096859254  -0.0021926721   0.0018012824   0.1609064352
        0.2455179878   0.2895863489  -0.1560558953  -0.1475960883  -0.1381480309
       -0.0004515833  -0.0007837283   0.0001884355   0.0010632889   0.0000513354
        0.0002253092   0.0021829076   0.0017177649  -0.0006769271  -0.0312272842
        0.0039466928  -0.0074709178  -0.0001793565   0.0000172985   0.0003241377
        0.0005775473  -0.0000150355   0.0001537553   0.0010390049  -0.0020770787
       -0.0002802244   0.0267048243  -0.0852700598  -0.0732801712  -0.0034187127
       -0.0012063645  -0.0033194163  -0.0077087015  -0.0106241992  -0.0071876622
       -0.0023914096   0.0014411774  -0.0008984635  -0.0298973657  -0.0155628414
       -0.0148902834   0.0001188766  -0.0009666052  -0.0001600474  -0.3037625406
       -0.1935333231  -0.1560558953   0.6780014934   0.0733508616   0.1621778630
       -0.0000688143   0.0001572031  -0.0000702672   0.0000568044   0.0001086379
       -0.0000102846  -0.0005045302  -0.0008518725   0.0006867905  -0.0030478225
        0.0006383352  -0.0003000982  -0.0005054960   0.0001486942  -0.0000420924
       -0.0004633572   0.0000713020  -0.0002123180   0.0002508488  -0.0005342959
       -0.0002156648   0.0038227359   0.0026266715   0.0019482604  -0.2824175827
        0.0761202797  -0.0149622887  -0.0591918404   0.0567857756   0.0230047897
        0.0013925298   0.0008184756   0.0000499889  -0.0040924607   0.0044883319
        0.0012012658   0.0003475794  -0.0000903427   0.0006645324  -0.1879864493
       -0.2427422950  -0.1475960883   0.0733508616   0.5740155331   0.2584383780
        0.0001512664   0.0000795381  -0.0000757612  -0.0000915903  -0.0000246025
        0.0000569472   0.0002310961   0.0002510357  -0.0000313750   0.0021806113
        0.0001675929   0.0012668833   0.0004865072   0.0001506291   0.0003009327
        0.0003660198   0.0001701485  -0.0002127995   0.0002209056  -0.0001385523
       -0.0001824404  -0.0189271664  -0.0228957674  -0.0161293830   0.0741498294
       -0.0642355583  -0.0009104465   0.0582204603  -0.2500141668  -0.0968406346
        0.0013511677   0.0010616869  -0.0004467415  -0.0090692418  -0.0014642060
       -0.0018536718   0.0003982349   0.0001359929  -0.0006318880  -0.1533399745
       -0.1490897675  -0.1381480309   0.1621778630   0.2584383780   0.2584057175
        0.0000817656   0.0000893935  -0.0000637436  -0.0002113333  -0.0001306381
        0.0002483146   0.0002644385  -0.0000286089   0.0002106830  -0.0006292978
        0.0004406396   0.0001549396  -0.0000637188  -0.0003053317   0.0002612272
        0.0001815965   0.0002742529   0.0002399686   0.0000855983  -0.0003259967
        0.0001209550  -0.0088584999  -0.0113078530  -0.0070543390  -0.0160158557
       -0.0005197432  -0.0348385194   0.0236472572  -0.0972681986  -0.0766048714
       -0.0603171473   0.0563975603   0.0232302801   0.0031412348  -0.0130932363
       -0.0051853467  -0.0011552430  -0.0022103764   0.0011109679   0.0005578690
       -0.0015303056  -0.0004515833  -0.0000688143   0.0001512664   0.0000817656
        0.0682990964  -0.0643087326  -0.0285706542   0.0021300864  -0.0051441275
       -0.0028627088  -0.0125396611   0.0303276945   0.0126254675   0.0002620330
        0.0003027687  -0.0003489402   0.0003227256  -0.0008149835  -0.0001599189
       -0.0000928060   0.0000208689  -0.0000040673   0.0000359075  -0.0000798243
        0.0001114427  -0.0006333663  -0.0001278798   0.0003143730   0.0000035350
        0.0000053997   0.0000377939   0.0000545503   0.0001039075   0.0000711287
        0.0569726454  -0.2312802091  -0.0813815543   0.0038524282  -0.0248332160
       -0.0071221673  -0.0031591431  -0.0041793401   0.0027480222   0.0006065999
        0.0000573615  -0.0007837283   0.0001572031   0.0000795381   0.0000893935
       -0.0643087326   0.2697916064   0.0931751839   0.0010767845  -0.0027330480
       -0.0037018757   0.0050115504  -0.0071843127  -0.0033876259   0.0004658788
        0.0003993268  -0.0001787962   0.0002713763  -0.0015434121  -0.0003875416
        0.0000133760   0.0002992767   0.0003858269  -0.0003723634   0.0003380887
        0.0000375920  -0.0007330437   0.0004976965   0.0002302966  -0.0000248629
        0.0000934766   0.0001098240   0.0001703032   0.0001971665   0.0001671501
        0.0229981886  -0.0811547117  -0.0788512782  -0.0028278293   0.0113111663
        0.0045216271   0.0012870534   0.0019482189  -0.0003105666  -0.0002449313
        0.0000426413   0.0001884355  -0.0000702672  -0.0000757612  -0.0000637436
       -0.0285706542   0.0931751839   0.0884641655   0.0087884693  -0.0302827669
       -0.0170223424  -0.0012208039   0.0034892234   0.0021105068  -0.0002059460
        0.0005286600   0.0005117143  -0.0000659637   0.0006497830   0.0003649750
        0.0000920177   0.0001878722   0.0001232420   0.0000005957  -0.0000075176
       -0.0001189781   0.0000590407   0.0001194567   0.0001147230  -0.0000359836
        0.0000289845  -0.0000553843   0.0000170137   0.0000395674   0.0000229041
       -0.0534779522   0.0005413587  -0.0456580952   0.0022421263  -0.0009578175
        0.0158928982   0.0002185653   0.0005505985  -0.0000853931   0.0007230139
       -0.0000563621   0.0010632889   0.0000568044  -0.0000915903  -0.0002113333
        0.0021300864   0.0010767845   0.0087884693   0.0590312602   0.0016608356
        0.0515769193  -0.0098985500  -0.0003250243  -0.0334263781  -0.0010970978
       -0.0026120114   0.0022317726  -0.0000623620   0.0001078235   0.0000384053
        0.0002239114   0.0000404688  -0.0000446717  -0.0001861073  -0.0000361145
       -0.0001877414   0.0000138767   0.0000611737   0.0000373601   0.0000404199
        0.0000653857  -0.0000363525   0.0000420049  -0.0000255089   0.0000208515
        0.0006412455  -0.0438879696  -0.0031863333   0.0022416316  -0.0017047698
        0.0226571889   0.0000770544   0.0008850399   0.0011069042   0.0009000852
        0.0006336557   0.0000513354   0.0001086379  -0.0000246025  -0.0001306381
       -0.0051441275  -0.0027330480  -0.0302827669   0.0016608356   0.0497807629
        0.0017862591   0.0021198469   0.0007645062   0.0055291546  -0.0025498170
       -0.0031024198   0.0030606602   0.0000660993   0.0002127889  -0.0002196072
       -0.0002068719  -0.0004903564  -0.0003427202   0.0000601869  -0.0000628508
       -0.0000009506  -0.0000102375  -0.0001454012  -0.0000881809   0.0000803999
       -0.0000404575   0.0000830963  -0.0000449691  -0.0000848779  -0.0000234014
       -0.0460317762  -0.0037158258  -0.2739719617   0.0005798672   0.0040036172
       -0.0188929518  -0.0003358622  -0.0008539231   0.0009168186  -0.0006133402
       -0.0004170580   0.0002253092  -0.0000102846   0.0000569472   0.0002483146
       -0.0028627088  -0.0037018757  -0.0170223424   0.0515769193   0.0017862591
        0.3181130906  -0.0045042490  -0.0003080001  -0.0085521011   0.0023524138
        0.0029794085  -0.0014154761  -0.0001146705  -0.0003795257   0.0001775527
        0.0000796519   0.0004674607   0.0005592469  -0.0000460048   0.0000361414
       -0.0001761738  -0.0000597042  -0.0000635139  -0.0000937233  -0.0000150407
        0.0000463030  -0.0001421078   0.0000047891   0.0000635852   0.0000265054
       -0.2719551456   0.0358584802  -0.0360332505  -0.0206433802  -0.0009540066
        0.0002871032   0.0007039767   0.0008565523  -0.0002999438  -0.0025324175
       -0.0037651056   0.0021829076  -0.0005045302   0.0002310961   0.0002644385
       -0.0125396611   0.0050115504  -0.0012208039  -0.0098985500   0.0021198469
       -0.0045042490   0.3158548234  -0.0395202461   0.0401185570   0.0005827820
        0.0004908262  -0.0001458088   0.0001922000   0.0004104230  -0.0000770532
       -0.0002123913  -0.0000439008  -0.0000622582   0.0006279963  -0.0005697019
        0.0000778375   0.0003251304  -0.0002303512  -0.0001350388   0.0000460815
        0.0001186999  -0.0005375856  -0.0000469143  -0.0000141627   0.0000851481
        0.0352506438  -0.0477897279   0.0042307279  -0.0221294868   0.0007734789
       -0.0013631832  -0.0010820332   0.0006294324   0.0001546394  -0.0020928032
       -0.0030500621   0.0017177649  -0.0008518725   0.0002510357  -0.0000286089
        0.0303276945  -0.0071843127   0.0034892234  -0.0003250243   0.0007645062
       -0.0003080001  -0.0395202461   0.0555148064  -0.0071653788   0.0002796800
        0.0005398866  -0.0005294799   0.0001380029   0.0001914773  -0.0000453675
        0.0000327509  -0.0000615759  -0.0000409043   0.0001656596  -0.0007400116
        0.0001756160  -0.0000899688  -0.0000076150   0.0000302472  -0.0000680008
        0.0001389110  -0.0005411026  -0.0000349960   0.0000297709   0.0002238066
       -0.0358820706   0.0042505162  -0.0499427653   0.0138439231  -0.0006140529
        0.0013573992  -0.0001340956  -0.0004116129   0.0001546612   0.0017288070
        0.0022427424  -0.0006769271   0.0006867905  -0.0000313750   0.0002106830
        0.0126254675  -0.0033876259   0.0021105068  -0.0334263781   0.0055291546
       -0.0085521011   0.0401185570  -0.0071653788   0.0547713804   0.0006085878
       -0.0002672817   0.0003948013   0.0000674397  -0.0001187598  -0.0000996045
       -0.0001992450   0.0000325927  -0.0001908754  -0.0000130517  -0.0000296879
        0.0002720369  -0.0000982920   0.0000252586  -0.0000458056   0.0000818072
       -0.0000549428   0.0002950705  -0.0000082470   0.0000004531  -0.0000584602
        0.0025788930  -0.0024919136   0.0160389797  -0.0485676369   0.0003966789
       -0.0473733863   0.0018386973   0.0018655691   0.0074313636  -0.0161068154
       -0.0006034515  -0.0312272842  -0.0030478225   0.0021806113  -0.0006292978
        0.0002620330   0.0004658788  -0.0002059460  -0.0010970978  -0.0025498170
        0.0023524138   0.0005827820   0.0002796800   0.0006085878   0.0636417426
        0.0005578031   0.0499826851   0.0000173083  -0.0003321530  -0.0002743307
        0.0001146890   0.0015528321   0.0010913639   0.0003186113   0.0000579039
        0.0007309065   0.0004697404  -0.0003354480  -0.0000562998  -0.0011855664
       -0.0016708939   0.0019472009   0.0001804421   0.0006267200  -0.0004169564
        0.0008572129  -0.0030744073   0.0236165483   0.0010953310  -0.0405778235
       -0.0072579818  -0.0034532998  -0.0061360751  -0.0281129152   0.0006046159
        0.0014626819   0.0039466928   0.0006383352   0.0001675929   0.0004406396
        0.0003027687   0.0003993268   0.0005286600  -0.0026120114  -0.0031024198
        0.0029794085   0.0004908262   0.0005398866  -0.0002672817   0.0005578031
        0.0539113480   0.0078078713  -0.0002068303   0.0005282683  -0.0003985870
        0.0016297100  -0.0051584607  -0.0031352839  -0.0004055231   0.0007298616
       -0.0000717984   0.0003099176   0.0001727110   0.0002633028   0.0000563919
        0.0001844510  -0.0002028286   0.0001347524  -0.0000469416  -0.0001364466
       -0.0003936506   0.0043302457  -0.0195359070  -0.0427686522  -0.0077477563
       -0.2468058910  -0.0016542503  -0.0048903780  -0.0152470552  -0.0076310010
       -0.0006795516  -0.0074709178  -0.0003000982   0.0012668833   0.0001549396
       -0.0003489402  -0.0001787962   0.0005117143   0.0022317726   0.0030606602
       -0.0014154761  -0.0001458088  -0.0005294799   0.0003948013   0.0499826851
        0.0078078713   0.2885405599  -0.0002539359   0.0002539281   0.0004759700
        0.0009368795  -0.0031465468  -0.0006631511   0.0001307714   0.0004254325
        0.0002958487   0.0002095693   0.0000678390   0.0004837174  -0.0002363410
       -0.0004177072   0.0004727135   0.0002410001   0.0003773560  -0.0001918664
        0.0000745615   0.0009590276   0.0002117892   0.0038315951   0.0043321023
       -0.0035611835  -0.1060446597  -0.0892383393   0.0567520448   0.0006266930
        0.0002790614  -0.0001793565  -0.0005054960   0.0004865072  -0.0000637188
        0.0003227256   0.0002713763  -0.0000659637  -0.0000623620   0.0000660993
       -0.0001146705   0.0001922000   0.0001380029   0.0000674397   0.0000173083
       -0.0002068303  -0.0002539359   0.1219083988   0.1036229651  -0.0659136510
        0.0026334708   0.0032040795  -0.0019684712  -0.0220597684  -0.0242473249
        0.0157622689  -0.0000254140  -0.0000874762  -0.0000082951   0.0000001154
       -0.0000900734   0.0001041634  -0.0009093685   0.0005108226  -0.0007684599
        0.0017455133  -0.0059807080  -0.0024044230  -0.0131267276  -0.0253071368
        0.0116521641  -0.0895515174  -0.1682809123   0.0816032604  -0.0007674211
        0.0002437328   0.0000172985   0.0001486942   0.0001506291  -0.0003053317
       -0.0008149835  -0.0015434121   0.0006497830   0.0001078235   0.0002127889
       -0.0003795257   0.0004104230   0.0001914773  -0.0001187598  -0.0003321530
        0.0005282683   0.0002539281   0.1036229651   0.1973266167  -0.0936353009
       -0.0007326719  -0.0001593542   0.0022973315  -0.0008539448   0.0017193063
       -0.0003767674  -0.0003156175   0.0002819850   0.0000139697  -0.0002097013
        0.0001814819   0.0001077990   0.0006693191   0.0004352370   0.0006245742
        0.0003494141  -0.0016189341   0.0001584320  -0.0048515846  -0.0069756871
        0.0045154368   0.0565338812   0.0816857612  -0.0968044501   0.0002415068
        0.0002148368   0.0003241377  -0.0000420924   0.0003009327   0.0002612272
       -0.0001599189  -0.0003875416   0.0003649750   0.0000384053  -0.0002196072
        0.0001775527  -0.0000770532  -0.0000453675  -0.0000996045  -0.0002743307
       -0.0003985870   0.0004759700  -0.0659136510  -0.0936353009   0.1087632732
        0.0173685095   0.0244065173  -0.0199779657  -0.0022069134  -0.0030810926
        0.0026202306  -0.0000985544  -0.0000897932  -0.0001676091   0.0001456777
       -0.0002954574  -0.0001724807  -0.0010532960   0.0001393205  -0.0004391250
        0.0001193414  -0.0003023576  -0.0003220043   0.0017722611   0.0002947117
        0.0082418359  -0.0512993231  -0.0023015309  -0.0405247022   0.0006820884
        0.0000313576   0.0005775473  -0.0004633572   0.0003660198   0.0001815965
       -0.0000928060   0.0000133760   0.0000920177   0.0002239114  -0.0002068719
        0.0000796519  -0.0002123913   0.0000327509  -0.0001992450   0.0001146890
        0.0016297100   0.0009368795   0.0026334708  -0.0007326719   0.0173685095
        0.0574527188   0.0020534400   0.0473671027  -0.0093675442  -0.0004019696
       -0.0338551105  -0.0000261138  -0.0001500284  -0.0001787027   0.0001533077
       -0.0001278541  -0.0001846791  -0.0016902530  -0.0001980816   0.0004193028
        0.0001930073   0.0009461229  -0.0010869959  -0.0041941558  -0.0042335046
       -0.0284873837  -0.0025643277  -0.0437294147  -0.0095222459  -0.0004878124
        0.0004739432  -0.0000150355   0.0000713020   0.0001701485   0.0002742529
        0.0000208689   0.0002992767   0.0001878722   0.0000404688  -0.0004903564
        0.0004674607  -0.0000439008  -0.0000615759   0.0000325927   0.0015528321
       -0.0051584607  -0.0031465468   0.0032040795  -0.0001593542   0.0244065173
        0.0020534400   0.0506479292   0.0133737654   0.0005280210   0.0009308263
        0.0033527447  -0.0002219675   0.0000536227   0.0001610257  -0.0000434744
       -0.0001011431  -0.0000220218  -0.0001083809   0.0004119401   0.0000239982
       -0.0000696354   0.0008731926   0.0009495958  -0.0007443263  -0.0057206815
       -0.0160124988  -0.0407999998  -0.0090765214  -0.2761652679  -0.0006132772
        0.0000178648   0.0001537553  -0.0002123180  -0.0002127995   0.0002399686
       -0.0000040673   0.0003858269   0.0001232420  -0.0000446717  -0.0003427202
        0.0005592469  -0.0000622582  -0.0000409043  -0.0001908754   0.0010913639
       -0.0031352839  -0.0006631511  -0.0019684712   0.0022973315  -0.0199779657
        0.0473671027   0.0133737654   0.3198702734  -0.0043771426   0.0004479291
       -0.0094117104  -0.0001587211   0.0002746950   0.0001117019  -0.0001852843
        0.0003744579   0.0000098516   0.0007817065   0.0004838477   0.0004038338
        0.0007784928  -0.0010114745  -0.0002594052  -0.0125833444   0.0052006795
       -0.0003704689  -0.2723085471   0.0285432198  -0.0400522089  -0.0007521151
        0.0022425378   0.0010390049   0.0002508488   0.0002209056   0.0000855983
        0.0000359075  -0.0003723634   0.0000005957  -0.0001861073   0.0000601869
       -0.0000460048   0.0006279963   0.0001656596  -0.0000130517   0.0003186113
       -0.0004055231   0.0001307714  -0.0220597684  -0.0008539448  -0.0022069134
       -0.0093675442   0.0005280210  -0.0043771426   0.3155717842  -0.0348492035
        0.0458618413  -0.0005350017   0.0002074753  -0.0000355827   0.0001022977
        0.0000845505   0.0000445581   0.0001064895   0.0002392734   0.0001984084
        0.0011191361   0.0006852146  -0.0000796584   0.0280542659  -0.0075343109
        0.0033314144   0.0287297690  -0.0457203531   0.0060658416   0.0014897410
       -0.0050983038  -0.0020770787  -0.0005342959  -0.0001385523  -0.0003259967
       -0.0000798243   0.0003380887  -0.0000075176  -0.0000361145  -0.0000628508
        0.0000361414  -0.0005697019  -0.0007400116  -0.0000296879   0.0000579039
        0.0007298616   0.0004254325  -0.0242473249   0.0017193063  -0.0030810926
       -0.0004019696   0.0009308263   0.0004479291  -0.0348492035   0.0550222900
       -0.0048944346   0.0014774599  -0.0004400081  -0.0000049377  -0.0001097099
        0.0001576976   0.0000251536  -0.0001001315   0.0001511055   0.0001684916
       -0.0001698987   0.0004018656   0.0001458909   0.0107385205  -0.0026943884
        0.0016295112  -0.0399040599   0.0062499267  -0.0516038081   0.0004774512
       -0.0021333841  -0.0002802244  -0.0002156648  -0.0001824404   0.0001209550
        0.0001114427   0.0000375920  -0.0001189781  -0.0001877414  -0.0000009506
       -0.0001761738   0.0000778375   0.0001756160   0.0002720369   0.0007309065
       -0.0000717984   0.0002958487   0.0157622689  -0.0003767674   0.0026202306
       -0.0338551105   0.0033527447  -0.0094117104   0.0458618413  -0.0048944346
        0.0564782454   0.0005577685  -0.0002065330   0.0000717528  -0.0000270672
        0.0001170853   0.0000305421   0.0000415055   0.0002258666  -0.0000741186
        0.0004308371   0.0011057853  -0.0000853595  -0.0117902525   0.0245606438
        0.0099954356  -0.0054003674   0.0007804931  -0.0008216915  -0.0638686346
        0.0653272764   0.0267048243   0.0038227359  -0.0189271664  -0.0088584999
       -0.0006333663  -0.0007330437   0.0000590407   0.0000138767  -0.0000102375
       -0.0000597042   0.0003251304  -0.0000899688  -0.0000982920   0.0004697404
        0.0003099176   0.0002095693  -0.0000254140  -0.0003156175  -0.0000985544
       -0.0000261138  -0.0002219675  -0.0001587211  -0.0005350017   0.0014774599
        0.0005577685   0.0775701411  -0.0697421919  -0.0238528010   0.0009666735
       -0.0018052083   0.0005523734  -0.0013199850  -0.0017161744  -0.0040453883
       -0.0009452064   0.0006614358  -0.0000062706   0.0056612605  -0.0091715388
       -0.0038016276   0.0021074101   0.0004526109   0.0002528492   0.0627989986
       -0.2318309866  -0.0852700598   0.0026266715  -0.0228957674  -0.0113078530
       -0.0001278798   0.0004976965   0.0001194567   0.0000611737  -0.0001454012
       -0.0000635139  -0.0002303512  -0.0000076150   0.0000252586  -0.0003354480
        0.0001727110   0.0000678390  -0.0000874762   0.0002819850  -0.0000897932
       -0.0001500284   0.0000536227   0.0002746950   0.0002074753  -0.0004400081
       -0.0002065330  -0.0697421919   0.2613349651   0.1037061880  -0.0000020926
       -0.0001294417   0.0028937828  -0.0018423152   0.0011657318  -0.0065944182
       -0.0003034660  -0.0001955378   0.0002947878  -0.0003939503   0.0006601883
        0.0015068080  -0.0003304251  -0.0001322655   0.0012868452   0.0256490743
       -0.0843714313  -0.0732801712   0.0019482604  -0.0161293830  -0.0070543390
        0.0003143730   0.0002302966   0.0001147230   0.0000373601  -0.0000881809
       -0.0000937233  -0.0001350388   0.0000302472  -0.0000458056  -0.0000562998
        0.0002633028   0.0004837174  -0.0000082951   0.0000139697  -0.0001676091
       -0.0001787027   0.0001610257   0.0001117019  -0.0000355827  -0.0000049377
        0.0000717528  -0.0238528010   0.1037061880   0.0717931732   0.0014755135
        0.0024926781  -0.0042595222  -0.0041300197  -0.0066361601   0.0092376610
       -0.0002310772  -0.0000401366  -0.0000922252   0.0002582734  -0.0014745882
       -0.0037381626   0.0001712969  -0.0002249640  -0.0001314282  -0.0278891992
        0.0040933108  -0.0034187127  -0.2824175827   0.0741498294  -0.0160158557
        0.0000035350  -0.0000248629  -0.0000359836   0.0000404199   0.0000803999
       -0.0000150407   0.0000460815  -0.0000680008   0.0000818072  -0.0011855664
        0.0000563919  -0.0002363410   0.0000001154  -0.0002097013   0.0001456777
        0.0001533077  -0.0000434744  -0.0001852843   0.0001022977  -0.0001097099
       -0.0000270672   0.0009666735  -0.0000020926   0.0014755135   0.3186885335
       -0.0800469550   0.0226209294  -0.0087071089   0.0038645537  -0.0004278266
        0.0007062491  -0.0000296871   0.0000676123  -0.0008533734   0.0010307739
       -0.0063886930   0.0005805279   0.0000727810   0.0000574975  -0.0181584697
        0.0033225132  -0.0012063645   0.0761202797  -0.0642355583  -0.0005197432
        0.0000053997   0.0000934766   0.0000289845   0.0000653857  -0.0000404575
        0.0000463030   0.0001186999   0.0001389110  -0.0000549428  -0.0016708939
        0.0001844510  -0.0004177072  -0.0000900734   0.0001814819  -0.0002954574
       -0.0001278541  -0.0001011431   0.0003744579   0.0000845505   0.0001576976
        0.0001170853  -0.0018052083  -0.0001294417   0.0024926781  -0.0800469550
        0.0681085336   0.0060716359   0.0250717353  -0.0087543322  -0.0003733463
       -0.0027925401   0.0001990824  -0.0003003668  -0.0025249884  -0.0062755759
        0.0095198863   0.0002488337  -0.0001356240   0.0002485687  -0.0147555449
        0.0034542906  -0.0033194163  -0.0149622887  -0.0009104465  -0.0348385194
        0.0000377939   0.0001098240  -0.0000553843  -0.0000363525   0.0000830963
       -0.0001421078  -0.0005375856  -0.0005411026   0.0002950705   0.0019472009
       -0.0002028286   0.0004727135   0.0001041634   0.0001077990  -0.0001724807
       -0.0001846791  -0.0000220218   0.0000098516   0.0000445581   0.0000251536
        0.0000305421   0.0005523734   0.0028937828  -0.0042595222   0.0226209294
        0.0060716359   0.0302560170   0.0102381265  -0.0048570652   0.0022551477
       -0.0002699148   0.0000911692   0.0000530815   0.0006279523  -0.0007166994
        0.0007724889  -0.0012429902  -0.0001267446  -0.0003906208   0.0063692257
       -0.0180307808  -0.0077087015  -0.0591918404   0.0582204603   0.0236472572
        0.0000545503   0.0001703032   0.0000170137   0.0000420049  -0.0000449691
        0.0000047891  -0.0000469143  -0.0000349960  -0.0000082470   0.0001804421
        0.0001347524   0.0002410001  -0.0009093685   0.0006693191  -0.0010532960
       -0.0016902530  -0.0001083809   0.0007817065   0.0001064895  -0.0001001315
        0.0000415055  -0.0013199850  -0.0018423152  -0.0041300197  -0.0087071089
        0.0250717353   0.0102381265   0.0659977103  -0.0633527220  -0.0225060839
       -0.0002333340  -0.0000427576  -0.0001227602   0.0008406831  -0.0008023721
        0.0023159750   0.0008173228   0.0002038282   0.0001748146   0.0017509250
       -0.0219737515  -0.0106241992   0.0567857756  -0.2500141668  -0.0972681986
        0.0001039075   0.0001971665   0.0000395674  -0.0000255089  -0.0000848779
        0.0000635852  -0.0000141627   0.0000297709   0.0000004531   0.0006267200
       -0.0000469416   0.0003773560   0.0005108226   0.0004352370   0.0001393205
       -0.0001980816   0.0004119401   0.0004838477   0.0002392734   0.0001511055
        0.0002258666  -0.0017161744   0.0011657318  -0.0066361601   0.0038645537
       -0.0087543322  -0.0048570652  -0.0633527220   0.2791244198   0.1156875974
        0.0006945045   0.0000330142   0.0001239907   0.0016815007   0.0018631981
       -0.0037346145   0.0000141922  -0.0000742315   0.0002747252   0.0019748884
       -0.0147493518  -0.0071876622   0.0230047897  -0.0968406346  -0.0766048714
        0.0000711287   0.0001671501   0.0000229041   0.0000208515  -0.0000234014
        0.0000265054   0.0000851481   0.0002238066  -0.0000584602  -0.0004169564
       -0.0001364466  -0.0001918664  -0.0007684599   0.0006245742  -0.0004391250
        0.0004193028   0.0000239982   0.0004038338   0.0001984084   0.0001684916
       -0.0000741186  -0.0040453883  -0.0065944182   0.0092376610  -0.0004278266
       -0.0003733463   0.0022551477  -0.0225060839   0.1156875974   0.0759459504
