$hessian                                                                        
        0.5094424003   0.0097421590   0.0310926476  -0.0927348115   0.0266046774
        0.0552660989   0.0056121174  -0.0041334467  -0.0079036930  -0.0228618761
        0.0136648170   0.0171327269  -0.0002838605  -0.0014773248   0.0029454790
       -0.0048676489   0.0005751257  -0.0010734472  -0.2574846573   0.0453029548
       -0.0607987890  -0.0910844693  -0.0887597973  -0.0361298115  -0.0435509975
        0.0010072583  -0.0026370013  -0.0017005285   0.0009306930   0.0043575828
        0.0003022206   0.0000399288  -0.0003191838   0.0010615692  -0.0005682529
       -0.0007606141  -0.0005811262  -0.0025609810  -0.0016836439  -0.0012113549
       -0.0004138800   0.0007565629   0.0002201884  -0.0000534109  -0.0003762554
       -0.0002771651   0.0000994797   0.0001313412
        0.0097421590   0.5184247537  -0.0200754567   0.0242438801  -0.0810327526
       -0.0324945201   0.0090231704  -0.0135731270  -0.0222494166   0.0074020659
       -0.0037610154  -0.0068830742   0.0001750817   0.0006027805  -0.0005219203
        0.0007109515   0.0004746787   0.0002114376   0.0452243177  -0.0536576416
        0.0136760027  -0.0887451481  -0.2117029512  -0.0650480496   0.0015087203
       -0.1589539056   0.1217522953  -0.0092940565   0.0058414534   0.0153430307
        0.0006903019   0.0008128086  -0.0007560954   0.0007508661   0.0006048636
        0.0003516931  -0.0017191706  -0.0041433480  -0.0030113256   0.0000986077
        0.0001734631  -0.0002288064  -0.0000867484  -0.0001445162  -0.0000451027
        0.0002750012   0.0000344559  -0.0000206918
        0.0310926476  -0.0200754567   0.4792258716   0.0495404586  -0.0300603836
       -0.1491454654   0.0054801635  -0.0108631010  -0.0138259812   0.0047896530
       -0.0015826844   0.0062102955  -0.0016192524   0.0014341824  -0.0010806762
       -0.0016017323  -0.0008281350   0.0001332881  -0.0611367038   0.0133753129
       -0.0587468692  -0.0362455714  -0.0656424483  -0.0694977104  -0.0030975597
        0.1215969659  -0.1719160917   0.0134484804  -0.0061957097  -0.0222193324
        0.0001236152   0.0008488949   0.0009709393   0.0007013817   0.0005332996
        0.0003719641  -0.0010991619  -0.0025437120  -0.0008280052  -0.0001300353
       -0.0000489617   0.0001790706   0.0000080759   0.0001633069   0.0000685110
       -0.0002544592  -0.0001113702   0.0001001916
       -0.0927348115   0.0242438801   0.0495404586   0.4364845128  -0.0081236135
       -0.0189575387  -0.0866072109  -0.0413455511  -0.0197174836  -0.1440143865
        0.0221778180  -0.0132094792  -0.0118750551   0.0163516283  -0.0239862647
       -0.0258905556   0.0063543780   0.0017740916  -0.0193657072   0.0110022758
        0.0236786766   0.0056304804  -0.0029381035  -0.0079776146  -0.0008430609
       -0.0015845972   0.0037007674  -0.0424024029  -0.0069836281   0.0107445347
       -0.0019460061  -0.0048451453   0.0002768706  -0.0184954695  -0.0245112454
       -0.0126850197   0.0059475119   0.0098784121   0.0043829141  -0.0028793541
       -0.0005679036   0.0026996977  -0.0005234412   0.0004476192  -0.0001924209
       -0.0004850437   0.0004437761  -0.0000721898
        0.0266046774  -0.0810327526  -0.0300603836  -0.0081236135   0.4753013320
       -0.0554140151  -0.0573134589  -0.1415524720  -0.0368850428   0.0312070493
       -0.0729801231   0.0077009916   0.0238402547   0.0014955907   0.0209740130
        0.0009075272   0.0099148412   0.0042101149   0.0067102311  -0.0032255669
       -0.0075115700   0.0122400264  -0.0114398285  -0.0219982512  -0.0104303962
        0.0068156207   0.0161699817  -0.0074735467  -0.1527934011   0.1137712644
       -0.0118731369  -0.0232640903  -0.0054424316  -0.0014605927   0.0017116778
       -0.0002994301  -0.0043389236  -0.0106116119  -0.0065850375  -0.0002115992
        0.0011902384   0.0014341007  -0.0015907811   0.0001566599   0.0011365278
        0.0013062826   0.0003138856  -0.0012008321
        0.0552660989  -0.0324945201  -0.1491454654  -0.0189575387  -0.0554140151
        0.5086399912  -0.0243967857  -0.0311690582  -0.0785526467  -0.0144725568
        0.0055949171  -0.0621278963  -0.0393846235   0.0236501188  -0.0270043759
        0.0162522994   0.0006435950   0.0043428198  -0.0004430538   0.0013107414
        0.0037816459   0.0053903807  -0.0065537299  -0.0110226980   0.0129158267
       -0.0050188714  -0.0247182631   0.0116225963   0.1126951842  -0.1535326862
        0.0090462242   0.0157299688   0.0068392640  -0.0075760126  -0.0093731425
       -0.0044532695  -0.0099783318  -0.0206033069  -0.0113655869   0.0035231844
        0.0012120563  -0.0019081731   0.0000356135  -0.0004142097   0.0009024071
        0.0011566787   0.0002042722  -0.0006750669
        0.0056121174   0.0090231704   0.0054801635  -0.0866072109  -0.0573134589
       -0.0243967857   0.5014977049  -0.0302777073  -0.0143103905  -0.0193497287
       -0.0182840624  -0.0142461550  -0.0009246619   0.0018735446   0.0012798055
       -0.0009680756   0.0028178724   0.0014133620   0.0011171681   0.0008597945
        0.0006027191  -0.0007547808   0.0017305285   0.0027058985   0.0002509944
        0.0003707589  -0.0000129342  -0.0010442471  -0.0051830139  -0.0010891661
       -0.0447902901  -0.0061631425   0.0080550649  -0.2494528349   0.0576049649
       -0.0613883416  -0.1038515540   0.0427297884   0.0958154781  -0.0003105481
        0.0002565634   0.0005270812  -0.0008164047  -0.0001522432   0.0000922534
        0.0003923520   0.0001066423  -0.0005280530
       -0.0041334467  -0.0135731270  -0.0108631010  -0.0413455511  -0.1415524720
       -0.0311690582  -0.0302777073   0.4697229231  -0.0234021404  -0.0086246563
        0.0060899217  -0.0038468609   0.0015491982  -0.0022854805   0.0033050347
        0.0007976277  -0.0007104081  -0.0010693084  -0.0008391433   0.0004024283
        0.0004936591   0.0011410989  -0.0008122532  -0.0025501210  -0.0000420021
        0.0009126102   0.0008038897  -0.0132304626  -0.0235836447  -0.0068360709
       -0.0064030845  -0.1659563092   0.1210789728   0.0587711752  -0.0573046048
        0.0185988322   0.0420140848  -0.0714689436  -0.0643298101   0.0000763233
        0.0000408101  -0.0001029829   0.0005232640   0.0000858211  -0.0001772738
        0.0000232818  -0.0000072715   0.0000663391
       -0.0079036930  -0.0222494166  -0.0138259812  -0.0197174836  -0.0368850428
       -0.0785526467  -0.0143103905  -0.0234021404   0.5140130754  -0.0102304776
       -0.0062628284  -0.0057959530  -0.0003821602   0.0010420223   0.0009866354
        0.0001501907   0.0001213046  -0.0003833967  -0.0009242801   0.0003908201
        0.0007648603   0.0019419772  -0.0027747314  -0.0040438649  -0.0005823501
       -0.0007549517   0.0005950713   0.0089305022   0.0151493279   0.0063220136
        0.0079178663   0.1212613582  -0.1630296688  -0.0607085835   0.0182810287
       -0.0622314428   0.0951987237  -0.0640999704  -0.1948101974   0.0000131565
        0.0000323058   0.0001666156   0.0004655350   0.0003329126  -0.0001157908
        0.0001414669  -0.0001819986  -0.0000593292
       -0.0228618761   0.0074020659   0.0047896530  -0.1440143865   0.0312070493
       -0.0144725568  -0.0193497287  -0.0086246563  -0.0102304776   0.4486263150
       -0.0739231632   0.0605644549  -0.1039506953   0.0573453152  -0.1102470327
       -0.1365105417  -0.0067587668   0.0510187764  -0.0014859019   0.0015265026
        0.0015444189   0.0005059471  -0.0007796099  -0.0005490919  -0.0000502597
        0.0001449038  -0.0000798357   0.0012062429  -0.0009805485  -0.0014617693
       -0.0000844572  -0.0001477616   0.0001625246  -0.0005831408  -0.0003383472
       -0.0004229215   0.0004888084   0.0006216871   0.0007785964  -0.0265268280
       -0.0022416824   0.0180525856   0.0082719432  -0.0003296332  -0.0054674336
       -0.0036814408  -0.0041233547   0.0060201091
        0.0136648170  -0.0037610154  -0.0015826844   0.0221778180  -0.0729801231
        0.0055949171  -0.0182840624   0.0060899217  -0.0062628284  -0.0739231632
        0.3384610837  -0.2633356832   0.0567002957  -0.1803366569   0.2506360906
       -0.0105039538  -0.0682605145   0.0043830932   0.0010095222  -0.0005767829
       -0.0013533009   0.0006715266  -0.0002315428  -0.0000901175  -0.0013261263
        0.0002621451   0.0010796778   0.0184616996  -0.0076907071   0.0090712536
       -0.0020256036  -0.0005307888   0.0000339611  -0.0037069297  -0.0047225728
       -0.0025286039  -0.0005326097   0.0002432436  -0.0008116512   0.0109403098
        0.0024598812  -0.0101306164   0.0084111443   0.0012364003  -0.0061728918
       -0.0217346845  -0.0096619713   0.0214693842
        0.0171327269  -0.0068830742   0.0062102955  -0.0132094792   0.0077009916
       -0.0621278963  -0.0142461550  -0.0038468609  -0.0057959530   0.0605644549
       -0.2633356832   0.7848387345  -0.1078634503   0.2505844450  -0.5804613060
        0.0540558506   0.0013926537  -0.1060181822   0.0033217977  -0.0020846855
       -0.0046410759   0.0009177069  -0.0015043215  -0.0000653517   0.0021952312
        0.0008652073  -0.0007639773  -0.0169429851   0.0082502964  -0.0093779639
        0.0015988443   0.0016292123   0.0005347185  -0.0009870315  -0.0008969452
       -0.0004596369  -0.0006733812  -0.0007180784  -0.0011109764  -0.0025783297
       -0.0011284060   0.0065100474   0.0151931387   0.0046702386  -0.0243950487
        0.0015210608   0.0053050099  -0.0028764278
       -0.0002838605   0.0001750817  -0.0016192524  -0.0118750551   0.0238402547
       -0.0393846235  -0.0009246619   0.0015491982  -0.0003821602  -0.1039506953
        0.0567002957  -0.1078634503   0.1120962222  -0.0729067106   0.1220426281
        0.0120445913  -0.0095293236   0.0270265040   0.0005267484  -0.0002377535
       -0.0002687897   0.0001366141   0.0003114109  -0.0001632282  -0.0000181439
       -0.0000020094  -0.0005672722  -0.0073346177   0.0032084825  -0.0034539730
        0.0003627600   0.0004130586   0.0004573009  -0.0001470744  -0.0006422278
       -0.0001673601   0.0000603204  -0.0000431839  -0.0003198029   0.0033125392
       -0.0006070219  -0.0017495620  -0.0026442221  -0.0010917545   0.0047374940
       -0.0013614648  -0.0011377971   0.0016755476
       -0.0014773248   0.0006027805   0.0014341824   0.0163516283   0.0014955907
        0.0236501188   0.0018735446  -0.0022854805   0.0010420223   0.0573453152
       -0.1803366569   0.2505844450  -0.0729067106   0.1707106542  -0.3067270948
       -0.0016828995   0.0078437783   0.0279683009  -0.0003416460   0.0001764147
        0.0001457659  -0.0002357469   0.0001816045  -0.0000792216   0.0004235005
       -0.0002369165  -0.0005308507   0.0025651757  -0.0002911771   0.0012753555
        0.0006634809   0.0004544100  -0.0003127096   0.0005940585   0.0016425188
        0.0004520540  -0.0000028496  -0.0001201229   0.0002490108  -0.0003853358
       -0.0004496597  -0.0003608734  -0.0035929322  -0.0006820904   0.0030585170
        0.0008087419   0.0012943522  -0.0018490227
        0.0029454790  -0.0005219203  -0.0010806762  -0.0239862647   0.0209740130
       -0.0270043759   0.0012798055   0.0033050347   0.0009866354  -0.1102470327
        0.2506360906  -0.5804613060   0.1220426281  -0.3067270948   0.6666192724
        0.0095626816   0.0311743669  -0.0540309420   0.0001564542  -0.0000600743
        0.0010281499  -0.0002308046   0.0011257158   0.0002460976  -0.0008679768
       -0.0010289905   0.0011982228  -0.0056928512   0.0021714455  -0.0010455509
       -0.0002646388  -0.0007809579   0.0003784053  -0.0002870279  -0.0010760556
       -0.0002808382   0.0000870343   0.0001775016  -0.0000232694  -0.0023512822
       -0.0010617097   0.0014187540   0.0046102272   0.0012456609  -0.0035513253
        0.0032435689   0.0004469742  -0.0043972537
       -0.0048676489   0.0007109515  -0.0016017323  -0.0258905556   0.0009075272
        0.0162522994  -0.0009680756   0.0007976277   0.0001501907  -0.1365105417
       -0.0105039538   0.0540558506   0.0120445913  -0.0016828995   0.0095626816
        0.4894140525  -0.0273238009   0.0446980164  -0.0011155098   0.0006503528
        0.0013298627   0.0000376583  -0.0000857991  -0.0001720667   0.0002802083
        0.0000243976  -0.0002614878  -0.0004075661  -0.0006078295   0.0012570125
       -0.0001251869   0.0000978177  -0.0000080812  -0.0004669375  -0.0004946157
       -0.0002305990  -0.0001240049   0.0000220418  -0.0000050455  -0.2157084036
        0.0980037578  -0.0550819253  -0.0667357182  -0.0206773260  -0.0716877857
       -0.0488563615  -0.0398382496   0.0017428095
        0.0005751257   0.0004746787  -0.0008281350   0.0063543780   0.0099148412
        0.0006435950   0.0028178724  -0.0007104081   0.0001213046  -0.0067587668
       -0.0682605145   0.0013926537  -0.0095293236   0.0078437783   0.0311743669
       -0.0273238009   0.4857462675  -0.0057203306   0.0000520505  -0.0000043756
        0.0001004657  -0.0000899490   0.0000150731   0.0001006200   0.0003904733
       -0.0000804695  -0.0001642830  -0.0002315310   0.0006918511  -0.0007801811
       -0.0000065400  -0.0000335200  -0.0000504532   0.0003747987   0.0006810325
        0.0004339260  -0.0002570591  -0.0003128655   0.0001791378   0.0981971831
       -0.0993047092   0.0298182563  -0.0199164776  -0.0621955149  -0.0736283455
       -0.0446484336  -0.2744651452   0.0172074025
       -0.0010734472   0.0002114376   0.0001332881   0.0017740916   0.0042101149
        0.0043428198   0.0014133620  -0.0010693084  -0.0003833967   0.0510187764
        0.0043830932  -0.1060181822   0.0270265040   0.0279683009  -0.0540309420
        0.0446980164  -0.0057203306   0.4891906163  -0.0000607961   0.0000797586
        0.0002710514  -0.0000789234  -0.0000002142  -0.0001028598  -0.0004548638
        0.0000722975   0.0001213578  -0.0009507545  -0.0001776919   0.0005047688
       -0.0001260846  -0.0001573676  -0.0001167533   0.0004029900   0.0004636428
        0.0002013085  -0.0004192240  -0.0002100983   0.0002464154  -0.0551556442
        0.0295908753  -0.0632006605  -0.0680820576  -0.0698079481  -0.2359249019
        0.0000680551   0.0101634385  -0.0352339297
       -0.2574846573   0.0452243177  -0.0611367038  -0.0193657072   0.0067102311
       -0.0004430538   0.0011171681  -0.0008391433  -0.0009242801  -0.0014859019
        0.0010095222   0.0033217977   0.0005267484  -0.0003416460   0.0001564542
       -0.0011155098   0.0000520505  -0.0000607961   0.2984108455  -0.0539901179
        0.0687384903  -0.0182845442   0.0005916932  -0.0067717191  -0.0028933229
        0.0018212331  -0.0027942737   0.0000991895  -0.0002896898  -0.0002636436
       -0.0001378086   0.0001101099   0.0000118176   0.0006198690   0.0003026243
        0.0004078068   0.0001210528  -0.0003318293  -0.0003175271  -0.0001503583
       -0.0001122792   0.0001680059   0.0000408565   0.0000337195  -0.0000566531
       -0.0000179196   0.0000492041  -0.0000357218
        0.0453029548  -0.0536576416   0.0133753129   0.0110022758  -0.0032255669
        0.0013107414   0.0008597945   0.0004024283   0.0003908201   0.0015265026
       -0.0005767829  -0.0020846855  -0.0002377535   0.0001764147  -0.0000600743
        0.0006503528  -0.0000043756   0.0000797586  -0.0539901179   0.0591634974
       -0.0132577266  -0.0269085750   0.0037173326  -0.0083508186   0.0224019948
       -0.0059475943   0.0089017525  -0.0003962194   0.0002032099   0.0002074564
        0.0001294355  -0.0001924467   0.0000992996  -0.0002651662  -0.0001857624
       -0.0007003490  -0.0001968197   0.0000762008   0.0001781489   0.0001030360
        0.0000481424  -0.0000921449  -0.0000232884   0.0000071391   0.0000422461
        0.0000415931  -0.0000041948  -0.0000397376
       -0.0607987890   0.0136760027  -0.0587468692   0.0236786766  -0.0075115700
        0.0037816459   0.0006027191   0.0004936591   0.0007648603   0.0015444189
       -0.0013533009  -0.0046410759  -0.0002687897   0.0001457659   0.0010281499
        0.0013298627   0.0001004657   0.0002710514   0.0687384903  -0.0132577266
        0.0683185626  -0.0114139870   0.0012090048  -0.0029140066  -0.0234268859
        0.0065836481  -0.0080429871   0.0001971890  -0.0000630494   0.0005025513
       -0.0001682183   0.0000600838  -0.0001346026  -0.0002376300  -0.0003543359
       -0.0002625607  -0.0000050277   0.0002099461   0.0001001715   0.0002443832
        0.0000750348  -0.0001358770  -0.0000840200   0.0000025046   0.0001649756
        0.0000676079  -0.0000161328  -0.0000539894
       -0.0910844693  -0.0887451481  -0.0362455714   0.0056304804   0.0122400264
        0.0053903807  -0.0007547808   0.0011410989   0.0019419772   0.0005059471
        0.0006715266   0.0009177069   0.0001366141  -0.0002357469  -0.0002308046
        0.0000376583  -0.0000899490  -0.0000789234  -0.0182845442  -0.0269085750
       -0.0114139870   0.1028225394   0.1025488699   0.0394915205   0.0001252417
       -0.0013868721   0.0000179029   0.0003738260   0.0001610642  -0.0003490420
       -0.0000921788   0.0001165343  -0.0000127331   0.0000848331  -0.0000032418
        0.0002050652   0.0004555498   0.0005658733   0.0003928614   0.0000305706
       -0.0000159710  -0.0000290755   0.0000384524  -0.0000431291  -0.0000715274
       -0.0000257400  -0.0000163607   0.0000742497
       -0.0887597973  -0.2117029512  -0.0656424483  -0.0029381035  -0.0114398285
       -0.0065537299   0.0017305285  -0.0008122532  -0.0027747314  -0.0007796099
       -0.0002315428  -0.0015043215   0.0003114109   0.0001816045   0.0011257158
       -0.0000857991   0.0000150731  -0.0000002142   0.0005916932   0.0037173326
        0.0012090048   0.1025488699   0.2435127519   0.0791221588  -0.0124600102
       -0.0240320672  -0.0050582359  -0.0001467903   0.0007108598   0.0004033983
        0.0000793202   0.0004696015  -0.0000227847   0.0002802039   0.0001240419
        0.0002026494  -0.0003204333  -0.0005744616  -0.0005307967  -0.0000545539
       -0.0000206033   0.0000297028  -0.0000681746  -0.0000229087   0.0000728552
        0.0000712454   0.0001053511  -0.0000782226
       -0.0361298115  -0.0650480496  -0.0694977104  -0.0079776146  -0.0219982512
       -0.0110226980   0.0027058985  -0.0025501210  -0.0040438649  -0.0005490919
       -0.0000901175  -0.0000653517  -0.0001632282  -0.0000792216   0.0002460976
       -0.0001720667   0.0001006200  -0.0001028598  -0.0067717191  -0.0083508186
       -0.0029140066   0.0394915205   0.0791221588   0.0808055516   0.0102952744
        0.0201062705   0.0068913608  -0.0005944384  -0.0003207185   0.0003318882
        0.0000940812   0.0001299543  -0.0000946173   0.0002946465   0.0001859704
        0.0001060496  -0.0004894806  -0.0012867852  -0.0006300982  -0.0001092442
        0.0000359695   0.0000398188  -0.0000439117  -0.0000130277   0.0000201487
        0.0001191860   0.0000561674  -0.0000697085
       -0.0435509975   0.0015087203  -0.0030975597  -0.0008430609  -0.0104303962
        0.0129158267   0.0002509944  -0.0000420021  -0.0005823501  -0.0000502597
       -0.0013261263   0.0021952312  -0.0000181439   0.0004235005  -0.0008679768
        0.0002802083   0.0003904733  -0.0004548638  -0.0028933229   0.0224019948
       -0.0234268859   0.0001252417  -0.0124600102   0.0102952744   0.0480104391
       -0.0016258477   0.0001272809  -0.0015385101   0.0010584986   0.0033198999
        0.0002804291   0.0000004412  -0.0000614445  -0.0001785058   0.0001537984
       -0.0001103151  -0.0000568817  -0.0000682503  -0.0000349150  -0.0000403438
        0.0000320155  -0.0000387403   0.0000569509  -0.0000579559  -0.0001123619
        0.0001657631   0.0000411459  -0.0000661001
        0.0010072583  -0.1589539056   0.1215969659  -0.0015845972   0.0068156207
       -0.0050188714   0.0003707589   0.0009126102  -0.0007549517   0.0001449038
        0.0002621451   0.0008652073  -0.0000020094  -0.0002369165  -0.0010289905
        0.0000243976  -0.0000804695   0.0000722975   0.0018212331  -0.0059475943
        0.0065836481  -0.0013868721  -0.0240320672   0.0201062705  -0.0016258477
        0.1813857502  -0.1404321605   0.0011898884   0.0002074325  -0.0018559072
        0.0000299379  -0.0000630323  -0.0001782467  -0.0000162651  -0.0001648995
        0.0000770066  -0.0000003204  -0.0000974783  -0.0000250743   0.0000106279
        0.0000227042  -0.0000132199   0.0000094519   0.0000045287  -0.0000021584
        0.0000074541  -0.0000344285   0.0000081847
       -0.0026370013   0.1217522953  -0.1719160917   0.0037007674   0.0161699817
       -0.0247182631  -0.0000129342   0.0008038897   0.0005950713  -0.0000798357
        0.0010796778  -0.0007639773  -0.0005672722  -0.0005308507   0.0011982228
       -0.0002614878  -0.0001642830   0.0001213578  -0.0027942737   0.0089017525
       -0.0080429871   0.0000179029  -0.0050582359   0.0068913608   0.0001272809
       -0.1404321605   0.2006799103   0.0029163042  -0.0017866007  -0.0045021372
       -0.0000142204  -0.0008898021  -0.0000361022  -0.0000313437   0.0000592519
       -0.0001489450  -0.0001385695   0.0000988806   0.0004657581  -0.0000350726
       -0.0000423559   0.0001078812  -0.0000441757   0.0001007043   0.0000630417
       -0.0001460686  -0.0000621450   0.0000058994
       -0.0017005285  -0.0092940565   0.0134484804  -0.0424024029  -0.0074735467
        0.0116225963  -0.0010442471  -0.0132304626   0.0089305022   0.0012062429
        0.0184616996  -0.0169429851  -0.0073346177   0.0025651757  -0.0056928512
       -0.0004075661  -0.0002315310  -0.0009507545   0.0000991895  -0.0003962194
        0.0001971890   0.0003738260  -0.0001467903  -0.0005944384  -0.0015385101
        0.0011898884   0.0029163042   0.0541033476   0.0108664060  -0.0125927908
       -0.0010550030  -0.0030386278  -0.0010259622   0.0002766295  -0.0001740725
        0.0006320061   0.0003036292   0.0005461049   0.0000927575   0.0002662976
       -0.0000886743  -0.0000759584  -0.0000505277   0.0006359456   0.0002379684
       -0.0010957592  -0.0001912391  -0.0002020635
        0.0009306930   0.0058414534  -0.0061957097  -0.0069836281  -0.1527934011
        0.1126951842  -0.0051830139  -0.0235836447   0.0151493279  -0.0009805485
       -0.0076907071   0.0082502964   0.0032084825  -0.0002911771   0.0021714455
       -0.0006078295   0.0006918511  -0.0001776919  -0.0002896898   0.0002032099
       -0.0000630494   0.0001610642   0.0007108598  -0.0003207185   0.0010584986
        0.0002074325  -0.0017866007   0.0108664060   0.1801953529  -0.1277533248
       -0.0029943337  -0.0045868276  -0.0020410863   0.0003031150   0.0007347888
        0.0002459081   0.0003594854   0.0003061566   0.0004215955  -0.0004040848
        0.0000907082  -0.0000976722   0.0004585481  -0.0004975844  -0.0005053495
        0.0000968355   0.0004615289   0.0000074456
        0.0043575828   0.0153430307  -0.0222193324   0.0107445347   0.1137712644
       -0.1535326862  -0.0010891661  -0.0068360709   0.0063220136  -0.0014617693
        0.0090712536  -0.0093779639  -0.0034539730   0.0012753555  -0.0010455509
        0.0012570125  -0.0007801811   0.0005047688  -0.0002636436   0.0002074564
        0.0005025513  -0.0003490420   0.0004033983   0.0003318882   0.0033198999
       -0.0018559072  -0.0045021372  -0.0125927908  -0.1277533248   0.1815416237
       -0.0009589037  -0.0019841961   0.0001641070   0.0003194359  -0.0000520274
        0.0003595218  -0.0000846355  -0.0002041676   0.0006461739   0.0003756511
       -0.0002030861  -0.0000959296   0.0001721771  -0.0001220593   0.0001725357
       -0.0002923698  -0.0002807384   0.0002284162
        0.0003022206   0.0006903019   0.0001236152  -0.0019460061  -0.0118731369
        0.0090462242  -0.0447902901  -0.0064030845   0.0079178663  -0.0000844572
       -0.0020256036   0.0015988443   0.0003627600   0.0006634809  -0.0002646388
       -0.0001251869  -0.0000065400  -0.0001260846  -0.0001378086   0.0001294355
       -0.0001682183  -0.0000921788   0.0000793202   0.0000940812   0.0002804291
        0.0000299379  -0.0000142204  -0.0010550030  -0.0029943337  -0.0009589037
        0.0493914327   0.0106335358  -0.0088194647  -0.0011400695   0.0224366538
       -0.0225985392  -0.0010586124  -0.0114071643   0.0142685122  -0.0000511671
       -0.0000030125  -0.0000459695   0.0001060779  -0.0000572548  -0.0000164399
        0.0000378594   0.0001074644  -0.0000366643
        0.0000399288   0.0008128086   0.0008488949  -0.0048451453  -0.0232640903
        0.0157299688  -0.0061631425  -0.1659563092   0.1212613582  -0.0001477616
       -0.0005307888   0.0016292123   0.0004130586   0.0004544100  -0.0007809579
        0.0000978177  -0.0000335200  -0.0001573676   0.0001101099  -0.0001924467
        0.0000600838   0.0001165343   0.0004696015   0.0001299543   0.0000004412
       -0.0000630323  -0.0008898021  -0.0030386278  -0.0045868276  -0.0019841961
        0.0106335358   0.1936180722  -0.1396289521   0.0022045048  -0.0078204241
        0.0094080130   0.0004339246   0.0070805870  -0.0055582184   0.0000479714
        0.0000389429  -0.0000578197   0.0000059442  -0.0001370902  -0.0000312077
        0.0000909061   0.0001101070   0.0000210363
       -0.0003191838  -0.0007560954   0.0009709393   0.0002768706  -0.0054424316
        0.0068392640   0.0080550649   0.1210789728  -0.1630296688   0.0001625246
        0.0000339611   0.0005347185   0.0004573009  -0.0003127096   0.0003784053
       -0.0000080812  -0.0000504532  -0.0001167533   0.0000118176   0.0000992996
       -0.0001346026  -0.0000127331  -0.0000227847  -0.0000946173  -0.0000614445
       -0.0001782467  -0.0000361022  -0.0010259622  -0.0020410863   0.0001641070
       -0.0088194647  -0.1396289521   0.1858078455  -0.0015719530   0.0084625243
       -0.0081918718   0.0029789763   0.0187421210  -0.0230711319   0.0000535399
        0.0000130049   0.0000582671  -0.0001070801   0.0000468154  -0.0000920536
       -0.0000701924  -0.0000439393   0.0000132549
        0.0010615692   0.0007508661   0.0007013817  -0.0184954695  -0.0014605927
       -0.0075760126  -0.2494528349   0.0587711752  -0.0607085835  -0.0005831408
       -0.0037069297  -0.0009870315  -0.0001470744   0.0005940585  -0.0002870279
       -0.0004669375   0.0003747987   0.0004029900   0.0006198690  -0.0002651662
       -0.0002376300   0.0000848331   0.0002802039   0.0002946465  -0.0001785058
       -0.0000162651  -0.0000313437   0.0002766295   0.0003031150   0.0003194359
       -0.0011400695   0.0022045048  -0.0015719530   0.2885672160  -0.0654066619
        0.0722390126  -0.0202381455   0.0074346443  -0.0024490208   0.0001072123
        0.0000221275   0.0001557474  -0.0001014869   0.0000888974  -0.0001185121
        0.0000863356   0.0000312242  -0.0001460990
       -0.0005682529   0.0006048636   0.0005332996  -0.0245112454   0.0017116778
       -0.0093731425   0.0576049649  -0.0573046048   0.0182810287  -0.0003383472
       -0.0047225728  -0.0008969452  -0.0006422278   0.0016425188  -0.0010760556
       -0.0004946157   0.0006810325   0.0004636428   0.0003026243  -0.0001857624
       -0.0003543359  -0.0000032418   0.0001240419   0.0001859704   0.0001537984
       -0.0001648995   0.0000592519  -0.0001740725   0.0007347888  -0.0000520274
        0.0224366538  -0.0078204241   0.0084625243  -0.0654066619   0.0675603383
       -0.0185676607   0.0117741639  -0.0029596697   0.0021830360  -0.0000928518
        0.0000535825   0.0001147047  -0.0001601068  -0.0000570888   0.0001383628
        0.0001194185   0.0001021778  -0.0001016538
       -0.0007606141   0.0003516931   0.0003719641  -0.0126850197  -0.0002994301
       -0.0044532695  -0.0613883416   0.0185988322  -0.0622314428  -0.0004229215
       -0.0025286039  -0.0004596369  -0.0001673601   0.0004520540  -0.0002808382
       -0.0002305990   0.0004339260   0.0002013085   0.0004078068  -0.0007003490
       -0.0002625607   0.0002050652   0.0002026494   0.0001060496  -0.0001103151
        0.0000770066  -0.0001489450   0.0006320061   0.0002459081   0.0003595218
       -0.0225985392   0.0094080130  -0.0081918718   0.0722390126  -0.0185676607
        0.0692076289   0.0249479465  -0.0076901004   0.0055984426  -0.0000418219
        0.0000268127   0.0000666066  -0.0001264645  -0.0000575281   0.0001129864
        0.0001001595   0.0000467772   0.0000040563
       -0.0005811262  -0.0017191706  -0.0010991619   0.0059475119  -0.0043389236
       -0.0099783318  -0.1038515540   0.0420140848   0.0951987237   0.0004888084
       -0.0005326097  -0.0006733812   0.0000603204  -0.0000028496   0.0000870343
       -0.0001240049  -0.0002570591  -0.0004192240   0.0001210528  -0.0001968197
       -0.0000050277   0.0004555498  -0.0003204333  -0.0004894806  -0.0000568817
       -0.0000003204  -0.0001385695   0.0003036292   0.0003594854  -0.0000846355
       -0.0010586124   0.0004339246   0.0029789763  -0.0202381455   0.0117741639
        0.0249479465   0.1189006352  -0.0469782071  -0.1107086481   0.0000294583
        0.0000786646   0.0000648961  -0.0004501060  -0.0003729814   0.0002483497
        0.0000534647   0.0000590510   0.0000705336
       -0.0025609810  -0.0041433480  -0.0025437120   0.0098784121  -0.0106116119
       -0.0206033069   0.0427297884  -0.0714689436  -0.0640999704   0.0006216871
        0.0002432436  -0.0007180784  -0.0000431839  -0.0001201229   0.0001775016
        0.0000220418  -0.0003128655  -0.0002100983  -0.0003318293   0.0000762008
        0.0002099461   0.0005658733  -0.0005744616  -0.0012867852  -0.0000682503
       -0.0000974783   0.0000988806   0.0005461049   0.0003061566  -0.0002041676
       -0.0114071643   0.0070805870   0.0187421210   0.0074346443  -0.0029596697
       -0.0076901004  -0.0469782071   0.0824952286   0.0776357783   0.0001402527
        0.0000085104   0.0001286612  -0.0005442704   0.0001176798   0.0003510849
       -0.0000049183  -0.0000391053   0.0000122455
       -0.0016836439  -0.0030113256  -0.0008280052   0.0043829141  -0.0065850375
       -0.0113655869   0.0958154781  -0.0643298101  -0.1948101974   0.0007785964
       -0.0008116512  -0.0011109764  -0.0003198029   0.0002490108  -0.0000232694
       -0.0000050455   0.0001791378   0.0002464154  -0.0003175271   0.0001781489
        0.0001001715   0.0003928614  -0.0005307967  -0.0006300982  -0.0000349150
       -0.0000250743   0.0004657581   0.0000927575   0.0004215955   0.0006461739
        0.0142685122  -0.0055582184  -0.0230711319  -0.0024490208   0.0021830360
        0.0055984426  -0.1107086481   0.0776357783   0.2241999353  -0.0000715007
       -0.0000339935  -0.0000281154  -0.0002132001  -0.0000558714   0.0006390721
        0.0000721845   0.0000950714  -0.0000285881
       -0.0012113549   0.0000986077  -0.0001300353  -0.0028793541  -0.0002115992
        0.0035231844  -0.0003105481   0.0000763233   0.0000131565  -0.0265268280
        0.0109403098  -0.0025783297   0.0033125392  -0.0003853358  -0.0023512822
       -0.2157084036   0.0981971831  -0.0551556442  -0.0001503583   0.0001030360
        0.0002443832   0.0000305706  -0.0000545539  -0.0001092442  -0.0000403438
        0.0000106279  -0.0000350726   0.0002662976  -0.0004040848   0.0003756511
       -0.0000511671   0.0000479714   0.0000535399   0.0001072123  -0.0000928518
       -0.0000418219   0.0000294583   0.0001402527  -0.0000715007   0.2503156625
       -0.1137677755   0.0617242571  -0.0105589456   0.0053357617  -0.0057180022
        0.0033755631  -0.0000338728   0.0002567608
       -0.0004138800   0.0001734631  -0.0000489617  -0.0005679036   0.0011902384
        0.0012120563   0.0002565634   0.0000408101   0.0000323058  -0.0022416824
        0.0024598812  -0.0011284060  -0.0006070219  -0.0004496597  -0.0010617097
        0.0980037578  -0.0993047092   0.0295908753  -0.0001122792   0.0000481424
        0.0000750348  -0.0000159710  -0.0000206033   0.0000359695   0.0000320155
        0.0000227042  -0.0000423559  -0.0000886743   0.0000907082  -0.0002030861
       -0.0000030125   0.0000389429   0.0000130049   0.0000221275   0.0000535825
        0.0000268127   0.0000786646   0.0000085104  -0.0000339935  -0.1137677755
        0.1102260065  -0.0350307326  -0.0076531638   0.0046990615  -0.0025537078
        0.0270782354  -0.0192770792   0.0091168940
        0.0007565629  -0.0002288064   0.0001790706   0.0026996977   0.0014341007
       -0.0019081731   0.0005270812  -0.0001029829   0.0001666156   0.0180525856
       -0.0101306164   0.0065100474  -0.0017495620  -0.0003608734   0.0014187540
       -0.0550819253   0.0298182563  -0.0632006605   0.0001680059  -0.0000921449
       -0.0001358770  -0.0000290755   0.0000297028   0.0000398188  -0.0000387403
       -0.0000132199   0.0001078812  -0.0000759584  -0.0000976722  -0.0000959296
       -0.0000459695  -0.0000578197   0.0000582671   0.0001557474   0.0001147047
        0.0000666066   0.0000648961   0.0001286612  -0.0000281154   0.0617242571
       -0.0350307326   0.0662667131  -0.0250699874   0.0129774018  -0.0097134078
       -0.0020576153   0.0016120409   0.0002683889
        0.0002201884  -0.0000867484   0.0000080759  -0.0005234412  -0.0015907811
        0.0000356135  -0.0008164047   0.0005232640   0.0004655350   0.0082719432
        0.0084111443   0.0151931387  -0.0026442221  -0.0035929322   0.0046102272
       -0.0667357182  -0.0199164776  -0.0680820576   0.0000408565  -0.0000232884
       -0.0000840200   0.0000384524  -0.0000681746  -0.0000439117   0.0000569509
        0.0000094519  -0.0000441757  -0.0000505277   0.0004585481   0.0001721771
        0.0001060779   0.0000059442  -0.0001070801  -0.0001014869  -0.0001601068
       -0.0001264645  -0.0004501060  -0.0005442704  -0.0002132001  -0.0105589456
       -0.0076531638  -0.0250699874   0.0740948738   0.0277335191   0.0801069856
       -0.0009484907  -0.0035059283  -0.0068208559
       -0.0000534109  -0.0001445162   0.0001633069   0.0004476192   0.0001566599
       -0.0004142097  -0.0001522432   0.0000858211   0.0003329126  -0.0003296332
        0.0012364003   0.0046702386  -0.0010917545  -0.0006820904   0.0012456609
       -0.0206773260  -0.0621955149  -0.0698079481   0.0000337195   0.0000071391
        0.0000025046  -0.0000431291  -0.0000229087  -0.0000130277  -0.0000579559
        0.0000045287   0.0001007043   0.0006359456  -0.0004975844  -0.0001220593
       -0.0000572548  -0.0001370902   0.0000468154   0.0000888974  -0.0000570888
       -0.0000575281  -0.0003729814   0.0001176798  -0.0000558714   0.0053357617
        0.0046990615   0.0129774018   0.0277335191   0.0720262276   0.0809554503
       -0.0114397736  -0.0145967244  -0.0300243509
       -0.0003762554  -0.0000451027   0.0000685110  -0.0001924209   0.0011365278
        0.0009024071   0.0000922534  -0.0001772738  -0.0001157908  -0.0054674336
       -0.0061728918  -0.0243950487   0.0047374940   0.0030585170  -0.0035513253
       -0.0716877857  -0.0736283455  -0.2359249019  -0.0000566531   0.0000422461
        0.0001649756  -0.0000715274   0.0000728552   0.0000201487  -0.0001123619
       -0.0000021584   0.0000630417   0.0002379684  -0.0005053495   0.0001725357
       -0.0000164399  -0.0000312077  -0.0000920536  -0.0001185121   0.0001383628
        0.0001129864   0.0002483497   0.0003510849   0.0006390721  -0.0057180022
       -0.0025537078  -0.0097134078   0.0801069856   0.0809554503   0.2719639632
       -0.0016056589  -0.0026390068  -0.0003151134
       -0.0002771651   0.0002750012  -0.0002544592  -0.0004850437   0.0013062826
        0.0011566787   0.0003923520   0.0000232818   0.0001414669  -0.0036814408
       -0.0217346845   0.0015210608  -0.0013614648   0.0008087419   0.0032435689
       -0.0488563615  -0.0446484336   0.0000680551  -0.0000179196   0.0000415931
        0.0000676079  -0.0000257400   0.0000712454   0.0001191860   0.0001657631
        0.0000074541  -0.0001460686  -0.0010957592   0.0000968355  -0.0002923698
        0.0000378594   0.0000909061  -0.0000701924   0.0000863356   0.0001194185
        0.0001001595   0.0000534647  -0.0000049183   0.0000721845   0.0033755631
        0.0270782354  -0.0020576153  -0.0009484907  -0.0114397736  -0.0016056589
        0.0526380474   0.0479088145  -0.0020636042
        0.0000994797   0.0000344559  -0.0001113702   0.0004437761   0.0003138856
        0.0002042722   0.0001066423  -0.0000072715  -0.0001819986  -0.0041233547
       -0.0096619713   0.0053050099  -0.0011377971   0.0012943522   0.0004469742
       -0.0398382496  -0.2744651452   0.0101634385   0.0000492041  -0.0000041948
       -0.0000161328  -0.0000163607   0.0001053511   0.0000561674   0.0000411459
       -0.0000344285  -0.0000621450  -0.0001912391   0.0004615289  -0.0002807384
        0.0001074644   0.0001101070  -0.0000439393   0.0000312242   0.0001021778
        0.0000467772   0.0000590510  -0.0000391053   0.0000950714  -0.0000338728
       -0.0192770792   0.0016120409  -0.0035059283  -0.0145967244  -0.0026390068
        0.0479088145   0.3156640618  -0.0145944204
        0.0001313412  -0.0000206918   0.0001001916  -0.0000721898  -0.0012008321
       -0.0006750669  -0.0005280530   0.0000663391  -0.0000593292   0.0060201091
        0.0214693842  -0.0028764278   0.0016755476  -0.0018490227  -0.0043972537
        0.0017428095   0.0172074025  -0.0352339297  -0.0000357218  -0.0000397376
       -0.0000539894   0.0000742497  -0.0000782226  -0.0000697085  -0.0000661001
        0.0000081847   0.0000058994  -0.0002020635   0.0000074456   0.0002284162
       -0.0000366643   0.0000210363   0.0000132549  -0.0001460990  -0.0001016538
        0.0000040563   0.0000705336   0.0000122455  -0.0000285881   0.0002567608
        0.0091168940   0.0002683889  -0.0068208559  -0.0300243509  -0.0003151134
       -0.0020636042  -0.0145944204   0.0430891995
