           1           2   1.00486903584503     
           2           3  0.962768184451837     
           2           4  0.988348193490986     
           4           5   1.00803442796741     
           5           6  0.988372804312285     
           6           7  0.962694782589447     
           2           8  0.968126663104793     
           6           8  0.968159654004632     
           6           9   1.00491712880765     
           1          10  0.985473070247557     
           1          11  0.985617357221691     
           1          12  0.984756784684369     
           4          13  0.980075920114861     
           4          14  0.977967619583593     
           5          15  0.977956312456484     
           5          16  0.980058125785552     
           9          17  0.985617122047907     
           9          18  0.985464350570666     
           9          19  0.984744024748564     
