$hessian                                                                        
        0.4791182869  -0.0311165213   0.0136674150  -0.1547000566  -0.0570494671
        0.0236238197  -0.0011054887  -0.0042020059  -0.0007850182  -0.0275748773
       -0.0108071189   0.0029008001  -0.0055878737   0.0018796426  -0.0026372231
       -0.0487993593   0.0001670524   0.0346109508  -0.0449797845   0.0232675649
        0.0076487993  -0.1897887169   0.0830048328  -0.0847249795  -0.0078912752
       -0.0052439136   0.0041974289   0.0004090400   0.0007287882   0.0000488710
        0.0007489957   0.0009002609   0.0001633750   0.0004907295   0.0004314789
        0.0000672328   0.0006594875  -0.0002522710   0.0005357125   0.0003565667
       -0.0011855965   0.0004201785  -0.0013556742  -0.0005227265   0.0002626373
       -0.0311165213   0.5080446730   0.0079033596  -0.0567662554  -0.0982772916
        0.0148168736  -0.0240039750  -0.0229497620   0.0031172466   0.0049462921
        0.0041089888  -0.0019976626   0.0032400314  -0.0001557401   0.0007599690
        0.0001829649  -0.0448183649   0.0041679076   0.0223833975  -0.2523232615
       -0.0763727187   0.0833553821  -0.0891470600   0.0465816605  -0.0032186417
       -0.0011015531   0.0017125893  -0.0004118025   0.0010369218   0.0009002507
       -0.0009114929   0.0007211198   0.0000400355  -0.0003082310  -0.0062665928
       -0.0017088608   0.0004435176   0.0001018459  -0.0001096460   0.0014443572
        0.0008604788   0.0002405359   0.0007409768   0.0001655979  -0.0000515402
        0.0136674150   0.0079033596   0.5190669392   0.0236347543   0.0146723514
       -0.0732464340  -0.0063650216  -0.0049763537   0.0018937560  -0.0093854403
       -0.0051823197   0.0024172725  -0.0031172379   0.0005825793  -0.0006957017
        0.0358720266   0.0047191528  -0.2761610453   0.0076907955  -0.0763767610
       -0.0728682273  -0.0849925204   0.0466325607  -0.0930890920   0.0256268955
        0.0154575177  -0.0092353935  -0.0009038008  -0.0007884997   0.0007518549
        0.0000425987   0.0002995081   0.0000524001  -0.0003817549  -0.0021213803
        0.0001173212  -0.0008310929  -0.0002207369   0.0004227287   0.0000316726
       -0.0003611671   0.0002770048  -0.0005892896  -0.0002398111   0.0002966164
       -0.1547000566  -0.0567662554   0.0236347543   0.4792061088   0.0064719603
       -0.0192279478  -0.0650815270   0.0110578914   0.0045532827  -0.1269623873
        0.0402178488  -0.0407202256  -0.0354240696   0.0074297399  -0.0104073515
       -0.0073921332  -0.0042197149   0.0061866093   0.0002319637  -0.0019441008
       -0.0005740385  -0.0262633599  -0.0118042752   0.0034223143  -0.0485749914
        0.0009383207   0.0367578526  -0.0008533769   0.0062330151   0.0032095604
       -0.0042281142   0.0228302342   0.0057073619   0.0008323544  -0.0249960398
       -0.0075030594  -0.0007979935   0.0008925264  -0.0034506634  -0.0043001335
        0.0052237758  -0.0025028059  -0.0056922838  -0.0015649264   0.0009143566
       -0.0570494671  -0.0982772916   0.0146723514   0.0064719603   0.4757955416
        0.0021685535   0.0123192162  -0.1812154817  -0.0397818506   0.0441267284
       -0.0862585246   0.0235900927  -0.0115284969   0.0062101331  -0.0054751113
       -0.0026135023  -0.0012051424   0.0029026992  -0.0237671980  -0.0197413461
        0.0048475130   0.0089128487   0.0056215986  -0.0022578448   0.0009091149
       -0.0417582785  -0.0004388969   0.0011847264  -0.0043101187  -0.0056338537
        0.0044971817  -0.0176365324  -0.0035430564  -0.0021661496  -0.0198228065
       -0.0049472508  -0.0006853357   0.0011262907   0.0005916494   0.0226566081
       -0.0181597198   0.0126492700  -0.0032682350  -0.0003683216   0.0006557353
        0.0236238197   0.0148168736  -0.0732464340  -0.0192279478   0.0021685535
        0.5397356472   0.0046647385  -0.0396753242  -0.0819905442  -0.0449799128
        0.0238537368  -0.0952257216   0.0072069132  -0.0037446206   0.0054346752
        0.0267980580   0.0162317727  -0.0107486610  -0.0080834203  -0.0053649747
        0.0019826771  -0.0113508742  -0.0063750535   0.0025514135   0.0372971847
       -0.0005505155  -0.2627426704   0.0039074264  -0.0302501588  -0.0148657802
       -0.0018693228   0.0137860951   0.0040515714  -0.0006173131   0.0039980606
        0.0017444759  -0.0243071230   0.0133432315  -0.0203533199   0.0048917119
       -0.0031836630   0.0034281217   0.0020460616   0.0009459866   0.0002445494
       -0.0011054887  -0.0240039750  -0.0063650216  -0.0650815270   0.0123192162
        0.0046647385   0.5327060441   0.0055839311   0.0022399199  -0.0062365982
        0.0241012390   0.0044039827   0.0001189991   0.0007559197   0.0001648684
        0.0005843217  -0.0002152799  -0.0006966553  -0.0039271754  -0.0041773822
        0.0007601673   0.0008600179  -0.0009435179  -0.0000020764   0.0002254061
        0.0052221213   0.0024861602  -0.0547118154   0.0010284586   0.0461572973
       -0.1766835314   0.0784490460  -0.0896661893  -0.2241595631  -0.1013546114
        0.0367149712   0.0008065929  -0.0000493198   0.0009613231  -0.0037540810
        0.0031369932  -0.0019136555   0.0003583986   0.0001471609   0.0000901696
       -0.0042020059  -0.0229497620  -0.0049763537   0.0110578914  -0.1812154817
       -0.0396753242   0.0055839311   0.4627302553  -0.0224915496   0.0094870269
       -0.0203619074  -0.0012393142  -0.0005605501  -0.0005226205  -0.0005764354
        0.0008973512   0.0007016853  -0.0004364634  -0.0029089700  -0.0022130225
        0.0005816835   0.0009309416   0.0007495237  -0.0000707146   0.0013381200
       -0.0057207665  -0.0041042100   0.0009369572  -0.0433443674  -0.0031602576
        0.0786067290  -0.0883802941   0.0540929739  -0.1022741531  -0.0986666170
        0.0217699824  -0.0010439602   0.0005822863  -0.0008873739   0.0025092015
       -0.0014242892   0.0010296679  -0.0003585106   0.0000353778   0.0001436890
       -0.0007850182   0.0031172466   0.0018937560   0.0045532827  -0.0397818506
       -0.0819905442   0.0022399199  -0.0224915496   0.5173933541  -0.0016444753
        0.0110988281   0.0034589067   0.0004271242  -0.0000216054   0.0005192497
        0.0001206031   0.0011405967   0.0007283455   0.0007128007   0.0010499619
        0.0004957363  -0.0000942580  -0.0002027639   0.0000975240   0.0037748012
       -0.0292192743  -0.0132724263   0.0469593279  -0.0035741332  -0.2715416041
       -0.0901168845   0.0537609894  -0.1057717672   0.0367083778   0.0216253411
       -0.0526263874  -0.0003938364   0.0013311104   0.0010420810  -0.0025381132
        0.0022458932  -0.0003764885   0.0000763480  -0.0000787904  -0.0000497356
       -0.0275748773   0.0049462921  -0.0093854403  -0.1269623873   0.0441267284
       -0.0449799128  -0.0062365982   0.0094870269  -0.0016444753   0.4365864257
       -0.0096578792   0.0023250182  -0.1644485873  -0.0523332244   0.0339153245
        0.0003858280   0.0005585735  -0.0004773094   0.0002071533   0.0005733647
       -0.0001895564  -0.0039515964  -0.0019626038   0.0007491515   0.0002418375
        0.0004528762  -0.0016537552   0.0001692549  -0.0003392702  -0.0001195413
        0.0001098790   0.0006522571   0.0001616259   0.0001589100  -0.0015058533
        0.0001489309  -0.0402198865   0.0037320755   0.0077422954  -0.0398051468
        0.0162494536   0.0026382048  -0.0286602087  -0.0149798171   0.0107694394
       -0.0108071189   0.0041089888  -0.0051823197   0.0402178488  -0.0862585246
        0.0238537368   0.0241012390  -0.0203619074   0.0110988281  -0.0096578792
        0.4838981214   0.0133631139  -0.0715380821  -0.1034398209   0.0407175907
       -0.0003998730   0.0003243965  -0.0002745990  -0.0016837532   0.0001326887
       -0.0004563564  -0.0031392008  -0.0012579987   0.0004620764   0.0019151103
        0.0000960291   0.0024390352   0.0000802047   0.0007009977   0.0005757570
        0.0015038082  -0.0065038387  -0.0015836833   0.0002143663  -0.0002401155
        0.0007087240   0.0039609647  -0.0482975118  -0.0260244439   0.0152992920
       -0.2288558825  -0.0527792659   0.0099330730   0.0059543779  -0.0069181938
        0.0029008001  -0.0019976626   0.0024172725  -0.0407202256   0.0235900927
       -0.0952257216   0.0044039827  -0.0012393142   0.0034589067   0.0023250182
        0.0133631139   0.4902222484   0.0528097252   0.0431281371  -0.0822015282
        0.0016031054   0.0000320861   0.0004594330   0.0000857279  -0.0002122053
        0.0000321833   0.0015229185   0.0004925688   0.0004768929  -0.0252275883
        0.0143853845  -0.0211116643   0.0012892206  -0.0012348295   0.0003650180
        0.0004648946  -0.0018230740   0.0002212350   0.0001913688   0.0003467368
        0.0004720506   0.0080306401  -0.0257040785  -0.2424317032   0.0018542108
       -0.0536934480  -0.0613949564  -0.0115337990  -0.0094335079   0.0042403332
       -0.0055878737   0.0032400314  -0.0031172379  -0.0354240696  -0.0115284969
        0.0072069132   0.0001189991  -0.0005605501   0.0004271242  -0.1644485873
       -0.0715380821   0.0528097252   0.5080227106  -0.0394768700   0.0834092074
        0.0007164902   0.0001473522  -0.0003935987   0.0005962446   0.0003902134
        0.0001414159  -0.0018744264  -0.0005532871  -0.0000310242   0.0019548325
       -0.0007348097   0.0003249676  -0.0000671267  -0.0003465559   0.0001349033
        0.0000388366  -0.0003882897  -0.0002364875   0.0001523964   0.0011400972
       -0.0000971847  -0.0166318326  -0.0089663771   0.0172973369  -0.0126628006
       -0.0189843365   0.0028994941  -0.2749037932   0.1481599610  -0.1607755548
        0.0018796426  -0.0001557401   0.0005825793   0.0074297399   0.0062101331
       -0.0037446206   0.0007559197  -0.0005226205  -0.0000216054  -0.0523332244
       -0.1034398209   0.0431281371  -0.0394768700   0.2242152979  -0.1651873291
        0.0002561783  -0.0001518793  -0.0000444576   0.0004436154   0.0005127660
        0.0003172177   0.0002905164   0.0005243625  -0.0001235434   0.0002646820
       -0.0000800308  -0.0002257300  -0.0000737851   0.0000967500   0.0001027082
        0.0001380952   0.0003971185   0.0001638965   0.0007436108   0.0007982411
       -0.0002722405  -0.0074716088   0.0005192568   0.0081463500  -0.0362856001
       -0.0254931781   0.0135507024   0.1234390883  -0.1034306562   0.1036279355
       -0.0026372231   0.0007599690  -0.0006957017  -0.0104073515  -0.0054751113
        0.0054346752   0.0001648684  -0.0005764354   0.0005192497   0.0339153245
        0.0407175907  -0.0822015282   0.0834092074  -0.1651873291   0.1977465793
       -0.0005001190   0.0000044825   0.0002831426  -0.0000167234   0.0002043358
       -0.0000959169  -0.0005778656  -0.0003533727   0.0002903449   0.0007718452
       -0.0006688123   0.0015341219  -0.0003892771   0.0004021256   0.0004478376
        0.0003776647  -0.0000129118   0.0000661671  -0.0001286479   0.0003807087
       -0.0004683987   0.0344363841   0.0199503679  -0.0166930974   0.0000709871
        0.0035907056   0.0051269984  -0.1384890736   0.1062636867  -0.1112944737
       -0.0487993593   0.0001829649   0.0358720266  -0.0073921332  -0.0026135023
        0.0267980580   0.0005843217   0.0008973512   0.0001206031   0.0003858280
       -0.0003998730   0.0016031054   0.0007164902   0.0002561783  -0.0005001190
        0.0567081375   0.0024046842  -0.0430659536   0.0000510057   0.0009998024
        0.0047684969   0.0024715665   0.0013521229  -0.0262949754  -0.0044152867
       -0.0030655929   0.0017554336   0.0001636835  -0.0002672055  -0.0002997923
       -0.0001073871   0.0000027545  -0.0001456762   0.0001106928   0.0002565233
       -0.0000468146  -0.0004104231  -0.0002061154  -0.0005596418  -0.0000415152
        0.0001304180   0.0000028768  -0.0000256212   0.0000694893  -0.0000076276
        0.0001670524  -0.0448183649   0.0047191528  -0.0042197149  -0.0012051424
        0.0162317727  -0.0002152799   0.0007016853   0.0011405967   0.0005585735
        0.0003243965   0.0000320861   0.0001473522  -0.0001518793   0.0000044825
        0.0024046842   0.0491087812  -0.0060787385   0.0046980909  -0.0021024376
       -0.0322126063  -0.0004753892  -0.0002820271   0.0159542331  -0.0030519984
       -0.0012979325   0.0010821217  -0.0002291072  -0.0003767394  -0.0004272152
        0.0000480830  -0.0000698337   0.0000475314   0.0001723441   0.0001116769
       -0.0001543701  -0.0000763988   0.0001497121  -0.0000881084   0.0000382902
       -0.0001473292  -0.0002181951   0.0000334178   0.0000554341  -0.0000327434
        0.0346109508   0.0041679076  -0.2761610453   0.0061866093   0.0029026992
       -0.0107486610  -0.0006966553  -0.0004364634   0.0007283455  -0.0004773094
       -0.0002745990   0.0004594330  -0.0003935987  -0.0000444576   0.0002831426
       -0.0430659536  -0.0060787385   0.3200424742   0.0020695057  -0.0028759865
       -0.0157145623  -0.0003649749   0.0014246980  -0.0200197889   0.0019623727
        0.0012572598   0.0003111014   0.0000446740   0.0003892342   0.0005938233
        0.0000183871   0.0000036160  -0.0002119508  -0.0002525513  -0.0002412523
        0.0000745877   0.0003077693   0.0000009298   0.0006063728   0.0000930117
       -0.0001503373  -0.0001826536  -0.0000422375  -0.0000445099  -0.0000606184
       -0.0449797845   0.0223833975   0.0076907955   0.0002319637  -0.0237671980
       -0.0080834203  -0.0039271754  -0.0029089700   0.0007128007   0.0002071533
       -0.0016837532   0.0000857279   0.0005962446   0.0004436154  -0.0000167234
        0.0000510057   0.0046980909   0.0020695057   0.0525018488  -0.0242542650
       -0.0097203088  -0.0044566408   0.0258614200   0.0078870926   0.0006700308
        0.0000674666  -0.0003885103  -0.0001161129   0.0001013723   0.0000329740
       -0.0001080138   0.0000471092   0.0001027827   0.0001048357  -0.0014464023
       -0.0003265741  -0.0000070623   0.0001604310   0.0000747467  -0.0008061831
        0.0003386367  -0.0000616356   0.0000378900  -0.0000409511  -0.0000592532
        0.0232675649  -0.2523232615  -0.0763767610  -0.0019441008  -0.0197413461
       -0.0053649747  -0.0041773822  -0.0022130225   0.0010499619   0.0005733647
        0.0001326887  -0.0002122053   0.0003902134   0.0005127660   0.0002043358
        0.0009998024  -0.0021024376  -0.0028759865  -0.0242542650   0.2934907792
        0.0886446029   0.0051904574  -0.0181127354  -0.0050802092   0.0004307494
        0.0002147807   0.0000816202  -0.0000253549   0.0003096601   0.0004160337
       -0.0001609915   0.0004153698  -0.0001027766  -0.0000182377  -0.0012191506
       -0.0003424670   0.0000650258  -0.0000576114   0.0000199121  -0.0004373215
        0.0007715952  -0.0000013655   0.0001004755  -0.0000780745  -0.0000597208
        0.0076487993  -0.0763727187  -0.0728682273  -0.0005740385   0.0048475130
        0.0019826771   0.0007601673   0.0005816835   0.0004957363  -0.0001895564
       -0.0004563564   0.0000321833   0.0001414159   0.0003172177  -0.0000959169
        0.0047684969  -0.0322126063  -0.0157145623  -0.0097203088   0.0886446029
        0.0804137879  -0.0025106451   0.0135792274   0.0049084003  -0.0000047771
        0.0006245584   0.0003724485   0.0000434179   0.0001820155   0.0001693775
       -0.0000014727  -0.0000240401  -0.0000566950   0.0000320120   0.0002361285
        0.0002801936   0.0000518372  -0.0000924751  -0.0001554545  -0.0004295466
        0.0002018801   0.0002230066  -0.0000158014  -0.0000566303   0.0000130450
       -0.1897887169   0.0833553821  -0.0849925204  -0.0262633599   0.0089128487
       -0.0113508742   0.0008600179   0.0009309416  -0.0000942580  -0.0039515964
       -0.0031392008   0.0015229185  -0.0018744264   0.0002905164  -0.0005778656
        0.0024715665  -0.0004753892  -0.0003649749  -0.0044566408   0.0051904574
       -0.0025106451   0.2220268172  -0.0945857602   0.0979623804   0.0004640172
        0.0005177870  -0.0001547384  -0.0001034552  -0.0000574469  -0.0000771967
        0.0002879992  -0.0008079545   0.0002019509   0.0003054489   0.0003526798
        0.0000799162   0.0001237075   0.0000269360   0.0002252459   0.0002145153
       -0.0004155429   0.0000781331  -0.0003158942  -0.0000962546   0.0000525283
        0.0830048328  -0.0891470600   0.0466325607  -0.0118042752   0.0056215986
       -0.0063750535  -0.0009435179   0.0007495237  -0.0002027639  -0.0019626038
       -0.0012579987   0.0004925688  -0.0005532871   0.0005243625  -0.0003533727
        0.0013521229  -0.0002820271   0.0014246980   0.0258614200  -0.0181127354
        0.0135792274  -0.0945857602   0.1020647092  -0.0550521964   0.0002585187
        0.0002618010  -0.0003227954   0.0000548112  -0.0000586777  -0.0000124283
       -0.0002006686  -0.0004087986   0.0001254772   0.0000882798  -0.0000030621
        0.0000200849  -0.0000572381  -0.0000037370  -0.0000730642  -0.0001847310
        0.0000949498   0.0000860807  -0.0003279034  -0.0000428481   0.0000309767
       -0.0847249795   0.0465816605  -0.0930890920   0.0034223143  -0.0022578448
        0.0025514135  -0.0000020764  -0.0000707146   0.0000975240   0.0007491515
        0.0004620764   0.0004768929  -0.0000310242  -0.0001235434   0.0002903449
       -0.0262949754   0.0159542331  -0.0200197889   0.0078870926  -0.0050802092
        0.0049084003   0.0979623804  -0.0550521964   0.1042480264   0.0005020254
       -0.0002135869   0.0004420708  -0.0001647155   0.0000763095  -0.0002857172
        0.0000158324  -0.0002547897   0.0003052430   0.0001638074   0.0000006641
       -0.0000770736   0.0002759423   0.0000315220   0.0002310359   0.0000734119
       -0.0000694765  -0.0000948883   0.0001658127   0.0000158960   0.0000156083
       -0.0078912752  -0.0032186417   0.0256268955  -0.0485749914   0.0009091149
        0.0372971847   0.0002254061   0.0013381200   0.0037748012   0.0002418375
        0.0019151103  -0.0252275883   0.0019548325   0.0002646820   0.0007718452
       -0.0044152867  -0.0030519984   0.0019623727   0.0006700308   0.0004307494
       -0.0000047771   0.0004640172   0.0002585187   0.0005020254   0.0597080057
       -0.0008190663  -0.0419512722   0.0005233776   0.0007616340   0.0003372945
       -0.0000512679   0.0001278460   0.0004676148   0.0001586518  -0.0002635836
       -0.0005010158  -0.0039414081   0.0020329540  -0.0029057307   0.0005274036
       -0.0005283292  -0.0000528882   0.0004006663  -0.0001571103  -0.0000967619
       -0.0052439136  -0.0011015531   0.0154575177   0.0009383207  -0.0417582785
       -0.0005505155   0.0052221213  -0.0057207665  -0.0292192743   0.0004528762
        0.0000960291   0.0143853845  -0.0007348097  -0.0000800308  -0.0006688123
       -0.0030655929  -0.0012979325   0.0012572598   0.0000674666   0.0002147807
        0.0006245584   0.0005177870   0.0002618010  -0.0002135869  -0.0008190663
        0.0545740485   0.0005183356   0.0007537804  -0.0058080378  -0.0030725875
       -0.0000142907   0.0007412856  -0.0003644491   0.0001115188   0.0005821623
       -0.0003204932   0.0022307919  -0.0007810871   0.0016225623  -0.0002382726
        0.0001319193   0.0004743361  -0.0001787172  -0.0000543402   0.0000697644
        0.0041974289   0.0017125893  -0.0092353935   0.0367578526  -0.0004388969
       -0.2627426704   0.0024861602  -0.0041042100  -0.0132724263  -0.0016537552
        0.0024390352  -0.0211116643   0.0003249676  -0.0002257300   0.0015341219
        0.0017554336   0.0010821217   0.0003111014  -0.0003885103   0.0000816202
        0.0003724485  -0.0001547384  -0.0003227954   0.0004420708  -0.0419512722
        0.0005183356   0.3040895836   0.0002186838  -0.0028077200  -0.0003263620
        0.0001337811   0.0004223755   0.0006218290  -0.0002129548   0.0001883152
        0.0001372742  -0.0028442487   0.0020270783  -0.0013533974   0.0005017386
       -0.0001021630   0.0002965848   0.0008294331  -0.0004699556   0.0002368998
        0.0004090400  -0.0004118025  -0.0009038008  -0.0008533769   0.0011847264
        0.0039074264  -0.0547118154   0.0009369572   0.0469593279   0.0001692549
        0.0000802047   0.0012892206  -0.0000671267  -0.0000737851  -0.0003892771
        0.0001636835  -0.0002291072   0.0000446740  -0.0001161129  -0.0000253549
        0.0000434179  -0.0001034552   0.0000548112  -0.0001647155   0.0005233776
        0.0007537804   0.0002186838   0.0589096523  -0.0017930487  -0.0548889625
        0.0036979829   0.0010006620  -0.0251607168  -0.0078232295  -0.0019090230
        0.0295375080  -0.0001110940   0.0004256684  -0.0003832403   0.0000255094
       -0.0001538728  -0.0002133774  -0.0001122900   0.0001591839   0.0001038317
        0.0007287882   0.0010369218  -0.0007884997   0.0062330151  -0.0043101187
       -0.0302501588   0.0010284586  -0.0433443674  -0.0035741332  -0.0003392702
        0.0007009977  -0.0012348295  -0.0003465559   0.0000967500   0.0004021256
       -0.0002672055  -0.0003767394   0.0003892342   0.0001013723   0.0003096601
        0.0001820155  -0.0000574469  -0.0000586777   0.0000763095   0.0007616340
       -0.0058080378  -0.0028077200  -0.0017930487   0.0512122338   0.0067060555
       -0.0020615822   0.0002308417   0.0145980157  -0.0040655392   0.0001667672
        0.0157443615   0.0002935169  -0.0001275902   0.0004865641  -0.0001911055
        0.0003128335   0.0001542154  -0.0000250311  -0.0000414746  -0.0000835557
        0.0000488710   0.0009002507   0.0007518549   0.0032095604  -0.0056338537
       -0.0148657802   0.0461572973  -0.0031602576  -0.2715416041  -0.0001195413
        0.0005757570   0.0003650180   0.0001349033   0.0001027082   0.0004478376
       -0.0002997923  -0.0004272152   0.0005938233   0.0000329740   0.0004160337
        0.0001693775  -0.0000771967  -0.0000124283  -0.0002857172   0.0003372945
       -0.0030725875  -0.0003263620  -0.0548889625   0.0067060555   0.3151580442
        0.0016174932   0.0020100100  -0.0217109429   0.0038652279   0.0015733443
       -0.0094046037   0.0002872611  -0.0001803270   0.0006644267  -0.0002500347
        0.0002767384   0.0001901355  -0.0000553551  -0.0000742286  -0.0002055075
        0.0007489957  -0.0009114929   0.0000425987  -0.0042281142   0.0044971817
       -0.0018693228  -0.1766835314   0.0786067290  -0.0901168845   0.0001098790
        0.0015038082   0.0004648946   0.0000388366   0.0001380952   0.0003776647
       -0.0001073871   0.0000480830   0.0000183871  -0.0001080138  -0.0001609915
       -0.0000014727   0.0002879992  -0.0002006686   0.0000158324  -0.0000512679
       -0.0000142907   0.0001337811   0.0036979829  -0.0020615822   0.0016174932
        0.2027906885  -0.0927347610   0.1049213339  -0.0265441297   0.0111968459
       -0.0156473630   0.0000921465  -0.0001104133   0.0003060554  -0.0002642659
        0.0002337211  -0.0001046936   0.0002201816  -0.0000302640  -0.0001583046
        0.0009002609   0.0007211198   0.0002995081   0.0228302342  -0.0176365324
        0.0137860951   0.0784490460  -0.0883802941   0.0537609894   0.0006522571
       -0.0065038387  -0.0018230740  -0.0003882897   0.0003971185  -0.0000129118
        0.0000027545  -0.0000698337   0.0000036160   0.0000471092   0.0004153698
       -0.0000240401  -0.0008079545  -0.0004087986  -0.0002547897   0.0001278460
        0.0007412856   0.0004223755   0.0010006620   0.0002308417   0.0020100100
       -0.0927347610   0.1047388285  -0.0612738427  -0.0110809520   0.0067698985
       -0.0070918660  -0.0002639769   0.0000021996  -0.0003802586   0.0014716637
       -0.0010346917   0.0006351209  -0.0002058996   0.0000173271  -0.0000569320
        0.0001633750   0.0000400355   0.0000524001   0.0057073619  -0.0035430564
        0.0040515714  -0.0896661893   0.0540929739  -0.1057717672   0.0001616259
       -0.0015836833   0.0002212350  -0.0002364875   0.0001638965   0.0000661671
       -0.0001456762   0.0000475314  -0.0002119508   0.0001027827  -0.0001027766
       -0.0000566950   0.0002019509   0.0001254772   0.0003052430   0.0004676148
       -0.0003644491   0.0006218290  -0.0251607168   0.0145980157  -0.0217109429
        0.1049213339  -0.0612738427   0.1192265421   0.0029514486  -0.0018182171
        0.0026744603   0.0001255942  -0.0001386494   0.0002063864   0.0003067004
       -0.0001586799   0.0003441733   0.0000992814  -0.0000845757  -0.0000186518
        0.0004907295  -0.0003082310  -0.0003817549   0.0008323544  -0.0021661496
       -0.0006173131  -0.2241595631  -0.1022741531   0.0367083778   0.0001589100
        0.0002143663   0.0001913688   0.0001523964   0.0007436108  -0.0001286479
        0.0001106928   0.0001723441  -0.0002525513   0.0001048357  -0.0000182377
        0.0000320120   0.0003054489   0.0000882798   0.0001638074   0.0001586518
        0.0001115188  -0.0002129548  -0.0078232295  -0.0040655392   0.0038652279
       -0.0265441297  -0.0110809520   0.0029514486   0.2566264111   0.1185669820
       -0.0423965879  -0.0000895415  -0.0001031810   0.0000996282  -0.0002193869
       -0.0000369243   0.0001189379  -0.0001045800   0.0001562663  -0.0001409987
        0.0004314789  -0.0062665928  -0.0021213803  -0.0249960398  -0.0198228065
        0.0039980606  -0.1013546114  -0.0986666170   0.0216253411  -0.0015058533
       -0.0002401155   0.0003467368   0.0011400972   0.0007982411   0.0003807087
        0.0002565233   0.0001116769  -0.0002412523  -0.0014464023  -0.0012191506
        0.0002361285   0.0003526798  -0.0000030621   0.0000006641  -0.0002635836
        0.0005821623   0.0001883152  -0.0019090230   0.0001667672   0.0015733443
        0.0111968459   0.0067698985  -0.0018182171   0.1185669820   0.1171340204
       -0.0236823742   0.0000322904  -0.0000892770   0.0000221975  -0.0002671023
        0.0006324957   0.0000030293  -0.0002342817   0.0001123595  -0.0005113022
        0.0000672328  -0.0017088608   0.0001173212  -0.0075030594  -0.0049472508
        0.0017444759   0.0367149712   0.0217699824  -0.0526263874   0.0001489309
        0.0007087240   0.0004720506  -0.0000971847  -0.0002722405  -0.0004683987
       -0.0000468146  -0.0001543701   0.0000745877  -0.0003265741  -0.0003424670
        0.0002801936   0.0000799162   0.0000200849  -0.0000770736  -0.0005010158
       -0.0003204932   0.0001372742   0.0295375080   0.0157443615  -0.0094046037
       -0.0156473630  -0.0070918660   0.0026744603  -0.0423965879  -0.0236823742
        0.0573772127   0.0001217008   0.0001258278  -0.0002323420  -0.0000227582
       -0.0000387515  -0.0001812360  -0.0001289022   0.0001896936   0.0001124653
        0.0006594875   0.0004435176  -0.0008310929  -0.0007979935  -0.0006853357
       -0.0243071230   0.0008065929  -0.0010439602  -0.0003938364  -0.0402198865
        0.0039609647   0.0080306401  -0.0166318326  -0.0074716088   0.0344363841
       -0.0004104231  -0.0000763988   0.0003077693  -0.0000070623   0.0000650258
        0.0000518372   0.0001237075  -0.0000572381   0.0002759423  -0.0039414081
        0.0022307919  -0.0028442487  -0.0001110940   0.0002935169   0.0002872611
        0.0000921465  -0.0002639769   0.0001255942  -0.0000895415   0.0000322904
        0.0001217008   0.0584618358   0.0005644902  -0.0197052078   0.0020205012
        0.0018483137   0.0030129526   0.0000449700   0.0001596074   0.0014314271
       -0.0002522710   0.0001018459  -0.0002207369   0.0008925264   0.0011262907
        0.0133432315  -0.0000493198   0.0005822863   0.0013311104   0.0037320755
       -0.0482975118  -0.0257040785  -0.0089663771   0.0005192568   0.0199503679
       -0.0002061154   0.0001497121   0.0000009298   0.0001604310  -0.0000576114
       -0.0000924751   0.0000269360  -0.0000037370   0.0000315220   0.0020329540
       -0.0007810871   0.0020270783   0.0004256684  -0.0001275902  -0.0001803270
       -0.0001104133   0.0000021996  -0.0001386494  -0.0001031810  -0.0000892770
        0.0001258278   0.0005644902   0.0545180911   0.0224580869   0.0015233494
       -0.0081546754  -0.0324434588   0.0003292467   0.0005118076  -0.0004884290
        0.0005357125  -0.0001096460   0.0004227287  -0.0034506634   0.0005916494
       -0.0203533199   0.0009613231  -0.0008873739   0.0010420810   0.0077422954
       -0.0260244439  -0.2424317032   0.0172973369   0.0081463500  -0.0166930974
       -0.0005596418  -0.0000881084   0.0006063728   0.0000747467   0.0000199121
       -0.0001554545   0.0002252459  -0.0000730642   0.0002310359  -0.0029057307
        0.0016225623  -0.0013533974  -0.0003832403   0.0004865641   0.0006644267
        0.0003060554  -0.0003802586   0.0002063864   0.0000996282   0.0000221975
       -0.0002323420  -0.0197052078   0.0224580869   0.2907721192  -0.0000464394
       -0.0061399078  -0.0141140876  -0.0001914207   0.0003554807   0.0013882513
        0.0003565667   0.0014443572   0.0000316726  -0.0043001335   0.0226566081
        0.0048917119  -0.0037540810   0.0025092015  -0.0025381132  -0.0398051468
        0.0152992920   0.0018542108  -0.0126628006  -0.0362856001   0.0000709871
       -0.0000415152   0.0000382902   0.0000930117  -0.0008061831  -0.0004373215
       -0.0004295466   0.0002145153  -0.0001847310   0.0000734119   0.0005274036
       -0.0002382726   0.0005017386   0.0000255094  -0.0001911055  -0.0002500347
       -0.0002642659   0.0014716637   0.0003067004  -0.0002193869  -0.0002671023
       -0.0000227582   0.0020205012   0.0015233494  -0.0000464394   0.0584520281
       -0.0059338668  -0.0040888324   0.0002569887  -0.0014047622  -0.0004477205
       -0.0011855965   0.0008604788  -0.0003611671   0.0052237758  -0.0181597198
       -0.0031836630   0.0031369932  -0.0014242892   0.0022458932   0.0162494536
       -0.2288558825  -0.0536934480  -0.0189843365  -0.0254931781   0.0035907056
        0.0001304180  -0.0001473292  -0.0001503373   0.0003386367   0.0007715952
        0.0002018801  -0.0004155429   0.0000949498  -0.0000694765  -0.0005283292
        0.0001319193  -0.0001021630  -0.0001538728   0.0003128335   0.0002767384
        0.0002337211  -0.0010346917  -0.0001586799  -0.0000369243   0.0006324957
       -0.0000387515   0.0018483137  -0.0081546754  -0.0061399078  -0.0059338668
        0.2792272202   0.0571978775   0.0000771570   0.0012382736   0.0003844995
        0.0004201785   0.0002405359   0.0002770048  -0.0025028059   0.0126492700
        0.0034281217  -0.0019136555   0.0010296679  -0.0003764885   0.0026382048
       -0.0527792659  -0.0613949564   0.0028994941   0.0135507024   0.0051269984
        0.0000028768  -0.0002181951  -0.0001826536  -0.0000616356  -0.0000013655
        0.0002230066   0.0000781331   0.0000860807  -0.0000948883  -0.0000528882
        0.0004743361   0.0002965848  -0.0002133774   0.0001542154   0.0001901355
       -0.0001046936   0.0006351209   0.0003441733   0.0001189379   0.0000030293
       -0.0001812360   0.0030129526  -0.0324434588  -0.0141140876  -0.0040888324
        0.0571978775   0.0660565985  -0.0002328892  -0.0005785507   0.0004016869
       -0.0013556742   0.0007409768  -0.0005892896  -0.0056922838  -0.0032682350
        0.0020460616   0.0003583986  -0.0003585106   0.0000763480  -0.0286602087
        0.0099330730  -0.0115337990  -0.2749037932   0.1234390883  -0.1384890736
       -0.0000256212   0.0000334178  -0.0000422375   0.0000378900   0.0001004755
       -0.0000158014  -0.0003158942  -0.0003279034   0.0001658127   0.0004006663
       -0.0001787172   0.0008294331  -0.0001122900  -0.0000250311  -0.0000553551
        0.0002201816  -0.0002058996   0.0000992814  -0.0001045800  -0.0002342817
       -0.0001289022   0.0000449700   0.0003292467  -0.0001914207   0.0002569887
        0.0000771570  -0.0002328892   0.3098512501  -0.1300548565   0.1480618314
       -0.0005227265   0.0001655979  -0.0002398111  -0.0015649264  -0.0003683216
        0.0009459866   0.0001471609   0.0000353778  -0.0000787904  -0.0149798171
        0.0059543779  -0.0094335079   0.1481599610  -0.1034306562   0.1062636867
        0.0000694893   0.0000554341  -0.0000445099  -0.0000409511  -0.0000780745
       -0.0000566303  -0.0000962546  -0.0000428481   0.0000158960  -0.0001571103
       -0.0000543402  -0.0004699556   0.0001591839  -0.0000414746  -0.0000742286
       -0.0000302640   0.0000173271  -0.0000845757   0.0001562663   0.0001123595
        0.0001896936   0.0001596074   0.0005118076   0.0003554807  -0.0014047622
        0.0012382736  -0.0005785507  -0.1300548565   0.0959251597  -0.0967101835
        0.0002626373  -0.0000515402   0.0002966164   0.0009143566   0.0006557353
        0.0002445494   0.0000901696   0.0001436890  -0.0000497356   0.0107694394
       -0.0069181938   0.0042403332  -0.1607755548   0.1036279355  -0.1112944737
       -0.0000076276  -0.0000327434  -0.0000606184  -0.0000592532  -0.0000597208
        0.0000130450   0.0000525283   0.0000309767   0.0000156083  -0.0000967619
        0.0000697644   0.0002368998   0.0001038317  -0.0000835557  -0.0002055075
       -0.0001583046  -0.0000569320  -0.0000186518  -0.0001409987  -0.0005113022
        0.0001124653   0.0014314271  -0.0004884290   0.0013882513  -0.0004477205
        0.0003844995   0.0004016869   0.1480618314  -0.0967101835   0.1046795315
