$hessian                                                                        
        0.4730069765  -0.0272490069  -0.0000080793  -0.1699127692  -0.0577772399
       -0.0000192507  -0.0298148216  -0.0053539455  -0.0000016100  -0.0023183258
        0.0031429629   0.0000021188   0.0000911688  -0.0000044580  -0.0000578154
        0.0000911857  -0.0000044802   0.0000578115  -0.0012000361  -0.0002472065
       -0.0000003011  -0.0446861692  -0.0104623171  -0.0166385661  -0.0446838008
       -0.0104668018   0.0166192088  -0.1678885614   0.1204149947   0.0000506586
       -0.0068534824  -0.0051648324   0.0022718756  -0.0068561933  -0.0051648619
       -0.0022755537   0.0007298588  -0.0009594171  -0.0002706653   0.0007299605
       -0.0009605699   0.0002699800   0.0000579388   0.0000438116   0.0000394278
       -0.0000878217  -0.0000242052  -0.0000594417  -0.0000508789   0.0000262738
       -0.0000256782  -0.0000508140   0.0000262170   0.0000257555   0.0000579346
        0.0000438711  -0.0000393386  -0.0000878478  -0.0000242319   0.0000593702
       -0.0000150145  -0.0000629823  -0.0000440495  -0.0002434688   0.0002914513
        0.0000001523  -0.0000150183  -0.0000630256   0.0000439906
       -0.0272490069   0.5109636841  -0.0000030925  -0.0566953335  -0.0946439712
       -0.0000084420   0.0157514143   0.0066245646   0.0000022644   0.0026522496
       -0.0024187358  -0.0000015189  -0.0000720821  -0.0001150617   0.0000930085
       -0.0000719556  -0.0001148939  -0.0000931551   0.0009550352   0.0002532285
        0.0000002409  -0.0109815310  -0.1221622434  -0.1101830777  -0.0109863413
       -0.1223299773   0.1102462554   0.1207275245  -0.1573399172  -0.0000474220
       -0.0181605514  -0.0103598605   0.0026761060  -0.0181421638  -0.0103464536
       -0.0026815377   0.0010550740   0.0007532466   0.0004274550   0.0010564969
        0.0007544255  -0.0004273695  -0.0000313065   0.0001315296  -0.0000376723
       -0.0000125208  -0.0000472170  -0.0000354553   0.0000218303   0.0001780806
       -0.0000310194   0.0000218348   0.0001778901   0.0000313293  -0.0000312794
        0.0001313680   0.0000377759  -0.0000125425  -0.0000472303   0.0000353538
       -0.0000387274   0.0000563549   0.0000088715   0.0002826124  -0.0001551792
       -0.0000000852  -0.0000387297   0.0000563689  -0.0000088131
       -0.0000080793  -0.0000030925   0.5225181933  -0.0000178565  -0.0000082821
       -0.0678854338   0.0000082107   0.0000034226   0.0004325959   0.0000010074
       -0.0000011403   0.0000852987   0.0002373704   0.0000274011   0.0000097143
       -0.0002374498  -0.0000274720   0.0000094887   0.0000004367   0.0000000927
        0.0000243673  -0.0169413630  -0.1102592607  -0.2037557743   0.0169212468
        0.1103218742  -0.2035897993   0.0000508579  -0.0000473456  -0.0453501427
        0.0223830960   0.0135450023  -0.0016435668  -0.0223978820  -0.0135518514
       -0.0016546379   0.0008804050   0.0002163526   0.0003744825  -0.0008800865
       -0.0002159334   0.0003743979   0.0000323556  -0.0000932407   0.0000362978
       -0.0000052913   0.0000548404   0.0000414069  -0.0001214338  -0.0001306857
       -0.0000558640   0.0001215268   0.0001308910  -0.0000555159  -0.0000323540
        0.0000933202   0.0000364405   0.0000051946  -0.0000548811   0.0000413394
        0.0000089494   0.0000093467  -0.0000018060   0.0000001199  -0.0000000773
        0.0000103297  -0.0000089808  -0.0000092807  -0.0000018120
       -0.1699127692  -0.0566953335  -0.0000178565   0.4478619741   0.0075402963
        0.0000082565  -0.1257493759   0.0662889542   0.0000336984  -0.0235661510
        0.0144966916   0.0000068361   0.0004279272  -0.0000821542  -0.0002752710
        0.0004278395  -0.0000825865   0.0002751302  -0.0045244758  -0.0017077388
       -0.0000015052  -0.0060462431  -0.0053425849  -0.0030587913  -0.0060445483
       -0.0053442267   0.0030546544  -0.0257152908  -0.0091190148  -0.0000024655
       -0.0410229938  -0.0083934993   0.0122873883  -0.0410252380  -0.0083939124
       -0.0123126803  -0.0011026893   0.0024292685   0.0017228514  -0.0011007714
        0.0024282598  -0.0017210377  -0.0000022287   0.0003919428  -0.0001591260
       -0.0000943153   0.0000165898   0.0001050281  -0.0008718148   0.0002063865
        0.0001823528  -0.0008717890   0.0002067449  -0.0001822956  -0.0000021663
        0.0003917437   0.0001595523  -0.0000942824   0.0000166952  -0.0001050459
        0.0000290414  -0.0001515987  -0.0000619743  -0.0010286620   0.0010507046
        0.0000005293   0.0000290228  -0.0001516278   0.0000617715
       -0.0577772399  -0.0946439712  -0.0000082821   0.0075402963   0.5021688780
       -0.0000184056   0.0621861934  -0.1294279319  -0.0000306463  -0.0025664919
        0.0085436782   0.0000047426   0.0001649900  -0.0000340653  -0.0001055560
        0.0001649289  -0.0000341515   0.0001053897  -0.0021678226  -0.0001348431
       -0.0000004955  -0.0174277378  -0.0108835408  -0.0030467872  -0.0174449328
       -0.0108967995   0.0030408193   0.0173163750   0.0081310815   0.0000025444
       -0.0083005449  -0.1190709469   0.1062607233  -0.0083019188  -0.1188893763
       -0.1061888084   0.0147269623  -0.0175128305  -0.0040885015   0.0147455091
       -0.0175397920   0.0040735532  -0.0001507165   0.0000274362   0.0001670792
       -0.0001126804   0.0000531128   0.0000528652  -0.0007837537  -0.0002481880
        0.0000685886  -0.0007829894  -0.0002477806  -0.0000690964  -0.0001507307
        0.0000275416  -0.0001671642  -0.0001125051   0.0000530824  -0.0000527154
       -0.0000527976   0.0000401646   0.0001276676  -0.0006595323   0.0004788406
        0.0000001112  -0.0000528605   0.0000404020  -0.0001276257
       -0.0000192507  -0.0000084420  -0.0678854338   0.0000082565  -0.0000184056
        0.5459709639   0.0000302797  -0.0000298921  -0.0692768274  -0.0000027079
        0.0000061036   0.0003109544  -0.0003147449   0.0000819393   0.0000582851
        0.0003148614  -0.0000823302   0.0000583741  -0.0000016367  -0.0000004068
        0.0003913409  -0.0226991470  -0.0132688335  -0.0015791670   0.0226858119
        0.0132620182  -0.0015684363   0.0000077743   0.0000034576   0.0002955980
        0.0120213609   0.1058082570  -0.2012188394  -0.0120462853  -0.1057371631
       -0.2013992706   0.0172700840  -0.0203633384  -0.0020699519  -0.0172526312
        0.0203467844  -0.0020448391  -0.0000639759  -0.0000027098  -0.0000544955
        0.0001327308  -0.0001267918  -0.0001635572   0.0008712210   0.0004346675
        0.0000609492  -0.0008724441  -0.0004348924   0.0000597169   0.0000637201
        0.0000029353  -0.0000546775  -0.0001327911   0.0001268788  -0.0001634253
       -0.0000776367   0.0000437264   0.0000037534  -0.0000004459   0.0000001894
        0.0002653803   0.0000775969  -0.0000437518   0.0000036048
       -0.0298148216   0.0157514143   0.0000082107  -0.1257493759   0.0621861934
        0.0000302797   0.4519567207  -0.0038281162  -0.0000087749  -0.1547940086
       -0.0377612081  -0.0000312627  -0.0091601225  -0.0062115902   0.0044685690
       -0.0091565054  -0.0062045797  -0.0044775942  -0.0290803170  -0.0015591799
       -0.0000030451   0.0009391119   0.0009816274   0.0004758974   0.0009388848
        0.0009819088  -0.0004751944  -0.0057944512  -0.0017831160  -0.0000004111
       -0.0006693053   0.0024789063  -0.0020693675  -0.0006678654   0.0024751791
        0.0020728730  -0.0436639436  -0.0140610472  -0.0187649935  -0.0436696531
       -0.0140998785   0.0187744253  -0.0000188561  -0.0007369169   0.0009116990
        0.0003968247   0.0003057769  -0.0007021377   0.0002148408   0.0004005797
       -0.0003399273   0.0002145783   0.0003999140   0.0003401965  -0.0000186147
       -0.0007354863  -0.0009120753   0.0003968841   0.0003049107   0.0007027329
        0.0004351284  -0.0010564307  -0.0003216872  -0.0036703406   0.0028277993
        0.0000012816   0.0004352076  -0.0010566602   0.0003203060
       -0.0053539455   0.0066245646   0.0000034226   0.0662889542  -0.1294279319
       -0.0000298921  -0.0038281162   0.4834342049  -0.0000299445  -0.0429910178
       -0.0794206319  -0.0000135163  -0.0171807563  -0.0080132168   0.0040753603
       -0.0171536489  -0.0079955784  -0.0040835616   0.0190927121   0.0035095717
        0.0000033246  -0.0011004021   0.0007015093   0.0002841641  -0.0011017135
        0.0007021825  -0.0002835756  -0.0032502068  -0.0002076820  -0.0000000390
        0.0146854111  -0.0157803571   0.0033742424   0.0146684223  -0.0157594383
       -0.0033887489  -0.0140471220  -0.1168539102  -0.1028248105  -0.0140867048
       -0.1170977776   0.1029123327  -0.0010280911  -0.0020003702   0.0027403204
        0.0003751146   0.0006700178  -0.0008497690   0.0000536802  -0.0000148374
       -0.0003793974   0.0000538086  -0.0000157088   0.0003786647  -0.0010250171
       -0.0019927613  -0.0027378883   0.0003762065   0.0006696987   0.0008502827
        0.0011388711   0.0004965457   0.0003576840   0.0042738368  -0.0027249301
       -0.0000015344   0.0011397249   0.0004968367  -0.0003571211
       -0.0000016100   0.0000022644   0.0004325959   0.0000336984  -0.0000306463
       -0.0692768274  -0.0000087749  -0.0000299445   0.5360733146  -0.0000337646
       -0.0000125325  -0.0637155216   0.0213034477   0.0097553893  -0.0038971627
       -0.0213258200  -0.0097611882  -0.0039196629   0.0000095035   0.0000016849
        0.0003942897  -0.0008634188   0.0004159944   0.0002644423   0.0008625461
       -0.0004157980   0.0002634812  -0.0000014456  -0.0000001557   0.0005102246
       -0.0178939848   0.0187948474  -0.0017234560   0.0179069861  -0.0188083451
       -0.0017450389  -0.0189737826  -0.1035268034  -0.1943993104   0.0189830513
        0.1036152113  -0.1941488093   0.0019382532   0.0034272366  -0.0038321088
        0.0010463062   0.0004646946   0.0004733277  -0.0000340890  -0.0002184732
        0.0005368977   0.0000341755   0.0002177508   0.0005375099  -0.0019389559
       -0.0034250847  -0.0038402316  -0.0010463014  -0.0004646944   0.0004737538
        0.0008583413  -0.0000839666   0.0001627121   0.0000023631  -0.0000016327
        0.0002133363  -0.0008567250   0.0000841916   0.0001622437
       -0.0023183258   0.0026522496   0.0000010074  -0.0235661510  -0.0025664919
       -0.0000027079  -0.1547940086  -0.0429910178  -0.0000337646   0.4745489209
        0.0062998031   0.0000007600  -0.0671299939  -0.0108682614   0.0157772261
       -0.0671246162  -0.0108390101  -0.0157779142  -0.1116515608   0.0587584149
        0.0000331509   0.0000742034   0.0002029124   0.0001459591   0.0000741554
        0.0002030134  -0.0001457807  -0.0007670552  -0.0004929101  -0.0000001037
        0.0007936829  -0.0004973086   0.0000380555   0.0007940378  -0.0004978617
       -0.0000386800  -0.0075920757  -0.0053657922  -0.0028140675  -0.0075968080
       -0.0053717319   0.0028070665  -0.0092919859  -0.0171750864   0.0240034380
        0.0007892176   0.0031165975  -0.0047904638   0.0022351705   0.0104512482
       -0.0135631155   0.0022325376   0.0104328105   0.0135741766  -0.0092877085
       -0.0171440212  -0.0240270399   0.0007894264   0.0031143735   0.0048022955
        0.0016176591  -0.0011132411   0.0011627196  -0.0244482707   0.0208053122
        0.0000112400   0.0016195489  -0.0011140010  -0.0011634574
        0.0031429629  -0.0024187358  -0.0000011403   0.0144966916   0.0085436782
        0.0000061036  -0.0377612081  -0.0794206319  -0.0000125325   0.0062998031
        0.4915088797  -0.0000022605  -0.0117649567  -0.1009478816   0.0555327140
       -0.0117340457  -0.1008067245  -0.0554771261   0.0601160400  -0.1346280236
       -0.0000400783  -0.0001033050  -0.0000927709   0.0000261427  -0.0001033289
       -0.0000927942  -0.0000261905   0.0012827074   0.0003391323  -0.0000000704
        0.0001806039   0.0000920087   0.0005446165   0.0001801105   0.0000935201
       -0.0005443359  -0.0169591336  -0.0096882072  -0.0030820735  -0.0169865299
       -0.0097070827   0.0030717680  -0.0048355479  -0.0067022105   0.0085277060
        0.0022339219   0.0075147074  -0.0118128736  -0.0016475580  -0.0180503942
        0.0205413038  -0.0016465721  -0.0180218695  -0.0205636533  -0.0048291476
       -0.0066854856  -0.0085303563   0.0022356518   0.0075134435   0.0118551168
        0.0109351671  -0.0170812796  -0.0038453548  -0.0036849111   0.0058494745
        0.0000034754   0.0109525845  -0.0171107529   0.0038290992
        0.0000021188  -0.0000015189   0.0000852987   0.0000068361   0.0000047426
        0.0003109544  -0.0000312627  -0.0000135163  -0.0637155216   0.0000007600
       -0.0000022605   0.4934869019   0.0168997850   0.0557215460  -0.1458536690
       -0.0169017979  -0.0556652212  -0.1459982750   0.0000339833  -0.0000397418
       -0.0633291577  -0.0000155248  -0.0000759993  -0.0000374645   0.0000154588
        0.0000760066  -0.0000373463   0.0000008468   0.0000000615   0.0002048804
       -0.0004436790   0.0003439861  -0.0003227403   0.0004441156  -0.0003436906
       -0.0003233358  -0.0220879836  -0.0125959949  -0.0032107073   0.0220669537
        0.0125871998  -0.0031880508   0.0032786653   0.0028924082  -0.0029741568
        0.0034111121   0.0114300513  -0.0266865286  -0.0013954712   0.0029598612
       -0.0015216539   0.0013942611  -0.0029776852  -0.0015470744  -0.0032862580
       -0.0029011001  -0.0029950551  -0.0034029294  -0.0113862909  -0.0266855067
        0.0146691392  -0.0203241736  -0.0027263565  -0.0000035759   0.0000046991
       -0.0002367911  -0.0146555533   0.0203066309  -0.0026986440
        0.0000911688  -0.0000720821   0.0002373704   0.0004279272   0.0001649900
       -0.0003147449  -0.0091601225  -0.0171807563   0.0213034477  -0.0671299939
       -0.0117649567   0.0168997850   0.5211851985  -0.0095031074   0.0129199771
        0.0010233495   0.0017978570  -0.0030224350   0.0003580315   0.0118408192
       -0.0132441506   0.0000331614   0.0000113796   0.0000575743  -0.0001272143
       -0.0000779472  -0.0000384753  -0.0000613128   0.0000363704  -0.0000166214
       -0.0011652826  -0.0007400308   0.0006339876  -0.0001712395  -0.0000690507
        0.0002132950   0.0005195168   0.0003598899   0.0008450684  -0.0051851668
       -0.0030088224   0.0011880247  -0.2649903704  -0.0610731171   0.0062001919
       -0.0555594988  -0.0270806750  -0.0426780765  -0.1199296368   0.1123740727
        0.0022419025   0.0001572800  -0.0001469848   0.0004595593   0.0003599438
        0.0002179174  -0.0007008585   0.0002745305  -0.0003379745  -0.0009935373
        0.0003258084  -0.0002895585  -0.0003618189   0.0006385641   0.0009088320
       -0.0009064113  -0.0019146419   0.0036329352  -0.0009230545
       -0.0000044580  -0.0001150617   0.0000274011  -0.0000821542  -0.0000340653
        0.0000819393  -0.0062115902  -0.0080132168   0.0097553893  -0.0108682614
       -0.1009478816   0.0557215460  -0.0095031074   0.5065471066   0.0345219446
        0.0017957689   0.0056724484  -0.0105640781   0.0010794690  -0.0202839273
        0.0212222302  -0.0000379172  -0.0000162035   0.0000204754  -0.0000220233
       -0.0000371619  -0.0000045174   0.0000377889  -0.0000093018  -0.0000221358
        0.0004764571   0.0002622808   0.0002417682  -0.0000690790   0.0000094484
       -0.0000929461   0.0002153951   0.0001821753   0.0006691798  -0.0022304808
       -0.0008131177   0.0005024078  -0.0608724675  -0.0603235509   0.0005538719
       -0.0271141776  -0.1114500866  -0.1048492013   0.1119300178  -0.2074552925
       -0.0049856732  -0.0001363421   0.0008015531  -0.0011316459   0.0003517622
        0.0003335171  -0.0004537485  -0.0003460743  -0.0008367094  -0.0034366376
       -0.0004357126   0.0005280735   0.0009488127  -0.0009282016   0.0005895054
        0.0000925774   0.0029753881  -0.0045905315   0.0011810403
       -0.0000578154   0.0000930085   0.0000097143  -0.0002752710  -0.0001055560
        0.0000582851   0.0044685690   0.0040753603  -0.0038971627   0.0157772261
        0.0555327140  -0.1458536690   0.0129199771   0.0345219446   0.4747755254
        0.0030306741   0.0106093559  -0.0302406686  -0.0011468518   0.0062152463
       -0.0045210204   0.0000239522  -0.0000034643  -0.0000073101   0.0000168348
       -0.0000051024   0.0000025398  -0.0000198100   0.0000110283   0.0000037392
        0.0001822985   0.0001116063  -0.0000110397   0.0000286946   0.0000083020
        0.0000014438  -0.0008375296  -0.0007411294   0.0007615314   0.0003244090
        0.0000300723   0.0004000094   0.0054761708   0.0003279543  -0.0433673840
       -0.0425290419  -0.1041173951  -0.2024060037   0.0024281278  -0.0052431926
       -0.0430330211  -0.0000247495   0.0012074247   0.0007900969   0.0005268007
        0.0006866471   0.0005341884  -0.0008769266  -0.0022939198  -0.0053341316
        0.0004494209  -0.0008266715   0.0007117902   0.0003665561  -0.0004881150
        0.0001708584  -0.0002517157   0.0003938817   0.0004516886
        0.0000911857  -0.0000719556  -0.0002374498   0.0004278395   0.0001649289
        0.0003148614  -0.0091565054  -0.0171536489  -0.0213258200  -0.0671246162
       -0.0117340457  -0.0169017979   0.0010233495   0.0017957689   0.0030306741
        0.5211885144  -0.0094792907  -0.0129246698   0.0003557124   0.0118244958
        0.0132592038  -0.0001272118  -0.0000779697   0.0000383926   0.0000331728
        0.0000114487  -0.0000575331  -0.0000612816   0.0000363343   0.0000166417
       -0.0001712207  -0.0000689927  -0.0002135542  -0.0011658272  -0.0007394764
       -0.0006352904  -0.0051849705  -0.0030072162  -0.0011926488   0.0005194856
        0.0003607195  -0.0008450398   0.0003601353   0.0002171535   0.0007012086
        0.0002743533  -0.0003395714   0.0009944348   0.0001571172  -0.0001462142
       -0.0004597608  -0.1198947796   0.1123627903  -0.0021221101  -0.2650050484
       -0.0610360951  -0.0063338305  -0.0555889269  -0.0271681536   0.0426978071
       -0.0019147674   0.0036315543   0.0009271723   0.0006383193   0.0009076305
        0.0009077356   0.0003259705  -0.0002901946   0.0003613735
       -0.0000044802  -0.0001148939  -0.0000274720  -0.0000825865  -0.0000341515
       -0.0000823302  -0.0062045797  -0.0079955784  -0.0097611882  -0.0108390101
       -0.1008067245  -0.0556652212   0.0017978570   0.0056724484   0.0106093559
       -0.0094792907   0.5066357795  -0.0344836769   0.0010811617  -0.0202497499
       -0.0212420396  -0.0000219777  -0.0000371825   0.0000044528  -0.0000379266
       -0.0000162168  -0.0000204445   0.0000377707  -0.0000093358   0.0000221647
       -0.0000691108   0.0000093121   0.0000927066   0.0004773232   0.0002628082
       -0.0002409976  -0.0022299725  -0.0008124186  -0.0005044149   0.0002144213
        0.0001820246  -0.0006701540   0.0003523975   0.0003340231   0.0004535136
       -0.0003477217  -0.0008440038   0.0034421324  -0.0001365440   0.0008015037
        0.0011315638   0.1119181802  -0.2075010430   0.0048115473  -0.0608366533
       -0.0603044707  -0.0005897744  -0.0272018624  -0.1117007275   0.1049485362
        0.0029752618  -0.0045886277  -0.0011870423  -0.0009276487   0.0005888873
       -0.0000920303  -0.0004350086   0.0005283378  -0.0009491875
        0.0000578115  -0.0000931551   0.0000094887   0.0002751302   0.0001053897
        0.0000583741  -0.0044775942  -0.0040835616  -0.0039196629  -0.0157779142
       -0.0554771261  -0.1459982750  -0.0030224350  -0.0105640781  -0.0302406686
       -0.0129246698  -0.0344836769   0.4746831269   0.0011486344  -0.0062331363
       -0.0045531106  -0.0000169191   0.0000050134   0.0000025447  -0.0000239422
        0.0000034726  -0.0000073422   0.0000198287  -0.0000110321   0.0000037773
       -0.0000288327  -0.0000083150   0.0000014029  -0.0001820213  -0.0001114805
       -0.0000116587  -0.0003282553  -0.0000320467   0.0003989924   0.0008380508
        0.0007407852   0.0007618070  -0.0005265430  -0.0006871540   0.0005342071
        0.0008773057   0.0022996530  -0.0053265970   0.0000245656  -0.0012071353
        0.0007898614  -0.0023091503   0.0050691239  -0.0430213374  -0.0056093503
       -0.0003637596  -0.0433717776   0.0425490533   0.1042165901  -0.2021263808
        0.0002550170  -0.0003995588   0.0004500129  -0.0003676788   0.0004888624
        0.0001715802  -0.0004500912   0.0008263255   0.0007116353
       -0.0012000361   0.0009550352   0.0000004367  -0.0045244758  -0.0021678226
       -0.0000016367  -0.0290803170   0.0190927121   0.0000095035  -0.1116515608
        0.0601160400   0.0000339833   0.0003580315   0.0010794690  -0.0011468518
        0.0003557124   0.0010811617   0.0011486344   0.4947336056   0.0393059259
        0.0000219924   0.0000400034   0.0000636734   0.0000377502   0.0000400012
        0.0000637008  -0.0000376852  -0.0004597725  -0.0001907749  -0.0000000338
       -0.0000993376   0.0000502544   0.0000355770  -0.0000991253   0.0000501190
       -0.0000355101   0.0003200634   0.0013160857   0.0004928097   0.0003200579
        0.0013165312  -0.0004911198   0.0008834445  -0.0011233850   0.0006939397
        0.0000448563  -0.0001848016   0.0001624514   0.0004452887  -0.0007189182
        0.0004976672   0.0004453258  -0.0007178398  -0.0004979217   0.0008835493
       -0.0011226651  -0.0006955059   0.0000447158  -0.0001844609  -0.0001627352
       -0.0488731763  -0.0208722096  -0.0289011641  -0.2540477263  -0.0762894581
       -0.0000563114  -0.0488791281  -0.0209183726   0.0288917304
       -0.0002472065   0.0002532285   0.0000000927  -0.0017077388  -0.0001348431
       -0.0000004068  -0.0015591799   0.0035095717   0.0000016849   0.0587584149
       -0.1346280236  -0.0000397418   0.0118408192  -0.0202839273   0.0062152463
        0.0118244958  -0.0202497499  -0.0062331363   0.0393059259   0.4793672804
       -0.0000260739   0.0000409378   0.0000116537  -0.0000022945   0.0000409246
        0.0000116528   0.0000022976  -0.0001738231   0.0000076517   0.0000000042
       -0.0000192803   0.0000011315  -0.0000490241  -0.0000190764   0.0000010577
        0.0000490473  -0.0011139952   0.0006292306   0.0002070571  -0.0011147414
        0.0006300035  -0.0002068603   0.0009228949   0.0002671932  -0.0006318903
       -0.0000016060   0.0006110649  -0.0008267633   0.0000530155  -0.0025581945
        0.0033117763   0.0000537109  -0.0025490679  -0.0033101170   0.0009219466
        0.0002663334   0.0006316461  -0.0000024199   0.0006108781   0.0008264698
       -0.0203470000  -0.1175270511  -0.1080450076  -0.0770647376  -0.0704585493
       -0.0000196650  -0.0203922808  -0.1177885250   0.1081456586
       -0.0000003011   0.0000002409   0.0000243673  -0.0000015052  -0.0000004955
        0.0003913409  -0.0000030451   0.0000033246   0.0003942897   0.0000331509
       -0.0000400783  -0.0633291577  -0.0132441506   0.0212222302  -0.0045210204
        0.0132592038  -0.0212420396  -0.0045531106   0.0000219924  -0.0000260739
        0.5261081767  -0.0000087848   0.0000124745  -0.0000027607   0.0000088465
       -0.0000124622  -0.0000027958  -0.0000001495  -0.0000000061  -0.0000127259
        0.0001512212  -0.0000096692  -0.0000355205  -0.0001512435   0.0000097002
       -0.0000355779  -0.0008298016   0.0004758405   0.0003025704   0.0008282211
       -0.0004751759   0.0003017476  -0.0008713519  -0.0000062146   0.0005912999
       -0.0004664065   0.0008513004   0.0006032423  -0.0000524068   0.0039285001
       -0.0039170962   0.0000533344  -0.0039265970  -0.0039261832   0.0008727369
        0.0000054588   0.0005923546   0.0004661877  -0.0008511106   0.0006030158
       -0.0283855039  -0.1085540403  -0.2027167780  -0.0000568883  -0.0000196378
       -0.0444099578   0.0283766440   0.1086545307  -0.2024497205
       -0.0446861692  -0.0109815310  -0.0169413630  -0.0060462431  -0.0174277378
       -0.0226991470   0.0009391119  -0.0011004021  -0.0008634188   0.0000742034
       -0.0001033050  -0.0000155248   0.0000331614  -0.0000379172   0.0000239522
       -0.0001272118  -0.0000219777  -0.0000169191   0.0000400034   0.0000409378
       -0.0000087848   0.0529833853   0.0154497732   0.0199578268   0.0009294197
        0.0013203468   0.0013616950   0.0008015124   0.0151057064   0.0195958161
        0.0008357552   0.0004119633  -0.0003809128  -0.0052332062  -0.0033975461
       -0.0006334647  -0.0006182973   0.0003929509   0.0004583948  -0.0000310482
        0.0000564430  -0.0000061187   0.0000524423   0.0000379343  -0.0000047947
       -0.0000518327   0.0000193702   0.0000723037   0.0000151377   0.0000333312
       -0.0000638413   0.0000420533   0.0001334090   0.0000189356  -0.0000164617
        0.0000640981   0.0000465515   0.0000327519  -0.0000277213   0.0000526608
       -0.0000352045   0.0000412683   0.0000456357   0.0000653057  -0.0000046904
        0.0000135543   0.0000014312  -0.0000047039  -0.0000130369
       -0.0104623171  -0.1221622434  -0.1102592607  -0.0053425849  -0.0108835408
       -0.0132688335   0.0009816274   0.0007015093   0.0004159944   0.0002029124
       -0.0000927709  -0.0000759993   0.0000113796  -0.0000162035  -0.0000034643
       -0.0000779697  -0.0000371825   0.0000050134   0.0000636734   0.0000116537
        0.0000124745   0.0154497732   0.1403055864   0.1299098334   0.0013224979
        0.0097107667   0.0148879061   0.0012095330  -0.0166081841  -0.0214665329
        0.0003703870  -0.0000462339  -0.0003581014  -0.0035583113  -0.0013944858
       -0.0001278956  -0.0001494470   0.0004317756   0.0001490855  -0.0000755412
       -0.0000686755   0.0000579789   0.0000339123  -0.0000004207   0.0000119511
       -0.0000453614   0.0000560100   0.0000779395  -0.0000000017  -0.0000232083
       -0.0000663528   0.0000506974   0.0000925684   0.0000004903  -0.0000234338
        0.0000290123   0.0000264823   0.0000239486  -0.0000239334   0.0000447264
       -0.0000045866   0.0000432365   0.0000290456   0.0000152267  -0.0000196210
       -0.0000017870   0.0000039859  -0.0000054153  -0.0000006940
       -0.0166385661  -0.1101830777  -0.2037557743  -0.0030587913  -0.0030467872
       -0.0015791670   0.0004758974   0.0002841641   0.0002644423   0.0001459591
        0.0000261427  -0.0000374645   0.0000575743   0.0000204754  -0.0000073101
        0.0000383926   0.0000044528   0.0000025447   0.0000377502  -0.0000022945
       -0.0000027607   0.0199578268   0.1299098334   0.2335918202  -0.0013628703
       -0.0148585880  -0.0287156963   0.0009803084  -0.0025481333  -0.0020403112
        0.0003308255   0.0003909136   0.0008048872  -0.0005525149  -0.0003611122
        0.0012499397  -0.0004299362   0.0002847948   0.0004438076  -0.0000329370
       -0.0000592475  -0.0003391188   0.0000208654   0.0000022434  -0.0000133470
       -0.0000052729   0.0000227038   0.0000807426  -0.0000058927  -0.0000100276
       -0.0000250438   0.0000226102   0.0000694793  -0.0000079645  -0.0000121604
        0.0000221016   0.0000367834   0.0000405083  -0.0000208081   0.0000187610
       -0.0000231862   0.0000433982   0.0000641489   0.0000214973   0.0000041610
        0.0000013002  -0.0000078877   0.0000052120  -0.0000352198
       -0.0446838008  -0.0109863413   0.0169212468  -0.0060445483  -0.0174449328
        0.0226858119   0.0009388848  -0.0011017135   0.0008625461   0.0000741554
       -0.0001033289   0.0000154588  -0.0001272143  -0.0000220233   0.0000168348
        0.0000331728  -0.0000379266  -0.0000239422   0.0000400012   0.0000409246
        0.0000088465   0.0009294197   0.0013224979  -0.0013628703   0.0529809380
        0.0154554924  -0.0199325846   0.0007999807   0.0151208747  -0.0195844663
       -0.0052330900  -0.0033977741   0.0006313875   0.0008359372   0.0004115917
        0.0003813696  -0.0000309800   0.0000563760   0.0000058450  -0.0006184873
        0.0003938465  -0.0004577579  -0.0000164564   0.0000641433  -0.0000464765
        0.0000327853  -0.0000276561  -0.0000527107   0.0000420579   0.0001334164
       -0.0000187394   0.0000151116   0.0000332141   0.0000638608   0.0000524532
        0.0000379239   0.0000048139  -0.0000518740   0.0000194746  -0.0000723602
        0.0000014490  -0.0000047350   0.0000130045   0.0000652995  -0.0000046798
       -0.0000135445  -0.0000351953   0.0000413354  -0.0000455737
       -0.0104668018  -0.1223299773   0.1103218742  -0.0053442267  -0.0108967995
        0.0132620182   0.0009819088   0.0007021825  -0.0004157980   0.0002030134
       -0.0000927942   0.0000760066  -0.0000779472  -0.0000371619  -0.0000051024
        0.0000114487  -0.0000162168   0.0000034726   0.0000637008   0.0000116528
       -0.0000124622   0.0013203468   0.0097107667  -0.0148585880   0.0154554924
        0.1405042669  -0.1299818304   0.0012119069  -0.0166265558   0.0214552724
       -0.0035589712  -0.0013949837   0.0001262234   0.0003706605  -0.0000461709
        0.0003574751  -0.0000755033  -0.0000688610  -0.0000577766  -0.0001494625
        0.0004322405  -0.0001490086  -0.0000234576   0.0000290491  -0.0000264781
        0.0000240211  -0.0000238909  -0.0000447833   0.0000507291   0.0000926218
       -0.0000003240  -0.0000000543  -0.0000233410   0.0000663406   0.0000339566
       -0.0000004258  -0.0000119554  -0.0000453773   0.0000561489  -0.0000779913
        0.0000039843  -0.0000054331   0.0000006998   0.0000152312  -0.0000196228
        0.0000017708  -0.0000045987   0.0000433054  -0.0000290552
        0.0166192088   0.1102462554  -0.2035897993   0.0030546544   0.0030408193
       -0.0015684363  -0.0004751944  -0.0002835756   0.0002634812  -0.0001457807
       -0.0000261905  -0.0000373463  -0.0000384753  -0.0000045174   0.0000025398
       -0.0000575331  -0.0000204445  -0.0000073422  -0.0000376852   0.0000022976
       -0.0000027958   0.0013616950   0.0148879061  -0.0287156963  -0.0199325846
       -0.1299818304   0.2333957867  -0.0009795890   0.0025358785  -0.0020204104
        0.0005502132   0.0003591215   0.0012501969  -0.0003306206  -0.0003917642
        0.0008051043   0.0000326277   0.0000596069  -0.0003387803   0.0004301052
       -0.0002851183   0.0004435066   0.0000121366  -0.0000221314   0.0000367553
       -0.0000404871   0.0000207445   0.0000187576  -0.0000225659  -0.0000693816
       -0.0000080778   0.0000059104   0.0000100528  -0.0000249642  -0.0000208413
       -0.0000022166  -0.0000133577   0.0000052275  -0.0000227366   0.0000806859
        0.0000078770  -0.0000051662  -0.0000352047  -0.0000214809  -0.0000041707
        0.0000013074   0.0000231824  -0.0000434386   0.0000640896
       -0.1678885614   0.1207275245   0.0000508579  -0.0257152908   0.0173163750
        0.0000077743  -0.0057944512  -0.0032502068  -0.0000014456  -0.0007670552
        0.0012827074   0.0000008468  -0.0000613128   0.0000377889  -0.0000198100
       -0.0000612816   0.0000377707   0.0000198287  -0.0004597725  -0.0001738231
       -0.0000001495   0.0008015124   0.0012095330   0.0009803084   0.0007999807
        0.0012119069  -0.0009795890   0.1975945216  -0.1384676856  -0.0000586463
        0.0005898777   0.0004321983   0.0001483145   0.0005897244   0.0004322309
       -0.0001479886   0.0002030362  -0.0003501778  -0.0001893478   0.0002030493
       -0.0003507160   0.0001890741  -0.0000031721  -0.0000334209   0.0000039329
        0.0000290639   0.0000132929  -0.0000473510  -0.0000147437  -0.0000109784
       -0.0000058444  -0.0000147543  -0.0000109924   0.0000058312  -0.0000031679
       -0.0000334034  -0.0000039691   0.0000290559   0.0000132386   0.0000473934
        0.0000514074  -0.0000485541  -0.0000235545  -0.0001590742   0.0000639756
        0.0000000293   0.0000514083  -0.0000485841   0.0000235043
        0.1204149947  -0.1573399172  -0.0000473456  -0.0091190148   0.0081310815
        0.0000034576  -0.0017831160  -0.0002076820  -0.0000001557  -0.0004929101
        0.0003391323   0.0000000615   0.0000363704  -0.0000093018   0.0000110283
        0.0000363343  -0.0000093358  -0.0000110321  -0.0001907749   0.0000076517
       -0.0000000061   0.0151057064  -0.0166081841  -0.0025481333   0.0151208747
       -0.0166265558   0.0025358785  -0.1384676856   0.1807659205   0.0000558050
       -0.0001569165   0.0005669861  -0.0002835895  -0.0001564036   0.0005664030
        0.0002840041  -0.0001764200   0.0001183298   0.0002553902  -0.0001764536
        0.0001187528  -0.0002554054   0.0000249625   0.0000345774  -0.0000241053
       -0.0000093136  -0.0000182388  -0.0000030440   0.0000091216   0.0000601519
       -0.0000156571   0.0000091330   0.0000601294   0.0000157161   0.0000249522
        0.0000345412   0.0000241358  -0.0000093460  -0.0000182585   0.0000029827
       -0.0000220829  -0.0000045777   0.0000159240   0.0000000906   0.0000429382
        0.0000000238  -0.0000221029  -0.0000045444  -0.0000159332
        0.0000506586  -0.0000474220  -0.0453501427  -0.0000024655   0.0000025444
        0.0002955980  -0.0000004111  -0.0000000390   0.0005102246  -0.0000001037
       -0.0000000704   0.0002048804  -0.0000166214  -0.0000221358   0.0000037392
        0.0000166417   0.0000221647   0.0000037773  -0.0000000338   0.0000000042
       -0.0000127259   0.0195958161  -0.0214665329  -0.0020403112  -0.0195844663
        0.0214552724  -0.0020204104  -0.0000586463   0.0000558050   0.0481664855
        0.0004697632  -0.0002188330   0.0000416384  -0.0004698181   0.0002191757
        0.0000419464  -0.0000999262   0.0000932056   0.0000445059   0.0000996184
       -0.0000931556   0.0000440366  -0.0000073601  -0.0000016193   0.0000102606
       -0.0000135280  -0.0000091194   0.0000120951   0.0000068747  -0.0000027036
        0.0000074110  -0.0000068628   0.0000027268   0.0000074267   0.0000073559
        0.0000016224   0.0000102817   0.0000135383   0.0000090943   0.0000120899
       -0.0000115936   0.0000021638   0.0000018898   0.0000000044   0.0000000139
        0.0000034367   0.0000115655  -0.0000021620   0.0000018664
       -0.0068534824  -0.0181605514   0.0223830960  -0.0410229938  -0.0083005449
        0.0120213609  -0.0006693053   0.0146854111  -0.0178939848   0.0007936829
        0.0001806039  -0.0004436790  -0.0011652826   0.0004764571   0.0001822985
       -0.0001712207  -0.0000691108  -0.0000288327  -0.0000993376  -0.0000192803
        0.0001512212   0.0008357552   0.0003703870   0.0003308255  -0.0052330900
       -0.0035589712   0.0005502132   0.0005898777  -0.0001569165   0.0004697632
        0.0558959233   0.0114805385  -0.0159379344   0.0013080071   0.0010546601
       -0.0019637065   0.0006376009  -0.0005476514  -0.0001685876  -0.0032146249
        0.0040475231  -0.0004818845   0.0001767410  -0.0001489754   0.0000068416
       -0.0001259233   0.0002609604   0.0003125324  -0.0019276595  -0.0012577752
        0.0003940333   0.0000612791  -0.0000942014  -0.0001670596  -0.0000087123
       -0.0000067649   0.0000120191   0.0000615662  -0.0000316478   0.0001820320
        0.0000426383  -0.0000093635  -0.0000396889  -0.0000193752  -0.0000592580
        0.0000232839   0.0001079360  -0.0001355284   0.0001058372
       -0.0051648324  -0.0103598605   0.0135450023  -0.0083934993  -0.1190709469
        0.1058082570   0.0024789063  -0.0157803571   0.0187948474  -0.0004973086
        0.0000920087   0.0003439861  -0.0007400308   0.0002622808   0.0001116063
       -0.0000689927   0.0000093121  -0.0000083150   0.0000502544   0.0000011315
       -0.0000096692   0.0004119633  -0.0000462339   0.0003909136  -0.0033977741
       -0.0013949837   0.0003591215   0.0004321983   0.0005669861  -0.0002188330
        0.0114805385   0.1394741919  -0.1256065054   0.0010513692   0.0092187640
       -0.0140603232  -0.0004786427   0.0002486008   0.0004681416   0.0035933418
       -0.0037726904   0.0006337411  -0.0001628880  -0.0000980652  -0.0001164336
        0.0002450279  -0.0001818054  -0.0002980607  -0.0006906906   0.0006190317
        0.0001245031   0.0000224753   0.0001994847  -0.0000123730  -0.0000724600
       -0.0000091025  -0.0000117803   0.0000054543  -0.0000905726  -0.0001142830
       -0.0000367430  -0.0000313504   0.0000281716   0.0000006464   0.0000684417
       -0.0000384115  -0.0000683134   0.0000757346  -0.0001133037
        0.0022718756   0.0026761060  -0.0016435668   0.0122873883   0.1062607233
       -0.2012188394  -0.0020693675   0.0033742424  -0.0017234560   0.0000380555
        0.0005446165  -0.0003227403   0.0006339876   0.0002417682  -0.0000110397
       -0.0002135542   0.0000927066   0.0000014029   0.0000355770  -0.0000490241
       -0.0000355205  -0.0003809128  -0.0003581014   0.0008048872   0.0006313875
        0.0001262234   0.0012501969   0.0001483145  -0.0002835895   0.0000416384
       -0.0159379344  -0.1256065054   0.2291941821   0.0019613008   0.0140931428
       -0.0288165635   0.0002217668  -0.0004765947   0.0007474669  -0.0003616665
        0.0005212674   0.0011681073   0.0001900078  -0.0001581836   0.0000247863
        0.0001370462  -0.0001990906   0.0000279173   0.0002622687  -0.0003641711
        0.0005949047  -0.0001015294  -0.0000672173  -0.0003996636   0.0000151110
       -0.0000670120   0.0000368872   0.0001741656  -0.0001681445   0.0001950126
        0.0000305708  -0.0000082921   0.0000203535  -0.0000161754  -0.0000364476
        0.0000106959   0.0000423164  -0.0000884227   0.0000529504
       -0.0068561933  -0.0181421638  -0.0223978820  -0.0410252380  -0.0083019188
       -0.0120462853  -0.0006678654   0.0146684223   0.0179069861   0.0007940378
        0.0001801105   0.0004441156  -0.0001712395  -0.0000690790   0.0000286946
       -0.0011658272   0.0004773232  -0.0001820213  -0.0000991253  -0.0000190764
       -0.0001512435  -0.0052332062  -0.0035583113  -0.0005525149   0.0008359372
        0.0003706605  -0.0003306206   0.0005897244  -0.0001564036  -0.0004698181
        0.0013080071   0.0010513692   0.0019613008   0.0559002599   0.0114813378
        0.0159675583  -0.0032147025   0.0040475149   0.0004859956   0.0006370290
       -0.0005476307   0.0001678483  -0.0000087249  -0.0000068133  -0.0000119918
        0.0000616321  -0.0000314542  -0.0001820481   0.0000612185  -0.0000945033
        0.0001671862  -0.0019280312  -0.0012574672  -0.0003965465   0.0001767406
       -0.0001491311  -0.0000068904  -0.0001256923   0.0002612922  -0.0003121978
        0.0001079525  -0.0001353962  -0.0001059858  -0.0000193376  -0.0000592452
       -0.0000233292   0.0000426443  -0.0000094365   0.0000396897
       -0.0051648619  -0.0103464536  -0.0135518514  -0.0083939124  -0.1188893763
       -0.1057371631   0.0024751791  -0.0157594383  -0.0188083451  -0.0004978617
        0.0000935201  -0.0003436906  -0.0000690507   0.0000094484   0.0000083020
       -0.0007394764   0.0002628082  -0.0001114805   0.0000501190   0.0000010577
        0.0000097002  -0.0033975461  -0.0013944858  -0.0003611122   0.0004115917
       -0.0000461709  -0.0003917642   0.0004322309   0.0005664030   0.0002191757
        0.0010546601   0.0092187640   0.0140931428   0.0114813378   0.1392565822
        0.1255292658   0.0035925983  -0.0037714783  -0.0006380348  -0.0004783352
        0.0002484107  -0.0004681369  -0.0000724057  -0.0000092220   0.0000116952
        0.0000055973  -0.0000908457   0.0001140190   0.0000222675   0.0001994724
        0.0000129911  -0.0006900916   0.0006193031  -0.0001246404  -0.0001627929
       -0.0000983588   0.0001163227   0.0002451767  -0.0001825388   0.0002980204
       -0.0000682916   0.0000755234   0.0001133602   0.0000005957   0.0000684013
        0.0000384568  -0.0000367278  -0.0000313258  -0.0000282327
       -0.0022755537  -0.0026815377  -0.0016546379  -0.0123126803  -0.1061888084
       -0.2013992706   0.0020728730  -0.0033887489  -0.0017450389  -0.0000386800
       -0.0005443359  -0.0003233358   0.0002132950  -0.0000929461   0.0000014438
       -0.0006352904  -0.0002409976  -0.0000116587  -0.0000355101   0.0000490473
       -0.0000355779  -0.0006334647  -0.0001278956   0.0012499397   0.0003813696
        0.0003574751   0.0008051043  -0.0001479886   0.0002840041   0.0000419464
       -0.0019637065  -0.0140603232  -0.0288165635   0.0159675583   0.1255292658
        0.2294090672   0.0003652249  -0.0005267727   0.0011669599  -0.0002220424
        0.0004755964   0.0007465476  -0.0000152990   0.0000670963   0.0000369442
       -0.0001742283   0.0001677653   0.0001951689   0.0001018645   0.0000682326
       -0.0003998220  -0.0002640628   0.0003636396   0.0005952357  -0.0001900320
        0.0001579751   0.0000250868  -0.0001368316   0.0001990647   0.0000282487
       -0.0000423738   0.0000883883   0.0000531584   0.0000161818   0.0000365176
        0.0000107589  -0.0000306229   0.0000082982   0.0000202947
        0.0007298588   0.0010550740   0.0008804050  -0.0011026893   0.0147269623
        0.0172700840  -0.0436639436  -0.0140471220  -0.0189737826  -0.0075920757
       -0.0169591336  -0.0220879836   0.0005195168   0.0002153951  -0.0008375296
       -0.0051849705  -0.0022299725  -0.0003282553   0.0003200634  -0.0011139952
       -0.0008298016  -0.0006182973  -0.0001494470  -0.0004299362  -0.0000309800
       -0.0000755033   0.0000326277   0.0002030362  -0.0001764200  -0.0000999262
        0.0006376009  -0.0004786427   0.0002217668  -0.0032147025   0.0035925983
        0.0003652249   0.0586996975   0.0141393420   0.0219166746   0.0015366469
        0.0014965822   0.0026769338   0.0001414206   0.0002052258  -0.0001012701
       -0.0000657715  -0.0002103131   0.0006056134  -0.0000635676   0.0001389543
        0.0000639381  -0.0000783376   0.0001525595   0.0001205943  -0.0004402199
       -0.0010304434  -0.0012186253  -0.0000694192   0.0000803405   0.0003017856
       -0.0009337959   0.0005303849   0.0004053186   0.0003098870   0.0000548173
        0.0000857238  -0.0000389578   0.0000827566  -0.0000395800
       -0.0009594171   0.0007532466   0.0002163526   0.0024292685  -0.0175128305
       -0.0203633384  -0.0140610472  -0.1168539102  -0.1035268034  -0.0053657922
       -0.0096882072  -0.0125959949   0.0003598899   0.0001821753  -0.0007411294
       -0.0030072162  -0.0008124186  -0.0000320467   0.0013160857   0.0006292306
        0.0004758405   0.0003929509   0.0004317756   0.0002847948   0.0000563760
       -0.0000688610   0.0000596069  -0.0003501778   0.0001183298   0.0000932056
       -0.0005476514   0.0002486008  -0.0004765947   0.0040475149  -0.0037714783
       -0.0005267727   0.0141393420   0.1371891890   0.1224565112   0.0014972036
        0.0091952286   0.0140989557   0.0002974718   0.0001454243   0.0000513315
       -0.0004488940  -0.0000397011   0.0007975561  -0.0000243780  -0.0001329994
       -0.0000579524   0.0000880093   0.0001702060   0.0000801797  -0.0001971613
       -0.0004769425  -0.0007302262  -0.0000009488   0.0000083288   0.0001885794
        0.0001838993   0.0004006297   0.0001277120   0.0002477543  -0.0000786755
        0.0000397501  -0.0000930823  -0.0000363409   0.0000804828
       -0.0002706653   0.0004274550   0.0003744825   0.0017228514  -0.0040885015
       -0.0020699519  -0.0187649935  -0.1028248105  -0.1943993104  -0.0028140675
       -0.0030820735  -0.0032107073   0.0008450684   0.0006691798   0.0007615314
       -0.0011926488  -0.0005044149   0.0003989924   0.0004928097   0.0002070571
        0.0003025704   0.0004583948   0.0001490855   0.0004438076   0.0000058450
       -0.0000577766  -0.0003387803  -0.0001893478   0.0002553902   0.0000445059
       -0.0001685876   0.0004681416   0.0007474669   0.0004859956  -0.0006380348
        0.0011669599   0.0219166746   0.1224565112   0.2241835723  -0.0026697830
       -0.0140536355  -0.0290987578   0.0001249023   0.0000828886  -0.0000866088
        0.0002000722   0.0001907554   0.0002842175  -0.0000537576   0.0000157388
       -0.0001083480  -0.0000495017   0.0002247741   0.0000180837  -0.0001079664
       -0.0002958940  -0.0000852118   0.0000965753  -0.0000142017   0.0003742346
       -0.0002948496   0.0003006526   0.0006136770   0.0002769973   0.0001706245
        0.0000360464  -0.0000500179  -0.0000589114  -0.0003524722
        0.0007299605   0.0010564969  -0.0008800865  -0.0011007714   0.0147455091
       -0.0172526312  -0.0436696531  -0.0140867048   0.0189830513  -0.0075968080
       -0.0169865299   0.0220669537  -0.0051851668  -0.0022304808   0.0003244090
        0.0005194856   0.0002144213   0.0008380508   0.0003200579  -0.0011147414
        0.0008282211  -0.0000310482  -0.0000755412  -0.0000329370  -0.0006184873
       -0.0001494625   0.0004301052   0.0002030493  -0.0001764536   0.0000996184
       -0.0032146249   0.0035933418  -0.0003616665   0.0006370290  -0.0004783352
       -0.0002220424   0.0015366469   0.0014972036  -0.0026697830   0.0587087632
        0.0141867417  -0.0219273027  -0.0004404526  -0.0010319866   0.0012173154
       -0.0000693040   0.0000806735  -0.0003017018  -0.0000783143   0.0001528387
       -0.0001205310  -0.0000635425   0.0001390808  -0.0000637763   0.0001414470
        0.0002051019   0.0001016436  -0.0000656186  -0.0002096881  -0.0006061335
       -0.0000389755   0.0000826926   0.0000397304   0.0003099451   0.0000549571
       -0.0000856292  -0.0009336172   0.0005308651  -0.0004048780
       -0.0009605699   0.0007544255  -0.0002159334   0.0024282598  -0.0175397920
        0.0203467844  -0.0140998785  -0.1170977776   0.1036152113  -0.0053717319
       -0.0097070827   0.0125871998  -0.0030088224  -0.0008131177   0.0000300723
        0.0003607195   0.0001820246   0.0007407852   0.0013165312   0.0006300035
       -0.0004751759   0.0000564430  -0.0000686755  -0.0000592475   0.0003938465
        0.0004322405  -0.0002851183  -0.0003507160   0.0001187528  -0.0000931556
        0.0040475231  -0.0037726904   0.0005212674  -0.0005476307   0.0002484107
        0.0004755964   0.0014965822   0.0091952286  -0.0140536355   0.0141867417
        0.1374768145  -0.1225561857  -0.0001974592  -0.0004782089   0.0007297658
       -0.0000007907   0.0000084906  -0.0001889813   0.0000879817   0.0001706029
       -0.0000800491  -0.0000244776  -0.0001329750   0.0000578651   0.0002976514
        0.0001455746  -0.0000509770  -0.0004486144  -0.0000386095  -0.0007982633
       -0.0000931435  -0.0000363120  -0.0000801081   0.0002480369  -0.0000784072
       -0.0000398169   0.0001835176   0.0004010797  -0.0001279002
        0.0002699800  -0.0004273695   0.0003743979  -0.0017210377   0.0040735532
       -0.0020448391   0.0187744253   0.1029123327  -0.1941488093   0.0028070665
        0.0030717680  -0.0031880508   0.0011880247   0.0005024078   0.0004000094
       -0.0008450398  -0.0006701540   0.0007618070  -0.0004911198  -0.0002068603
        0.0003017476  -0.0000061187   0.0000579789  -0.0003391188  -0.0004577579
       -0.0001490086   0.0004435066   0.0001890741  -0.0002554054   0.0000440366
       -0.0004818845   0.0006337411   0.0011681073   0.0001678483  -0.0004681369
        0.0007465476   0.0026769338   0.0140989557  -0.0290987578  -0.0219273027
       -0.1225561857   0.2238874529   0.0001076442   0.0002952218  -0.0000837682
       -0.0000967326   0.0000137512   0.0003738904   0.0000495391  -0.0002246403
        0.0000177398   0.0000537320  -0.0000157731  -0.0001083221  -0.0001245362
       -0.0000826237  -0.0000867709  -0.0002008587  -0.0001913352   0.0002828917
        0.0000499311   0.0000593259  -0.0003524809  -0.0002766527  -0.0001707338
        0.0000357043   0.0002948421  -0.0003008098   0.0006130786
        0.0000579388  -0.0000313065   0.0000323556  -0.0000022287  -0.0001507165
       -0.0000639759  -0.0000188561  -0.0010280911   0.0019382532  -0.0092919859
       -0.0048355479   0.0032786653  -0.2649903704  -0.0608724675   0.0054761708
        0.0003601353   0.0003523975  -0.0005265430   0.0008834445   0.0009228949
       -0.0008713519   0.0000524423   0.0000339123   0.0000208654  -0.0000164564
       -0.0000234576   0.0000121366  -0.0000031721   0.0000249625  -0.0000073601
        0.0001767410  -0.0001628880   0.0001900078  -0.0000087249  -0.0000724057
       -0.0000152990   0.0001414206   0.0002974718   0.0001249023  -0.0004404526
       -0.0001974592   0.0001076442   0.3073663937   0.0716519175  -0.0071469180
       -0.0107660487  -0.0040272980  -0.0023025229  -0.0243208832  -0.0023378687
       -0.0000592346  -0.0002852456   0.0000008030   0.0000409174   0.0005795715
        0.0000925344   0.0003272725   0.0000793924   0.0001444921  -0.0002816334
       -0.0001577147  -0.0001430959   0.0000004514   0.0006100275   0.0000767192
       -0.0000386228  -0.0000053685   0.0002844974  -0.0002361809
        0.0000438116   0.0001315296  -0.0000932407   0.0003919428   0.0000274362
       -0.0000027098  -0.0007369169  -0.0020003702   0.0034272366  -0.0171750864
       -0.0067022105   0.0028924082  -0.0610731171  -0.0603235509   0.0003279543
        0.0002171535   0.0003340231  -0.0006871540  -0.0011233850   0.0002671932
       -0.0000062146   0.0000379343  -0.0000004207   0.0000022434   0.0000641433
        0.0000290491  -0.0000221314  -0.0000334209   0.0000345774  -0.0000016193
       -0.0001489754  -0.0000980652  -0.0001581836  -0.0000068133  -0.0000092220
        0.0000670963   0.0002052258   0.0001454243   0.0000828886  -0.0010319866
       -0.0004782089   0.0002952218   0.0716519175   0.0692964689  -0.0035946851
       -0.0194831350  -0.0057332649  -0.0022788523   0.0272863005   0.0053913739
       -0.0004469079   0.0001539094  -0.0000763738   0.0000423146   0.0000930250
        0.0002733306   0.0000380935   0.0000161941  -0.0000672434  -0.0001669432
       -0.0001283443  -0.0002141097  -0.0001076644   0.0006962459  -0.0004242791
        0.0006441573   0.0000833772   0.0001969129  -0.0002533084
        0.0000394278  -0.0000376723   0.0000362978  -0.0001591260   0.0001670792
       -0.0000544955   0.0009116990   0.0027403204  -0.0038321088   0.0240034380
        0.0085277060  -0.0029741568   0.0062001919   0.0005538719  -0.0433673840
        0.0007012086   0.0004535136   0.0005342071   0.0006939397  -0.0006318903
        0.0005912999  -0.0000047947   0.0000119511  -0.0000133470  -0.0000464765
       -0.0000264781   0.0000367553   0.0000039329  -0.0000241053   0.0000102606
        0.0000068416  -0.0001164336   0.0000247863  -0.0000119918   0.0000116952
        0.0000369442  -0.0001012701   0.0000513315  -0.0000866088   0.0012173154
        0.0007297658  -0.0000837682  -0.0071469180  -0.0035946851   0.0501320232
       -0.0270091675  -0.0085722690  -0.0012791389   0.0016590573  -0.0001434360
        0.0008756511   0.0000157739  -0.0000512112  -0.0000641074  -0.0003269720
       -0.0000366291  -0.0006745548  -0.0001479157  -0.0000985212   0.0002238541
       -0.0001790001  -0.0000640269  -0.0000824648  -0.0004004704   0.0004156661
       -0.0000588261   0.0000812765  -0.0002655428   0.0000688815
       -0.0000878217  -0.0000125208  -0.0000052913  -0.0000943153  -0.0001126804
        0.0001327308   0.0003968247   0.0003751146   0.0010463062   0.0007892176
        0.0022339219   0.0034111121  -0.0555594988  -0.0271141776  -0.0425290419
        0.0002743533  -0.0003477217   0.0008773057   0.0000448563  -0.0000016060
       -0.0004664065  -0.0000518327  -0.0000453614  -0.0000052729   0.0000327853
        0.0000240211  -0.0000404871   0.0000290639  -0.0000093136  -0.0000135280
       -0.0001259233   0.0002450279   0.0001370462   0.0000616321   0.0000055973
       -0.0001742283  -0.0000657715  -0.0004488940   0.0002000722  -0.0000693040
       -0.0000007907  -0.0000967326  -0.0107660487  -0.0194831350  -0.0270091675
        0.0612341033   0.0326016891   0.0490907378   0.0037143954   0.0117224899
        0.0150832536  -0.0000465343  -0.0000192816  -0.0000196092   0.0000793461
        0.0000159180   0.0001479460   0.0002796296   0.0000611958   0.0002514675
        0.0001535871   0.0004552657  -0.0000678032  -0.0001472161  -0.0001542732
       -0.0001090048  -0.0000755283   0.0000095147   0.0001585953
       -0.0000242052  -0.0000472170   0.0000548404   0.0000165898   0.0000531128
       -0.0001267918   0.0003057769   0.0006700178   0.0004646946   0.0031165975
        0.0075147074   0.0114300513  -0.0270806750  -0.1114500866  -0.1041173951
       -0.0003395714  -0.0008440038   0.0022996530  -0.0001848016   0.0006110649
        0.0008513004   0.0000193702   0.0000560100   0.0000227038  -0.0000276561
       -0.0000238909   0.0000207445   0.0000132929  -0.0000182388  -0.0000091194
        0.0002609604  -0.0001818054  -0.0001990906  -0.0000314542  -0.0000908457
        0.0001677653  -0.0002103131  -0.0000397011   0.0001907554   0.0000806735
        0.0000084906   0.0000137512  -0.0040272980  -0.0057332649  -0.0085722690
        0.0326016891   0.1282061587   0.1203981678  -0.0046097079  -0.0187758697
       -0.0238970212  -0.0001765922   0.0000506663   0.0001240941   0.0001440672
       -0.0000675404   0.0000982033   0.0000614200   0.0004906444   0.0007086679
        0.0001322392  -0.0002473558   0.0002329212  -0.0000089560  -0.0001207068
       -0.0001006487  -0.0000314458  -0.0000203460  -0.0000559783
       -0.0000594417  -0.0000354553   0.0000414069   0.0001050281   0.0000528652
       -0.0001635572  -0.0007021377  -0.0008497690   0.0004733277  -0.0047904638
       -0.0118128736  -0.0266865286  -0.0426780765  -0.1048492013  -0.2024060037
        0.0009944348   0.0034421324  -0.0053265970   0.0001624514  -0.0008267633
        0.0006032423   0.0000723037   0.0000779395   0.0000807426  -0.0000527107
       -0.0000447833   0.0000187576  -0.0000473510  -0.0000030440   0.0000120951
        0.0003125324  -0.0002980607   0.0000279173  -0.0001820481   0.0001140190
        0.0001951689   0.0006056134   0.0007975561   0.0002842175  -0.0003017018
       -0.0001889813   0.0003738904  -0.0023025229  -0.0022788523  -0.0012791389
        0.0490907378   0.1203981678   0.2369880822  -0.0000632812  -0.0041358745
       -0.0025919039  -0.0001159732   0.0003881859   0.0002567795   0.0002817217
        0.0001664561   0.0002242036  -0.0002511415  -0.0007059299  -0.0016383365
       -0.0001265641   0.0008473701   0.0002909321  -0.0000259458  -0.0000073346
       -0.0001222335   0.0000745369  -0.0002477689   0.0003435356
       -0.0000508789   0.0000218303  -0.0001214338  -0.0008718148  -0.0007837537
        0.0008712210   0.0002148408   0.0000536802  -0.0000340890   0.0022351705
       -0.0016475580  -0.0013954712  -0.1199296368   0.1119300178   0.0024281278
        0.0001571172  -0.0001365440   0.0000245656   0.0004452887   0.0000530155
       -0.0000524068   0.0000151377  -0.0000000017  -0.0000058927   0.0000420579
        0.0000507291  -0.0000225659  -0.0000147437   0.0000091216   0.0000068747
       -0.0019276595  -0.0006906906   0.0002622687   0.0000612185   0.0000222675
        0.0001018645  -0.0000635676  -0.0000243780  -0.0000537576  -0.0000783143
        0.0000879817   0.0000495391  -0.0243208832   0.0272863005   0.0016590573
        0.0037143954  -0.0046097079  -0.0000632812   0.1398844260  -0.1312025631
       -0.0036116033   0.0004055996  -0.0001733329  -0.0002340304  -0.0002850768
        0.0001538888  -0.0000155015  -0.0000464936  -0.0001767323   0.0001157352
       -0.0000731597  -0.0001767578  -0.0000796744   0.0002800412  -0.0000621877
        0.0001290391   0.0002069355   0.0000153746   0.0000414146
        0.0000262738   0.0001780806  -0.0001306857   0.0002063865  -0.0002481880
        0.0004346675   0.0004005797  -0.0000148374  -0.0002184732   0.0104512482
       -0.0180503942   0.0029598612   0.1123740727  -0.2074552925  -0.0052431926
       -0.0001462142   0.0008015037  -0.0012071353  -0.0007189182  -0.0025581945
        0.0039285001   0.0000333312  -0.0000232083  -0.0000100276   0.0001334164
        0.0000926218  -0.0000693816  -0.0000109784   0.0000601519  -0.0000027036
       -0.0012577752   0.0006190317  -0.0003641711  -0.0000945033   0.0001994724
        0.0000682326   0.0001389543  -0.0001329994   0.0000157388   0.0001528387
        0.0001706029  -0.0002246403  -0.0023378687   0.0053913739  -0.0001434360
        0.0117224899  -0.0187758697  -0.0041358745  -0.1312025631   0.2396348253
        0.0039684682  -0.0001735837   0.0006128798   0.0002754128   0.0000006976
       -0.0000764305   0.0000510933  -0.0000192142   0.0000512798  -0.0003883241
       -0.0001098122   0.0004123273   0.0001663279  -0.0003593077   0.0000928353
       -0.0000342204   0.0007904499  -0.0009815719   0.0003039635
       -0.0000256782  -0.0000310194  -0.0000558640   0.0001823528   0.0000685886
        0.0000609492  -0.0003399273  -0.0003793974   0.0005368977  -0.0135631155
        0.0205413038  -0.0015216539   0.0022419025  -0.0049856732  -0.0430330211
       -0.0004597608   0.0011315638   0.0007898614   0.0004976672   0.0033117763
       -0.0039170962  -0.0000638413  -0.0000663528  -0.0000250438  -0.0000187394
       -0.0000003240  -0.0000080778  -0.0000058444  -0.0000156571   0.0000074110
        0.0003940333   0.0001245031   0.0005949047   0.0001671862   0.0000129911
       -0.0003998220   0.0000639381  -0.0000579524  -0.0001083480  -0.0001205310
       -0.0000800491   0.0000177398  -0.0000592346  -0.0004469079   0.0008756511
        0.0150832536  -0.0238970212  -0.0025919039  -0.0036116033   0.0039684682
        0.0497523914   0.0002337823  -0.0002737437  -0.0008749465  -0.0000408043
       -0.0000423102  -0.0000640752   0.0000195315  -0.0001243882   0.0002561271
        0.0001046212  -0.0000156317  -0.0000927160   0.0001340492  -0.0000941543
       -0.0000855155  -0.0008132378   0.0013513875  -0.0001138497
       -0.0000508140   0.0000218348   0.0001215268  -0.0008717890  -0.0007829894
       -0.0008724441   0.0002145783   0.0000538086   0.0000341755   0.0022325376
       -0.0016465721   0.0013942611   0.0001572800  -0.0001363421  -0.0000247495
       -0.1198947796   0.1119181802  -0.0023091503   0.0004453258   0.0000537109
        0.0000533344   0.0000420533   0.0000506974   0.0000226102   0.0000151116
       -0.0000000543   0.0000059104  -0.0000147543   0.0000091330  -0.0000068628
        0.0000612791   0.0000224753  -0.0001015294  -0.0019280312  -0.0006900916
       -0.0002640628  -0.0000783376   0.0000880093  -0.0000495017  -0.0000635425
       -0.0000244776   0.0000537320  -0.0002852456   0.0001539094   0.0000157739
       -0.0000465343  -0.0001765922  -0.0001159732   0.0004055996  -0.0001735837
        0.0002337823   0.1398443379  -0.1311913419   0.0034722345  -0.0243171845
        0.0272926909  -0.0016319257   0.0037192952  -0.0046192216   0.0000597977
        0.0002067594   0.0000157126  -0.0000413202   0.0002800439  -0.0000620070
       -0.0001290953  -0.0000731894  -0.0001768886   0.0000794761
        0.0000262170   0.0001778901   0.0001308910   0.0002067449  -0.0002477806
       -0.0004348924   0.0003999140  -0.0000157088   0.0002177508   0.0104328105
       -0.0180218695  -0.0029776852  -0.0001469848   0.0008015531   0.0012074247
        0.1123627903  -0.2075010430   0.0050691239  -0.0007178398  -0.0025490679
       -0.0039265970   0.0001334090   0.0000925684   0.0000694793   0.0000332141
       -0.0000233410   0.0000100528  -0.0000109924   0.0000601294   0.0000027268
       -0.0000942014   0.0001994847  -0.0000672173  -0.0012574672   0.0006193031
        0.0003636396   0.0001525595   0.0001702060   0.0002247741   0.0001390808
       -0.0001329750  -0.0000157731   0.0000008030  -0.0000763738  -0.0000512112
       -0.0000192816   0.0000506663   0.0003881859  -0.0001733329   0.0006128798
       -0.0002737437  -0.1311913419   0.2396821643  -0.0037680492  -0.0023336470
        0.0053870411   0.0001486121   0.0117368946  -0.0188115279   0.0041188290
        0.0007894519  -0.0009794307  -0.0003049267  -0.0003590940   0.0000926706
        0.0000343706  -0.0001097066   0.0004125614  -0.0001657648
        0.0000257555   0.0000313293  -0.0000555159  -0.0001822956  -0.0000690964
        0.0000597169   0.0003401965   0.0003786647   0.0005375099   0.0135741766
       -0.0205636533  -0.0015470744   0.0004595593  -0.0011316459   0.0007900969
       -0.0021221101   0.0048115473  -0.0430213374  -0.0004979217  -0.0033101170
       -0.0039261832   0.0000189356   0.0000004903  -0.0000079645   0.0000638608
        0.0000663406  -0.0000249642   0.0000058312   0.0000157161   0.0000074267
       -0.0001670596  -0.0000123730  -0.0003996636  -0.0003965465  -0.0001246404
        0.0005952357   0.0001205943   0.0000801797   0.0000180837  -0.0000637763
        0.0000578651  -0.0001083221   0.0000409174   0.0000423146  -0.0000641074
       -0.0000196092   0.0001240941   0.0002567795  -0.0002340304   0.0002754128
       -0.0008749465   0.0034722345  -0.0037680492   0.0497445061   0.0000498850
        0.0004595622   0.0008760384  -0.0150637326   0.0238779325  -0.0025611509
        0.0008143059  -0.0013524590  -0.0001158552  -0.0001344212   0.0000943325
       -0.0000853809  -0.0001047496   0.0000162526  -0.0000929276
        0.0000579346  -0.0000312794  -0.0000323540  -0.0000021663  -0.0001507307
        0.0000637201  -0.0000186147  -0.0010250171  -0.0019389559  -0.0092877085
       -0.0048291476  -0.0032862580   0.0003599438   0.0003517622   0.0005268007
       -0.2650050484  -0.0608366533  -0.0056093503   0.0008835493   0.0009219466
        0.0008727369  -0.0000164617  -0.0000234338  -0.0000121604   0.0000524532
        0.0000339566  -0.0000208413  -0.0000031679   0.0000249522   0.0000073559
       -0.0000087123  -0.0000724600   0.0000151110   0.0001767406  -0.0001627929
       -0.0001900320  -0.0004402199  -0.0001971613  -0.0001079664   0.0001414470
        0.0002976514  -0.0001245362   0.0005795715   0.0000930250  -0.0003269720
        0.0000793461   0.0001440672   0.0002817217  -0.0002850768   0.0000006976
       -0.0000408043  -0.0243171845  -0.0023336470   0.0000498850   0.3073834671
        0.0716082440   0.0073026406  -0.0107769942  -0.0040316555   0.0022954315
       -0.0000053841   0.0002842304   0.0002366154   0.0006100246   0.0000767209
        0.0000387985  -0.0001577387  -0.0001432754  -0.0000005866
        0.0000438711   0.0001313680   0.0000933202   0.0003917437   0.0000275416
        0.0000029353  -0.0007354863  -0.0019927613  -0.0034250847  -0.0171440212
       -0.0066854856  -0.0029011001   0.0002179174   0.0003335171   0.0006866471
       -0.0610360951  -0.0603044707  -0.0003637596  -0.0011226651   0.0002663334
        0.0000054588   0.0000640981   0.0000290123   0.0000221016   0.0000379239
       -0.0000004258  -0.0000022166  -0.0000334034   0.0000345412   0.0000016224
       -0.0000067649  -0.0000091025  -0.0000670120  -0.0001491311  -0.0000983588
        0.0001579751  -0.0010304434  -0.0004769425  -0.0002958940   0.0002051019
        0.0001455746  -0.0000826237   0.0000925344   0.0002733306  -0.0000366291
        0.0000159180  -0.0000675404   0.0001664561   0.0001538888  -0.0000764305
       -0.0000423102   0.0272926909   0.0053870411   0.0004595622   0.0716082440
        0.0692676167   0.0036362340  -0.0195164083  -0.0057432675   0.0022679797
        0.0000834129   0.0001962082   0.0002534896   0.0006957433  -0.0004228252
       -0.0006446801  -0.0001286695  -0.0002144740   0.0001075280
       -0.0000393386   0.0000377759   0.0000364405   0.0001595523  -0.0001671642
       -0.0000546775  -0.0009120753  -0.0027378883  -0.0038402316  -0.0240270399
       -0.0085303563  -0.0029950551  -0.0007008585  -0.0004537485   0.0005341884
       -0.0063338305  -0.0005897744  -0.0433717776  -0.0006955059   0.0006316461
        0.0005923546   0.0000465515   0.0000264823   0.0000367834   0.0000048139
       -0.0000119554  -0.0000133577  -0.0000039691   0.0000241358   0.0000102817
        0.0000120191  -0.0000117803   0.0000368872  -0.0000068904   0.0001163227
        0.0000250868  -0.0012186253  -0.0007302262  -0.0000852118   0.0001016436
       -0.0000509770  -0.0000867709   0.0003272725   0.0000380935  -0.0006745548
        0.0001479460   0.0000982033   0.0002242036  -0.0000155015   0.0000510933
       -0.0000640752  -0.0016319257   0.0001486121   0.0008760384   0.0073026406
        0.0036362340   0.0501445040   0.0269838856   0.0085618107  -0.0012581620
       -0.0000811898   0.0002658496   0.0000695933   0.0004015886  -0.0004162312
       -0.0000603304   0.0001788368   0.0000638423  -0.0000821573
       -0.0000878478  -0.0000125425   0.0000051946  -0.0000942824  -0.0001125051
       -0.0001327911   0.0003968841   0.0003762065  -0.0010463014   0.0007894264
        0.0022356518  -0.0034029294   0.0002745305  -0.0003460743  -0.0008769266
       -0.0555889269  -0.0272018624   0.0425490533   0.0000447158  -0.0000024199
        0.0004661877   0.0000327519   0.0000239486   0.0000405083  -0.0000518740
       -0.0000453773   0.0000052275   0.0000290559  -0.0000093460   0.0000135383
        0.0000615662   0.0000054543   0.0001741656  -0.0001256923   0.0002451767
       -0.0001368316  -0.0000694192  -0.0000009488   0.0000965753  -0.0000656186
       -0.0004486144  -0.0002008587   0.0000793924   0.0000161941  -0.0001479157
        0.0002796296   0.0000614200  -0.0002511415  -0.0000464936  -0.0000192142
        0.0000195315   0.0037192952   0.0117368946  -0.0150637326  -0.0107769942
       -0.0195164083   0.0269838856   0.0612690157   0.0327036343  -0.0491127778
       -0.0000754190   0.0000096618  -0.0001587147  -0.0001471377  -0.0001543923
        0.0001087196   0.0001534419   0.0004554626   0.0000683337
       -0.0000242319  -0.0000472303  -0.0000548811   0.0000166952   0.0000530824
        0.0001268788   0.0003049107   0.0006696987  -0.0004646944   0.0031143735
        0.0075134435  -0.0113862909  -0.0003379745  -0.0008367094  -0.0022939198
       -0.0271681536  -0.1117007275   0.1042165901  -0.0001844609   0.0006108781
       -0.0008511106  -0.0000277213  -0.0000239334  -0.0000208081   0.0000194746
        0.0000561489  -0.0000227366   0.0000132386  -0.0000182585   0.0000090943
       -0.0000316478  -0.0000905726  -0.0001681445   0.0002612922  -0.0001825388
        0.0001990647   0.0000803405   0.0000083288  -0.0000142017  -0.0002096881
       -0.0000386095  -0.0001913352   0.0001444921  -0.0000672434  -0.0000985212
        0.0000611958   0.0004906444  -0.0007059299  -0.0001767323   0.0000512798
       -0.0001243882  -0.0046192216  -0.0188115279   0.0238779325  -0.0040316555
       -0.0057432675   0.0085618107   0.0327036343   0.1284946431  -0.1205171026
       -0.0000313415  -0.0000207501   0.0000555528  -0.0000089941  -0.0001208626
        0.0001006138   0.0001321758  -0.0002459163  -0.0002334729
        0.0000593702   0.0000353538   0.0000413394  -0.0001050459  -0.0000527154
       -0.0001634253   0.0007027329   0.0008502827   0.0004737538   0.0048022955
        0.0118551168  -0.0266855067  -0.0009935373  -0.0034366376  -0.0053341316
        0.0426978071   0.1049485362  -0.2021263808  -0.0001627352   0.0008264698
        0.0006030158   0.0000526608   0.0000447264   0.0000187610  -0.0000723602
       -0.0000779913   0.0000806859   0.0000473934   0.0000029827   0.0000120899
        0.0001820320  -0.0001142830   0.0001950126  -0.0003121978   0.0002980204
        0.0000282487   0.0003017856   0.0001885794   0.0003742346  -0.0006061335
       -0.0007982633   0.0002828917  -0.0002816334  -0.0001669432   0.0002238541
        0.0002514675   0.0007086679  -0.0016383365   0.0001157352  -0.0003883241
        0.0002561271   0.0000597977   0.0041188290  -0.0025611509   0.0022954315
        0.0022679797  -0.0012581620  -0.0491127778  -0.1205171026   0.2366656789
       -0.0000746115   0.0002472064   0.0003438045   0.0000257489   0.0000073077
       -0.0001220603   0.0001267745  -0.0008477982   0.0002896559
       -0.0000150145  -0.0000387274   0.0000089494   0.0000290414  -0.0000527976
       -0.0000776367   0.0004351284   0.0011388711   0.0008583413   0.0016176591
        0.0109351671   0.0146691392   0.0003258084  -0.0004357126   0.0004494209
       -0.0019147674   0.0029752618   0.0002550170  -0.0488731763  -0.0203470000
       -0.0283855039  -0.0000352045  -0.0000045866  -0.0000231862   0.0000014490
        0.0000039843   0.0000078770   0.0000514074  -0.0000220829  -0.0000115936
        0.0000426383  -0.0000367430   0.0000305708   0.0001079525  -0.0000682916
       -0.0000423738  -0.0009337959   0.0001838993  -0.0002948496  -0.0000389755
       -0.0000931435   0.0000499311  -0.0001577147  -0.0001283443  -0.0001790001
        0.0001535871   0.0001322392  -0.0001265641  -0.0000731597  -0.0001098122
        0.0001046212   0.0002067594   0.0007894519   0.0008143059  -0.0000053841
        0.0000834129  -0.0000811898  -0.0000754190  -0.0000313415  -0.0000746115
        0.0557834101   0.0217759634   0.0339254781  -0.0080224286  -0.0189276513
       -0.0264214792   0.0013901991   0.0022779836   0.0045443365
       -0.0000629823   0.0000563549   0.0000093467  -0.0001515987   0.0000401646
        0.0000437264  -0.0010564307   0.0004965457  -0.0000839666  -0.0011132411
       -0.0170812796  -0.0203241736  -0.0002895585   0.0005280735  -0.0008266715
        0.0036315543  -0.0045886277  -0.0003995588  -0.0208722096  -0.1175270511
       -0.1085540403   0.0000412683   0.0000432365   0.0000433982  -0.0000047350
       -0.0000054331  -0.0000051662  -0.0000485541  -0.0000045777   0.0000021638
       -0.0000093635  -0.0000313504  -0.0000082921  -0.0001353962   0.0000755234
        0.0000883883   0.0005303849   0.0004006297   0.0003006526   0.0000826926
       -0.0000363120   0.0000593259  -0.0001430959  -0.0002141097  -0.0000640269
        0.0004552657  -0.0002473558   0.0008473701  -0.0001767578   0.0004123273
       -0.0000156317   0.0000157126  -0.0009794307  -0.0013524590   0.0002842304
        0.0001962082   0.0002658496   0.0000096618  -0.0000207501   0.0002472064
        0.0217759634   0.1369068860   0.1272742759  -0.0050448529  -0.0077810556
       -0.0117611585   0.0022820420   0.0093613836   0.0142134416
       -0.0000440495   0.0000088715  -0.0000018060  -0.0000619743   0.0001276676
        0.0000037534  -0.0003216872   0.0003576840   0.0001627121   0.0011627196
       -0.0038453548  -0.0027263565  -0.0003618189   0.0009488127   0.0007117902
        0.0009271723  -0.0011870423   0.0004500129  -0.0289011641  -0.1080450076
       -0.2027167780   0.0000456357   0.0000290456   0.0000641489   0.0000130045
        0.0000006998  -0.0000352047  -0.0000235545   0.0000159240   0.0000018898
       -0.0000396889   0.0000281716   0.0000203535  -0.0001059858   0.0001133602
        0.0000531584   0.0004053186   0.0001277120   0.0006136770   0.0000397304
       -0.0000801081  -0.0003524809   0.0000004514  -0.0001076644  -0.0000824648
       -0.0000678032   0.0002329212   0.0002909321  -0.0000796744   0.0001663279
       -0.0000927160  -0.0000413202  -0.0003049267  -0.0001158552   0.0002366154
        0.0002534896   0.0000695933  -0.0001587147   0.0000555528   0.0003438045
        0.0339254781   0.1272742759   0.2339126960  -0.0020101459  -0.0020029963
       -0.0020090736  -0.0045385444  -0.0141674163  -0.0285657866
       -0.0002434688   0.0002826124   0.0000001199  -0.0010286620  -0.0006595323
       -0.0000004459  -0.0036703406   0.0042738368   0.0000023631  -0.0244482707
       -0.0036849111  -0.0000035759   0.0006385641  -0.0009282016   0.0003665561
        0.0006383193  -0.0009276487  -0.0003676788  -0.2540477263  -0.0770647376
       -0.0000568883   0.0000653057   0.0000152267   0.0000214973   0.0000652995
        0.0000152312  -0.0000214809  -0.0001590742   0.0000000906   0.0000000044
       -0.0000193752   0.0000006464  -0.0000161754  -0.0000193376   0.0000005957
        0.0000161818   0.0003098870   0.0002477543   0.0002769973   0.0003099451
        0.0002480369  -0.0002766527   0.0006100275   0.0006962459  -0.0004004704
       -0.0001472161  -0.0000089560  -0.0000259458   0.0002800412  -0.0003593077
        0.0001340492   0.0002800439  -0.0003590940  -0.0001344212   0.0006100246
        0.0006957433   0.0004015886  -0.0001471377  -0.0000089941   0.0000257489
       -0.0080224286  -0.0050448529  -0.0020101459   0.2961708908   0.0876186612
        0.0000653631  -0.0080253110  -0.0050484454   0.0020034115
        0.0002914513  -0.0001551792  -0.0000000773   0.0010507046   0.0004788406
        0.0000001894   0.0028277993  -0.0027249301  -0.0000016327   0.0208053122
        0.0058494745   0.0000046991   0.0009088320   0.0005895054  -0.0004881150
        0.0009076305   0.0005888873   0.0004888624  -0.0762894581  -0.0704585493
       -0.0000196378  -0.0000046904  -0.0000196210   0.0000041610  -0.0000046798
       -0.0000196228  -0.0000041707   0.0000639756   0.0000429382   0.0000000139
       -0.0000592580   0.0000684417  -0.0000364476  -0.0000592452   0.0000684013
        0.0000365176   0.0000548173  -0.0000786755   0.0001706245   0.0000549571
       -0.0000784072  -0.0001707338   0.0000767192  -0.0004242791   0.0004156661
       -0.0001542732  -0.0001207068  -0.0000073346  -0.0000621877   0.0000928353
       -0.0000941543  -0.0000620070   0.0000926706   0.0000943325   0.0000767209
       -0.0004228252  -0.0004162312  -0.0001543923  -0.0001208626   0.0000073077
       -0.0189276513  -0.0077810556  -0.0020029963   0.0876186612   0.0823303785
        0.0000250979  -0.0189597382  -0.0077976590   0.0019940593
        0.0000001523  -0.0000000852   0.0000103297   0.0000005293   0.0000001112
        0.0002653803   0.0000012816  -0.0000015344   0.0002133363   0.0000112400
        0.0000034754  -0.0002367911  -0.0009064113   0.0000925774   0.0001708584
        0.0009077356  -0.0000920303   0.0001715802  -0.0000563114  -0.0000196650
       -0.0444099578   0.0000135543  -0.0000017870   0.0000013002  -0.0000135445
        0.0000017708   0.0000013074   0.0000000293   0.0000000238   0.0000034367
        0.0000232839  -0.0000384115   0.0000106959  -0.0000233292   0.0000384568
        0.0000107589   0.0000857238   0.0000397501   0.0000360464  -0.0000856292
       -0.0000398169   0.0000357043  -0.0000386228   0.0006441573  -0.0000588261
       -0.0001090048  -0.0001006487  -0.0001222335   0.0001290391  -0.0000342204
       -0.0000855155  -0.0001290953   0.0000343706  -0.0000853809   0.0000387985
       -0.0006446801  -0.0000603304   0.0001087196   0.0001006138  -0.0001220603
       -0.0264214792  -0.0117611585  -0.0020090736   0.0000653631   0.0000250979
        0.0482489731   0.0263979774   0.0117536329  -0.0019895386
       -0.0000150183  -0.0000387297  -0.0000089808   0.0000290228  -0.0000528605
        0.0000775969   0.0004352076   0.0011397249  -0.0008567250   0.0016195489
        0.0109525845  -0.0146555533  -0.0019146419   0.0029753881  -0.0002517157
        0.0003259705  -0.0004350086  -0.0004500912  -0.0488791281  -0.0203922808
        0.0283766440   0.0000014312   0.0000039859  -0.0000078877  -0.0000351953
       -0.0000045987   0.0000231824   0.0000514083  -0.0000221029   0.0000115655
        0.0001079360  -0.0000683134   0.0000423164   0.0000426443  -0.0000367278
       -0.0000306229  -0.0000389578  -0.0000930823  -0.0000500179  -0.0009336172
        0.0001835176   0.0002948421  -0.0000053685   0.0000833772   0.0000812765
       -0.0000755283  -0.0000314458   0.0000745369   0.0002069355   0.0007904499
       -0.0008132378  -0.0000731894  -0.0001097066  -0.0001047496  -0.0001577387
       -0.0001286695   0.0001788368   0.0001534419   0.0001321758   0.0001267745
        0.0013901991   0.0022820420  -0.0045385444  -0.0080253110  -0.0189597382
        0.0263979774   0.0557899487   0.0218300190  -0.0339174230
       -0.0000630256   0.0000563689  -0.0000092807  -0.0001516278   0.0000404020
       -0.0000437518  -0.0010566602   0.0004968367   0.0000841916  -0.0011140010
       -0.0171107529   0.0203066309   0.0036329352  -0.0045905315   0.0003938817
       -0.0002901946   0.0005283378   0.0008263255  -0.0209183726  -0.1177885250
        0.1086545307  -0.0000047039  -0.0000054153   0.0000052120   0.0000413354
        0.0000433054  -0.0000434386  -0.0000485841  -0.0000045444  -0.0000021620
       -0.0001355284   0.0000757346  -0.0000884227  -0.0000094365  -0.0000313258
        0.0000082982   0.0000827566  -0.0000363409  -0.0000589114   0.0005308651
        0.0004010797  -0.0003008098   0.0002844974   0.0001969129  -0.0002655428
        0.0000095147  -0.0000203460  -0.0002477689   0.0000153746  -0.0009815719
        0.0013513875  -0.0001768886   0.0004125614   0.0000162526  -0.0001432754
       -0.0002144740   0.0000638423   0.0004554626  -0.0002459163  -0.0008477982
        0.0022779836   0.0093613836  -0.0141674163  -0.0050484454  -0.0077976590
        0.0117536329   0.0218300190   0.1372144801  -0.1273888825
        0.0000439906  -0.0000088131  -0.0000018120   0.0000617715  -0.0001276257
        0.0000036048   0.0003203060  -0.0003571211   0.0001622437  -0.0011634574
        0.0038290992  -0.0026986440  -0.0009230545   0.0011810403   0.0004516886
        0.0003613735  -0.0009491875   0.0007116353   0.0288917304   0.1081456586
       -0.2024497205  -0.0000130369  -0.0000006940  -0.0000352198  -0.0000455737
       -0.0000290552   0.0000640896   0.0000235043  -0.0000159332   0.0000018664
        0.0001058372  -0.0001133037   0.0000529504   0.0000396897  -0.0000282327
        0.0000202947  -0.0000395800   0.0000804828  -0.0003524722  -0.0004048780
       -0.0001279002   0.0006130786  -0.0002361809  -0.0002533084   0.0000688815
        0.0001585953  -0.0000559783   0.0003435356   0.0000414146   0.0003039635
       -0.0001138497   0.0000794761  -0.0001657648  -0.0000929276  -0.0000005866
        0.0001075280  -0.0000821573   0.0000683337  -0.0002334729   0.0002896559
        0.0045443365   0.0142134416  -0.0285657866   0.0020034115   0.0019940593
       -0.0019895386  -0.0339174230  -0.1273888825   0.2335986033
