           1           2   1.03660512571751     
           2           3   1.78224744393002     
           3           4   1.07298916953776     
           4           5   1.79594582101046     
           4           6  0.966707835608490     
           6           7  0.935097151321943     
           6           8  0.992452033402594     
           2           9   1.01981659995190     
           8           9   1.00307260141066     
           6          10  0.980511496540421     
          10          11   1.00927372495411     
          10          12   1.00973067090177     
           1          13  0.962679349204483     
           1          14  0.983570837025503     
           1          15  0.966840524179508     
           3          16  0.961702552230589     
           8          17  0.975624318888265     
           8          18  0.973380346802671     
           9          19  0.967702551418143     
           9          20  0.949006710991894     
          10          21  0.963389147467148     
          11          22  0.986128152399878     
          11          23  0.984492908048096     
          11          24  0.986607417187545     
          12          25  0.985839004635393     
          12          26  0.985716685876668     
          12          27  0.986359320701949     
