           1           2   1.02195617993896     
           2           3  0.968085567597994     
           3           4   1.69945966037166     
           3           5   1.25001526014265     
           4           5  0.196443877433116     
           1           6  0.984571362511644     
           1           7  0.985249651372789     
           1           8  0.985285467266371     
           2           9  0.958514355622645     
           2          10  0.958360787748154     
           5          11  0.941313123256713     
           5          12  0.943505196811864     
