           1           2   1.01989341029464     
           2           3  0.936774597932770     
           3           4   1.13523330755252     
           3           5  0.173699367081582     
           4           5   1.75321685043590     
           4           6  0.985733027614536     
           1           7  0.985245078111913     
           1           8  0.985309898565600     
           1           9  0.983616056099857     
           2          10  0.969197451426577     
           2          11  0.969395282950367     
           6          12  0.956596322889633     
           6          13  0.980769959167049     
           6          14  0.974458065142158     
