$hessian                                                                        
        0.5199512185  -0.0341373760  -0.0026910302  -0.1079193695  -0.0638821964
       -0.0133559110   0.0032982924   0.0090229335   0.0029521144  -0.0243061958
       -0.0270714779  -0.0048016147  -0.0046336581   0.0014934750  -0.0004067626
       -0.0011794367  -0.0016463728   0.0004255163   0.0000786545   0.0000420075
       -0.0000126522  -0.0005720815  -0.0009217423   0.0002427186  -0.0002965385
       -0.0000288069   0.0001354086  -0.2689425925   0.0501516274   0.0198585237
       -0.0591697171   0.0409101202  -0.0449963167  -0.0525451019   0.0193835937
        0.0428667221   0.0012355566   0.0036474186   0.0000835941  -0.0000377163
        0.0009569121  -0.0002265731  -0.0011227964   0.0030157813  -0.0000166878
       -0.0000973609   0.0000441075  -0.0000620362  -0.0005136392  -0.0000068578
        0.0000436137  -0.0000296438  -0.0000861315  -0.0000647619   0.0000251579
       -0.0000494261  -0.0000126087  -0.0032230316  -0.0008375889   0.0000387437
       -0.0341373760   0.4720045846  -0.0128387225  -0.0554044732  -0.1877775124
       -0.0166813902  -0.0090224798  -0.0290532056  -0.0047290908  -0.0088947964
       -0.0008918497  -0.0009019184   0.0009726932   0.0007737520  -0.0006932612
        0.0000675519  -0.0008670949   0.0000929729   0.0003385166   0.0007647203
       -0.0000335727  -0.0012073820  -0.0001610804  -0.0000258214   0.0035984198
        0.0005135906   0.0007673189   0.0439831792  -0.0505266358  -0.0042395211
        0.0414451548  -0.1317523477   0.1032742565   0.0179669205  -0.0670530569
       -0.0644335861  -0.0024400851  -0.0003680502  -0.0000597742   0.0003127037
       -0.0010339086  -0.0004733716   0.0011145489  -0.0044401426   0.0011830683
       -0.0001062858   0.0000041711  -0.0000375369   0.0000001611   0.0001079180
        0.0000425275   0.0001196351  -0.0000042333   0.0000191163   0.0001075179
       -0.0001725253  -0.0000243233   0.0011858756  -0.0000670931  -0.0002073699
       -0.0026910302  -0.0128387225   0.4729333925  -0.0205229742  -0.0261040119
       -0.0425958237   0.0029543727   0.0047383187  -0.0033735976   0.0045561902
        0.0025309653  -0.0053505774   0.0005365287  -0.0007721484   0.0017781030
        0.0007812663  -0.0000765489   0.0012688166  -0.0002278296   0.0004109097
        0.0000099815  -0.0000464478   0.0000175344   0.0009886238   0.0005578968
        0.0005656931  -0.0013545226   0.0193699858  -0.0038520063  -0.0456670442
       -0.0437335060   0.1045294731  -0.1601342119   0.0393146265  -0.0692876029
       -0.2166389336   0.0000860123  -0.0003500858   0.0007071017  -0.0016205448
        0.0031908922  -0.0015659440   0.0009828802  -0.0028940435  -0.0005237878
       -0.0001187940   0.0000063073   0.0000411533   0.0000555951   0.0000244731
       -0.0002159259   0.0000165053   0.0000182630  -0.0003172451  -0.0000177752
        0.0000023395   0.0000784113  -0.0002329582   0.0001400011  -0.0000679700
       -0.1079193695  -0.0554044732  -0.0205229742   0.6204981171   0.0000100948
        0.0378166458  -0.1079085291   0.0553898249  -0.0205387151  -0.2901687958
        0.0000088367   0.0203833705  -0.0377972783  -0.0164971102   0.0020861600
        0.0027212611  -0.0011662187  -0.0005845091  -0.0034705729   0.0000003630
        0.0000990912   0.0027208420   0.0011655927  -0.0005857273  -0.0377937736
        0.0164985576   0.0020849292  -0.0247248346  -0.0271266546  -0.0044085450
        0.0038141285   0.0004374266   0.0047304132   0.0002368308  -0.0078705133
       -0.0106295989  -0.0247221271   0.0271262377  -0.0044170060   0.0002431731
        0.0078563673  -0.0106265863   0.0038113621  -0.0004281288   0.0047314193
        0.0007374196   0.0008127903   0.0001231482  -0.0005951539  -0.0002550365
        0.0000129626   0.0001751038  -0.0000000241   0.0001096309  -0.0005951127
        0.0002550367   0.0000130462   0.0007373094  -0.0008129690   0.0001228446
       -0.0638821964  -0.1877775124  -0.0261040119   0.0000100948   0.5943154519
       -0.0000648467   0.0638713391  -0.1877711972   0.0261468350   0.0000049947
       -0.0846241290   0.0000053171  -0.0331925130  -0.0017661761   0.0021874395
       -0.0006777612  -0.0059255735   0.0000503571   0.0000002794   0.0013749000
        0.0000000457   0.0006769069  -0.0059255886  -0.0000500316   0.0331945597
       -0.0017695143  -0.0021862604  -0.0027744439   0.0000708866   0.0008809668
       -0.0131804495  -0.0333113071   0.0030095967  -0.0120980853  -0.0272377805
       -0.0170129769   0.0027737308   0.0000703860  -0.0008790482   0.0120904372
       -0.0272319448   0.0170186940   0.0131832795  -0.0333158665  -0.0030016616
        0.0005958819   0.0006258014   0.0000198958  -0.0014955648  -0.0002139688
        0.0000005432  -0.0000000050   0.0000013857  -0.0000000903   0.0014955659
       -0.0002140717  -0.0000006171  -0.0005960508   0.0006258189  -0.0000201463
       -0.0133559110  -0.0166813902  -0.0425958237   0.0378166458  -0.0000648467
        0.0887758480  -0.0133713127   0.0167191655  -0.0426083482  -0.0052204042
        0.0000070755  -0.0292538701   0.0028257228   0.0038889207   0.0026836564
       -0.0015311173  -0.0000328619   0.0044779205   0.0014000787   0.0000009106
       -0.0001322958  -0.0015331746   0.0000327750   0.0044783643   0.0028253435
       -0.0038901391   0.0026849227  -0.0004446707   0.0011297196   0.0003756544
        0.0086031948   0.0117748989   0.0073736511  -0.0129979496  -0.0248596800
       -0.0002344808  -0.0004489931  -0.0011224944   0.0003743109  -0.0129963514
        0.0248645063  -0.0002458567   0.0086003191  -0.0117671056   0.0073817028
       -0.0000206977   0.0002191926  -0.0012995459  -0.0000430544   0.0000725600
        0.0000569386  -0.0000440563   0.0000000349  -0.0010500869  -0.0000432280
       -0.0000724764   0.0000568319  -0.0000203839  -0.0002187653  -0.0012994936
        0.0032982924  -0.0090224798   0.0029543727  -0.1079085291   0.0638713391
       -0.0133713127   0.5199585194   0.0341331463  -0.0026970386  -0.0243047950
        0.0270714784  -0.0048090552  -0.0002970693   0.0000291044   0.0001350970
       -0.0005719453   0.0009217103   0.0002425167   0.0000786775  -0.0000418706
       -0.0000126104  -0.0011794481   0.0016462019   0.0004260362  -0.0046332522
       -0.0014933699  -0.0004072461   0.0012352904  -0.0036472477   0.0000856574
       -0.0011225744  -0.0030160254  -0.0000160890  -0.0000380236  -0.0009562379
       -0.0002262100  -0.2689618727  -0.0501464965   0.0197921076  -0.0525713322
       -0.0193990121   0.0429229850  -0.0591437647  -0.0408862450  -0.0449610349
       -0.0032227330   0.0008376463   0.0000376526   0.0000251448   0.0000494032
       -0.0000126055  -0.0000296446   0.0000861323  -0.0000647492  -0.0005136054
        0.0000068957   0.0000436390  -0.0000973348  -0.0000440731  -0.0000621127
        0.0090229335  -0.0290532056   0.0047383187   0.0553898249  -0.1877711972
        0.0167191655   0.0341331463   0.4720012169   0.0128358070   0.0088979059
       -0.0008945955   0.0009021331  -0.0035989433   0.0005135612  -0.0007681195
        0.0012076043  -0.0001612835   0.0000257322  -0.0003386054   0.0007648035
        0.0000335591  -0.0000674320  -0.0008672174  -0.0000927711  -0.0009722445
        0.0007740132   0.0006940337   0.0024398075  -0.0003675806   0.0000598042
       -0.0011151960  -0.0044405179  -0.0011821269  -0.0003126889  -0.0010330914
        0.0004733314  -0.0439770362  -0.0505238558   0.0042246912  -0.0179837729
       -0.0670377502   0.0644131569  -0.0414186194  -0.1317714763  -0.1032841110
       -0.0011856632  -0.0000671312   0.0002071861  -0.0001075350  -0.0001725345
        0.0000243387  -0.0001196299  -0.0000042483  -0.0000191230  -0.0000001284
        0.0001079023  -0.0000426127   0.0001062726   0.0000041881   0.0000376064
        0.0029521144  -0.0047290908  -0.0033735976  -0.0205387151   0.0261468350
       -0.0426083482  -0.0026970386   0.0128358070   0.4729274074   0.0045552742
       -0.0025320230  -0.0053505963   0.0005585340  -0.0005658255  -0.0013538492
       -0.0000472722  -0.0000169753   0.0009886154  -0.0002278722  -0.0004113839
        0.0000099730   0.0007815628   0.0000765166   0.0012686432   0.0005378174
        0.0007723478   0.0017775054   0.0000847526   0.0003511630   0.0007067233
        0.0009821523   0.0028949734  -0.0005236720  -0.0016209144  -0.0031894608
       -0.0015643030   0.0193027510   0.0038365799  -0.0456552807   0.0393719149
        0.0692643856  -0.2166368498  -0.0436969715  -0.1045425570  -0.1601308881
       -0.0002336675  -0.0001397776  -0.0000680242  -0.0000177414  -0.0000023168
        0.0000783859   0.0000165094  -0.0000182679  -0.0003172043   0.0000556949
       -0.0000245369  -0.0002158576  -0.0001188849  -0.0000063927   0.0000412173
       -0.0243061958  -0.0088947964   0.0045561902  -0.2901687958   0.0000049947
       -0.0052204042  -0.0243047950   0.0088979059   0.0045552742   0.6683681541
       -0.0000035456  -0.0164556396  -0.1371363339  -0.1189962664   0.0026362382
       -0.0344892859  -0.0259150498   0.0011627939   0.0069191915  -0.0000017334
       -0.0003444100  -0.0344843608   0.0259181188   0.0011626845  -0.1371291717
        0.1189915916   0.0026362280  -0.0026886920  -0.0021403530  -0.0002408299
        0.0014896039   0.0018015451  -0.0012614633   0.0026025616   0.0038823040
        0.0039071268  -0.0026885392   0.0021401275  -0.0002410536   0.0026022774
       -0.0038814421   0.0039076368   0.0014889530  -0.0018022462  -0.0012613353
        0.0070050641   0.0134589290  -0.0001574316  -0.0055602176   0.0002333749
        0.0004292844   0.0010358644  -0.0000000315  -0.0000433545  -0.0055602753
       -0.0002330258   0.0004290979   0.0070049931  -0.0134604014  -0.0001566328
       -0.0270714779  -0.0008918497   0.0025309653   0.0000088367  -0.0846241290
        0.0000070755   0.0270714784  -0.0008945955  -0.0025320230  -0.0000035456
        0.6485527959  -0.0000107135  -0.0507050401  -0.2474657283   0.0025650888
       -0.0771084760   0.0286318031   0.0022624594  -0.0000017088  -0.0627533181
        0.0000002885   0.0771116446   0.0286268066  -0.0022627503   0.0507000851
       -0.2474746197  -0.0025623226  -0.0036308248  -0.0049861151  -0.0006232520
       -0.0000742341  -0.0004618833   0.0000533657  -0.0002426157   0.0000132627
       -0.0001852043   0.0036304773  -0.0049859046   0.0006245571   0.0002421570
        0.0000142356   0.0001849244   0.0000746072  -0.0004628015  -0.0000531577
       -0.0103815192  -0.0264750524   0.0002670169   0.0008091037   0.0014269383
        0.0000014067  -0.0000000422  -0.0007419627   0.0000000288  -0.0008087697
        0.0014270005  -0.0000014948   0.0103798642  -0.0264748829  -0.0002662590
       -0.0048016147  -0.0009019184  -0.0053505774   0.0203833705   0.0000053171
       -0.0292538701  -0.0048090552   0.0009021331  -0.0053505963  -0.0164556396
       -0.0000107135   0.1296438639   0.0027001530   0.0034456611  -0.0494046841
        0.0011863895   0.0008465561  -0.0024865280  -0.0007485352  -0.0000003836
       -0.0057890384   0.0011868790  -0.0008463476  -0.0024865997   0.0026979695
       -0.0034420957  -0.0494043242  -0.0001537940  -0.0006088009   0.0002587304
        0.0006134271   0.0012785642   0.0004628331  -0.0015072803  -0.0013641420
        0.0000677076  -0.0001571377   0.0006117598   0.0002580756  -0.0015076022
        0.0013634848   0.0000681721   0.0006130652  -0.0012791178   0.0004628573
       -0.0000634997  -0.0004357962   0.0004918933   0.0004421529  -0.0000062586
        0.0084658093   0.0000019760  -0.0000000005   0.0003888154   0.0004421099
        0.0000063535   0.0084657673  -0.0000633340   0.0004357452   0.0004916926
       -0.0046336581   0.0009726932   0.0005365287  -0.0377972783  -0.0331925130
        0.0028257228  -0.0002970693  -0.0035989433   0.0005585340  -0.1371363339
       -0.0507050401   0.0027001530   0.6750796776  -0.0122507971  -0.0175318315
       -0.3439555486  -0.0366380363   0.0087169140  -0.0376003483   0.0823900692
        0.0010380399  -0.0458539583  -0.0302892931   0.0010980595   0.0518538344
       -0.0220169545  -0.0010639957  -0.0008528413  -0.0019012197  -0.0002950916
       -0.0005633458  -0.0004362808   0.0003761693  -0.0005763316  -0.0004085176
       -0.0008922855   0.0005759421  -0.0008621229  -0.0001067042   0.0006997575
        0.0002693546  -0.0003744983  -0.0008761736  -0.0003234797   0.0002563415
       -0.0978883588   0.1066417299   0.0011286491  -0.0184522844  -0.0030092670
        0.0006335820  -0.0005358096   0.0026752705   0.0002293435  -0.0001787943
       -0.0008094318  -0.0000452282  -0.0010110773   0.0034927795   0.0002115978
        0.0014934750   0.0007737520  -0.0007721484  -0.0164971102  -0.0017661761
        0.0038889207   0.0000291044   0.0005135612  -0.0005658255  -0.1189962664
       -0.2474657283   0.0034456611  -0.0122507971   0.6463867227  -0.0020389966
        0.0363032008  -0.0926352548  -0.0009891243   0.0253392678   0.0223713839
       -0.0007329092  -0.0233686686  -0.0121088024   0.0006229422   0.0220120625
       -0.0559859664  -0.0006037472   0.0005318379  -0.0001348789  -0.0000369473
       -0.0003102272  -0.0004293331   0.0002209191  -0.0005279655  -0.0006537116
       -0.0006963671   0.0004931154  -0.0005585021   0.0000829013  -0.0002307061
        0.0003308998   0.0000791426   0.0002476615   0.0000096215  -0.0006791689
        0.1073078745  -0.2484764270  -0.0018703420  -0.0268937409  -0.0027310496
        0.0007864982   0.0032465984  -0.0040995224  -0.0000787117  -0.0005939503
        0.0007372684   0.0000354318   0.0026652342  -0.0040778567  -0.0000981288
       -0.0004067626  -0.0006932612   0.0017781030   0.0020861600   0.0021874395
        0.0026836564   0.0001350970  -0.0007681195  -0.0013538492   0.0026362382
        0.0025650888  -0.0494046841  -0.0175318315  -0.0020389966   0.1069575799
        0.0094924408   0.0007898931  -0.0429188561   0.0009384700  -0.0017008714
        0.0016094967   0.0007919237   0.0005871378  -0.0044075655  -0.0010636259
        0.0006033111   0.0002659074  -0.0000264502  -0.0000137797   0.0001425672
       -0.0002533091  -0.0002319156  -0.0000474789   0.0002505514   0.0004123420
        0.0000894523  -0.0000377600  -0.0000557229   0.0003172460   0.0001082203
       -0.0001558340   0.0002774604   0.0005439090   0.0004914192  -0.0000478933
        0.0011332758  -0.0018582048  -0.0301047997   0.0006905243   0.0000998433
        0.0003856770   0.0002458236  -0.0000744872   0.0071391617   0.0000056817
        0.0000225232  -0.0001218598   0.0002614236  -0.0001678052   0.0067606784
       -0.0011794367   0.0000675519   0.0007812663   0.0027212611  -0.0006777612
       -0.0015311173  -0.0005719453   0.0012076043  -0.0000472722  -0.0344892859
       -0.0771084760   0.0011863895  -0.3439555486   0.0363032008   0.0094924408
        0.6657191976  -0.0002616270  -0.0163454258  -0.1559845720   0.0665735467
        0.0032501355   0.0579212640   0.0299113268  -0.0015692113  -0.0458515849
        0.0233701921   0.0007918970  -0.0001407090   0.0000528100   0.0000203132
        0.0004555305   0.0003730393  -0.0003419164   0.0007197094   0.0005300854
        0.0006743009   0.0000461301   0.0000694202  -0.0000907098  -0.0006787814
       -0.0001444538   0.0001780198  -0.0005504790   0.0000510836  -0.0001468002
       -0.0191323145   0.0037810441   0.0004891651  -0.1052282825  -0.1078548514
        0.0023800642  -0.0189860890   0.0262661899   0.0005158607  -0.0006353535
       -0.0034269888   0.0002665078  -0.0001987103   0.0009170633   0.0000460922
       -0.0016463728  -0.0008670949  -0.0000765489  -0.0011662187  -0.0059255735
       -0.0000328619   0.0009217103  -0.0001612835  -0.0000169753  -0.0259150498
        0.0286318031   0.0008465561  -0.0366380363  -0.0926352548   0.0007898931
       -0.0002616270   0.6702125169  -0.0011875390   0.1446363871  -0.2716293228
       -0.0040372952  -0.0299173199  -0.0697419347   0.0007767264   0.0302909795
       -0.0121112742  -0.0005869863  -0.0001593785  -0.0003716036  -0.0000447797
       -0.0002253948   0.0000151482   0.0000302120  -0.0002917965   0.0000541558
       -0.0000286948   0.0002312327   0.0000561058   0.0000553088   0.0002936219
       -0.0001671989  -0.0001178045   0.0001819500  -0.0001083201   0.0002843279
        0.0278591174  -0.0034599745  -0.0007533045  -0.1076425960  -0.2366348606
        0.0040931813   0.0017592941  -0.0010255607  -0.0000227486  -0.0028549053
       -0.0046613848   0.0000357974   0.0005444027   0.0005309118  -0.0000064642
        0.0004255163   0.0000929729   0.0012688166  -0.0005845091   0.0000503571
        0.0044779205   0.0002425167   0.0000257322   0.0009886154   0.0011627939
        0.0022624594  -0.0024865280   0.0087169140  -0.0009891243  -0.0429188561
       -0.0163454258  -0.0011875390   0.1159613060   0.0030933413  -0.0018028950
       -0.0464327535  -0.0015692099  -0.0007760761   0.0012605155   0.0010979696
       -0.0006230002  -0.0044075199   0.0000366437   0.0000378618   0.0000012823
       -0.0001642931  -0.0002381410  -0.0000016577   0.0001703150   0.0001683406
       -0.0000279234   0.0000209204   0.0000023604   0.0000107099   0.0004231438
       -0.0000591334  -0.0001718299  -0.0005138509   0.0000058819  -0.0001158101
        0.0005292470  -0.0001586148  -0.0000537614   0.0024392282   0.0039532331
       -0.0344556125   0.0005614657  -0.0007984994  -0.0005101614   0.0002619791
        0.0000602736   0.0077266423  -0.0000047057  -0.0000264498  -0.0001133946
        0.0000786545   0.0003385166  -0.0002278296  -0.0034705729   0.0000002794
        0.0014000787   0.0000786775  -0.0003386054  -0.0002278722   0.0069191915
       -0.0000017088  -0.0007485352  -0.0376003483   0.0253392678   0.0009384700
       -0.1559845720   0.1446363871   0.0030933413   0.6817703983  -0.0000004068
       -0.0168125346  -0.1559948248  -0.1446422591   0.0030954490  -0.0376053902
       -0.0253363859   0.0009382100   0.0001795017   0.0001025479  -0.0000091453
        0.0000000898   0.0000185003  -0.0000692476   0.0000168673  -0.0002124836
       -0.0000649443   0.0001795021  -0.0001025291  -0.0000091291   0.0000168522
        0.0002124215  -0.0000650099   0.0000001186  -0.0000184393  -0.0000692548
       -0.0058045270   0.0003181452   0.0003835417   0.0067969833  -0.0127479743
       -0.0001014831  -0.3005691136   0.0000061241   0.0082738498   0.0067970331
        0.0127464017  -0.0001014273  -0.0058045212  -0.0003177993   0.0003834724
        0.0000420075   0.0007647203   0.0004109097   0.0000003630   0.0013749000
        0.0000009106  -0.0000418706   0.0007648035  -0.0004113839  -0.0000017334
       -0.0627533181  -0.0000003836   0.0823900692   0.0223713839  -0.0017008714
        0.0665735467  -0.2716293228  -0.0018028950  -0.0000004068   0.6507029098
       -0.0000032882  -0.0665794673  -0.2716201099   0.0018060956  -0.0823873884
        0.0223764173   0.0017005277  -0.0000491590   0.0001994002   0.0000171013
        0.0004827640   0.0002932283  -0.0002019657   0.0006886588   0.0001718040
        0.0003300259   0.0000491768   0.0001993367  -0.0000172109  -0.0006888105
        0.0001717638  -0.0003300526  -0.0004826658   0.0002932650   0.0002019339
       -0.0004945487   0.0018068287   0.0000248717   0.0117378777  -0.0266276427
       -0.0004233971   0.0000061123  -0.0440394727  -0.0000001860  -0.0117394470
       -0.0266277234   0.0004240457   0.0004949216   0.0018068279  -0.0000247875
       -0.0000126522  -0.0000335727   0.0000099815   0.0000990912   0.0000000457
       -0.0001322958  -0.0000126104   0.0000335591   0.0000099730  -0.0003444100
        0.0000002885  -0.0057890384   0.0010380399  -0.0007329092   0.0016094967
        0.0032501355  -0.0040372952  -0.0464327535  -0.0168125346  -0.0000032882
        0.1089923457   0.0032518653   0.0040403127  -0.0464328015   0.0010386913
        0.0007326365   0.0016094544  -0.0000077998  -0.0000054210  -0.0000209690
       -0.0000229429   0.0000119686  -0.0000024655   0.0000260251   0.0000109673
       -0.0000150746  -0.0000078003   0.0000054424  -0.0000209756   0.0000260398
       -0.0000109750  -0.0000150855  -0.0000229402  -0.0000119720  -0.0000024468
        0.0003893156   0.0000490724   0.0081011020  -0.0002147855   0.0004643172
        0.0008666724   0.0081647025  -0.0000000681  -0.0313028626  -0.0002146913
       -0.0004639963   0.0008666695   0.0003892611  -0.0000491128   0.0081010736
       -0.0005720815  -0.0012073820  -0.0000464478   0.0027208420   0.0006769069
       -0.0015331746  -0.0011794481  -0.0000674320   0.0007815628  -0.0344843608
        0.0771116446   0.0011868790  -0.0458539583  -0.0233686686   0.0007919237
        0.0579212640  -0.0299173199  -0.0015692099  -0.1559948248  -0.0665794673
        0.0032518653   0.6657179497   0.0002627089  -0.0163458656  -0.3439534987
       -0.0362916719   0.0094923861   0.0000460962  -0.0000694872  -0.0000906884
       -0.0005507901  -0.0000512299  -0.0001468303  -0.0006783802   0.0001446306
        0.0001780110  -0.0001407114  -0.0000527837   0.0000204178   0.0007197535
       -0.0005299391   0.0006743899   0.0004554494  -0.0003731547  -0.0003418697
       -0.0001987935  -0.0009170227   0.0000460335  -0.0006350746   0.0034267983
        0.0002663182  -0.0189874418  -0.0262653591   0.0005163581  -0.1052180978
        0.1078485916   0.0023786756  -0.0191338933  -0.0037803629   0.0004892656
       -0.0009217423  -0.0001610804   0.0000175344   0.0011655927  -0.0059255886
        0.0000327750   0.0016462019  -0.0008672174   0.0000765166   0.0259181188
        0.0286268066  -0.0008463476  -0.0302892931  -0.0121088024   0.0005871378
        0.0299113268  -0.0697419347  -0.0007760761  -0.1446422591  -0.2716201099
        0.0040403127   0.0002627089   0.6702132392   0.0011825660   0.0366498324
       -0.0926351284  -0.0007906820  -0.0002312498   0.0000560990  -0.0000552678
       -0.0001820543  -0.0001083397  -0.0002843749  -0.0002934176  -0.0001671930
        0.0001177645   0.0001593317  -0.0003715437   0.0000449405   0.0002918295
        0.0000542680   0.0000286543   0.0002253550   0.0000150437  -0.0000301833
       -0.0005443836   0.0005309837   0.0000064437   0.0028547172  -0.0046616794
       -0.0000357763  -0.0017584450  -0.0010242378   0.0000228998   0.1076363246
       -0.2366449960  -0.0040918625  -0.0278584946  -0.0034585887   0.0007530249
        0.0002427186  -0.0000258214   0.0009886238  -0.0005857273  -0.0000500316
        0.0044783643   0.0004260362  -0.0000927711   0.0012686432   0.0011626845
       -0.0022627503  -0.0024865997   0.0010980595   0.0006229422  -0.0044075655
       -0.0015692113   0.0007767264   0.0012605155   0.0030954490   0.0018060956
       -0.0464328015  -0.0163458656   0.0011825660   0.1159613041   0.0087168150
        0.0009885873  -0.0429190353   0.0000209067  -0.0000025180   0.0000107072
       -0.0005138971  -0.0000058193  -0.0001156925   0.0004230303   0.0000591592
       -0.0001719563   0.0000369063  -0.0000381723   0.0000013385   0.0001702598
       -0.0001681854  -0.0000279777  -0.0001643036   0.0002382525  -0.0000016836
       -0.0000047178   0.0000264397  -0.0001133802   0.0002618778  -0.0000602423
        0.0077266097   0.0005615577   0.0007985182  -0.0005101530   0.0024382282
       -0.0039516938  -0.0344555311   0.0005291928   0.0001587183  -0.0000537298
       -0.0002965385   0.0035984198   0.0005578968  -0.0377937736   0.0331945597
        0.0028253435  -0.0046332522  -0.0009722445   0.0005378174  -0.1371291717
        0.0507000851   0.0026979695   0.0518538344   0.0220120625  -0.0010636259
       -0.0458515849   0.0302909795   0.0010979696  -0.0376053902  -0.0823873884
        0.0010386913  -0.3439534987   0.0366498324   0.0087168150   0.6750767521
        0.0122485256  -0.0175276628   0.0005759606   0.0008622366  -0.0001072769
       -0.0008768554   0.0003237760   0.0002567629   0.0006998180  -0.0002696603
       -0.0003742758  -0.0008525651   0.0019009587  -0.0002956390  -0.0005760167
        0.0004076734  -0.0008922469  -0.0005635500   0.0004371079   0.0003760123
       -0.0010113385  -0.0034929300   0.0002117768  -0.0001787311   0.0008094692
       -0.0000452343  -0.0005360771  -0.0026754220   0.0002290945  -0.0184508866
        0.0030099935   0.0006337451  -0.0978971348  -0.1066480348   0.0011260670
       -0.0000288069   0.0005135906   0.0005656931   0.0164985576  -0.0017695143
       -0.0038901391  -0.0014933699   0.0007740132   0.0007723478   0.1189915916
       -0.2474746197  -0.0034420957  -0.0220169545  -0.0559859664   0.0006033111
        0.0233701921  -0.0121112742  -0.0006230002  -0.0253363859   0.0223764173
        0.0007326365  -0.0362916719  -0.0926351284   0.0009885873   0.0122485256
        0.6463873950   0.0020397158  -0.0004931901  -0.0005585215  -0.0000828442
       -0.0002477716   0.0000096897   0.0006792856   0.0002306635   0.0003310135
       -0.0000791424  -0.0005318670  -0.0001349013   0.0000369899   0.0005279995
       -0.0006535795   0.0006965766   0.0003101642  -0.0004294333  -0.0002208554
       -0.0026653816  -0.0040775506   0.0000984543   0.0005940000   0.0007372064
       -0.0000352730  -0.0032467519  -0.0040992272   0.0000788611   0.0268944626
       -0.0027324699  -0.0007864644  -0.1073140054  -0.2484671393   0.0018673552
        0.0001354086   0.0007673189  -0.0013545226   0.0020849292  -0.0021862604
        0.0026849227  -0.0004072461   0.0006940337   0.0017775054   0.0026362280
       -0.0025623226  -0.0494043242  -0.0010639957  -0.0006037472   0.0002659074
        0.0007918970  -0.0005869863  -0.0044075199   0.0009382100   0.0017005277
        0.0016094544   0.0094923861  -0.0007906820  -0.0429190353  -0.0175276628
        0.0020397158   0.1069571530  -0.0000376451   0.0000555776   0.0003171949
        0.0005439452  -0.0004916095  -0.0000478201   0.0001080675   0.0001556784
        0.0002773642  -0.0000264224   0.0000136903   0.0001425858   0.0002502375
       -0.0004121862   0.0000894605  -0.0002534583   0.0002319378  -0.0000475590
        0.0002615102   0.0001678054   0.0067606544   0.0000057009  -0.0000225375
       -0.0001218503   0.0002458295   0.0000745859   0.0071392257   0.0006905426
       -0.0000998719   0.0003856966   0.0011315382   0.0018553320  -0.0301044935
       -0.2689425925   0.0439831792   0.0193699858  -0.0247248346  -0.0027744439
       -0.0004446707   0.0012352904   0.0024398075   0.0000847526  -0.0026886920
       -0.0036308248  -0.0001537940  -0.0008528413   0.0005318379  -0.0000264502
       -0.0001407090  -0.0001593785   0.0000366437   0.0001795017  -0.0000491590
       -0.0000077998   0.0000460962  -0.0002312498   0.0000209067   0.0005759606
       -0.0004931901  -0.0000376451   0.3168526038  -0.0496147233  -0.0215048771
       -0.0123412639   0.0053834725  -0.0009391817  -0.0101799096   0.0044464187
        0.0035536108   0.0013188336  -0.0003528856   0.0000140381  -0.0001014153
        0.0002204322  -0.0001101334   0.0001055981   0.0007199903   0.0001408448
        0.0000154224  -0.0000442207  -0.0000034576  -0.0001109263  -0.0000642794
        0.0000103941  -0.0000635338  -0.0000163808  -0.0000042241   0.0000109816
        0.0000167203  -0.0000008980  -0.0001935699  -0.0003111227   0.0000019551
        0.0501516274  -0.0505266358  -0.0038520063  -0.0271266546   0.0000708866
        0.0011297196  -0.0036472477  -0.0003675806   0.0003511630  -0.0021403530
       -0.0049861151  -0.0006088009  -0.0019012197  -0.0001348789  -0.0000137797
        0.0000528100  -0.0003716036   0.0000378618   0.0001025479   0.0001994002
       -0.0000054210  -0.0000694872   0.0000560990  -0.0000025180   0.0008622366
       -0.0005585215   0.0000555776  -0.0496147233   0.0659280460   0.0052065575
        0.0211258006  -0.0053800994  -0.0001197136   0.0118950236  -0.0022267789
       -0.0020675400   0.0003527595  -0.0028959288  -0.0001076047   0.0000745224
        0.0001340077  -0.0000902621  -0.0003500666   0.0004551023   0.0000436202
       -0.0000079494   0.0001359107  -0.0000156235  -0.0001008159   0.0000064353
        0.0000137415   0.0000279584   0.0000427182   0.0000013566   0.0000074722
        0.0000241219  -0.0000030374   0.0003057586   0.0003954148   0.0000467094
        0.0198585237  -0.0042395211  -0.0456670442  -0.0044085450   0.0008809668
        0.0003756544   0.0000856574   0.0000598042   0.0007067233  -0.0002408299
       -0.0006232520   0.0002587304  -0.0002950916  -0.0000369473   0.0001425672
        0.0000203132  -0.0000447797   0.0000012823  -0.0000091453   0.0000171013
       -0.0000209690  -0.0000906884  -0.0000552678   0.0000107072  -0.0001072769
       -0.0000828442   0.0003171949  -0.0215048771   0.0052065575   0.0478418561
       -0.0235338058   0.0071196305   0.0009681537   0.0301280221  -0.0085879989
       -0.0052505143   0.0000134962   0.0001102820   0.0007275694   0.0002258776
        0.0001014042  -0.0001887293  -0.0002260648   0.0001102050  -0.0000767405
        0.0000097433   0.0000305604   0.0000063054  -0.0000154303   0.0000008600
       -0.0000171103  -0.0000012963   0.0000061511  -0.0000022802   0.0000046929
        0.0000047970   0.0000135415   0.0000867248   0.0000222910  -0.0001468980
       -0.0591697171   0.0414451548  -0.0437335060   0.0038141285  -0.0131804495
        0.0086031948  -0.0011225744  -0.0011151960   0.0009821523   0.0014896039
       -0.0000742341   0.0006134271  -0.0005633458  -0.0003102272  -0.0002533091
        0.0004555305  -0.0002253948  -0.0001642931   0.0000000898   0.0004827640
       -0.0000229429  -0.0005507901  -0.0001820543  -0.0005138971  -0.0008768554
       -0.0002477716   0.0005439452  -0.0123412639   0.0211258006  -0.0235338058
        0.0689137578  -0.0448330124   0.0502029927   0.0024048377  -0.0032447710
        0.0056890121   0.0001056201   0.0003495998  -0.0002260115   0.0004329037
       -0.0005228778   0.0002073694   0.0001956048  -0.0000909540   0.0000631767
        0.0000246793   0.0001241860  -0.0000193490   0.0000295183   0.0000414206
        0.0000296088   0.0000489430   0.0000309430   0.0001415104   0.0000266128
        0.0000008276  -0.0000219081  -0.0033172835   0.0004262461   0.0014126330
        0.0409101202  -0.1317523477   0.1045294731   0.0004374266  -0.0333113071
        0.0117748989  -0.0030160254  -0.0044405179   0.0028949734   0.0018015451
       -0.0004618833   0.0012785642  -0.0004362808  -0.0004293331  -0.0002319156
        0.0003730393   0.0000151482  -0.0002381410   0.0000185003   0.0002932283
        0.0000119686  -0.0000512299  -0.0001083397  -0.0000058193   0.0003237760
        0.0000096897  -0.0004916095   0.0053834725  -0.0053800994   0.0071196305
       -0.0448330124   0.1684943575  -0.1221460390  -0.0014859177   0.0067026246
       -0.0051874333  -0.0007202251   0.0004549916  -0.0001104286   0.0006618093
       -0.0013163199   0.0003091242   0.0000907912  -0.0001605919   0.0002793239
        0.0000920124   0.0001655492   0.0000989582   0.0000467508   0.0000031485
        0.0000232555   0.0000059116   0.0000298837   0.0000092260   0.0000957049
        0.0000369635  -0.0000060612   0.0003018312   0.0011551552   0.0000880511
       -0.0449963167   0.1032742565  -0.1601342119   0.0047304132   0.0030095967
        0.0073736511  -0.0000160890  -0.0011821269  -0.0005236720  -0.0012614633
        0.0000533657   0.0004628331   0.0003761693   0.0002209191  -0.0000474789
       -0.0003419164   0.0000302120  -0.0000016577  -0.0000692476  -0.0002019657
       -0.0000024655  -0.0001468303  -0.0002843749  -0.0001156925   0.0002567629
        0.0006792856  -0.0000478201  -0.0009391817  -0.0001197136   0.0009681537
        0.0502029927  -0.1221460390   0.1812675034  -0.0092973616   0.0182161543
       -0.0294053425   0.0001410789  -0.0000439082  -0.0000766386   0.0000159467
       -0.0003043224   0.0000762485   0.0000631269  -0.0002792675  -0.0000115305
       -0.0000206453  -0.0001101411  -0.0000252164  -0.0000109456  -0.0000150221
       -0.0000002966  -0.0000424377  -0.0000611002   0.0000250576  -0.0000204002
       -0.0000325913  -0.0000054556   0.0013763448  -0.0007032169   0.0002240315
       -0.0525451019   0.0179669205   0.0393146265   0.0002368308  -0.0120980853
       -0.0129979496  -0.0000380236  -0.0003126889  -0.0016209144   0.0026025616
       -0.0002426157  -0.0015072803  -0.0005763316  -0.0005279655   0.0002505514
        0.0007197094  -0.0002917965   0.0001703150   0.0000168673   0.0006886588
        0.0000260251  -0.0006783802  -0.0002934176   0.0004230303   0.0006998180
        0.0002306635   0.0001080675  -0.0101799096   0.0118950236   0.0301280221
        0.0024048377  -0.0014859177  -0.0092973616   0.0582938157  -0.0157367072
       -0.0439032947  -0.0001014850  -0.0000739282   0.0002260941  -0.0002137054
        0.0003615554  -0.0000863270   0.0004327452  -0.0006619874   0.0000161955
        0.0000165580   0.0001125858  -0.0000155529   0.0000312255   0.0000279503
       -0.0000214505   0.0000261487   0.0000337449  -0.0001122709   0.0000304566
        0.0000106474   0.0000058647  -0.0011786373   0.0003973599  -0.0011063903
        0.0193835937  -0.0670530569  -0.0692876029  -0.0078705133  -0.0272377805
       -0.0248596800  -0.0009562379  -0.0010330914  -0.0031894608   0.0038823040
        0.0000132627  -0.0013641420  -0.0004085176  -0.0006537116   0.0004123420
        0.0005300854   0.0000541558   0.0001683406  -0.0002124836   0.0001718040
        0.0000109673   0.0001446306  -0.0001671930   0.0000591592  -0.0002696603
        0.0003310135   0.0001556784   0.0044464187  -0.0022267789  -0.0085879989
       -0.0032447710   0.0067026246   0.0182161543  -0.0157367072   0.0911490087
        0.0880438456  -0.0002201230   0.0001339761  -0.0001015466  -0.0003616501
        0.0004930904   0.0000397982   0.0005229326  -0.0013157401   0.0003045632
        0.0000439343   0.0000939053  -0.0000547951   0.0000299294  -0.0000175734
       -0.0000337372  -0.0000279615   0.0000144168  -0.0000290809   0.0000518938
        0.0000465141   0.0000122251   0.0002729030   0.0005011539   0.0000849707
        0.0428667221  -0.0644335861  -0.2166389336  -0.0106295989  -0.0170129769
       -0.0002344808  -0.0002262100   0.0004733314  -0.0015643030   0.0039071268
       -0.0001852043   0.0000677076  -0.0008922855  -0.0006963671   0.0000894523
        0.0006743009  -0.0000286948  -0.0000279234  -0.0000649443   0.0003300259
       -0.0000150746   0.0001780110   0.0001177645  -0.0001719563  -0.0003742758
       -0.0000791424   0.0002773642   0.0035536108  -0.0020675400  -0.0052505143
        0.0056890121  -0.0051874333  -0.0294053425  -0.0439032947   0.0880438456
        0.2533127072  -0.0001098771   0.0000899631  -0.0001888215  -0.0000861753
       -0.0000401617   0.0000828522   0.0002072015  -0.0003087735   0.0000761961
        0.0000383328   0.0001089667  -0.0000377779   0.0000089655  -0.0000125878
       -0.0000020766   0.0000122801   0.0000603703   0.0000292916   0.0000272006
        0.0000699852   0.0000001344  -0.0008761027   0.0007582151  -0.0003985010
        0.0012355566  -0.0024400851   0.0000860123  -0.0247221271   0.0027737308
       -0.0004489931  -0.2689618727  -0.0439770362   0.0193027510  -0.0026885392
        0.0036304773  -0.0001571377   0.0005759421   0.0004931154  -0.0000377600
        0.0000461301   0.0002312327   0.0000209204   0.0001795021   0.0000491768
       -0.0000078003  -0.0001407114   0.0001593317   0.0000369063  -0.0008525651
       -0.0005318670  -0.0000264224   0.0013188336   0.0003527595   0.0000134962
        0.0001056201  -0.0007202251   0.0001410789  -0.0001014850  -0.0002201230
       -0.0001098771   0.3168719367   0.0496096890  -0.0214262165  -0.0101900498
       -0.0044478077   0.0035521711  -0.0123345368  -0.0053817236  -0.0009428005
       -0.0001935963   0.0003111586   0.0000019493   0.0000109825  -0.0000167143
       -0.0000009129  -0.0000635317   0.0000163874  -0.0000042422  -0.0001109087
        0.0000642826   0.0000103950   0.0000154199   0.0000442402  -0.0000035178
        0.0036474186  -0.0003680502  -0.0003500858   0.0271262377   0.0000703860
       -0.0011224944  -0.0501464965  -0.0505238558   0.0038365799   0.0021401275
       -0.0049859046   0.0006117598  -0.0008621229  -0.0005585021  -0.0000557229
        0.0000694202   0.0000561058   0.0000023604  -0.0001025291   0.0001993367
        0.0000054424  -0.0000527837  -0.0003715437  -0.0000381723   0.0019009587
       -0.0001349013   0.0000136903  -0.0003528856  -0.0028959288   0.0001102820
        0.0003495998   0.0004549916  -0.0000439082  -0.0000739282   0.0001339761
        0.0000899631   0.0496096890   0.0659251074  -0.0051934203  -0.0118916909
       -0.0022251753   0.0020631691  -0.0211286643  -0.0053805716   0.0001135878
       -0.0003056866   0.0003953832  -0.0000466904  -0.0000074686   0.0000241171
        0.0000030179  -0.0000279550   0.0000427116  -0.0000013029   0.0001008066
        0.0000064264  -0.0000137240   0.0000079533   0.0001358915   0.0000156684
        0.0000835941  -0.0000597742   0.0007071017  -0.0044170060  -0.0008790482
        0.0003743109   0.0197921076   0.0042246912  -0.0456552807  -0.0002410536
        0.0006245571   0.0002580756  -0.0001067042   0.0000829013   0.0003172460
       -0.0000907098   0.0000553088   0.0000107099  -0.0000091291  -0.0000172109
       -0.0000209756   0.0000204178   0.0000449405   0.0000013385  -0.0002956390
        0.0000369899   0.0001425858   0.0000140381  -0.0001076047   0.0007275694
       -0.0002260115  -0.0001104286  -0.0000766386   0.0002260941  -0.0001015466
       -0.0001888215  -0.0214262165  -0.0051934203   0.0478285391   0.0301278538
        0.0085850189  -0.0052403478  -0.0235361568  -0.0071206776   0.0009610215
        0.0000868580  -0.0000223336  -0.0001468752   0.0000046979  -0.0000048033
        0.0000135385  -0.0000013024  -0.0000061535  -0.0000022799  -0.0000154622
       -0.0000008540  -0.0000171098   0.0000097296  -0.0000305524   0.0000062920
       -0.0000377163   0.0003127037  -0.0016205448   0.0002431731   0.0120904372
       -0.0129963514  -0.0525713322  -0.0179837729   0.0393719149   0.0026022774
        0.0002421570  -0.0015076022   0.0006997575  -0.0002307061   0.0001082203
       -0.0006787814   0.0002936219   0.0004231438   0.0000168522  -0.0006888105
        0.0000260398   0.0007197535   0.0002918295   0.0001702598  -0.0005760167
        0.0005279995   0.0002502375  -0.0001014153   0.0000745224   0.0002258776
        0.0004329037   0.0006618093   0.0000159467  -0.0002137054  -0.0003616501
       -0.0000861753  -0.0101900498  -0.0118916909   0.0301278538   0.0583223894
        0.0157606386  -0.0439705208   0.0024061697   0.0014831078  -0.0092881251
       -0.0011786716  -0.0003972643  -0.0011068092   0.0000304603  -0.0000106365
        0.0000058685   0.0000261588  -0.0000337427  -0.0001122836   0.0000312534
       -0.0000279772  -0.0000214030   0.0000165397  -0.0001125756  -0.0000155475
        0.0009569121  -0.0010339086   0.0031908922   0.0078563673  -0.0272319448
        0.0248645063  -0.0193990121  -0.0670377502   0.0692643856  -0.0038814421
        0.0000142356   0.0013634848   0.0002693546   0.0003308998  -0.0001558340
       -0.0001444538  -0.0001671989  -0.0000591334   0.0002124215   0.0001717638
       -0.0000109750  -0.0005299391   0.0000542680  -0.0001681854   0.0004076734
       -0.0006535795  -0.0004121862   0.0002204322   0.0001340077   0.0001014042
       -0.0005228778  -0.0013163199  -0.0003043224   0.0003615554   0.0004930904
       -0.0000401617  -0.0044478077  -0.0022251753   0.0085850189   0.0157606386
        0.0911284299  -0.0880195253   0.0032511506   0.0067009085  -0.0182194786
       -0.0002730907   0.0005010227  -0.0000852341  -0.0000519167   0.0000464846
       -0.0000122121   0.0000279453   0.0000144071   0.0000290546  -0.0000299752
       -0.0000175520   0.0000337170  -0.0000439358   0.0000939111   0.0000547845
       -0.0002265731  -0.0004733716  -0.0015659440  -0.0106265863   0.0170186940
       -0.0002458567   0.0429229850   0.0644131569  -0.2166368498   0.0039076368
        0.0001849244   0.0000681721  -0.0003744983   0.0000791426   0.0002774604
        0.0001780198  -0.0001178045  -0.0001718299  -0.0000650099  -0.0003300526
       -0.0000150855   0.0006743899   0.0000286543  -0.0000279777  -0.0008922469
        0.0006965766   0.0000894605  -0.0001101334  -0.0000902621  -0.0001887293
        0.0002073694   0.0003091242   0.0000762485  -0.0000863270   0.0000397982
        0.0000828522   0.0035521711   0.0020631691  -0.0052403478  -0.0439705208
       -0.0880195253   0.2533132894   0.0056989035   0.0051830199  -0.0294055238
       -0.0008764418  -0.0007584312  -0.0003989048   0.0000272334  -0.0000699837
        0.0000001411   0.0000123028  -0.0000603845   0.0000292676   0.0000089900
        0.0000125683  -0.0000020815   0.0000383359  -0.0001090131  -0.0000377613
       -0.0011227964   0.0011145489   0.0009828802   0.0038113621   0.0131832795
        0.0086003191  -0.0591437647  -0.0414186194  -0.0436969715   0.0014889530
        0.0000746072   0.0006130652  -0.0008761736   0.0002476615   0.0005439090
       -0.0005504790   0.0001819500  -0.0005138509   0.0000001186  -0.0004826658
       -0.0000229402   0.0004554494   0.0002253550  -0.0001643036  -0.0005635500
        0.0003101642  -0.0002534583   0.0001055981  -0.0003500666  -0.0002260648
        0.0001956048   0.0000907912   0.0000631269   0.0004327452   0.0005229326
        0.0002072015  -0.0123345368  -0.0211286643  -0.0235361568   0.0024061697
        0.0032511506   0.0056989035   0.0688825876   0.0448007859   0.0501628405
       -0.0033170051  -0.0004258521   0.0014116207   0.0000266148  -0.0000008254
       -0.0000218972   0.0000489351  -0.0000309421   0.0001415070   0.0000294879
       -0.0000414003   0.0000296358   0.0000246794  -0.0001241906  -0.0000193662
        0.0030157813  -0.0044401426  -0.0028940435  -0.0004281288  -0.0333158665
       -0.0117671056  -0.0408862450  -0.1317714763  -0.1045425570  -0.0018022462
       -0.0004628015  -0.0012791178  -0.0003234797   0.0000096215   0.0004914192
        0.0000510836  -0.0001083201   0.0000058819  -0.0000184393   0.0002932650
       -0.0000119720  -0.0003731547   0.0000150437   0.0002382525   0.0004371079
       -0.0004294333   0.0002319378   0.0007199903   0.0004551023   0.0001102050
       -0.0000909540  -0.0001605919  -0.0002792675  -0.0006619874  -0.0013157401
       -0.0003087735  -0.0053817236  -0.0053805716  -0.0071206776   0.0014831078
        0.0067009085   0.0051830199   0.0448007859   0.1685202234   0.1221565521
       -0.0003012211   0.0011552071  -0.0000883383  -0.0000956723   0.0000369920
        0.0000060611  -0.0000058997   0.0000298931  -0.0000092494  -0.0000467003
        0.0000031310  -0.0000232691  -0.0000920048   0.0001655563  -0.0000989582
       -0.0000166878   0.0011830683  -0.0005237878   0.0047314193  -0.0030016616
        0.0073817028  -0.0449610349  -0.1032841110  -0.1601308881  -0.0012613353
       -0.0000531577   0.0004628573   0.0002563415  -0.0006791689  -0.0000478933
       -0.0001468002   0.0002843279  -0.0001158101  -0.0000692548   0.0002019339
       -0.0000024468  -0.0003418697  -0.0000301833  -0.0000016836   0.0003760123
       -0.0002208554  -0.0000475590   0.0001408448   0.0000436202  -0.0000767405
        0.0000631767   0.0002793239  -0.0000115305   0.0000161955   0.0003045632
        0.0000761961  -0.0009428005   0.0001135878   0.0009610215  -0.0092881251
       -0.0182194786  -0.0294055238   0.0501628405   0.1221565521   0.1812634822
        0.0013753978   0.0007028509   0.0002244933  -0.0000203587   0.0000325961
       -0.0000054689  -0.0000424085   0.0000610876   0.0000250970  -0.0000109307
        0.0000150048  -0.0000002925  -0.0000206221   0.0001100998  -0.0000252254
       -0.0000973609  -0.0001062858  -0.0001187940   0.0007374196   0.0005958819
       -0.0000206977  -0.0032227330  -0.0011856632  -0.0002336675   0.0070050641
       -0.0103815192  -0.0000634997  -0.0978883588   0.1073078745   0.0011332758
       -0.0191323145   0.0278591174   0.0005292470  -0.0058045270  -0.0004945487
        0.0003893156  -0.0001987935  -0.0005443836  -0.0000047178  -0.0010113385
       -0.0026653816   0.0002615102   0.0000154224  -0.0000079494   0.0000097433
        0.0000246793   0.0000920124  -0.0000206453   0.0000165580   0.0000439343
        0.0000383328  -0.0001935963  -0.0003056866   0.0000868580  -0.0011786716
       -0.0002730907  -0.0008764418  -0.0033170051  -0.0003012211   0.0013753978
        0.1242208872  -0.1210217489  -0.0023531652   0.0006316396   0.0008626501
       -0.0001006953  -0.0009005420   0.0013291203   0.0000145067   0.0000247672
       -0.0000393927  -0.0000523927   0.0002688036  -0.0007637194   0.0000065299
        0.0000441075   0.0000041711   0.0000063073   0.0008127903   0.0006258014
        0.0002191926   0.0008376463  -0.0000671312  -0.0001397776   0.0134589290
       -0.0264750524  -0.0004357962   0.1066417299  -0.2484764270  -0.0018582048
        0.0037810441  -0.0034599745  -0.0001586148   0.0003181452   0.0018068287
        0.0000490724  -0.0009170227   0.0005309837   0.0000264397  -0.0034929300
       -0.0040775506   0.0001678054  -0.0000442207   0.0001359107   0.0000305604
        0.0001241860   0.0001655492  -0.0001101411   0.0001125858   0.0000939053
        0.0001089667   0.0003111586   0.0003953832  -0.0000223336  -0.0003972643
        0.0005010227  -0.0007584312  -0.0004258521   0.0011552071   0.0007028509
       -0.1210217489   0.2772813930   0.0022274023  -0.0009106290   0.0013139709
       -0.0000094319   0.0000494351  -0.0001780084   0.0000225357  -0.0000457247
        0.0001265042  -0.0000111867   0.0007636347  -0.0014024871  -0.0000572156
       -0.0000620362  -0.0000375369   0.0000411533   0.0001231482   0.0000198958
       -0.0012995459   0.0000376526   0.0002071861  -0.0000680242  -0.0001574316
        0.0002670169   0.0004918933   0.0011286491  -0.0018703420  -0.0301047997
        0.0004891651  -0.0007533045  -0.0000537614   0.0003835417   0.0000248717
        0.0081011020   0.0000460335   0.0000064437  -0.0001133802   0.0002117768
        0.0000984543   0.0067606544  -0.0000034576  -0.0000156235   0.0000063054
       -0.0000193490   0.0000989582  -0.0000252164  -0.0000155529  -0.0000547951
       -0.0000377779   0.0000019493  -0.0000466904  -0.0001468752  -0.0011068092
       -0.0000852341  -0.0003989048   0.0014116207  -0.0000883383   0.0002244933
       -0.0023531652   0.0022274023   0.0214967704  -0.0000945451  -0.0000331476
       -0.0029998798   0.0000290035  -0.0000321070   0.0004105601  -0.0000566652
        0.0000095969  -0.0016768969   0.0000064714   0.0000572935  -0.0006078697
       -0.0005136392   0.0000001611   0.0000555951  -0.0005951539  -0.0014955648
       -0.0000430544   0.0000251448  -0.0001075350  -0.0000177414  -0.0055602176
        0.0008091037   0.0004421529  -0.0184522844  -0.0268937409   0.0006905243
       -0.1052282825  -0.1076425960   0.0024392282   0.0067969833   0.0117378777
       -0.0002147855  -0.0006350746   0.0028547172   0.0002618778  -0.0001787311
        0.0005940000   0.0000057009  -0.0001109263  -0.0001008159  -0.0000154303
        0.0000295183   0.0000467508  -0.0000109456   0.0000312255   0.0000299294
        0.0000089655   0.0000109825  -0.0000074686   0.0000046979   0.0000304603
       -0.0000519167   0.0000272334   0.0000266148  -0.0000956723  -0.0000203587
        0.0006316396  -0.0009106290  -0.0000945451   0.1224308660   0.1197048979
       -0.0033459802   0.0009595644   0.0007987489  -0.0001121292   0.0002765429
        0.0006840308  -0.0000043712   0.0000247673   0.0000457218  -0.0000566347
       -0.0000068578   0.0001079180   0.0000244731  -0.0002550365  -0.0002139688
        0.0000725600   0.0000494032  -0.0001725345  -0.0000023168   0.0002333749
        0.0014269383  -0.0000062586  -0.0030092670  -0.0027310496   0.0000998433
       -0.1078548514  -0.2366348606   0.0039532331  -0.0127479743  -0.0266276427
        0.0004643172   0.0034267983  -0.0046616794  -0.0000602423   0.0008094692
        0.0007372064  -0.0000225375  -0.0000642794   0.0000064353   0.0000008600
        0.0000414206   0.0000031485  -0.0000150221   0.0000279503  -0.0000175734
       -0.0000125878  -0.0000167143   0.0000241171  -0.0000048033  -0.0000106365
        0.0000464846  -0.0000699837  -0.0000008254   0.0000369920   0.0000325961
        0.0008626501   0.0013139709  -0.0000331476   0.1197048979   0.2678221187
       -0.0044220616  -0.0005448048   0.0008786626   0.0000030750  -0.0006841121
       -0.0014711807   0.0000075970   0.0000393949   0.0001264972  -0.0000095934
        0.0000436137   0.0000425275  -0.0002159259   0.0000129626   0.0000005432
        0.0000569386  -0.0000126055   0.0000243387   0.0000783859   0.0004292844
        0.0000014067   0.0084658093   0.0006335820   0.0007864982   0.0003856770
        0.0023800642   0.0040931813  -0.0344556125  -0.0001014831  -0.0004233971
        0.0008666724   0.0002663182  -0.0000357763   0.0077266097  -0.0000452343
       -0.0000352730  -0.0001218503   0.0000103941   0.0000137415  -0.0000171103
        0.0000296088   0.0000232555  -0.0000002966  -0.0000214505  -0.0000337372
       -0.0000020766  -0.0000009129   0.0000030179   0.0000135385   0.0000058685
       -0.0000122121   0.0000001411  -0.0000218972   0.0000060611  -0.0000054689
       -0.0001006953  -0.0000094319  -0.0029998798  -0.0033459802  -0.0044220616
        0.0244346522  -0.0001047042  -0.0000262695  -0.0024705103  -0.0000043521
       -0.0000075792  -0.0000627956  -0.0000523813   0.0000111664  -0.0016768979
       -0.0000296438   0.0001196351   0.0000165053   0.0001751038  -0.0000000050
       -0.0000440563  -0.0000296446  -0.0001196299   0.0000165094   0.0010358644
       -0.0000000422   0.0000019760  -0.0005358096   0.0032465984   0.0002458236
       -0.0189860890   0.0017592941   0.0005614657  -0.3005691136   0.0000061123
        0.0081647025  -0.0189874418  -0.0017584450   0.0005615577  -0.0005360771
       -0.0032467519   0.0002458295  -0.0000635338   0.0000279584  -0.0000012963
        0.0000489430   0.0000059116  -0.0000424377   0.0000261487  -0.0000279615
        0.0000122801  -0.0000635317  -0.0000279550  -0.0000013024   0.0000261588
        0.0000279453   0.0000123028   0.0000489351  -0.0000058997  -0.0000424085
       -0.0009005420   0.0000494351   0.0000290035   0.0009595644  -0.0005448048
       -0.0001047042   0.3383217645  -0.0000067841  -0.0095560520   0.0009595538
        0.0005447983  -0.0001047062  -0.0009006093  -0.0000494094   0.0000290075
       -0.0000861315  -0.0000042333   0.0000182630  -0.0000000241   0.0000013857
        0.0000000349   0.0000861323  -0.0000042483  -0.0000182679  -0.0000000315
       -0.0007419627  -0.0000000005   0.0026752705  -0.0040995224  -0.0000744872
        0.0262661899  -0.0010255607  -0.0007984994   0.0000061241  -0.0440394727
       -0.0000000681  -0.0262653591  -0.0010242378   0.0007985182  -0.0026754220
       -0.0040992272   0.0000745859  -0.0000163808   0.0000427182   0.0000061511
        0.0000309430   0.0000298837  -0.0000611002   0.0000337449   0.0000144168
        0.0000603703   0.0000163874   0.0000427116  -0.0000061535  -0.0000337427
        0.0000144071  -0.0000603845  -0.0000309421   0.0000298931   0.0000610876
        0.0013291203  -0.0001780084  -0.0000321070   0.0007987489   0.0008786626
       -0.0000262695  -0.0000067841   0.0534616684  -0.0000000000  -0.0007987569
        0.0008786744   0.0000262300  -0.0013290864  -0.0001779479   0.0000320968
       -0.0000647619   0.0000191163  -0.0003172451   0.0001096309  -0.0000000903
       -0.0010500869  -0.0000647492  -0.0000191230  -0.0003172043  -0.0000433545
        0.0000000288   0.0003888154   0.0002293435  -0.0000787117   0.0071391617
        0.0005158607  -0.0000227486  -0.0005101614   0.0082738498  -0.0000001860
       -0.0313028626   0.0005163581   0.0000228998  -0.0005101530   0.0002290945
        0.0000788611   0.0071392257  -0.0000042241   0.0000013566  -0.0000022802
        0.0001415104   0.0000092260   0.0000250576  -0.0001122709  -0.0000290809
        0.0000292916  -0.0000042422  -0.0000013029  -0.0000022799  -0.0001122836
        0.0000290546   0.0000292676   0.0001415070  -0.0000092494   0.0000250970
        0.0000145067   0.0000225357   0.0004105601  -0.0001121292   0.0000030750
       -0.0024705103  -0.0095560520  -0.0000000000   0.0233562815  -0.0001121599
       -0.0000030887  -0.0024705327   0.0000145660  -0.0000225724   0.0004105581
        0.0000251579   0.0001075179  -0.0000177752  -0.0005951127   0.0014955659
       -0.0000432280  -0.0005136054  -0.0000001284   0.0000556949  -0.0055602753
       -0.0008087697   0.0004421099  -0.0001787943  -0.0005939503   0.0000056817
       -0.0006353535  -0.0028549053   0.0002619791   0.0067970331  -0.0117394470
       -0.0002146913  -0.1052180978   0.1076363246   0.0024382282  -0.0184508866
        0.0268944626   0.0006905426   0.0000109816   0.0000074722   0.0000046929
        0.0000266128   0.0000957049  -0.0000204002   0.0000304566   0.0000518938
        0.0000272006  -0.0001109087   0.0001008066  -0.0000154622   0.0000312534
       -0.0000299752   0.0000089900   0.0000294879  -0.0000467003  -0.0000109307
        0.0000247672  -0.0000457247  -0.0000566652   0.0002765429  -0.0006841121
       -0.0000043521   0.0009595538  -0.0007987569  -0.0001121599   0.1224195630
       -0.1196979540  -0.0033449563   0.0006316243   0.0009106754  -0.0000944988
       -0.0000494261  -0.0001725253   0.0000023395   0.0002550367  -0.0002140717
       -0.0000724764   0.0000068957   0.0001079023  -0.0000245369  -0.0002330258
        0.0014270005   0.0000063535  -0.0008094318   0.0007372684   0.0000225232
       -0.0034269888  -0.0046613848   0.0000602736   0.0127464017  -0.0266277234
       -0.0004639963   0.1078485916  -0.2366449960  -0.0039516938   0.0030099935
       -0.0027324699  -0.0000998719   0.0000167203   0.0000241219   0.0000047970
        0.0000008276   0.0000369635  -0.0000325913   0.0000106474   0.0000465141
        0.0000699852   0.0000642826   0.0000064264  -0.0000008540  -0.0000279772
       -0.0000175520   0.0000125683  -0.0000414003   0.0000031310   0.0000150048
       -0.0000393927   0.0001265042   0.0000095969   0.0006840308  -0.0014711807
       -0.0000075792   0.0005447983   0.0008786744  -0.0000030887  -0.1196979540
        0.2678334110   0.0044201690  -0.0008626296   0.0013139858   0.0000330777
       -0.0000126087  -0.0000243233   0.0000784113   0.0000130462  -0.0000006171
        0.0000568319   0.0000436390  -0.0000426127  -0.0002158576   0.0004290979
       -0.0000014948   0.0084657673  -0.0000452282   0.0000354318  -0.0001218598
        0.0002665078   0.0000357974   0.0077266423  -0.0001014273   0.0004240457
        0.0008666695   0.0023786756  -0.0040918625  -0.0344555311   0.0006337451
       -0.0007864644   0.0003856966  -0.0000008980  -0.0000030374   0.0000135415
       -0.0000219081  -0.0000060612  -0.0000054556   0.0000058647   0.0000122251
        0.0000001344   0.0000103950  -0.0000137240  -0.0000171098  -0.0000214030
        0.0000337170  -0.0000020815   0.0000296358  -0.0000232691  -0.0000002925
       -0.0000523927  -0.0000111867  -0.0016768969  -0.0000043712   0.0000075970
       -0.0000627956  -0.0001047062   0.0000262300  -0.0024705327  -0.0033449563
        0.0044201690   0.0244345854  -0.0001007075   0.0000094403  -0.0029998671
       -0.0032230316   0.0011858756  -0.0002329582   0.0007373094  -0.0005960508
       -0.0000203839  -0.0000973348   0.0001062726  -0.0001188849   0.0070049931
        0.0103798642  -0.0000633340  -0.0010110773   0.0026652342   0.0002614236
       -0.0001987103   0.0005444027  -0.0000047057  -0.0058045212   0.0004949216
        0.0003892611  -0.0191338933  -0.0278584946   0.0005291928  -0.0978971348
       -0.1073140054   0.0011315382  -0.0001935699   0.0003057586   0.0000867248
       -0.0033172835   0.0003018312   0.0013763448  -0.0011786373   0.0002729030
       -0.0008761027   0.0000154199   0.0000079533   0.0000097296   0.0000165397
       -0.0000439358   0.0000383359   0.0000246794  -0.0000920048  -0.0000206221
        0.0002688036   0.0007636347   0.0000064714   0.0000247673   0.0000393949
       -0.0000523813  -0.0009006093  -0.0013290864   0.0000145660   0.0006316243
       -0.0008626296  -0.0001007075   0.1242316665   0.1210281608  -0.0023535078
       -0.0008375889  -0.0000670931   0.0001400011  -0.0008129690   0.0006258189
       -0.0002187653  -0.0000440731   0.0000041881  -0.0000063927  -0.0134604014
       -0.0264748829   0.0004357452   0.0034927795  -0.0040778567  -0.0001678052
        0.0009170633   0.0005309118  -0.0000264498  -0.0003177993   0.0018068279
       -0.0000491128  -0.0037803629  -0.0034585887   0.0001587183  -0.1066480348
       -0.2484671393   0.0018553320  -0.0003111227   0.0003954148   0.0000222910
        0.0004262461   0.0011551552  -0.0007032169   0.0003973599   0.0005011539
        0.0007582151   0.0000442402   0.0001358915  -0.0000305524  -0.0001125756
        0.0000939111  -0.0001090131  -0.0001241906   0.0001655563   0.0001100998
       -0.0007637194  -0.0014024871   0.0000572935   0.0000457218   0.0001264972
        0.0000111664  -0.0000494094  -0.0001779479  -0.0000225724   0.0009106754
        0.0013139858   0.0000094403   0.1210281608   0.2772706834  -0.0022244221
        0.0000387437  -0.0002073699  -0.0000679700   0.0001228446  -0.0000201463
       -0.0012994936  -0.0000621127   0.0000376064   0.0000412173  -0.0001566328
       -0.0002662590   0.0004916926   0.0002115978  -0.0000981288   0.0067606784
        0.0000460922  -0.0000064642  -0.0001133946   0.0003834724  -0.0000247875
        0.0081010736   0.0004892656   0.0007530249  -0.0000537298   0.0011260670
        0.0018673552  -0.0301044935   0.0000019551   0.0000467094  -0.0001468980
        0.0014126330   0.0000880511   0.0002240315  -0.0011063903   0.0000849707
       -0.0003985010  -0.0000035178   0.0000156684   0.0000062920  -0.0000155475
        0.0000547845  -0.0000377613  -0.0000193662  -0.0000989582  -0.0000252254
        0.0000065299  -0.0000572156  -0.0006078697  -0.0000566347  -0.0000095934
       -0.0016768979   0.0000290075   0.0000320968   0.0004105581  -0.0000944988
        0.0000330777  -0.0029998671  -0.0023535078  -0.0022244221   0.0214965583
