           1           2   1.02055182976864     
           2           3   1.00402313569662     
           3           4  0.985347018227088     
           4           5  0.999404240864422     
           4           6  0.996555617209800     
           4           7  0.999781099370687     
           1           8  0.987650235851982     
           1           9  0.985396405906061     
           1          10  0.987915063233099     
           2          11  0.972924280545369     
           2          12  0.980702345443451     
           3          13  0.975117730963452     
           3          14  0.978013424918726     
           5          15  0.985711621980042     
           5          16  0.981936997910754     
           5          17  0.986058799218413     
           6          18  0.985741783942073     
           6          19  0.986082945413019     
           6          20  0.986297379364309     
           7          21  0.985387680210872     
           7          22  0.983412009297377     
           7          23  0.985444284628994     
