$hessian                                                                        
        0.4908083618   0.0028732518   0.0383549960  -0.1160076418  -0.0011903071
        0.0719445860  -0.0275810138   0.0060957238   0.0175178289  -0.0001546437
       -0.0001366137  -0.0028265845  -0.0006564085   0.0010488946  -0.0005593095
       -0.0486385388  -0.0319402018   0.0103729236  -0.2251987785   0.0758345545
       -0.0749449865  -0.0734156054  -0.0508641685  -0.0627209792  -0.0050878240
       -0.0019481383   0.0079630547   0.0053314881   0.0002105663  -0.0036286662
        0.0006006045   0.0000164382  -0.0014728633
        0.0028732518   0.5254335470  -0.0013995061   0.0027481384  -0.0628486711
       -0.0069131209   0.0085860825  -0.0004272390  -0.0076232814   0.0006795833
       -0.0014503451   0.0021632030  -0.0002348860  -0.0000649076  -0.0004416421
       -0.0317862630  -0.2504365052   0.0809642097   0.0758004715  -0.0764228103
        0.0302751361  -0.0511332359  -0.1327324925  -0.1036914922  -0.0184309094
       -0.0002275579   0.0208391374   0.0110749630  -0.0008020734  -0.0146241880
       -0.0001771963  -0.0000209448   0.0004515445
        0.0383549960  -0.0013995061   0.4806735639   0.0591750029  -0.0023582204
       -0.1375096455   0.0058676638  -0.0041415499   0.0094003928  -0.0010903827
        0.0033379175  -0.0011691433  -0.0019845720  -0.0017453974  -0.0021644471
        0.0107512267   0.0816288314  -0.0761698229  -0.0749831649   0.0303706960
       -0.0709966689  -0.0631308249  -0.1045515340  -0.1688524388   0.0109755071
        0.0024198220  -0.0116764027   0.0157832657  -0.0037823929  -0.0214338302
        0.0002812823   0.0002213338  -0.0001015574
       -0.1160076418   0.0027481384   0.0591750029   0.4442012839   0.0318232652
        0.0356201666  -0.1441752008   0.0387398225  -0.0311124262  -0.0096862826
        0.0190755449  -0.0099595739  -0.0351378168  -0.0040662417  -0.0217384905
       -0.0056751385  -0.0023042339   0.0071829831  -0.0234454059   0.0026409417
        0.0224397488   0.0051608449   0.0009313066  -0.0038114169  -0.0454869914
       -0.0374025464   0.0084412940  -0.0689951354  -0.0506722500  -0.0630820985
       -0.0007525156  -0.0015137472  -0.0031551893
       -0.0011903071  -0.0628486711  -0.0023582204   0.0318232652   0.5488773944
        0.0152359954   0.0324780529  -0.0761435434   0.0162755212   0.0435397228
       -0.0332268922   0.0096504314  -0.0175647473   0.0065509219  -0.0080946117
       -0.0181970958   0.0000824439   0.0210181987   0.0080610977  -0.0000953629
       -0.0079582703   0.0116766569  -0.0012598158  -0.0149793674  -0.0370713892
       -0.2466613367   0.0747319107  -0.0495474927  -0.1331153153  -0.1003106045
       -0.0040077633  -0.0021598229  -0.0032109830
        0.0719445860  -0.0069131209  -0.1375096455   0.0356201666   0.0152359954
        0.4772610611  -0.0422613936   0.0226706258  -0.0869987870  -0.0060324388
       -0.0020464526   0.0140831994  -0.0234658732   0.0007872259  -0.0046277541
        0.0101747707   0.0023256395  -0.0115501440  -0.0017729843  -0.0003855614
        0.0041497985   0.0154114860  -0.0033880859  -0.0216310763   0.0083540088
        0.0762014423  -0.0710759919  -0.0625351653  -0.1019388016  -0.1648898249
       -0.0054371628  -0.0025489067   0.0027891647
       -0.0275810138   0.0085860825   0.0058676638  -0.1441752008   0.0324780529
       -0.0422613936   0.4860814254  -0.1633173629   0.1108761090  -0.1395080747
        0.1974613762   0.0014927934  -0.1372040328  -0.0533067208  -0.0528110288
       -0.0002300757  -0.0001278553  -0.0000103608  -0.0017967999   0.0002194350
        0.0018589650   0.0010629467  -0.0003515742  -0.0009180107   0.0041301294
        0.0011210201   0.0031766731  -0.0124118190   0.0008345477  -0.0066836745
       -0.0283674849  -0.0235970013  -0.0205877359
        0.0060957238  -0.0004272390  -0.0041415499   0.0387398225  -0.0761435434
        0.0226706258  -0.1633173629   0.9026360246   0.0579835012   0.1823594399
       -0.6618646613  -0.0238835818  -0.0711019677  -0.1739693809  -0.0595883896
       -0.0022831954  -0.0003675578   0.0012408341  -0.0005336037   0.0004193037
        0.0006195954   0.0010590568  -0.0006107992  -0.0013306360   0.0228493644
       -0.0161285246   0.0116494231  -0.0144358638   0.0056719297  -0.0087094533
        0.0005685860   0.0207844482   0.0034896311
        0.0175178289  -0.0076232814   0.0094003928  -0.0311124262   0.0162755212
       -0.0869987870   0.1108761090   0.0579835012   0.2631313229  -0.0014028902
       -0.0184931953  -0.0691635536  -0.0552645521  -0.0495648313  -0.0923966380
        0.0008600743   0.0000006079   0.0006260636   0.0047960078  -0.0005303669
       -0.0044611830   0.0013696086  -0.0012539409  -0.0003828907  -0.0101076262
        0.0061798307  -0.0031065272  -0.0212324638   0.0058279691  -0.0100785191
       -0.0162996701  -0.0088018142  -0.0065696807
       -0.0001546437   0.0006795833  -0.0010903827  -0.0096862826   0.0435397228
       -0.0060324388  -0.1395080747   0.1823594399  -0.0014028902   0.1322169091
       -0.2029733596   0.0137134287   0.0214225065  -0.0302174582  -0.0079060712
        0.0004848692  -0.0002933391  -0.0003157131  -0.0003678276  -0.0000932419
        0.0004270497  -0.0000648337   0.0001359794   0.0000158280  -0.0069739040
        0.0040735362  -0.0028891044   0.0018244789   0.0000724956   0.0016610974
        0.0008068025   0.0027166416   0.0038191966
       -0.0001366137  -0.0014503451   0.0033379175   0.0190755449  -0.0332268922
       -0.0020464526   0.1974613762  -0.6618646613  -0.0184931953  -0.2029733596
        0.7949573172   0.0483752684  -0.0183081097  -0.0976500397  -0.0333384594
        0.0005679452   0.0007621391  -0.0005533192   0.0010679817   0.0000972558
       -0.0013778179  -0.0002422240  -0.0000776549   0.0002920916   0.0047412801
       -0.0014727191   0.0020544758  -0.0019567914   0.0007688153   0.0003654930
        0.0007029703  -0.0008432151   0.0013839982
       -0.0028265845   0.0021632030  -0.0011691433  -0.0099595739   0.0096504314
        0.0140831994   0.0014927934  -0.0238835818  -0.0691635536   0.0137134287
        0.0483752684   0.0420998272  -0.0057174550  -0.0396233227   0.0152681757
       -0.0002993831  -0.0000405470  -0.0002770761  -0.0007528357  -0.0000577661
        0.0010493473  -0.0001436991   0.0002126113   0.0000670857  -0.0008801760
        0.0009453592   0.0001356990   0.0019601823  -0.0000177689   0.0011954692
        0.0034133030   0.0022761132  -0.0032890306
       -0.0006564085  -0.0002348860  -0.0019845720  -0.0351378168  -0.0175647473
       -0.0234658732  -0.1372040328  -0.0711019677  -0.0552645521   0.0214225065
       -0.0183081097  -0.0057174550   0.4430357423  -0.0446066566   0.2005868546
        0.0001515544  -0.0000677909  -0.0001594589  -0.0005174722   0.0000783792
        0.0004813243   0.0000916269   0.0002082669   0.0003074935  -0.0000583758
       -0.0005397878  -0.0006203163  -0.0062545281   0.0025237985  -0.0030094485
       -0.2848727959   0.1496135014  -0.1111539963
        0.0010488946  -0.0000649076  -0.0017453974  -0.0040662417   0.0065509219
        0.0007872259  -0.0533067208  -0.1739693809  -0.0495648313  -0.0302174582
       -0.0976500397  -0.0396233227  -0.0446066566   0.3797786992   0.0409026317
        0.0002788663   0.0000541389  -0.0001882109  -0.0003940817  -0.0000664785
        0.0003470530  -0.0002322404   0.0002452282   0.0006967350   0.0001874237
        0.0010229289  -0.0011325392   0.0017964732   0.0005311318   0.0007386879
        0.1295117417  -0.1164322421   0.0487819680
       -0.0005593095  -0.0004416421  -0.0021644471  -0.0217384905  -0.0080946117
       -0.0046277541  -0.0528110288  -0.0595883896  -0.0923966380  -0.0079060712
       -0.0333384594   0.0152681757   0.2005868546   0.0409026317   0.1492355023
       -0.0001375773  -0.0001748543  -0.0000101879  -0.0004098670   0.0001207184
        0.0010010598  -0.0004661638   0.0008004368   0.0008230076   0.0012536323
       -0.0007638357  -0.0000307820  -0.0030276545   0.0009435595  -0.0007461499
       -0.1147843245   0.0596344464  -0.0663517863
       -0.0486385388  -0.0317862630   0.0107512267  -0.0056751385  -0.0181970958
        0.0101747707  -0.0002300757  -0.0022831954   0.0008600743   0.0004848692
        0.0005679452  -0.0002993831   0.0001515544   0.0002788663  -0.0001375773
        0.0553605733   0.0375802729  -0.0166244727   0.0021748110   0.0269806128
       -0.0110468650  -0.0014042245  -0.0129631670   0.0029785353  -0.0026347636
       -0.0001497492   0.0038155712   0.0005413614   0.0000290291  -0.0006045291
       -0.0001304283  -0.0000572561   0.0001326491
       -0.0319402018  -0.2504365052   0.0816288314  -0.0023042339   0.0000824439
        0.0023256395  -0.0001278553  -0.0003675578   0.0000006079  -0.0002933391
        0.0007621391  -0.0000405470  -0.0000677909   0.0000541389  -0.0001748543
        0.0375802729   0.2858479000  -0.0952402934   0.0006613003  -0.0147109596
        0.0060996543  -0.0038699795  -0.0229802962   0.0052883896   0.0000747235
        0.0011845741   0.0001876350   0.0002852883   0.0006294668  -0.0002222418
        0.0000018157  -0.0000653440   0.0001471789
        0.0103729236   0.0809642097  -0.0761698229   0.0071829831   0.0210181987
       -0.0115501440  -0.0000103608   0.0012408341   0.0006260636  -0.0003157131
       -0.0005533192  -0.0002770761  -0.0001594589  -0.0001882109  -0.0000101879
       -0.0166244727  -0.0952402934   0.0878414893  -0.0004618664   0.0134285656
       -0.0045738103  -0.0036029665  -0.0215086232   0.0076084384   0.0039156910
        0.0001270984  -0.0036348999  -0.0002270926   0.0006985339   0.0002651932
       -0.0000696667   0.0000130063  -0.0001252433
       -0.2251987785   0.0758004715  -0.0749831649  -0.0234454059   0.0080610977
       -0.0017729843  -0.0017967999  -0.0005336037   0.0047960078  -0.0003678276
        0.0010679817  -0.0007528357  -0.0005174722  -0.0003940817  -0.0004098670
        0.0021748110   0.0006613003  -0.0004618664   0.2609391533  -0.0885188670
        0.0829259233  -0.0131910792   0.0037859612  -0.0082253067   0.0003483834
       -0.0000844681  -0.0004843294   0.0007158113   0.0000163934  -0.0004140254
        0.0003392042   0.0001378147  -0.0002175513
        0.0758345545  -0.0764228103   0.0303706960   0.0026409417  -0.0000953629
       -0.0003855614   0.0002194350   0.0004193037  -0.0005303669  -0.0000932419
        0.0000972558  -0.0000577661   0.0000783792  -0.0000664785   0.0001207184
        0.0269806128  -0.0147109596   0.0134285656  -0.0885188670   0.0839192710
       -0.0350996752  -0.0167522190   0.0065016184  -0.0079227483  -0.0006412023
        0.0004120644  -0.0000580257   0.0003511228  -0.0000812424   0.0000969119
       -0.0000995159   0.0000273404   0.0000372517
       -0.0749449865   0.0302751361  -0.0709966689   0.0224397488  -0.0079582703
        0.0041497985   0.0018589650   0.0006195954  -0.0044611830   0.0004270497
       -0.0013778179   0.0010493473   0.0004813243   0.0003470530   0.0010010598
       -0.0110468650   0.0060996543  -0.0045738103   0.0829259233  -0.0350996752
        0.0827058431  -0.0223704590   0.0073987567  -0.0103643289  -0.0001456592
       -0.0002624570   0.0005641580   0.0003062952  -0.0000300154   0.0007290574
        0.0000686632  -0.0000119596   0.0001967270
       -0.0734156054  -0.0511332359  -0.0631308249   0.0051608449   0.0116766569
        0.0154114860   0.0010629467   0.0010590568   0.0013696086  -0.0000648337
       -0.0002422240  -0.0001436991   0.0000916269  -0.0002322404  -0.0004661638
       -0.0014042245  -0.0038699795  -0.0036029665  -0.0131910792  -0.0167522190
       -0.0223704590   0.0833776146   0.0585087065   0.0691782933   0.0005980906
        0.0003053204  -0.0002398901  -0.0021827577   0.0006905411   0.0037937262
       -0.0000326231  -0.0000103828   0.0002008892
       -0.0508641685  -0.1327324925  -0.1045515340   0.0009313066  -0.0012598158
       -0.0033880859  -0.0003515742  -0.0006107992  -0.0012539409   0.0001359794
       -0.0000776549   0.0002126113   0.0002082669   0.0002452282   0.0008004368
       -0.0129631670  -0.0229802962  -0.0215086232   0.0037859612   0.0065016184
        0.0073987567   0.0585087065   0.1491225415   0.1220722836   0.0000301547
        0.0006737660   0.0007572320   0.0004516348   0.0010079316  -0.0003259904
        0.0001268996   0.0001099728  -0.0002131460
       -0.0627209792  -0.1036914922  -0.1688524388  -0.0038114169  -0.0149793674
       -0.0216310763  -0.0009180107  -0.0013306360  -0.0003828907   0.0000158280
        0.0002920916   0.0000670857   0.0003074935   0.0006967350   0.0008230076
        0.0029785353   0.0052883896   0.0076084384  -0.0082253067  -0.0079227483
       -0.0103643289   0.0691782933   0.1220722836   0.1965891298  -0.0006087221
       -0.0002349990   0.0003090265   0.0039082002  -0.0003756579  -0.0038582855
       -0.0001039148   0.0001854011  -0.0003076678
       -0.0050878240  -0.0184309094   0.0109755071  -0.0454869914  -0.0370713892
        0.0083540088   0.0041301294   0.0228493644  -0.0101076262  -0.0069739040
        0.0047412801  -0.0008801760  -0.0000583758   0.0001874237   0.0012536323
       -0.0026347636   0.0000747235   0.0039156910   0.0003483834  -0.0006412023
       -0.0001456592   0.0005980906   0.0000301547  -0.0006087221   0.0561215566
        0.0397854600  -0.0159098640  -0.0012761542  -0.0116361275   0.0028550331
        0.0003198530   0.0001112220   0.0002981751
       -0.0019481383  -0.0002275579   0.0024198220  -0.0374025464  -0.2466613367
        0.0762014423   0.0011210201  -0.0161285246   0.0061798307   0.0040735362
       -0.0014727191   0.0009453592  -0.0005397878   0.0010229289  -0.0007638357
       -0.0001497492   0.0011845741   0.0001270984  -0.0000844681   0.0004120644
       -0.0002624570   0.0003053204   0.0006737660  -0.0002349990   0.0397854600
        0.2820215318  -0.0887840607  -0.0045028811  -0.0210352165   0.0046807049
       -0.0006577660   0.0002104895  -0.0005089050
        0.0079630547   0.0208391374  -0.0116764027   0.0084412940   0.0747319107
       -0.0710759919   0.0031766731   0.0116494231  -0.0031065272  -0.0028891044
        0.0020544758   0.0001356990  -0.0006203163  -0.0011325392  -0.0000307820
        0.0038155712   0.0001876350  -0.0036348999  -0.0004843294  -0.0000580257
        0.0005641580  -0.0002398901   0.0007572320   0.0003090265  -0.0159098640
       -0.0887840607   0.0813945878  -0.0037674778  -0.0201603039   0.0068005816
        0.0005143892  -0.0000848846   0.0003205508
        0.0053314881   0.0110749630   0.0157832657  -0.0689951354  -0.0495474927
       -0.0625351653  -0.0124118190  -0.0144358638  -0.0212324638   0.0018244789
       -0.0019567914   0.0019601823  -0.0062545281   0.0017964732  -0.0030276545
        0.0005413614   0.0002852883  -0.0002270926   0.0007158113   0.0003511228
        0.0003062952  -0.0021827577   0.0004516348   0.0039082002  -0.0012761542
       -0.0045028811  -0.0037674778   0.0843474425   0.0574331868   0.0694013907
       -0.0016401879  -0.0009496398  -0.0005694801
        0.0002105663  -0.0008020734  -0.0037823929  -0.0506722500  -0.1331153153
       -0.1019388016   0.0008345477   0.0056719297   0.0058279691   0.0000724956
        0.0007688153  -0.0000177689   0.0025237985   0.0005311318   0.0009435595
        0.0000290291   0.0006294668   0.0006985339   0.0000163934  -0.0000812424
       -0.0000300154   0.0006905411   0.0010079316  -0.0003756579  -0.0116361275
       -0.0210352165  -0.0201603039   0.0574331868   0.1460631078   0.1188972399
        0.0004978190   0.0003614647  -0.0000623621
       -0.0036286662  -0.0146241880  -0.0214338302  -0.0630820985  -0.1003106045
       -0.1648898249  -0.0066836745  -0.0087094533  -0.0100785191   0.0016610974
        0.0003654930   0.0011954692  -0.0030094485   0.0007386879  -0.0007461499
       -0.0006045291  -0.0002222418   0.0002651932  -0.0004140254   0.0000969119
        0.0007290574   0.0037937262  -0.0003259904  -0.0038582855   0.0028550331
        0.0046807049   0.0068005816   0.0694013907   0.1188972399   0.1919123241
       -0.0002888052  -0.0005865595   0.0001039840
        0.0006006045  -0.0001771963   0.0002812823  -0.0007525156  -0.0040077633
       -0.0054371628  -0.0283674849   0.0005685860  -0.0162996701   0.0008068025
        0.0007029703   0.0034133030  -0.2848727959   0.1295117417  -0.1147843245
       -0.0001304283   0.0000018157  -0.0000696667   0.0003392042  -0.0000995159
        0.0000686632  -0.0000326231   0.0001268996  -0.0001039148   0.0003198530
       -0.0006577660   0.0005143892  -0.0016401879   0.0004978190  -0.0002888052
        0.3137295716  -0.1264675907   0.1327059062
        0.0000164382  -0.0000209448   0.0002213338  -0.0015137472  -0.0021598229
       -0.0025489067  -0.0235970013   0.0207844482  -0.0088018142   0.0027166416
       -0.0008432151   0.0022761132   0.1496135014  -0.1164322421   0.0596344464
       -0.0000572561  -0.0000653440   0.0000130063   0.0001378147   0.0000273404
       -0.0000119596  -0.0000103828   0.0001099728   0.0001854011   0.0001112220
        0.0002104895  -0.0000848846  -0.0009496398   0.0003614647  -0.0005865595
       -0.1264675907   0.0980278534  -0.0502961762
       -0.0014728633   0.0004515445  -0.0001015574  -0.0031551893  -0.0032109830
        0.0027891647  -0.0205877359   0.0034896311  -0.0065696807   0.0038191966
        0.0013839982  -0.0032890306  -0.1111539963   0.0487819680  -0.0663517863
        0.0001326491   0.0001471789  -0.0001252433  -0.0002175513   0.0000372517
        0.0001967270   0.0002008892  -0.0002131460  -0.0003076678   0.0002981751
       -0.0005089050   0.0003205508  -0.0005694801  -0.0000623621   0.0001039840
        0.1327059062  -0.0502961762   0.0733345397
