           1           2  0.967250025840726     
           2           3  0.953423712577749     
           2           4  0.965265231622745     
           4           5  0.957473212447270     
           4           6  0.974427070691354     
           6           7  0.954582863389081     
           6           8  0.966380326678140     
           8           9  0.957443120543808     
           8          10  0.939173619886474     
          10          11  0.947200614523821     
           2          12  0.978702022488610     
          10          12  0.966163905079990     
          10          13   1.01540558048260     
           8          14   1.01110364213778     
           6          15  0.982646141810776     
           4          16  0.990244723472778     
           1          17   1.01005627275909     
           1          18  0.967196752806856     
           1          19  0.969084612586385     
          13          20  0.814326257535181     
          14          21  0.870899439704955     
          15          22  0.881770991927280     
          16          23  0.889456724077425     
          17          24  0.839020166000440     
