           1           2   1.00182151599993     
           2           3   1.82510740017005     
           2           4   1.02382227174024     
           4           5   1.38119932036702     
           5           6   1.45635503161550     
           4           7  0.102632841445614     
           6           7   1.43245596367695     
           5           8  0.106280757646377     
           7           8   1.43092180968222     
           4           9   1.38525598424910     
           6           9  0.106845046380104     
           8           9   1.45648350715753     
           1          10  0.962876934124872     
           1          11  0.983376978360119     
           1          12  0.962730843483248     
           5          13  0.965052388108713     
           6          14  0.970017107059786     
           7          15  0.971038568915820     
           8          16  0.970670800005020     
           9          17  0.966583109120568     
