$hessian                                                                        
        0.5111800303   0.0424939304   0.0000005417  -0.0843738949   0.0306005546
        0.0000009058  -0.0263209659   0.0359409093   0.0000008395  -0.0051789311
       -0.0008107597   0.0000001058  -0.0015642472   0.0019441631  -0.0000000346
        0.0001513894   0.0004188678  -0.0000000073  -0.0005647958   0.0003361684
        0.0000000125   0.0003812206   0.0006243875   0.0000000071   0.0005100764
        0.0005407915  -0.0000000063  -0.0601629250  -0.0308058879   0.0496138540
       -0.0601693069  -0.0308105366  -0.0496231493  -0.2712307198  -0.0510883171
        0.0000068449  -0.0000899477  -0.0001429620   0.0000000101  -0.0005175741
        0.0000325654   0.0000000006   0.0000381579   0.0000899026  -0.0000000012
       -0.0020654243   0.0007171814   0.0000000764  -0.0000221418  -0.0000809588
        0.0000000002
        0.0424939304   0.4361225568  -0.0000017778   0.0482139999  -0.2094477094
       -0.0000031819   0.0182282754  -0.0004151686  -0.0000002003   0.0009807240
       -0.0001127298  -0.0000000852  -0.0000400618  -0.0012625070  -0.0000000058
        0.0000456076   0.0004957788   0.0000000004   0.0023899945   0.0015768844
        0.0000000113  -0.0037194232   0.0020180080   0.0000001141  -0.0010876939
       -0.0017826273   0.0000000064  -0.0312386002  -0.0893556383   0.0868699410
       -0.0312434362  -0.0893527623  -0.0868662401  -0.0447751016  -0.0488898436
        0.0000014092   0.0002312334   0.0001560275  -0.0000000066   0.0002149102
        0.0001106950   0.0000000048  -0.0001462072  -0.0000385268  -0.0000000011
       -0.0007587680  -0.0000644352   0.0000000119   0.0002106167   0.0002419979
       -0.0000000004
        0.0000005417  -0.0000017778   0.4859518360   0.0000013281  -0.0000034429
       -0.0480395914   0.0000006058  -0.0000001124  -0.0041248705   0.0000000009
       -0.0000000390   0.0015372093   0.0000000147   0.0000000075   0.0016978594
       -0.0000000197   0.0000000586  -0.0001031823   0.0000000553  -0.0000001142
        0.0011635777  -0.0000001181  -0.0000000213  -0.0018522683   0.0000000063
        0.0000000262  -0.0001938642   0.0505146793   0.0870404138  -0.1951947572
       -0.0505240250  -0.0870365138  -0.1951915787   0.0000068818   0.0000015351
       -0.0448154167   0.0000000021   0.0000000109   0.0000276524  -0.0000000093
        0.0000000029  -0.0002355094  -0.0000000010  -0.0000000045  -0.0004286737
        0.0000000539  -0.0000000285  -0.0003012518   0.0000000031  -0.0000000006
        0.0001028293
       -0.0843738949   0.0482139999   0.0000013281   0.4484022985  -0.0769132494
       -0.0000039531  -0.2675237146  -0.0229520433   0.0000008506  -0.0348152483
        0.0199633766   0.0000001538   0.0033080644   0.0012062869   0.0000002478
       -0.0022700015  -0.0012102687   0.0000000167   0.0031413722  -0.0004943793
        0.0000000759  -0.0482272564  -0.0060688656   0.0000004385  -0.0044288707
       -0.0037709835   0.0000000307   0.0033598269   0.0027309950  -0.0052002112
        0.0033606023   0.0027292141   0.0052001526  -0.0217828881   0.0343170413
        0.0000010632   0.0011443679  -0.0002791916  -0.0000000198  -0.0004654743
        0.0002985222  -0.0000000132   0.0001682915  -0.0001756324  -0.0000000454
        0.0008442791   0.0016625719  -0.0000000809   0.0001582460   0.0007426059
       -0.0000000345
        0.0306005546  -0.2094477094  -0.0000034429  -0.0769132494   0.3838775216
        0.0000057321   0.0050892577  -0.0841802236  -0.0000004558   0.0420149038
       -0.0068600698  -0.0000002499   0.0003060386  -0.0060347374   0.0000000513
        0.0000488920   0.0016173830  -0.0000000107  -0.0014056970  -0.0072329368
        0.0000000298  -0.0314315975   0.0019228140   0.0000000434  -0.0010061337
        0.0014304095   0.0000000028   0.0117457601  -0.0382076946   0.0101585071
        0.0117449787  -0.0382071481  -0.0101599186   0.0071151547  -0.0009165983
       -0.0000002791  -0.0003273028   0.0020764093   0.0000000181   0.0015284767
       -0.0004632034  -0.0000000024   0.0000553074   0.0000186057   0.0000000035
        0.0014625577   0.0010321663  -0.0000000334  -0.0006279015  -0.0004249880
        0.0000000047
        0.0000009058  -0.0000031819  -0.0480395914  -0.0000039531   0.0000057321
        0.0632821736   0.0000016855  -0.0000006126  -0.0365656542   0.0000001022
        0.0000000553   0.0039087485   0.0000001854   0.0000000349   0.0043499944
       -0.0000000607  -0.0000001215  -0.0000116474  -0.0000000661   0.0000001582
        0.0073059574   0.0000007174   0.0000000476   0.0051836917   0.0000000284
       -0.0000000034   0.0001540800  -0.0117933305   0.0255638746   0.0026268990
        0.0117932469  -0.0255649483   0.0026250655   0.0000005579  -0.0000009318
        0.0010837038  -0.0000000293  -0.0000000316  -0.0027368247   0.0000000130
       -0.0000000102   0.0000763168  -0.0000000013  -0.0000000083  -0.0011069789
       -0.0000000032  -0.0000000517  -0.0017106398   0.0000000016  -0.0000000015
       -0.0004252945
       -0.0263209659   0.0182282754   0.0000006058  -0.2675237146   0.0050892577
        0.0000016855   0.6278676152   0.0216775543  -0.0000039929  -0.1084922027
        0.1007348011   0.0000000171  -0.0209215919   0.0316186819  -0.0000001459
        0.0038770463  -0.0070514508  -0.0000000079  -0.0487523923  -0.0187667254
        0.0000003723  -0.1677361882  -0.1447774620   0.0000016171  -0.0013163378
        0.0065228693  -0.0000000054   0.0020442292  -0.0020115902   0.0018377295
        0.0020443280  -0.0020115835  -0.0018379147  -0.0025406082   0.0034716474
       -0.0000000327   0.0060555932  -0.0190499047  -0.0000000285  -0.0054112253
        0.0008458693   0.0000001021   0.0008981794  -0.0001990632   0.0000000310
        0.0080619186   0.0079001596  -0.0000000915  -0.0018336829  -0.0022213364
        0.0000000590
        0.0359409093  -0.0004151686  -0.0000001124  -0.0229520433  -0.0841802236
       -0.0000006126   0.0216775543   0.6646090594  -0.0000016501   0.0282294721
       -0.2760251222   0.0000006506   0.0890905143   0.0140398534  -0.0000006975
       -0.0105779759  -0.0637834615   0.0000003306  -0.0733945712   0.0449313337
        0.0000002492  -0.0697147262  -0.2442640758   0.0000016479   0.0052215651
       -0.0002039547   0.0000000091   0.0004272350   0.0008052814  -0.0001322595
        0.0004272131   0.0008054284   0.0001322625   0.0030389154  -0.0051364927
       -0.0000000938   0.0062094396  -0.0261525137   0.0000001128   0.0002203190
        0.0010965145   0.0000000605   0.0000035883  -0.0008235066  -0.0000000037
       -0.0145923792  -0.0253282922   0.0000001367   0.0007449701   0.0000253406
       -0.0000000302
        0.0000008395  -0.0000002003  -0.0041248705   0.0000008506  -0.0000004558
       -0.0365656542  -0.0000039929  -0.0000016501   0.1309456709   0.0000003471
        0.0000000827  -0.0511692378  -0.0000003374  -0.0000002745  -0.0018336205
       -0.0000000068   0.0000003717  -0.0043718244   0.0000006893  -0.0000001703
       -0.0060067762   0.0000011823   0.0000020844  -0.0453005987  -0.0000000049
       -0.0000000185   0.0051691042  -0.0014215568   0.0005789878   0.0005225138
        0.0014216497  -0.0005788488   0.0005225831   0.0000002629  -0.0000002776
        0.0006004072  -0.0000000586   0.0000002192   0.0011583060   0.0000000846
        0.0000000207   0.0085084155  -0.0000000034   0.0000000098   0.0004115847
        0.0000000434   0.0000001007  -0.0001590330   0.0000000114   0.0000000189
        0.0016930298
       -0.0051789311   0.0009807240   0.0000000009  -0.0348152483   0.0420149038
        0.0000001022  -0.1084922027   0.0282294721   0.0000003471   0.7014882872
        0.0148510971  -0.0000040218  -0.3481731797   0.0721119556   0.0000017713
       -0.0512020834  -0.0708255584   0.0000006241  -0.0385247499   0.0358550287
        0.0000000148   0.0489867637   0.0075607332  -0.0000003280   0.0007208875
       -0.0020113802  -0.0000000414  -0.0005668870   0.0004429080  -0.0002937713
       -0.0005668697   0.0004428360   0.0002938120  -0.0004651072   0.0014906597
        0.0000000267  -0.1470462808  -0.1286782129   0.0000011849  -0.0136626124
        0.0044081575   0.0000001133  -0.0012441083  -0.0032859814   0.0000000683
       -0.0019630164  -0.0036551301   0.0000000750   0.0007053384   0.0000677871
        0.0000000218
       -0.0008107597  -0.0001127298  -0.0000000390   0.0199633766  -0.0068600698
        0.0000000553   0.1007348011  -0.2760251222   0.0000000827   0.0148510971
        0.6402541819  -0.0000020028  -0.0022549037  -0.0984121761   0.0000002747
       -0.0145060789   0.0380839308  -0.0000000836   0.0319833924  -0.0222208580
       -0.0000001190  -0.0407043099  -0.0573833834   0.0000005846  -0.0017705366
       -0.0002104542  -0.0000000028   0.0005111647  -0.0005162520   0.0002475646
        0.0005111861  -0.0005162635  -0.0002475849  -0.0003760623  -0.0000471088
        0.0000000049  -0.1293447509  -0.2038527615   0.0000012673   0.0281360341
       -0.0062064409  -0.0000001730  -0.0037214308  -0.0032264543   0.0000000627
       -0.0030576198  -0.0028868362   0.0000000804  -0.0001445994   0.0001387981
        0.0000000279
        0.0000001058  -0.0000000852   0.0015372093   0.0000001538  -0.0000002499
        0.0039087485   0.0000000171   0.0000006506  -0.0511692378  -0.0000040218
       -0.0000020028   0.1056381814   0.0000021298  -0.0000001938  -0.0421399888
        0.0000003719   0.0000003191   0.0021402203   0.0000000595  -0.0000001922
       -0.0044909313  -0.0000000746   0.0000002532   0.0010279336   0.0000000117
        0.0000000338  -0.0001059478   0.0002024780  -0.0002459021   0.0000363306
       -0.0002024425   0.0002458862   0.0000363358   0.0000000075  -0.0000000084
        0.0001308164   0.0000011694   0.0000013601  -0.0309504384  -0.0000000650
        0.0000000035   0.0003512883   0.0000000379   0.0000000479   0.0070480301
        0.0000000663   0.0000000845   0.0070159289  -0.0000000048  -0.0000000045
       -0.0000144791
       -0.0015642472  -0.0000400618   0.0000000147   0.0033080644   0.0003060386
        0.0000001854  -0.0209215919   0.0890905143  -0.0000003374  -0.3481731797
       -0.0022549037   0.0000021298   0.6731712705  -0.0087199319  -0.0000032651
       -0.1848822518  -0.0784959493   0.0000008691   0.0576402163  -0.0494633596
       -0.0000000920  -0.0526430861  -0.0207181696   0.0000003661  -0.0017858998
        0.0051745721   0.0000000861   0.0004601259  -0.0004700136   0.0003467729
        0.0004601385  -0.0004700002  -0.0003468233  -0.0001974663   0.0000093322
       -0.0000000197  -0.0211155116   0.0001182700   0.0000001420  -0.0803185506
        0.0894789985  -0.0000002261  -0.0222062153  -0.0231907493   0.0000002046
       -0.0003800602  -0.0004584667   0.0000000232  -0.0008517551   0.0001038800
       -0.0000000303
        0.0019441631  -0.0012625070   0.0000000075   0.0012062869  -0.0060347374
        0.0000000349   0.0316186819   0.0140398534  -0.0000002745   0.0721119556
       -0.0984121761  -0.0000001938  -0.0087199319   0.6695551959  -0.0000022010
       -0.1545366475  -0.2413762638   0.0000014437   0.0114773082  -0.0639793376
        0.0000001870  -0.0227980549  -0.0058546513   0.0000000958   0.0007591792
       -0.0052264882   0.0000000716   0.0001578123   0.0000390588  -0.0000674160
        0.0001578134   0.0000390787   0.0000673975   0.0001121261  -0.0003555469
       -0.0000000326  -0.0233678102   0.0018165880   0.0000001789   0.0894920087
       -0.2661618611   0.0000007110   0.0009581014   0.0026914714  -0.0000000073
       -0.0004431259   0.0006494077  -0.0000000014  -0.0001298666  -0.0001670845
       -0.0000000011
       -0.0000000346  -0.0000000058   0.0016978594   0.0000002478   0.0000000513
        0.0043499944  -0.0000001459  -0.0000006975  -0.0018336205   0.0000017713
        0.0000002747  -0.0421399888  -0.0000032651  -0.0000022010   0.1151962827
        0.0000012816   0.0000010062  -0.0432897504  -0.0000004395   0.0000006098
       -0.0026884686   0.0000004195   0.0000001675  -0.0023882451   0.0000000594
        0.0000000458   0.0068137413   0.0001840315  -0.0002157790   0.0000694266
       -0.0001840378   0.0002157677   0.0000694340  -0.0000000192   0.0000000244
        0.0000601602   0.0000002108  -0.0000000181  -0.0009964956  -0.0000001926
        0.0000006553  -0.0344905763   0.0000000954   0.0000000925  -0.0003330036
        0.0000000104   0.0000000029  -0.0002720974   0.0000000070   0.0000000032
        0.0001753479
        0.0001513894   0.0000456076  -0.0000000197  -0.0022700015   0.0000488920
       -0.0000000607   0.0038770463  -0.0105779759  -0.0000000068  -0.0512020834
       -0.0145060789   0.0000003719  -0.1848822518  -0.1545366475   0.0000012816
        0.6722403376   0.0055696539  -0.0000023762  -0.1298975902   0.1307617397
       -0.0000002234  -0.0188374098   0.0288455423  -0.0000000240   0.0028935868
       -0.0305930000   0.0000001670  -0.0000342828   0.0001347240   0.0000683586
       -0.0000342856   0.0001347226  -0.0000683326   0.0001288313  -0.0001460029
        0.0000000263  -0.0052695499   0.0009362282   0.0000000703   0.0061931027
        0.0079504720  -0.0000000727  -0.2902041644   0.0374848440   0.0000007954
       -0.0057366502   0.0009139020   0.0000000543   0.0028839756  -0.0024666230
       -0.0000000092
        0.0004188678   0.0004957788   0.0000000586  -0.0012102687   0.0016173830
       -0.0000001215  -0.0070514508  -0.0637834615   0.0000003717  -0.0708255584
        0.0380839308   0.0000003191  -0.0784959493  -0.2413762638   0.0000010062
        0.0055696539   0.6577481239  -0.0000024223   0.0460733552  -0.2776705755
        0.0000009244   0.0799975867   0.0082536960  -0.0000004878   0.0019856315
       -0.0513894815   0.0000002129  -0.0004434893   0.0003091455  -0.0002324288
       -0.0004435092   0.0003091476   0.0002324372   0.0000794493   0.0000944935
        0.0000000051   0.0015500667   0.0012792565   0.0000000175  -0.0161409366
       -0.0259592186   0.0000001848   0.0369423378  -0.0502532208  -0.0000000637
        0.0003119495   0.0008920415   0.0000000160   0.0016822638   0.0013492247
       -0.0000000294
       -0.0000000073   0.0000000004  -0.0001031823   0.0000000167  -0.0000000107
       -0.0000116474  -0.0000000079   0.0000003306  -0.0043718244   0.0000006241
       -0.0000000836   0.0021402203   0.0000008691   0.0000014437  -0.0432897504
       -0.0000023762  -0.0000024223   0.1038402019   0.0000001680   0.0000004303
       -0.0479520617  -0.0000002691  -0.0000001738   0.0007713057  -0.0000000020
        0.0000004336   0.0060722302   0.0000625678  -0.0000522829  -0.0001219682
       -0.0000625668   0.0000522808  -0.0001219712  -0.0000000020   0.0000000004
       -0.0001295030   0.0000000740   0.0000000155   0.0076555908   0.0000000411
        0.0000000704   0.0007984347   0.0000008335  -0.0000000647  -0.0305705851
        0.0000000645   0.0000000385   0.0067937925  -0.0000000273  -0.0000000061
       -0.0013992824
       -0.0005647958   0.0023899945   0.0000000553   0.0031413722  -0.0014056970
       -0.0000000661  -0.0487523923  -0.0733945712   0.0000006893  -0.0385247499
        0.0319833924   0.0000000595   0.0576402163   0.0114773082  -0.0000004395
       -0.1298975902   0.0460733552   0.0000001680   0.6610111681  -0.0190299899
       -0.0000027266  -0.3033463296   0.0799404771   0.0000009755  -0.1375140055
       -0.0768098324   0.0000008845  -0.0005950506   0.0000062932  -0.0000638754
       -0.0005951047   0.0000063322   0.0000638961   0.0002917768   0.0000081068
       -0.0000000060  -0.0002437220   0.0008410131   0.0000000358  -0.0016578445
       -0.0036068231   0.0000000667  -0.0175395705   0.0271843123  -0.0000000348
       -0.0127777655   0.0055550426   0.0000000534  -0.0300756122  -0.0312187140
        0.0000002643
        0.0003361684   0.0015768844  -0.0000001142  -0.0004943793  -0.0072329368
        0.0000001582  -0.0187667254   0.0449313337  -0.0000001703   0.0358550287
       -0.0222208580  -0.0000001922  -0.0494633596  -0.0639793376   0.0000006098
        0.1307617397  -0.2776705755   0.0000004303  -0.0190299899   0.6603335126
       -0.0000025069   0.0045996364  -0.0964175488   0.0000002824  -0.1109745467
       -0.2315329099   0.0000016697   0.0001891621  -0.0003363392  -0.0001240843
        0.0001892078  -0.0003363220   0.0001241008   0.0002451198   0.0000552685
        0.0000000276   0.0003736059  -0.0000838283  -0.0000000236  -0.0027200535
       -0.0022649349   0.0000000523   0.0021704280  -0.0063002130   0.0000000078
        0.0307522149  -0.0083988653  -0.0000001383  -0.0040232573   0.0098776701
       -0.0000001090
        0.0000000125   0.0000000113   0.0011635777   0.0000000759   0.0000000298
        0.0073059574   0.0000003723   0.0000002492  -0.0060067762   0.0000000148
       -0.0000001190  -0.0044909313  -0.0000000920   0.0000001870  -0.0026884686
       -0.0000002234   0.0000009244  -0.0479520617  -0.0000027266  -0.0000025069
        0.1289388995   0.0000013391  -0.0000001944  -0.0477358341   0.0000010520
        0.0000013205  -0.0367064424   0.0004590216   0.0000875817  -0.0001815319
       -0.0004590409  -0.0000875880  -0.0001815210  -0.0000000031   0.0000000149
        0.0000588441   0.0000000062  -0.0000000026   0.0006561590   0.0000000553
        0.0000000595   0.0077293586   0.0000000744  -0.0000000945  -0.0001174635
       -0.0000001085   0.0000000130   0.0009811636   0.0000001704   0.0000001143
       -0.0007729293
        0.0003812206  -0.0037194232  -0.0000001181  -0.0482272564  -0.0314315975
        0.0000007174  -0.1677361882  -0.0697147262   0.0000011823   0.0489867637
       -0.0407043099  -0.0000000746  -0.0526430861  -0.0227980549   0.0000004195
       -0.0188374098   0.0799975867  -0.0000002691  -0.3033463296   0.0045996364
        0.0000013391   0.6566176998   0.0107257844  -0.0000032534  -0.0411244331
       -0.0110718475   0.0000003767   0.0002770905   0.0001862348  -0.0000148461
        0.0002770953   0.0001862105   0.0000148866   0.0003588506  -0.0005892670
       -0.0000000424  -0.0005052734   0.0025111194   0.0000000181  -0.0003023136
       -0.0004758174  -0.0000000129  -0.0000651567   0.0019950599   0.0000000189
       -0.0713246286   0.0827142834  -0.0000003684  -0.0027866449  -0.0024108720
        0.0000000264
        0.0006243875   0.0020180080  -0.0000000213  -0.0060688656   0.0019228140
        0.0000000476  -0.1447774620  -0.2442640758   0.0000020844   0.0075607332
       -0.0573833834   0.0000002532  -0.0207181696  -0.0058546513   0.0000001675
        0.0288455423   0.0082536960  -0.0000001738   0.0799404771  -0.0964175488
       -0.0000001944   0.0107257844   0.6838702725  -0.0000038862  -0.0375039144
        0.0000023335   0.0000002191  -0.0001869280   0.0002603584   0.0004012176
       -0.0001869467   0.0002603658  -0.0004012020   0.0004277987  -0.0006810094
       -0.0000000187   0.0020104620  -0.0049749518   0.0000000310  -0.0004803779
        0.0008055603  -0.0000000103   0.0025858250  -0.0048931959   0.0000000343
        0.0814626972  -0.2798087348   0.0000013995  -0.0042610432  -0.0031158573
        0.0000000525
        0.0000000071   0.0000001141  -0.0018522683   0.0000004385   0.0000000434
        0.0051836917   0.0000016171   0.0000016479  -0.0453005987  -0.0000003280
        0.0000005846   0.0010279336   0.0000003661   0.0000000958  -0.0023882451
       -0.0000000240  -0.0000004878   0.0007713057   0.0000009755   0.0000002824
       -0.0477358341  -0.0000032534  -0.0000038862   0.1008278558   0.0000004594
        0.0000001038   0.0042430217  -0.0001065770  -0.0004127236   0.0001130540
        0.0001065551   0.0004127610   0.0001130754   0.0000000084   0.0000000237
        0.0003533661   0.0000000382   0.0000000245   0.0061756918   0.0000000104
        0.0000000028  -0.0000401872   0.0000000041   0.0000000495   0.0064474469
       -0.0000003433   0.0000013235  -0.0292925184   0.0000000459   0.0000000404
        0.0013532091
        0.0005100764  -0.0010876939   0.0000000063  -0.0044288707  -0.0010061337
        0.0000000284  -0.0013163378   0.0052215651  -0.0000000049   0.0007208875
       -0.0017705366   0.0000000117  -0.0017858998   0.0007591792   0.0000000594
        0.0028935868   0.0019856315  -0.0000000020  -0.1375140055  -0.1109745467
        0.0000010520  -0.0411244331  -0.0375039144   0.0000004594   0.5656688328
        0.0054478636  -0.0000028746   0.0001487388   0.0000891454   0.0000131725
        0.0001487383   0.0000891222  -0.0000131816  -0.0000655314   0.0000968588
       -0.0000000039   0.0003001551   0.0002903533  -0.0000000112   0.0001062369
        0.0000653922  -0.0000000090   0.0027139708   0.0026403301  -0.0000000311
        0.0021869616  -0.0002304033  -0.0000000181  -0.3891631066   0.1358877872
        0.0000013469
        0.0005407915  -0.0017826273   0.0000000262  -0.0037709835   0.0014304095
       -0.0000000034   0.0065228693  -0.0002039547  -0.0000000185  -0.0020113802
       -0.0002104542   0.0000000338   0.0051745721  -0.0052264882   0.0000000458
       -0.0305930000  -0.0513894815   0.0000004336  -0.0768098324  -0.2315329099
        0.0000013205  -0.0110718475   0.0000023335   0.0000001038   0.0054478636
        0.3678097929  -0.0000017777   0.0000729525   0.0002370813  -0.0001096168
        0.0000729506   0.0002370450   0.0001096119  -0.0001400637   0.0001255827
       -0.0000000096   0.0002255692   0.0003534003  -0.0000000052  -0.0012971838
       -0.0022009625  -0.0000000003  -0.0005558439   0.0032094072  -0.0000000142
       -0.0002846577   0.0011162191  -0.0000000083   0.1084772238  -0.0819743931
       -0.0000001215
       -0.0000000063   0.0000000064  -0.0001938642   0.0000000307   0.0000000028
        0.0001540800  -0.0000000054   0.0000000091   0.0051691042  -0.0000000414
       -0.0000000028  -0.0001059478   0.0000000861   0.0000000716   0.0068137413
        0.0000001670   0.0000002129   0.0060722302   0.0000008845   0.0000016697
       -0.0367064424   0.0000003767   0.0000002191   0.0042430217  -0.0000028746
       -0.0000017777   0.0270939257   0.0000310950  -0.0000282619   0.0000865718
       -0.0000310935   0.0000282566   0.0000865700   0.0000000038  -0.0000000002
        0.0000482440  -0.0000000113  -0.0000000049  -0.0013298200   0.0000000009
        0.0000000111  -0.0003240767  -0.0000000143  -0.0000000411  -0.0013122159
       -0.0000000323  -0.0000000301  -0.0032533317   0.0000014342  -0.0000003402
       -0.0065417901
       -0.0601629250  -0.0312386002   0.0505146793   0.0033598269   0.0117457601
       -0.0117933305   0.0020442292   0.0004272350  -0.0014215568  -0.0005668870
        0.0005111647   0.0002024780   0.0004601259   0.0001578123   0.0001840315
       -0.0000342828  -0.0004434893   0.0000625678  -0.0005950506   0.0001891621
        0.0004590216   0.0002770905  -0.0001869280  -0.0001065770   0.0001487388
        0.0000729525   0.0000310950   0.0661326814   0.0319285316  -0.0554669422
        0.0026554313   0.0028645661  -0.0081327188  -0.0119615002  -0.0156224211
        0.0268685778  -0.0000077277  -0.0001251741  -0.0000086114   0.0000114309
       -0.0000296633  -0.0000307910   0.0000318330  -0.0000341099  -0.0001048750
       -0.0018077002  -0.0002058422  -0.0012315299   0.0000146855  -0.0000109562
       -0.0000255183
       -0.0308058879  -0.0893556383   0.0870404138   0.0027309950  -0.0382076946
        0.0255638746  -0.0020115902   0.0008052814   0.0005789878   0.0004429080
       -0.0005162520  -0.0002459021  -0.0004700136   0.0000390588  -0.0002157790
        0.0001347240   0.0003091455  -0.0000522829   0.0000062932  -0.0003363392
        0.0000875817   0.0001862348   0.0002603584  -0.0004127236   0.0000891454
        0.0002370813  -0.0000282619   0.0319285316   0.1213541508  -0.1085159993
        0.0028637054   0.0074297187  -0.0111336927  -0.0049801377  -0.0028671278
        0.0071121541  -0.0000215518   0.0002158369   0.0000401303  -0.0000101554
        0.0000000495   0.0000356799   0.0000210073   0.0000360424   0.0000306814
       -0.0000521505   0.0006371114   0.0001071584  -0.0000520575  -0.0000407833
        0.0000079795
        0.0496138540   0.0868699410  -0.1951947572  -0.0052002112   0.0101585071
        0.0026268990   0.0018377295  -0.0001322595   0.0005225138  -0.0002937713
        0.0002475646   0.0000363306   0.0003467729  -0.0000674160   0.0000694266
        0.0000683586  -0.0002324288  -0.0001219682  -0.0000638754  -0.0001240843
       -0.0001815319  -0.0000148461   0.0004012176   0.0001130540   0.0000131725
       -0.0001096168   0.0000865718  -0.0554669422  -0.1085159993   0.2229488083
        0.0081307246   0.0111341537  -0.0290270073   0.0020276220   0.0010604296
       -0.0017057922   0.0000166631  -0.0001427142  -0.0000304654   0.0000087893
       -0.0000058646   0.0000118103   0.0000197064  -0.0000717649   0.0000047459
       -0.0010940779  -0.0004927116  -0.0001398561   0.0000503313   0.0000230465
       -0.0000187820
       -0.0601693069  -0.0312434362  -0.0505240250   0.0033606023   0.0117449787
        0.0117932469   0.0020443280   0.0004272131   0.0014216497  -0.0005668697
        0.0005111861  -0.0002024425   0.0004601385   0.0001578134  -0.0001840378
       -0.0000342856  -0.0004435092  -0.0000625668  -0.0005951047   0.0001892078
       -0.0004590409   0.0002770953  -0.0001869467   0.0001065551   0.0001487383
        0.0000729506  -0.0000310935   0.0026554313   0.0028637054   0.0081307246
        0.0661398993   0.0319345668   0.0554776910  -0.0119632398  -0.0156219904
       -0.0268681122  -0.0000077290  -0.0001251703   0.0000086129   0.0000114353
       -0.0000296661   0.0000307863   0.0000318335  -0.0000341073   0.0001048771
       -0.0018076506  -0.0002058370   0.0012316554   0.0000146846  -0.0000109587
        0.0000255196
       -0.0308105366  -0.0893527623  -0.0870365138   0.0027292141  -0.0382071481
       -0.0255649483  -0.0020115835   0.0008054284  -0.0005788488   0.0004428360
       -0.0005162635   0.0002458862  -0.0004700002   0.0000390787   0.0002157677
        0.0001347226   0.0003091476   0.0000522808   0.0000063322  -0.0003363220
       -0.0000875880   0.0001862105   0.0002603658   0.0004127610   0.0000891222
        0.0002370450   0.0000282566   0.0028645661   0.0074297187   0.0111341537
        0.0319345668   0.1213504474   0.1085121750  -0.0049804873  -0.0028669753
       -0.0071117827  -0.0000215556   0.0002158378  -0.0000401325  -0.0000101652
        0.0000000484  -0.0000356789   0.0000210045   0.0000360360  -0.0000306779
       -0.0000521910   0.0006371011  -0.0001071326  -0.0000520556  -0.0000407838
       -0.0000079774
       -0.0496231493  -0.0868662401  -0.1951915787   0.0052001526  -0.0101599186
        0.0026250655  -0.0018379147   0.0001322625   0.0005225831   0.0002938120
       -0.0002475849   0.0000363358  -0.0003468233   0.0000673975   0.0000694340
       -0.0000683326   0.0002324372  -0.0001219712   0.0000638961   0.0001241008
       -0.0001815210   0.0000148866  -0.0004012020   0.0001130754  -0.0000131816
        0.0001096119   0.0000865700  -0.0081327188  -0.0111336927  -0.0290270073
        0.0554776910   0.1085121750   0.2229457017  -0.0020270087  -0.0010594035
       -0.0017040059  -0.0000166639   0.0001427217  -0.0000304644  -0.0000087893
        0.0000058688   0.0000118064  -0.0000197112   0.0000717724   0.0000047384
        0.0010941907   0.0004927400  -0.0001399789  -0.0000503357  -0.0000230460
       -0.0000187829
       -0.2712307198  -0.0447751016   0.0000068818  -0.0217828881   0.0071151547
        0.0000005579  -0.0025406082   0.0030389154   0.0000002629  -0.0004651072
       -0.0003760623   0.0000000075  -0.0001974663   0.0001121261  -0.0000000192
        0.0001288313   0.0000794493  -0.0000000020   0.0002917768   0.0002451198
       -0.0000000031   0.0003588506   0.0004277987   0.0000000084  -0.0000655314
       -0.0001400637   0.0000000038  -0.0119615002  -0.0049801377   0.0020276220
       -0.0119632398  -0.0049804873  -0.0020270087   0.3195916623   0.0437914140
       -0.0000083165  -0.0000258507   0.0000218152   0.0000000058  -0.0000673987
        0.0000476214   0.0000000007  -0.0000440728   0.0000183037   0.0000000005
       -0.0000150913   0.0003049624  -0.0000000041  -0.0000116464   0.0000491718
        0.0000000021
       -0.0510883171  -0.0488898436   0.0000015351   0.0343170413  -0.0009165983
       -0.0000009318   0.0034716474  -0.0051364927  -0.0000002776   0.0014906597
       -0.0000471088  -0.0000000084   0.0000093322  -0.0003555469   0.0000000244
       -0.0001460029   0.0000944935   0.0000000004   0.0000081068   0.0000552685
        0.0000000149  -0.0005892670  -0.0006810094   0.0000000237   0.0000968588
        0.0001255827  -0.0000000002  -0.0156224211  -0.0028671278   0.0010604296
       -0.0156219904  -0.0028669753  -0.0010594035   0.0437914140   0.0609092845
       -0.0000013883   0.0000440323   0.0001455706  -0.0000000080   0.0001112538
       -0.0000170923  -0.0000000042  -0.0000119059   0.0000490182  -0.0000000046
       -0.0002236843   0.0003977760  -0.0000000036  -0.0000367577   0.0000008009
        0.0000000019
        0.0000068449   0.0000014092  -0.0448154167   0.0000010632  -0.0000002791
        0.0010837038  -0.0000000327  -0.0000000938   0.0006004072   0.0000000267
        0.0000000049   0.0001308164  -0.0000000197  -0.0000000326   0.0000601602
        0.0000000263   0.0000000051  -0.0001295030  -0.0000000060   0.0000000276
        0.0000588441  -0.0000000424  -0.0000000187   0.0003533661  -0.0000000039
       -0.0000000096   0.0000482440   0.0268685778   0.0071121541  -0.0017057922
       -0.0268681122  -0.0071117827  -0.0017040059  -0.0000083165  -0.0000013883
        0.0462105993   0.0000000074  -0.0000000005   0.0000128864   0.0000000032
        0.0000000019  -0.0000002776  -0.0000000040  -0.0000000002  -0.0000498220
       -0.0000000127   0.0000000041  -0.0001539811   0.0000000006  -0.0000000014
       -0.0000002290
       -0.0000899477   0.0002312334   0.0000000021   0.0011443679  -0.0003273028
       -0.0000000293   0.0060555932   0.0062094396  -0.0000000586  -0.1470462808
       -0.1293447509   0.0000011694  -0.0211155116  -0.0233678102   0.0000002108
       -0.0052695499   0.0015500667   0.0000000740  -0.0002437220   0.0003736059
        0.0000000062  -0.0005052734   0.0020104620   0.0000000382   0.0003001551
        0.0002255692  -0.0000000113  -0.0000077277  -0.0000215518   0.0000166631
       -0.0000077290  -0.0000215556  -0.0000166639  -0.0000258507   0.0000440323
        0.0000000074   0.1667116414   0.1436990324  -0.0000013853   0.0008035076
       -0.0007412633  -0.0000000190  -0.0009902456  -0.0012124155   0.0000000112
        0.0002430623   0.0005782076  -0.0000000098   0.0000435109   0.0001150009
       -0.0000000051
       -0.0001429620   0.0001560275   0.0000000109  -0.0002791916   0.0020764093
       -0.0000000316  -0.0190499047  -0.0261525137   0.0000002192  -0.1286782129
       -0.2038527615   0.0000013601   0.0001182700   0.0018165880  -0.0000000181
        0.0009362282   0.0012792565   0.0000000155   0.0008410131  -0.0000838283
       -0.0000000026   0.0025111194  -0.0049749518   0.0000000245   0.0002903533
        0.0003534003  -0.0000000049  -0.0001251741   0.0002158369  -0.0001427142
       -0.0001251703   0.0002158378   0.0001427217   0.0000218152   0.0001455706
       -0.0000000005   0.1436990324   0.2288079811  -0.0000015764   0.0007797801
        0.0010001369  -0.0000000154   0.0001925774   0.0000793126   0.0000000023
       -0.0009578080  -0.0011682853   0.0000000125  -0.0000317657   0.0000859830
       -0.0000000029
        0.0000000101  -0.0000000066   0.0000276524  -0.0000000198   0.0000000181
       -0.0027368247  -0.0000000285   0.0000001128   0.0011583060   0.0000011849
        0.0000012673  -0.0309504384   0.0000001420   0.0000001789  -0.0009964956
        0.0000000703   0.0000000175   0.0076555908   0.0000000358  -0.0000000236
        0.0006561590   0.0000000181   0.0000000310   0.0061756918  -0.0000000112
       -0.0000000052  -0.0013298200  -0.0000086114   0.0000401303  -0.0000304654
        0.0000086129  -0.0000401325  -0.0000304644   0.0000000058  -0.0000000080
        0.0000128864  -0.0000013853  -0.0000015764   0.0231128412  -0.0000000277
       -0.0000000126  -0.0028089617   0.0000000113   0.0000000135   0.0003516881
       -0.0000000050  -0.0000000017  -0.0001178894  -0.0000000023  -0.0000000027
       -0.0001494560
       -0.0005175741   0.0002149102  -0.0000000093  -0.0004654743   0.0015284767
        0.0000000130  -0.0054112253   0.0002203190   0.0000000846  -0.0136626124
        0.0281360341  -0.0000000650  -0.0803185506   0.0894920087  -0.0000001926
        0.0061931027  -0.0161409366   0.0000000411  -0.0016578445  -0.0027200535
        0.0000000553  -0.0003023136  -0.0004803779   0.0000000104   0.0001062369
       -0.0012971838   0.0000000009   0.0000114309  -0.0000101554   0.0000087893
        0.0000114353  -0.0000101652  -0.0000087893  -0.0000673987   0.0001112538
        0.0000000032   0.0008035076   0.0007797801  -0.0000000277   0.0942710778
       -0.0989492490   0.0000001001   0.0009195029  -0.0008666267  -0.0000000113
        0.0000012491  -0.0000411441  -0.0000000065   0.0000854503   0.0000331094
        0.0000000040
        0.0000325654   0.0001106950   0.0000000029   0.0002985222  -0.0004632034
       -0.0000000102   0.0008458693   0.0010965145   0.0000000207   0.0044081575
       -0.0062064409   0.0000000035   0.0894789985  -0.2661618611   0.0000006553
        0.0079504720  -0.0259592186   0.0000000704  -0.0036068231  -0.0022649349
        0.0000000595  -0.0004758174   0.0008055603   0.0000000028   0.0000653922
       -0.0022009625   0.0000000111  -0.0000296633   0.0000000495  -0.0000058646
       -0.0000296661   0.0000000484   0.0000058688   0.0000476214  -0.0000170923
        0.0000000019  -0.0007412633   0.0010001369  -0.0000000126  -0.0989492490
        0.2991580668  -0.0000007859   0.0005801574   0.0008941490  -0.0000000172
       -0.0000606088   0.0001178425  -0.0000000071   0.0001853350   0.0000906510
        0.0000000008
        0.0000000006   0.0000000048  -0.0002355094  -0.0000000132  -0.0000000024
        0.0000763168   0.0000001021   0.0000000605   0.0085084155   0.0000001133
       -0.0000001730   0.0003512883  -0.0000002261   0.0000007110  -0.0344905763
       -0.0000000727   0.0000001848   0.0007984347   0.0000000667   0.0000000523
        0.0077293586  -0.0000000129  -0.0000000103  -0.0000401872  -0.0000000090
       -0.0000000003  -0.0003240767  -0.0000307910   0.0000356799   0.0000118103
        0.0000307863  -0.0000356789   0.0000118064   0.0000000007  -0.0000000042
       -0.0000002776  -0.0000000190  -0.0000000154  -0.0028089617   0.0000001001
       -0.0000007859   0.0243396213  -0.0000000145  -0.0000000135  -0.0024348709
       -0.0000000111  -0.0000000089  -0.0015323250  -0.0000000002  -0.0000000005
        0.0000397328
        0.0000381579  -0.0001462072  -0.0000000010   0.0001682915   0.0000553074
       -0.0000000013   0.0008981794   0.0000035883  -0.0000000034  -0.0012441083
       -0.0037214308   0.0000000379  -0.0222062153   0.0009581014   0.0000000954
       -0.2902041644   0.0369423378   0.0000008335  -0.0175395705   0.0021704280
        0.0000000744  -0.0000651567   0.0025858250   0.0000000041   0.0027139708
       -0.0005558439  -0.0000000143   0.0000318330   0.0000210073   0.0000197064
        0.0000318335   0.0000210045  -0.0000197112  -0.0000440728  -0.0000119059
       -0.0000000040  -0.0009902456   0.0001925774   0.0000000113   0.0009195029
        0.0005801574  -0.0000000145   0.3282480426  -0.0405136144  -0.0000010132
       -0.0007634013   0.0000406185   0.0000000075   0.0000071233   0.0013780491
       -0.0000000076
        0.0000899026  -0.0000385268  -0.0000000045  -0.0001756324   0.0000186057
       -0.0000000083  -0.0001990632  -0.0008235066   0.0000000098  -0.0032859814
       -0.0032264543   0.0000000479  -0.0231907493   0.0026914714   0.0000000925
        0.0374848440  -0.0502532208  -0.0000000647   0.0271843123  -0.0063002130
       -0.0000000945   0.0019950599  -0.0048931959   0.0000000495   0.0026403301
        0.0032094072  -0.0000000411  -0.0000341099   0.0000360424  -0.0000717649
       -0.0000341073   0.0000360360   0.0000717724   0.0000183037   0.0000490182
       -0.0000000002  -0.0012124155   0.0000793126   0.0000000135  -0.0008666267
        0.0008941490  -0.0000000135  -0.0405136144   0.0594119302  -0.0000000028
        0.0014793641  -0.0002313203  -0.0000000067  -0.0013798166  -0.0006595348
        0.0000000156
       -0.0000000012  -0.0000000011  -0.0004286737  -0.0000000454   0.0000000035
       -0.0011069789   0.0000000310  -0.0000000037   0.0004115847   0.0000000683
        0.0000000627   0.0070480301   0.0000002046  -0.0000000073  -0.0003330036
        0.0000007954  -0.0000000637  -0.0305705851  -0.0000000348   0.0000000078
       -0.0001174635   0.0000000189   0.0000000343   0.0064474469  -0.0000000311
       -0.0000000142  -0.0013122159  -0.0001048750   0.0000306814   0.0000047459
        0.0001048771  -0.0000306779   0.0000047384   0.0000000005  -0.0000000046
       -0.0000498220   0.0000000112   0.0000000023   0.0003516881  -0.0000000113
       -0.0000000172  -0.0024348709  -0.0000010132  -0.0000000028   0.0223052446
        0.0000000023   0.0000000054   0.0003641501   0.0000000029  -0.0000000049
       -0.0005840152
       -0.0020654243  -0.0007587680   0.0000000539   0.0008442791   0.0014625577
       -0.0000000032   0.0080619186  -0.0145923792   0.0000000434  -0.0019630164
       -0.0030576198   0.0000000663  -0.0003800602  -0.0004431259   0.0000000104
       -0.0057366502   0.0003119495   0.0000000645  -0.0127777655   0.0307522149
       -0.0000001085  -0.0713246286   0.0814626972  -0.0000003433   0.0021869616
       -0.0002846577  -0.0000000323  -0.0018077002  -0.0000521505  -0.0010940779
       -0.0018076506  -0.0000521910   0.0010941907  -0.0000150913  -0.0002236843
       -0.0000000127   0.0002430623  -0.0009578080  -0.0000000050   0.0000012491
       -0.0000606088  -0.0000000111  -0.0007634013   0.0014793641   0.0000000023
        0.0864919600  -0.0949266732   0.0000001646   0.0008119578  -0.0000591171
       -0.0000000022
        0.0007171814  -0.0000644352  -0.0000000285   0.0016625719   0.0010321663
       -0.0000000517   0.0079001596  -0.0253282922   0.0000001007  -0.0036551301
       -0.0028868362   0.0000000845  -0.0004584667   0.0006494077   0.0000000029
        0.0009139020   0.0008920415   0.0000000385   0.0055550426  -0.0083988653
        0.0000000130   0.0827142834  -0.2798087348   0.0000013235  -0.0002304033
        0.0011162191  -0.0000000301  -0.0002058422   0.0006371114  -0.0004927116
       -0.0002058370   0.0006371011   0.0004927400   0.0003049624   0.0003977760
        0.0000000041   0.0005782076  -0.0011682853  -0.0000000017  -0.0000411441
        0.0001178425  -0.0000000089   0.0000406185  -0.0002313203   0.0000000054
       -0.0949266732   0.3123857705  -0.0000014847  -0.0006634330   0.0000213334
        0.0000000045
        0.0000000764   0.0000000119  -0.0003012518  -0.0000000809  -0.0000000334
       -0.0017106398  -0.0000000915   0.0000001367  -0.0001590330   0.0000000750
        0.0000000804   0.0070159289   0.0000000232  -0.0000000014  -0.0002720974
        0.0000000543   0.0000000160   0.0067937925   0.0000000534  -0.0000001383
        0.0009811636  -0.0000003684   0.0000013995  -0.0292925184  -0.0000000181
       -0.0000000083  -0.0032533317  -0.0012315299   0.0001071584  -0.0001398561
        0.0012316554  -0.0001071326  -0.0001399789  -0.0000000041  -0.0000000036
       -0.0001539811  -0.0000000098   0.0000000125  -0.0001178894  -0.0000000065
       -0.0000000071  -0.0015323250   0.0000000075  -0.0000000067   0.0003641501
        0.0000001646  -0.0000014847   0.0218276568  -0.0000000008   0.0000000006
        0.0000902105
       -0.0000221418   0.0002106167   0.0000000031   0.0001582460  -0.0006279015
        0.0000000016  -0.0018336829   0.0007449701   0.0000000114   0.0007053384
       -0.0001445994  -0.0000000048  -0.0008517551  -0.0001298666   0.0000000070
        0.0028839756   0.0016822638  -0.0000000273  -0.0300756122  -0.0040232573
        0.0000001704  -0.0027866449  -0.0042610432   0.0000000459  -0.3891631066
        0.1084772238   0.0000014342   0.0000146855  -0.0000520575   0.0000503313
        0.0000146846  -0.0000520556  -0.0000503357  -0.0000116464  -0.0000367577
        0.0000000006   0.0000435109  -0.0000317657  -0.0000000023   0.0000854503
        0.0001853350  -0.0000000002   0.0000071233  -0.0013798166   0.0000000029
        0.0008119578  -0.0006634330  -0.0000000008   0.4200196175  -0.0998978552
       -0.0000016371
       -0.0000809588   0.0002419979  -0.0000000006   0.0007426059  -0.0004249880
       -0.0000000015  -0.0022213364   0.0000253406   0.0000000189   0.0000677871
        0.0001387981  -0.0000000045   0.0001038800  -0.0001670845   0.0000000032
       -0.0024666230   0.0013492247  -0.0000000061  -0.0312187140   0.0098776701
        0.0000001143  -0.0024108720  -0.0031158573   0.0000000404   0.1358877872
       -0.0819743931  -0.0000003402  -0.0000109562  -0.0000407833   0.0000230465
       -0.0000109587  -0.0000407838  -0.0000230460   0.0000491718   0.0000008009
       -0.0000000014   0.0001150009   0.0000859830  -0.0000000027   0.0000331094
        0.0000906510  -0.0000000005   0.0013780491  -0.0006595348  -0.0000000049
       -0.0000591171   0.0000213334   0.0000000006  -0.0998978552   0.0745916252
        0.0000001844
        0.0000000002  -0.0000000004   0.0001028293  -0.0000000345   0.0000000047
       -0.0004252945   0.0000000590  -0.0000000302   0.0016930298   0.0000000218
        0.0000000279  -0.0000144791  -0.0000000303  -0.0000000011   0.0001753479
       -0.0000000092  -0.0000000294  -0.0013992824   0.0000002643  -0.0000001090
       -0.0007729293   0.0000000264   0.0000000525   0.0013532091   0.0000013469
       -0.0000001215  -0.0065417901  -0.0000255183   0.0000079795  -0.0000187820
        0.0000255196  -0.0000079774  -0.0000187829   0.0000000021   0.0000000019
       -0.0000002290  -0.0000000051  -0.0000000029  -0.0001494560   0.0000000040
        0.0000000008   0.0000397328  -0.0000000076   0.0000000156  -0.0005840152
       -0.0000000022   0.0000000045   0.0000902105  -0.0000016371   0.0000001844
        0.0064706812
