           1           2   1.02151585622458     
           2           3  0.977909622031834     
           3           4   1.05435627465599     
           4           5   2.84941158989618     
           1           6  0.987390815683665     
           1           7  0.986418123192116     
           1           8  0.985929950272527     
           2           9  0.978946809071305     
           2          10  0.977065789536761     
           3          11  0.945589195037514     
           3          12  0.945885129205133     
