$hessian                                                                        
        0.6902773573   0.0197613825   0.0000516803  -0.3584961939   0.0515038970
       -0.0000360028  -0.0451384357  -0.0770250104   0.0000079239  -0.0399104998
        0.0254862741  -0.0000073741   0.0505194357   0.0174441065   0.0000019622
       -0.1236341233   0.0534558805  -0.0000158070  -0.0327262997   0.0224053948
       -0.0000054191   0.0040089832   0.0068384417  -0.0000023523   0.0049793074
       -0.0013073898  -0.0000004000  -0.1237899205  -0.1214778228   0.0000096597
       -0.0162150519   0.0036398270  -0.0000018209  -0.0002141919   0.0007922640
       -0.0000001255  -0.0014511545  -0.0033656176   0.0000000615  -0.0065959836
        0.0019046299  -0.0000017633  -0.0016132288  -0.0000562575  -0.0000002224
        0.0197613825   0.6404688136  -0.0000824932  -0.0217192281  -0.0943778256
        0.0000055114  -0.0196294435   0.0340824286  -0.0000072445   0.0287194098
       -0.0139816310   0.0000044994  -0.0278198641  -0.0619791770   0.0000072964
        0.1067165631  -0.2630248098   0.0000459008   0.0249321666   0.0028023680
        0.0000003546  -0.0073590868  -0.0069023473   0.0000018496  -0.0051702263
       -0.0062160631   0.0000018565  -0.1207924271  -0.2243596519   0.0000181824
        0.0261297846  -0.0025527787   0.0000025750   0.0005335540   0.0004132984
        0.0000000572  -0.0027578279  -0.0044252815   0.0000014243  -0.0000693705
        0.0005265046   0.0000004208  -0.0014753864  -0.0004738474  -0.0000001907
        0.0000516803  -0.0000824932   0.1189219586  -0.0000245678   0.0000133930
       -0.0428696518   0.0000013176  -0.0000140160  -0.0023823268  -0.0000083188
        0.0000037984  -0.0037207651   0.0000102681   0.0000131735   0.0015812508
       -0.0000241226   0.0000398619  -0.0512013275  -0.0000091134   0.0000013207
       -0.0009406932   0.0000025207   0.0000019369   0.0000487246  -0.0000023028
        0.0000018990   0.0051834078   0.0000099226   0.0000178912  -0.0355667947
       -0.0000056323   0.0000006512  -0.0000684815  -0.0000002806   0.0000001036
       -0.0001949686  -0.0000005631   0.0000013745   0.0068661604  -0.0000008466
        0.0000007798   0.0029770802   0.0000000387   0.0000003256   0.0013664268
       -0.3584961939  -0.0217192281  -0.0000245678   0.6917849780  -0.0271780278
        0.0000570582  -0.1348960600  -0.0518330887  -0.0000004359   0.0507093985
       -0.0279304276   0.0000094229  -0.0450264532  -0.0252824435  -0.0000000935
       -0.0375400915   0.0772268510  -0.0000165042   0.0076028245   0.0069148926
       -0.0000019284  -0.0015942115  -0.0040587292   0.0000014303  -0.0449657128
       -0.0368434274   0.0000009660  -0.0185888192  -0.0009720683  -0.0000014633
       -0.1020992223   0.1093644587  -0.0000224154  -0.0003802298   0.0032827280
       -0.0000012020  -0.0001802209  -0.0005505617  -0.0000001122  -0.0006112746
        0.0003260366   0.0000003584  -0.0057187115  -0.0007469646  -0.0000005131
        0.0515038970  -0.0943778256   0.0000133930  -0.0271780278   0.6485716588
       -0.0000831119  -0.1251325652  -0.2510000078   0.0000177046   0.0173938029
       -0.0576231851   0.0000110089  -0.0234770133  -0.0091776736  -0.0000019578
        0.0245198020   0.0188189841  -0.0000001754   0.0063622437  -0.0033972109
        0.0000020027  -0.0024140637  -0.0014169834  -0.0000000735  -0.0128765168
        0.0010200381  -0.0000007267  -0.0240518358   0.0005116690  -0.0000022547
        0.1104857560  -0.2484532122   0.0000418763   0.0026216070  -0.0045477932
        0.0000019756  -0.0003133348   0.0006406019  -0.0000000239   0.0015888274
       -0.0002961590   0.0000001326   0.0009674214   0.0007270989   0.0000002302
       -0.0000360028   0.0000055114  -0.0428696518   0.0000570582  -0.0000831119
        0.1096124496   0.0000109519   0.0000253135  -0.0531407328   0.0000018143
        0.0000062702   0.0008533549  -0.0000001344  -0.0000018462  -0.0034306382
       -0.0000076738   0.0000059766   0.0036492846  -0.0000004329   0.0000026773
        0.0069156291  -0.0000003103  -0.0000007864  -0.0008675102  -0.0000025823
       -0.0000032474   0.0040705334   0.0000019058  -0.0000000205   0.0011496710
       -0.0000225680   0.0000417397  -0.0334957097  -0.0000010218   0.0000020186
        0.0066570072   0.0000000456  -0.0000001989  -0.0002413653  -0.0000000480
       -0.0000004529  -0.0012186918  -0.0000010016   0.0000001568   0.0023563700
       -0.0451384357  -0.0196294435   0.0000013176  -0.1348960600  -0.1251325652
        0.0000109519   0.6492311302   0.0005699526   0.0000503731  -0.1218252636
        0.1191477353  -0.0000243943  -0.0333385410   0.0259673217  -0.0000072239
        0.0157162745  -0.0049059259   0.0000012794  -0.0155081883  -0.0040551444
       -0.0000002287   0.0063858159   0.0061395651  -0.0000009991  -0.2964186042
        0.0155079042  -0.0000299673  -0.0052966518  -0.0000197019  -0.0000017558
        0.0075969932   0.0124028289  -0.0000012310   0.0036956818  -0.0155508041
        0.0000030010  -0.0049776637   0.0003784756  -0.0000016248   0.0005760248
       -0.0009695686   0.0000001902  -0.0258025122  -0.0098506297   0.0000003116
       -0.0770250104   0.0340824286  -0.0000140160  -0.0518330887  -0.2510000078
        0.0000253135   0.0005699526   0.6580225933  -0.0000800687   0.0370100478
       -0.2680872038   0.0000362889   0.0860727465   0.0235358235   0.0000051761
       -0.0054568979  -0.0605380846   0.0000081713   0.0025280147  -0.0011856118
        0.0000001680  -0.0017338559  -0.0008946965   0.0000005137   0.0491778890
       -0.0853681663   0.0000116153   0.0008313981   0.0008935495   0.0000014346
       -0.0127052641  -0.0277255720   0.0000031895   0.0088701334  -0.0273007327
        0.0000050995  -0.0007502663   0.0011625758   0.0000008527   0.0001042765
        0.0000399023   0.0000002057  -0.0356600755   0.0043632023  -0.0000039439
        0.0000079239  -0.0000072445  -0.0023823268  -0.0000004359   0.0000177046
       -0.0531407328   0.0000503731  -0.0000800687   0.1336035800  -0.0000124246
        0.0000451096  -0.0520451736  -0.0000167520  -0.0000014923  -0.0026371793
        0.0000034099   0.0000077882  -0.0069340801  -0.0000021999  -0.0000002487
        0.0007802876   0.0000009510   0.0000007695  -0.0003119245  -0.0000322723
        0.0000083895  -0.0376104918  -0.0000014164   0.0000013224   0.0093491279
        0.0000024617   0.0000056741   0.0020485183  -0.0000010657   0.0000027756
        0.0012183711  -0.0000012754   0.0000012751   0.0089755327   0.0000000424
       -0.0000000633   0.0000980748   0.0000026802  -0.0000016910  -0.0010115835
       -0.0399104998   0.0287194098  -0.0000083188   0.0507093985   0.0173938029
        0.0000018143  -0.1218252636   0.0370100478  -0.0000124246   0.6799097534
        0.0117279635   0.0000569573  -0.3471939862   0.0485831833  -0.0000397606
       -0.0473771912  -0.0706724380   0.0000072232   0.0082269918  -0.0014028901
       -0.0000002641  -0.0048551790  -0.0035634082   0.0000006296  -0.0460083963
        0.0415312861  -0.0000116622  -0.0002221852   0.0006761098  -0.0000000023
       -0.0014462539  -0.0032094657  -0.0000001589  -0.1158108541  -0.1133402672
        0.0000086383  -0.0165111018   0.0031527565  -0.0000019760   0.0003712402
        0.0003046755  -0.0000001461   0.0019435272   0.0030892340  -0.0000005490
        0.0254862741  -0.0139816310   0.0000037984  -0.0279304276  -0.0576231851
        0.0000062702   0.1191477353  -0.2680872038   0.0000451096   0.0117279635
        0.6443647514  -0.0000807506  -0.0259277984  -0.0943555343   0.0000053612
       -0.0170930228   0.0263892741  -0.0000058546  -0.0077295389  -0.0051169004
        0.0000018444   0.0006160820   0.0024574623  -0.0000007840   0.0111549414
       -0.0063405903   0.0000035232   0.0005098989   0.0005011730   0.0000000239
       -0.0028248209  -0.0037587137   0.0000013615  -0.1125063497  -0.2233865991
        0.0000178514   0.0273385862  -0.0033010526   0.0000035664  -0.0002057034
       -0.0003430531  -0.0000002382  -0.0017638198   0.0025818025  -0.0000010827
       -0.0000073741   0.0000044994  -0.0037207651   0.0000094229   0.0000110089
        0.0008533549  -0.0000243943   0.0000362889  -0.0520451736   0.0000569573
       -0.0000807506   0.1080420632  -0.0000275446   0.0000126943  -0.0438306008
       -0.0000025053  -0.0000097799   0.0035575492   0.0000015183   0.0000019645
        0.0078360966  -0.0000011537  -0.0000015104  -0.0016682986  -0.0000079271
        0.0000062828   0.0075467785  -0.0000001368  -0.0000000469  -0.0001877205
       -0.0000003331   0.0000012125   0.0068642416   0.0000086276   0.0000177304
       -0.0318935898  -0.0000060015   0.0000009612   0.0012269485   0.0000001802
       -0.0000002179  -0.0008292227   0.0000006642  -0.0000003372  -0.0017516615
        0.0505194357  -0.0278198641   0.0000102681  -0.0450264532  -0.0234770133
       -0.0000001344  -0.0333385410   0.0860727465  -0.0000167520  -0.3471939862
       -0.0259277984  -0.0000275446   0.6718162031  -0.0135669811   0.0000581689
       -0.1430870060  -0.0712444526  -0.0000004116  -0.0329774041  -0.0268853401
        0.0000020206  -0.0049036868   0.0022853106  -0.0000006847   0.0020731907
       -0.0001059982  -0.0000011940  -0.0010184696   0.0027146772  -0.0000016702
       -0.0002892967  -0.0007692958   0.0000000699  -0.0198980462  -0.0022437824
       -0.0000016553  -0.0960169122   0.1042467649  -0.0000225954   0.0000313946
       -0.0024401772   0.0000011622  -0.0006904222  -0.0008387961   0.0000009525
        0.0174441065  -0.0619791770   0.0000131735  -0.0252824435  -0.0091776736
       -0.0000018462   0.0259673217   0.0235358235  -0.0000014923   0.0485831833
       -0.0943555343   0.0000126943  -0.0135669811   0.6518998072  -0.0000858153
       -0.1251617656  -0.2519328752   0.0000209734  -0.0201319281  -0.0059322451
        0.0000004865   0.0061805831   0.0059122114  -0.0000017731   0.0055204830
       -0.0063282746   0.0000020143   0.0026805590  -0.0048427226   0.0000017362
       -0.0005319520   0.0005132600   0.0000000650  -0.0260660786  -0.0003826233
       -0.0000027275   0.1018799650  -0.2472605772   0.0000423621   0.0027854438
        0.0009316615  -0.0000002614  -0.0003004964  -0.0006010607   0.0000004104
        0.0000019622   0.0000072964   0.0015812508  -0.0000000935  -0.0000019578
       -0.0034306382  -0.0000072239   0.0000051761  -0.0026371793  -0.0000397606
        0.0000053612  -0.0438306008   0.0000581689  -0.0000858153   0.1182948656
        0.0000088485   0.0000263991  -0.0490253803   0.0000021949  -0.0000020434
       -0.0025609199  -0.0000019819  -0.0000004958   0.0032965184  -0.0000010898
        0.0000018655   0.0067488402  -0.0000011373   0.0000020866   0.0066011252
        0.0000000745  -0.0000001931  -0.0001194826   0.0000021217  -0.0000002367
       -0.0002894720  -0.0000217202   0.0000430305  -0.0343202627  -0.0000003204
       -0.0000005443  -0.0006091837  -0.0000000430   0.0000000709   0.0003005191
       -0.1236341233   0.1067165631  -0.0000241226  -0.0375400915   0.0245198020
       -0.0000076738   0.0157162745  -0.0054568979   0.0000034099  -0.0473771912
       -0.0170930228  -0.0000025053  -0.1430870060  -0.1251617656   0.0000088485
        0.6121463536   0.0159797311   0.0000429761  -0.1931163510   0.0362510043
       -0.0000234802  -0.0613173253  -0.0437071535   0.0000085620  -0.0103338790
        0.0011380333  -0.0000003557   0.0074926589  -0.0130178562   0.0000023179
       -0.0055057437   0.0001767613  -0.0000015376  -0.0058233199   0.0003366156
       -0.0000012979   0.0071291692   0.0097983314  -0.0000003944  -0.0161313898
        0.0089641925  -0.0000043902   0.0013819644   0.0005556615  -0.0000003568
        0.0534558805  -0.2630248098   0.0000398619   0.0772268510   0.0188189841
        0.0000059766  -0.0049059259  -0.0605380846   0.0000077882  -0.0706724380
        0.0263892741  -0.0000097799  -0.0712444526  -0.2519328752   0.0000263991
        0.0159797311   0.6620174664  -0.0000949752   0.0166701404  -0.0714652649
        0.0000017546  -0.0440960794  -0.0033101412   0.0000042974   0.0024197247
        0.0017220513  -0.0000003509   0.0084290478  -0.0262069930   0.0000045931
       -0.0002402129   0.0015506197   0.0000008880   0.0012585949   0.0016097045
        0.0000013790  -0.0106814158  -0.0260284850   0.0000033303   0.0264844399
       -0.0101796480   0.0000088376  -0.0000838858   0.0005782015   0.0000000000
       -0.0000158070   0.0000459008  -0.0512013275  -0.0000165042  -0.0000001754
        0.0036492846   0.0000012794   0.0000081713  -0.0069340801   0.0000072232
       -0.0000058546   0.0035575492  -0.0000004116   0.0000209734  -0.0490253803
        0.0000429761  -0.0000949752   0.1145828857  -0.0000204947   0.0000041229
       -0.0613634369   0.0000110856   0.0000043528   0.0149068561   0.0000004873
       -0.0000002433  -0.0004148096  -0.0000005688   0.0000030851   0.0011564971
       -0.0000010010   0.0000010864   0.0086918747  -0.0000019064   0.0000010114
        0.0083124058   0.0000023478   0.0000052510   0.0006112010  -0.0000088423
        0.0000073413   0.0134684727   0.0000001368  -0.0000000480   0.0000020076
       -0.0327262997   0.0249321666  -0.0000091134   0.0076028245   0.0063622437
       -0.0000004329  -0.0155081883   0.0025280147  -0.0000021999   0.0082269918
       -0.0077295389   0.0000015183  -0.0329774041  -0.0201319281   0.0000021949
       -0.1931163510   0.0166701404  -0.0000204947   0.6352636574   0.2006817698
       -0.0000420225  -0.3069004542  -0.2954707466   0.0000897314   0.0125134900
       -0.0011360774   0.0000012466   0.0009297062  -0.0017378387   0.0000012417
       -0.0002565977  -0.0001470876  -0.0000002338   0.0001348708   0.0004220054
       -0.0000002370   0.0006115509   0.0021485479  -0.0000004282  -0.0824145769
        0.0730075279  -0.0000205275  -0.0013832197  -0.0003991991  -0.0000002433
        0.0224053948   0.0028023680   0.0000013207   0.0069148926  -0.0033972109
        0.0000026773  -0.0040551444  -0.0011856118  -0.0000002487  -0.0014028901
       -0.0051169004   0.0000019645  -0.0268853401  -0.0059322451  -0.0000020434
        0.0362510043  -0.0714652649   0.0000041229   0.2006817698   0.7329502231
       -0.0001643421  -0.3008921947  -0.4716647681   0.0001258216   0.0024957799
       -0.0004116214  -0.0000000053   0.0015997648  -0.0014229201   0.0000008712
        0.0015231435  -0.0003290566   0.0000008627  -0.0012576306  -0.0001223845
       -0.0000004747  -0.0030913621  -0.0003969816  -0.0000015879   0.0660679178
       -0.1742661806   0.0000310153  -0.0003551055  -0.0000414452   0.0000000457
       -0.0000054191   0.0000003546  -0.0009406932  -0.0000019284   0.0000020027
        0.0069156291  -0.0000002287   0.0000001680   0.0007802876  -0.0000002641
        0.0000018444   0.0078360966   0.0000020206   0.0000004865  -0.0025609199
       -0.0000234802   0.0000017546  -0.0613634369  -0.0000420225  -0.0001643421
        0.1545086167   0.0000886404   0.0001245867  -0.0507810859   0.0000007590
       -0.0000002075  -0.0016114783  -0.0000000070   0.0000000173  -0.0025505327
       -0.0000003315   0.0000001506   0.0002769238  -0.0000000075   0.0000000909
        0.0005729584   0.0000011770  -0.0000001200  -0.0026914359  -0.0000189469
        0.0000332370  -0.0481684525   0.0000000390  -0.0000000236  -0.0002224768
        0.0040089832  -0.0073590868   0.0000025207  -0.0015942115  -0.0024140637
       -0.0000003103   0.0063858159  -0.0017338559   0.0000009510  -0.0048551790
        0.0006160820  -0.0000011537  -0.0049036868   0.0061805831  -0.0000019819
       -0.0613173253  -0.0440960794   0.0000110856  -0.3069004542  -0.3008921947
        0.0000886404   0.3600128354   0.3613370686  -0.0001041524  -0.0050491818
        0.0006183705  -0.0000003511   0.0002107923   0.0002962033  -0.0000000425
        0.0001182927   0.0000684612   0.0000001465  -0.0010220441  -0.0001685590
       -0.0000001110   0.0003848093   0.0002952770   0.0000003419   0.0138267094
       -0.0128297234   0.0000043763   0.0006938445   0.0000815170   0.0000000404
        0.0068384417  -0.0069023473   0.0000019369  -0.0040587292  -0.0014169834
       -0.0000007864   0.0061395651  -0.0008946965   0.0000007695  -0.0035634082
        0.0024574623  -0.0000015104   0.0022853106   0.0059122114  -0.0000004958
       -0.0437071535  -0.0033101412   0.0000043528  -0.2954707466  -0.4716647681
        0.0001245867   0.3613370686   0.5340282188  -0.0001520554  -0.0044866682
        0.0007285893  -0.0000003388  -0.0005650420   0.0017690869  -0.0000006026
       -0.0001241986   0.0001498452  -0.0000002561  -0.0003498631   0.0000131906
        0.0000000460   0.0011150264   0.0009755079   0.0000007152  -0.0260406318
       -0.0619620656   0.0000237876   0.0006510289   0.0001168895  -0.0000001490
       -0.0000023523   0.0000018496   0.0000487246   0.0000014303  -0.0000000735
       -0.0008675102  -0.0000009991   0.0000005137  -0.0003119245   0.0000006296
       -0.0000007840  -0.0016682986  -0.0000006847  -0.0000017731   0.0032965184
        0.0000085620   0.0000042974   0.0149068561   0.0000897314   0.0001258216
       -0.0507810859  -0.0001041524  -0.0001520554   0.0190990269   0.0000006145
       -0.0000001344   0.0004084948   0.0000000158  -0.0000005370   0.0000738046
        0.0000000481  -0.0000000572   0.0000252381   0.0000002882  -0.0000000417
       -0.0003464202  -0.0000004586  -0.0000001138   0.0003159677   0.0000074926
        0.0000231440   0.0157887358  -0.0000001654  -0.0000000562   0.0000118724
        0.0049793074  -0.0051702263  -0.0000023028  -0.0449657128  -0.0128765168
       -0.0000025823  -0.2964186042   0.0491778890  -0.0000322723  -0.0460083963
        0.0111549414  -0.0000079271   0.0020731907   0.0055204830  -0.0000010898
       -0.0103338790   0.0024197247   0.0000004873   0.0125134900   0.0024957799
        0.0000007590  -0.0050491818  -0.0044866682   0.0000006145   0.4735461142
        0.0992330316   0.0000324996  -0.0005142336   0.0004683307   0.0000005796
        0.0011333114   0.0005530527   0.0000001304   0.0039577369  -0.0017099465
        0.0000005454  -0.0016972232   0.0000497621  -0.0000002231  -0.0001180871
        0.0006716782  -0.0000001956  -0.0930978326  -0.1475013155   0.0000109771
       -0.0013073898  -0.0062160631   0.0000018990  -0.0368434274   0.0010200381
       -0.0000032474   0.0155079042  -0.0853681663   0.0000083895   0.0415312861
       -0.0063405903   0.0000062828  -0.0001059982  -0.0063282746   0.0000018655
        0.0011380333   0.0017220513  -0.0000002433  -0.0011360774  -0.0004116214
       -0.0000002075   0.0006183705   0.0007285893  -0.0000001344   0.0992330316
        0.4699894701  -0.0000535467  -0.0013426686  -0.0000178897  -0.0000001634
        0.0006150216   0.0019046185  -0.0000006178   0.0016047352   0.0019244136
       -0.0000002863   0.0017246579  -0.0002455468   0.0000002101  -0.0000714782
        0.0000194711  -0.0000000342  -0.1211660010  -0.3723804999   0.0000398341
       -0.0000004000   0.0000018565   0.0051834078   0.0000009660  -0.0000007267
        0.0040705334  -0.0000299673   0.0000116153  -0.0376104918  -0.0000116622
        0.0000035232   0.0075467785  -0.0000011940   0.0000020143   0.0067488402
       -0.0000003557  -0.0000003509  -0.0004148096   0.0000012466  -0.0000000053
       -0.0016114783  -0.0000003511  -0.0000003388   0.0004084948   0.0000324996
       -0.0000535467   0.0283836545   0.0000002216  -0.0000000155  -0.0001137362
        0.0000003594  -0.0000006054  -0.0029423180   0.0000003567  -0.0000007562
       -0.0015105551  -0.0000002850   0.0000000136  -0.0006045356  -0.0000000139
        0.0000001726   0.0001503810   0.0000085792   0.0000371499  -0.0076841655
       -0.1237899205  -0.1207924271   0.0000099226  -0.0185888192  -0.0240518358
        0.0000019058  -0.0052966518   0.0008313981  -0.0000014164  -0.0002221852
        0.0005098989  -0.0000001368  -0.0010184696   0.0026805590  -0.0000011373
        0.0074926589   0.0084290478  -0.0000005688   0.0009297062   0.0015997648
       -0.0000000070   0.0002107923  -0.0005650420   0.0000000158  -0.0005142336
       -0.0013426686   0.0000002216   0.1401522088   0.1333905347  -0.0000093924
        0.0008561047  -0.0008162525   0.0000004381  -0.0000296733   0.0000548022
        0.0000001375   0.0002395415   0.0007826340  -0.0000001285   0.0000261427
       -0.0004879631   0.0000001468  -0.0004472018  -0.0002224505  -0.0000000010
       -0.1214778228  -0.2243596519   0.0000178912  -0.0009720683   0.0005116690
       -0.0000000205  -0.0000197019   0.0008935495   0.0000013224   0.0006761098
        0.0005011730  -0.0000000469   0.0027146772  -0.0048427226   0.0000020866
       -0.0130178562  -0.0262069930   0.0000030851  -0.0017378387  -0.0014229201
        0.0000000173   0.0002962033   0.0017690869  -0.0000005370   0.0004683307
       -0.0000178897  -0.0000000155   0.1333905347   0.2528564571  -0.0000229950
        0.0007849825   0.0009356938  -0.0000004894   0.0000596161   0.0001247496
       -0.0000002931  -0.0007630129  -0.0012451714   0.0000001660  -0.0004945867
        0.0004822271  -0.0000001229   0.0000924333   0.0000207428  -0.0000000482
        0.0000096597   0.0000181824  -0.0355667947  -0.0000014633  -0.0000022547
        0.0011496710  -0.0000017558   0.0000014346   0.0093491279  -0.0000000023
        0.0000000239  -0.0001877205  -0.0000016702   0.0000017362   0.0066011252
        0.0000023179   0.0000045931   0.0011564971   0.0000012417   0.0000008712
       -0.0025505327  -0.0000000425  -0.0000006026   0.0000738046   0.0000005796
       -0.0000001634  -0.0001137362  -0.0000093924  -0.0000229950   0.0245472214
        0.0000002793  -0.0000005806  -0.0029115561   0.0000001776  -0.0000003118
       -0.0015766557   0.0000002096   0.0000002993   0.0001839631  -0.0000000996
       -0.0000001071   0.0002725200  -0.0000000394  -0.0000001255  -0.0004269344
       -0.0162150519   0.0261297846  -0.0000056323  -0.1020992223   0.1104857560
       -0.0000225680   0.0075969932  -0.0127052641   0.0000024617  -0.0014462539
       -0.0028248209  -0.0000003331  -0.0002892967  -0.0005319520   0.0000000745
       -0.0055057437  -0.0002402129  -0.0000010010  -0.0002565977   0.0015231435
       -0.0000003315   0.0001182927  -0.0001241986   0.0000000481   0.0011333114
        0.0006150216   0.0000003594   0.0008561047   0.0007849825   0.0000002793
        0.1163489028  -0.1224077068   0.0000265117   0.0002914009  -0.0008970507
        0.0000001942  -0.0000438514  -0.0000290717   0.0000001463  -0.0005182489
        0.0001603547  -0.0000001071   0.0000292608   0.0000612348  -0.0000001022
        0.0036398270  -0.0025527787   0.0000006512   0.1093644587  -0.2484532122
        0.0000417397   0.0124028289  -0.0277255720   0.0000056741  -0.0032094657
       -0.0037587137   0.0000012125  -0.0007692958   0.0005132600  -0.0000001931
        0.0001767613   0.0015506197   0.0000010864  -0.0001470876  -0.0003290566
        0.0000001506   0.0000684612   0.0001498452  -0.0000000572   0.0005530527
        0.0019046185  -0.0000006054  -0.0008162525   0.0009356938  -0.0000005806
       -0.1224077068   0.2781346570  -0.0000488711   0.0005662878  -0.0012483334
        0.0000002113  -0.0000271841   0.0001311207  -0.0000002979   0.0000311125
        0.0000071796  -0.0000000593   0.0005742023   0.0007406721  -0.0000000613
       -0.0000018209   0.0000025750  -0.0000684815  -0.0000224154   0.0000418763
       -0.0334957097  -0.0000012310   0.0000031895   0.0020485183  -0.0000001589
        0.0000013615   0.0068642416   0.0000000699   0.0000000650  -0.0001194826
       -0.0000015376   0.0000008880   0.0086918747  -0.0000002338   0.0000008627
        0.0002769238   0.0000001465  -0.0000002561   0.0000252381   0.0000001304
       -0.0000006178  -0.0029423180   0.0000004381  -0.0000004894  -0.0029115561
        0.0000265117  -0.0000488711   0.0237746744  -0.0000000544   0.0000000763
       -0.0003055058   0.0000001721  -0.0000003299  -0.0016543098   0.0000000595
       -0.0000002444  -0.0003121756  -0.0000000764  -0.0000000856   0.0001280681
       -0.0002141919   0.0005335540  -0.0000002806  -0.0003802298   0.0026216070
       -0.0000010218   0.0036956818   0.0088701334  -0.0000010657  -0.1158108541
       -0.1125063497   0.0000086276  -0.0198980462  -0.0260660786   0.0000021217
       -0.0058233199   0.0012585949  -0.0000019064   0.0001348708  -0.0012576306
       -0.0000000075  -0.0010220441  -0.0003498631   0.0000002882   0.0039577369
        0.0016047352   0.0000003567  -0.0000296733   0.0000596161   0.0000001776
        0.0002914009   0.0005662878  -0.0000000544   0.1347080788   0.1265934524
       -0.0000079480   0.0007851654  -0.0007572347   0.0000004774   0.0000221695
       -0.0000513549   0.0000000664  -0.0004167448  -0.0011194692   0.0000001690
        0.0007922640   0.0004132984   0.0000001036   0.0032827280  -0.0045477932
        0.0000020186  -0.0155508041  -0.0273007327   0.0000027756  -0.1133402672
       -0.2233865991   0.0000177304  -0.0022437824  -0.0003826233  -0.0000002367
        0.0003366156   0.0016097045   0.0000010114   0.0004220054  -0.0001223845
        0.0000000909  -0.0001685590   0.0000131906  -0.0000000417  -0.0017099465
        0.0019244136  -0.0000007562   0.0000548022   0.0001247496  -0.0000003118
       -0.0008970507  -0.0012483334   0.0000000763   0.1265934524   0.2519942997
       -0.0000221245   0.0008005650   0.0011042031  -0.0000004996  -0.0000896417
        0.0000570637  -0.0000000030   0.0017176190  -0.0002524572   0.0000001667
       -0.0000001255   0.0000000572  -0.0001949686  -0.0000012020   0.0000019756
        0.0066570072   0.0000030010   0.0000050995   0.0012183711   0.0000086383
        0.0000178514  -0.0318935898  -0.0000016553  -0.0000027275  -0.0002894720
       -0.0000012979   0.0000013790   0.0083124058  -0.0000002370  -0.0000004747
        0.0005729584  -0.0000001110   0.0000000460  -0.0003464202   0.0000005454
       -0.0000002863  -0.0015105551   0.0000001375  -0.0000002931  -0.0015766557
        0.0000001942   0.0000002113  -0.0003055058  -0.0000079480  -0.0000221245
        0.0228481688   0.0000002441  -0.0000006480  -0.0029083225   0.0000000670
        0.0000001240   0.0000068516  -0.0000002509  -0.0000001898  -0.0005902732
       -0.0014511545  -0.0027578279  -0.0000005631  -0.0001802209  -0.0003133348
        0.0000000456  -0.0049776637  -0.0007502663  -0.0000012754  -0.0165111018
        0.0273385862  -0.0000060015  -0.0960169122   0.1018799650  -0.0000217202
        0.0071291692  -0.0106814158   0.0000023478   0.0006115509  -0.0030913621
        0.0000011770   0.0003848093   0.0011150264  -0.0000004586  -0.0016972232
        0.0017246579  -0.0000002850   0.0002395415  -0.0007630129   0.0000002096
       -0.0000438514  -0.0000271841   0.0000001721   0.0007851654   0.0008005650
        0.0000002441   0.1121029208  -0.1147870465   0.0000263706  -0.0005690681
        0.0002299655  -0.0000001969   0.0001940386   0.0000826844  -0.0000000662
       -0.0033656176  -0.0044252815   0.0000013745  -0.0005505617   0.0006406019
       -0.0000001989   0.0003784756   0.0011625758   0.0000012751   0.0031527565
       -0.0033010526   0.0000009612   0.1042467649  -0.2472605772   0.0000430305
        0.0097983314  -0.0260284850   0.0000052510   0.0021485479  -0.0003969816
       -0.0000001200   0.0002952770   0.0009755079  -0.0000001138   0.0000497621
       -0.0002455468   0.0000000136   0.0007826340  -0.0012451714   0.0000002993
       -0.0000290717   0.0001311207  -0.0000003299  -0.0007572347   0.0011042031
       -0.0000006480  -0.1147870465   0.2783119686  -0.0000506477  -0.0013202244
        0.0005665207  -0.0000001519  -0.0000427927   0.0000105975   0.0000000050
        0.0000000615   0.0000014243   0.0068661604  -0.0000001122  -0.0000000239
       -0.0002413653  -0.0000016248   0.0000008527   0.0089755327  -0.0000019760
        0.0000035664   0.0012269485  -0.0000225954   0.0000423621  -0.0343202627
       -0.0000003944   0.0000033303   0.0006112010  -0.0000004282  -0.0000015879
       -0.0026914359   0.0000003419   0.0000007152   0.0003159677  -0.0000002231
        0.0000002101  -0.0006045356  -0.0000001285   0.0000001660   0.0001839631
        0.0000001463  -0.0000002979  -0.0016543098   0.0000004774  -0.0000004996
       -0.0029083225   0.0000263706  -0.0000506477   0.0236330914   0.0000000343
        0.0000003713   0.0004881717   0.0000000505   0.0000000586   0.0001191953
       -0.0065959836  -0.0000693705  -0.0000008466  -0.0006112746   0.0015888274
       -0.0000000480   0.0005760248   0.0001042765   0.0000000424   0.0003712402
       -0.0002057034   0.0000001802   0.0000313946   0.0027854438  -0.0000003204
       -0.0161313898   0.0264844399  -0.0000088423  -0.0824145769   0.0660679178
       -0.0000189469   0.0138267094  -0.0260406318   0.0000074926  -0.0001180871
       -0.0000714782  -0.0000000139   0.0000261427  -0.0004945867  -0.0000000996
       -0.0005182489   0.0000311125   0.0000000595   0.0000221695  -0.0000896417
        0.0000000670  -0.0005690681  -0.0013202244   0.0000000343   0.0920884336
       -0.0687296268   0.0000210600   0.0000165141  -0.0000407543   0.0000001817
        0.0019046299   0.0005265046   0.0000007798   0.0003260366  -0.0002961590
       -0.0000004529  -0.0009695686   0.0000399023  -0.0000000633   0.0003046755
       -0.0003430531  -0.0000002179  -0.0024401772   0.0009316615  -0.0000005443
        0.0089641925  -0.0101796480   0.0000073413   0.0730075279  -0.1742661806
        0.0000332370  -0.0128297234  -0.0619620656   0.0000231440   0.0006716782
        0.0000194711   0.0000001726  -0.0004879631   0.0004822271  -0.0000001071
        0.0001603547   0.0000071796  -0.0000002444  -0.0000513549   0.0000570637
        0.0000001240   0.0002299655   0.0005665207   0.0000003713  -0.0687296268
        0.2444392741  -0.0000635134  -0.0000606469  -0.0000226983  -0.0000000266
       -0.0000017633   0.0000004208   0.0029770802   0.0000003584   0.0000001326
       -0.0012186918   0.0000001902   0.0000002057   0.0000980748  -0.0000001461
       -0.0000002382  -0.0008292227   0.0000011622  -0.0000002614  -0.0006091837
       -0.0000043902   0.0000088376   0.0134684727  -0.0000205275   0.0000310153
       -0.0481684525   0.0000043763   0.0000237876   0.0157887358  -0.0000001956
       -0.0000000342   0.0001503810   0.0000001468  -0.0000001229   0.0002725200
       -0.0000001071  -0.0000000593  -0.0003121756   0.0000000664  -0.0000000030
        0.0000068516  -0.0000001969  -0.0000001519   0.0004881717   0.0000210600
       -0.0000635134   0.0178507270  -0.0000000336  -0.0000000153   0.0000367115
       -0.0016132288  -0.0014753864   0.0000000387  -0.0057187115   0.0009674214
       -0.0000010016  -0.0258025122  -0.0356600755   0.0000026802   0.0019435272
       -0.0017638198   0.0000006642  -0.0006904222  -0.0003004964  -0.0000000430
        0.0013819644  -0.0000838858   0.0000001368  -0.0013832197  -0.0003551055
        0.0000000390   0.0006938445   0.0006510289  -0.0000001654  -0.0930978326
       -0.1211660010   0.0000085792  -0.0004472018   0.0000924333  -0.0000000394
        0.0000292608   0.0005742023  -0.0000000764  -0.0004167448   0.0017176190
       -0.0000002509   0.0001940386  -0.0000427927   0.0000000505   0.0000165141
       -0.0000606469  -0.0000000336   0.1249107240   0.1569055049  -0.0000105783
       -0.0000562575  -0.0004738474   0.0000003256  -0.0007469646   0.0007270989
        0.0000001568  -0.0098506297   0.0043632023  -0.0000016910   0.0030892340
        0.0025818025  -0.0000003372  -0.0008387961  -0.0006010607   0.0000000709
        0.0005556615   0.0005782015  -0.0000000480  -0.0003991991  -0.0000414452
       -0.0000000236   0.0000815170   0.0001168895  -0.0000000562  -0.1475013155
       -0.3723804999   0.0000371499  -0.0002224505   0.0000207428  -0.0000001255
        0.0000612348   0.0007406721  -0.0000000856  -0.0011194692  -0.0002524572
       -0.0000001898   0.0000826844   0.0000105975   0.0000000586  -0.0000407543
       -0.0000226983  -0.0000000153   0.1569055049   0.3646328015  -0.0000351896
       -0.0000002224  -0.0000001907   0.0013664268  -0.0000005131   0.0000002302
        0.0023563700   0.0000003116  -0.0000039439  -0.0010115835  -0.0000005490
       -0.0000010827  -0.0017516615   0.0000009525   0.0000004104   0.0003005191
       -0.0000003568   0.0000000000   0.0000020076  -0.0000002433   0.0000000457
       -0.0002224768   0.0000000404  -0.0000001490   0.0000118724   0.0000109771
        0.0000398341  -0.0076841655  -0.0000000010  -0.0000000482  -0.0004269344
       -0.0000001022  -0.0000000613   0.0001280681   0.0000001690   0.0000001667
       -0.0005902732  -0.0000000662   0.0000000050   0.0001191953   0.0000001817
       -0.0000000266   0.0000367115  -0.0000105783  -0.0000351896   0.0073659241
