           1           2   1.49327667373592     
           2           3   1.34047027463981     
           3           4   1.35347532794831     
           4           5   1.47584064020442     
           1           6   1.34910233237843     
           5           6   1.36592524610067     
           6           7   1.07347056527482     
           7           8   1.85659230761635     
           3           9   1.09869980553905     
           1          10  0.964672390507000     
           2          11  0.966091684613029     
           4          12  0.965510182722658     
           5          13  0.967114512109967     
           7          14  0.930388277924681     
           9          15  0.883791203692339     
