$hessian                                                                        
        0.6769939978  -0.0277084852   0.0000375199  -0.1442190116  -0.0526574349
       -0.0000107996   0.0566947035  -0.0256553085   0.0000021876  -0.0468062930
       -0.0192161523  -0.0000042589  -0.0477425643   0.0695237100   0.0000010785
       -0.3628695595  -0.0363678353  -0.0000237065   0.0126246129   0.0024893843
        0.0000005734  -0.0031642819   0.0071953923   0.0000000664  -0.0009697592
       -0.0033191838  -0.0000000621   0.0074194466  -0.0059802521   0.0000001891
       -0.1113453031   0.1161777283   0.0000024691  -0.0167246012  -0.0250668104
       -0.0000030557  -0.0004238532   0.0036230501  -0.0000003369  -0.0163337609
       -0.0014687597  -0.0000015552  -0.0031337729  -0.0015690427  -0.0000003092
       -0.0277084852   0.6579958645   0.0000365269  -0.1304909666  -0.2610280621
       -0.0000248538   0.0267160310  -0.0664713935  -0.0000026206  -0.0288279215
       -0.0055806190  -0.0000019034   0.0181111392   0.0213492375   0.0000021013
        0.0379747229  -0.0919873397  -0.0000003078   0.0104810447  -0.0067002258
        0.0000000790   0.0010786946   0.0039346627  -0.0000000556  -0.0025413286
       -0.0015137309   0.0000000643   0.0052940115  -0.0048743904   0.0000002281
        0.1157431918  -0.2394922626  -0.0000062315  -0.0019345836  -0.0010097330
       -0.0000001987   0.0030056877  -0.0035645834  -0.0000006318  -0.0244708197
       -0.0001082925  -0.0000019357  -0.0024304182  -0.0009491319  -0.0000002607
        0.0000375199   0.0000365269   0.1115405961  -0.0000158291  -0.0000197097
       -0.0491108617   0.0000053616  -0.0000060380   0.0021415470  -0.0000045668
       -0.0000019699  -0.0050075692  -0.0000020309   0.0000060491   0.0008731754
       -0.0000194181  -0.0000052932  -0.0454175547   0.0000011567  -0.0000012741
        0.0087927480  -0.0000000313   0.0000008612  -0.0010831013  -0.0000002481
       -0.0000000703  -0.0013413919   0.0000006566  -0.0000001226  -0.0002751948
        0.0000024901  -0.0000061850  -0.0331145964  -0.0000014197  -0.0000018806
        0.0020730897  -0.0000004311  -0.0000004532   0.0081641751  -0.0000028368
       -0.0000002443   0.0017729907  -0.0000003730  -0.0000001963  -0.0000080520
       -0.1442190116  -0.1304909666  -0.0000158291   0.6765415337  -0.0173587383
        0.0000372247  -0.1617169363   0.1513730081   0.0000016854  -0.0317023289
        0.0275705211  -0.0000003326   0.0043211387  -0.0014323622   0.0000005814
       -0.0370698737  -0.0269820425  -0.0000046145  -0.0029068525  -0.0007477838
       -0.0000003069   0.0011511626  -0.0011702639   0.0000000834   0.0006465495
        0.0019572757   0.0000001390  -0.0061231611  -0.0017822862  -0.0000010580
        0.0066299256   0.0121857032   0.0000014237  -0.3053857400  -0.0031760074
       -0.0000176624   0.0067930597  -0.0112582258  -0.0000001718  -0.0056818413
       -0.0001929259  -0.0000011076  -0.0012776244   0.0015050944  -0.0000000546
       -0.0526574349  -0.2610280621  -0.0000197097  -0.0173587383   0.6557022437
        0.0000365245   0.0779827106  -0.2933841154  -0.0000108096   0.0817933658
        0.0155784363   0.0000066516   0.0094558720  -0.0523595607  -0.0000020938
       -0.0838601361   0.0233733535  -0.0000046375  -0.0088955764   0.0012322149
       -0.0000011744   0.0017402126  -0.0070758987   0.0000007135   0.0004502165
        0.0018008007  -0.0000002112  -0.0103751632   0.0089893902  -0.0000008499
       -0.0110014283  -0.0255315551  -0.0000027404  -0.0029466559  -0.0436399050
       -0.0000012114   0.0114837841  -0.0255551942  -0.0000007142  -0.0002264466
        0.0002436304  -0.0000000451   0.0044154180   0.0016542216   0.0000003077
       -0.0000107996  -0.0000248538  -0.0491108617   0.0000372247   0.0000365245
        0.1196469247  -0.0000027728  -0.0000063892  -0.0431482867   0.0000028071
        0.0000044313  -0.0029215454   0.0000009977  -0.0000026418  -0.0051365420
       -0.0000081616  -0.0000009296   0.0017032686  -0.0000007210   0.0000019109
       -0.0003872592   0.0000006244  -0.0000014701   0.0003216566  -0.0000004837
       -0.0000008056  -0.0001151581  -0.0000009589  -0.0000011413   0.0052992259
       -0.0000003927  -0.0000009656   0.0003133539  -0.0000178566  -0.0000008456
       -0.0363325920   0.0000012345  -0.0000024453   0.0000568876  -0.0000008822
       -0.0000005392   0.0084813853   0.0000001406   0.0000001603   0.0013295425
        0.0566947035   0.0267160310   0.0000053616  -0.1617169363   0.0779827106
       -0.0000027728   0.6279687637  -0.0177384154   0.0000357675  -0.2858564311
        0.0174507998  -0.0000163811  -0.0274507574  -0.0631989952  -0.0000060075
       -0.0441291714   0.0252218129  -0.0000012491  -0.0040296804  -0.0003095823
       -0.0000012350   0.0010775999  -0.0062997739   0.0000000444  -0.0014910514
       -0.0010449261  -0.0000000029  -0.0413583300   0.0275647888  -0.0000016721
       -0.0004465748  -0.0032690338  -0.0000007738  -0.0179726603   0.0255789261
        0.0000002308  -0.1049167112  -0.1127134211  -0.0000118128  -0.0005093406
       -0.0002107469   0.0000001377   0.0041365780   0.0042698253   0.0000003652
       -0.0256553085  -0.0664713935  -0.0000060380   0.1513730081  -0.2933841154
       -0.0000063892  -0.0177384154   0.7089019877   0.0000365631  -0.0478621300
       -0.0856287905  -0.0000052942  -0.0220022600   0.0218870905  -0.0000004179
        0.0272591217  -0.0116086605   0.0000012744  -0.0024240677  -0.0067582046
       -0.0000010852   0.0012156533   0.0026590171  -0.0000000146  -0.0020361081
        0.0000151696   0.0000003914   0.0493546405  -0.0127351227   0.0000028034
       -0.0029232939  -0.0041945567  -0.0000007120   0.0023237767  -0.0012720436
        0.0000002253  -0.1114124174  -0.2472582979  -0.0000205392   0.0007456958
        0.0007790472  -0.0000002748  -0.0002178951  -0.0049311267  -0.0000004925
        0.0000021876  -0.0000026206   0.0021415470   0.0000016854  -0.0000108096
       -0.0431482867   0.0000357675   0.0000365631   0.1090723701  -0.0000201753
       -0.0000013638  -0.0543044086  -0.0000030316  -0.0000027411   0.0014806088
       -0.0000013453   0.0000014110  -0.0032896033  -0.0000013445  -0.0000009680
        0.0091879317   0.0000002670  -0.0000006256  -0.0009103531  -0.0000001794
        0.0000000606  -0.0023959143  -0.0000005542   0.0000013126   0.0051850276
       -0.0000006536  -0.0000009411   0.0063318423  -0.0000011797   0.0000015538
        0.0014283206  -0.0000117393  -0.0000207697  -0.0333093199   0.0000000481
        0.0000000270  -0.0000885010   0.0000002474  -0.0000000886   0.0026187388
       -0.0468062930  -0.0288279215  -0.0000045668  -0.0317023289   0.0817933658
        0.0000028071  -0.2858564311  -0.0478621300  -0.0000201753   0.6361834418
       -0.0240902511   0.0000358664  -0.1305002250  -0.0448853922  -0.0000090677
        0.0541401467  -0.0229475760   0.0000024383  -0.0154340669  -0.0363043251
       -0.0000025285   0.0015185117   0.0089599655   0.0000000407  -0.0090835924
       -0.0006306528  -0.0000003566  -0.1224650128   0.0799739954  -0.0000016328
       -0.0006377087  -0.0003780710  -0.0000002866  -0.0006562536   0.0024722988
       -0.0000004519  -0.0179628633  -0.0035312474  -0.0000015681  -0.0012369305
        0.0039883323  -0.0000002205  -0.0295003940   0.0322696091  -0.0000002978
       -0.0192161523  -0.0055806190  -0.0000019699   0.0275705211   0.0155784363
        0.0000044313   0.0174507998  -0.0856287905  -0.0000013638  -0.0240902511
        0.6531686596   0.0000298705  -0.0842527207  -0.2276416150  -0.0000172617
        0.0153832844  -0.0493981452  -0.0000019175  -0.0511529134   0.0150383044
       -0.0000037500   0.0043840560  -0.0319456413   0.0000006865   0.0081472605
        0.0062795666  -0.0000003036   0.1020720809  -0.2899637679  -0.0000082274
       -0.0004381125   0.0000666922  -0.0000000301   0.0028293711  -0.0039986289
       -0.0000007227  -0.0288497958  -0.0020954305  -0.0000024343   0.0018239183
       -0.0029112741  -0.0000000774   0.0283386536   0.0090322533   0.0000030703
       -0.0000042589  -0.0000019034  -0.0050075692  -0.0000003326   0.0000066516
       -0.0029215454  -0.0000163811  -0.0000052942  -0.0543044086   0.0000358664
        0.0000298705   0.1380723195  -0.0000118374  -0.0000143847  -0.0507203370
        0.0000053639  -0.0000048039  -0.0023333741  -0.0000033988  -0.0000026262
       -0.0029914147   0.0000001063  -0.0000005767  -0.0009253300   0.0000001675
        0.0000008434   0.0039182134  -0.0000001769  -0.0000097441  -0.0410316278
       -0.0000001192  -0.0000000798   0.0006172477  -0.0000004891  -0.0000007042
        0.0094526060  -0.0000032676  -0.0000005079   0.0020278521  -0.0000004745
       -0.0000002634   0.0060332066  -0.0000007678   0.0000035230   0.0001141616
       -0.0477425643   0.0181111392  -0.0000020309   0.0043211387   0.0094558720
        0.0000009977  -0.0274507574  -0.0220022600  -0.0000030316  -0.1305002250
       -0.0842527207  -0.0000118374   0.5433993004  -0.0107186347   0.0000272709
       -0.1186868816   0.1055768080   0.0000026448  -0.1406420816  -0.0059454997
       -0.0000036948  -0.0465242113   0.0451426373  -0.0000040208  -0.0464388077
       -0.0409853485  -0.0000040762   0.0234348500   0.0011320016   0.0000017682
       -0.0052138380   0.0000384677  -0.0000007712   0.0011781823   0.0004573552
        0.0000000129  -0.0050943867   0.0000522614  -0.0000009117   0.0075369911
       -0.0109600806  -0.0000009661  -0.0115767091  -0.0051019980  -0.0000013538
        0.0695237100   0.0213492375   0.0000060491  -0.0014323622  -0.0523595607
       -0.0000026418  -0.0631989952   0.0218870905  -0.0000027411  -0.0448853922
       -0.2276416150  -0.0000143847  -0.0107186347   0.6857888218   0.0000317131
        0.0589758445  -0.2557725304  -0.0000096469  -0.0020768712  -0.0747647959
       -0.0000012868   0.0496925425  -0.0124569871   0.0000036928  -0.0558011060
       -0.0271180884  -0.0000036513  -0.0080315811  -0.0523624302  -0.0000045486
       -0.0006345751   0.0011640118  -0.0000007624  -0.0000894463  -0.0006617167
       -0.0000002982   0.0009187256   0.0003997947  -0.0000003387   0.0099514465
       -0.0272775204  -0.0000009055  -0.0021933051  -0.0001737115  -0.0000002491
        0.0000010785   0.0000021013   0.0008731754   0.0000005814  -0.0000020938
       -0.0051365420  -0.0000060075  -0.0000004179   0.0014806088  -0.0000090677
       -0.0000172617  -0.0507203370   0.0000272709   0.0000317131   0.1145184803
       -0.0000005529  -0.0000063957  -0.0449251974  -0.0000035070  -0.0000017947
       -0.0754821952  -0.0000046559   0.0000040346   0.0176472094  -0.0000041466
       -0.0000025416   0.0188407999   0.0000005081  -0.0000034842   0.0064383177
       -0.0000008548  -0.0000004914   0.0081862459   0.0000000422  -0.0000000181
        0.0001409491  -0.0000008286  -0.0000004072   0.0069718459   0.0000011562
       -0.0000026348   0.0019886091  -0.0000010162  -0.0000003081  -0.0008219699
       -0.3628695595   0.0379747229  -0.0000194181  -0.0370698737  -0.0838601361
       -0.0000081616  -0.0441291714   0.0272591217  -0.0000013453   0.0541401467
        0.0153832844   0.0000053639  -0.1186868816   0.0589758445  -0.0000005529
        0.7001136506   0.0253993416   0.0000407722  -0.0448361550   0.0255743261
       -0.0000007550  -0.0070887656  -0.0041062305  -0.0000010630  -0.0022680767
        0.0105620458  -0.0000000629  -0.0092405952   0.0026097065  -0.0000008814
       -0.0186779505   0.0025271543  -0.0000013271  -0.0014454852  -0.0034276408
       -0.0000006553  -0.0005409745   0.0002297253  -0.0000001123  -0.1098287408
       -0.1165198799  -0.0000120099   0.0024284324   0.0014186142   0.0000002089
       -0.0363678353  -0.0919873397  -0.0000052932  -0.0269820425   0.0233733535
       -0.0000009296   0.0252218129  -0.0116086605   0.0000014110  -0.0229475760
       -0.0493981452  -0.0000048039   0.1055768080  -0.2557725304  -0.0000063957
        0.0253993416   0.6354126352   0.0000350650   0.0293495431   0.0029797583
        0.0000025629  -0.0036203385   0.0065733146  -0.0000005977  -0.0046176605
       -0.0060397821  -0.0000003196   0.0033298386  -0.0098383432  -0.0000007510
        0.0257898198  -0.0013186845   0.0000020057  -0.0030986840  -0.0042192676
       -0.0000009460   0.0009029413   0.0007374839   0.0000001291  -0.1157356926
       -0.2374526037  -0.0000209520  -0.0022002759  -0.0014411886  -0.0000001849
       -0.0000237065  -0.0000003078  -0.0454175547  -0.0000046145  -0.0000046375
        0.0017032686  -0.0000012491   0.0000012744  -0.0032896033   0.0000024383
       -0.0000019175  -0.0023333741   0.0000026448  -0.0000096469  -0.0449251974
        0.0000407722   0.0000350650   0.1161538738  -0.0000017057   0.0000026133
       -0.0044038946  -0.0000009098  -0.0000003765   0.0039060014  -0.0000000562
       -0.0000000478   0.0013486176  -0.0000010197  -0.0000006918   0.0061041601
        0.0000005065   0.0000001107  -0.0004662804  -0.0000007694  -0.0000009838
        0.0068280067   0.0000000102   0.0000000904  -0.0001657165  -0.0000125342
       -0.0000206345  -0.0349235901   0.0000001931   0.0000000904  -0.0001187171
        0.0126246129   0.0104810447   0.0000011567  -0.0029068525  -0.0088955764
       -0.0000007210  -0.0040296804  -0.0024240677  -0.0000013445  -0.0154340669
       -0.0511529134  -0.0000033988  -0.1406420816  -0.0020768712  -0.0000035070
       -0.0448361550   0.0293495431  -0.0000017057   0.5963205310   0.0105151670
        0.0000257840  -0.2119655702   0.1485447969  -0.0000123081  -0.1898794180
       -0.1685322442  -0.0000069660  -0.0267063758   0.0233775934  -0.0000008577
       -0.0001650827  -0.0004565534   0.0000000041   0.0001627039  -0.0002267986
        0.0000002938  -0.0004304995   0.0002644106   0.0000001127   0.0012508404
       -0.0012971536   0.0000002682   0.0266370943   0.0125296227   0.0000031894
        0.0024893843  -0.0067002258  -0.0000012741  -0.0007477838   0.0012322149
        0.0000019109  -0.0003095823  -0.0067582046  -0.0000009680  -0.0363043251
        0.0150383044  -0.0000026262  -0.0059454997  -0.0747647959  -0.0000017947
        0.0255743261   0.0029797583   0.0000026133   0.0105151670   0.9364810132
       -0.0000035152   0.1952544060  -0.3748586359   0.0000231058  -0.1963604954
       -0.4619509537  -0.0000156018   0.0190004094  -0.0082843929  -0.0000005083
        0.0016888986  -0.0003606145   0.0000004557  -0.0001028890  -0.0003891619
       -0.0000001011  -0.0016200272  -0.0004566479  -0.0000004253   0.0020945750
       -0.0031490912   0.0000014791  -0.0152265641  -0.0180585665  -0.0000027500
        0.0000005734   0.0000000790   0.0087927480  -0.0000003069  -0.0000011744
       -0.0003872592  -0.0000012350  -0.0000010852   0.0091879317  -0.0000025285
       -0.0000037500  -0.0029914147  -0.0000036948  -0.0000012868  -0.0754821952
       -0.0000007550   0.0000025629  -0.0044038946   0.0000257840  -0.0000035152
        0.2082241887  -0.0000116765   0.0000130007  -0.0678678111  -0.0000063907
       -0.0000081144  -0.0687991705  -0.0000021022   0.0000021087  -0.0024428507
        0.0000000359  -0.0000001058   0.0009796117   0.0000002017   0.0000001953
       -0.0024332107  -0.0000001617   0.0000000616  -0.0003014467   0.0000002734
        0.0000001282  -0.0030071356   0.0000019829   0.0000008955   0.0009319088
       -0.0031642819   0.0010786946  -0.0000000313   0.0011511626   0.0017402126
        0.0000006244   0.0010775999   0.0012156533   0.0000002670   0.0015185117
        0.0043840560   0.0000001063  -0.0465242113   0.0496925425  -0.0000046559
       -0.0070887656  -0.0036203385  -0.0000009098  -0.2119655702   0.1952544060
       -0.0000116765   0.2688596134  -0.2056246562   0.0000218041   0.0242855947
       -0.0229018150  -0.0000010706  -0.0147692442  -0.0154194337  -0.0000035668
       -0.0008615345   0.0001049771   0.0000001003  -0.0000244374   0.0000432387
       -0.0000001351   0.0002646150   0.0000621506  -0.0000001022   0.0003196559
       -0.0008436144   0.0000002555  -0.0130787080  -0.0051660737  -0.0000010095
        0.0071953923   0.0039346627   0.0000008612  -0.0011702639  -0.0070758987
       -0.0000014701  -0.0062997739   0.0026590171  -0.0000006256   0.0089599655
       -0.0319456413  -0.0000005767   0.0451426373  -0.0124569871   0.0000040346
       -0.0041062305   0.0065733146  -0.0000003765   0.1485447969  -0.3748586359
        0.0000130007  -0.2056246562   0.4885928415  -0.0000196641   0.0333168141
       -0.0972535581   0.0000048408  -0.0433672360   0.0092064968  -0.0000028235
        0.0002182526   0.0001283094  -0.0000001240  -0.0001622853   0.0001119018
        0.0000002231   0.0000441833   0.0001385417   0.0000001694  -0.0014301725
        0.0010970512  -0.0000004041   0.0187385763   0.0111485844   0.0000029348
        0.0000000664  -0.0000000556  -0.0010831013   0.0000000834   0.0000007135
        0.0003216566   0.0000000444  -0.0000000146  -0.0009103531   0.0000000407
        0.0000006865  -0.0009253300  -0.0000040208   0.0000036928   0.0176472094
       -0.0000010630  -0.0000005977   0.0039060014  -0.0000123081   0.0000231058
       -0.0678678111   0.0000218041  -0.0000196641   0.0275626246  -0.0000014624
       -0.0000047208   0.0226418435  -0.0000034823  -0.0000031875   0.0054689257
       -0.0000000880   0.0000000472  -0.0005780495  -0.0000000291  -0.0000000956
        0.0002278907   0.0000001077  -0.0000000209  -0.0000222188   0.0000000366
       -0.0000000958  -0.0000161355   0.0000002702   0.0000002067  -0.0063731526
       -0.0009697592  -0.0025413286  -0.0000002481   0.0006465495   0.0004502165
       -0.0000004837  -0.0014910514  -0.0020361081  -0.0000001794  -0.0090835924
        0.0081472605   0.0000001675  -0.0464388077  -0.0558011060  -0.0000041466
       -0.0022680767  -0.0046176605  -0.0000000562  -0.1898794180  -0.1963604954
       -0.0000063907   0.0242855947   0.0333168141  -0.0000014624   0.2286497677
        0.2225855371   0.0000127008   0.0041217933  -0.0029215595   0.0000006196
        0.0000889052   0.0000582532  -0.0000000755  -0.0000971104  -0.0000191206
        0.0000000419  -0.0008136238   0.0000156253  -0.0000000205  -0.0034069146
        0.0003968329  -0.0000002192  -0.0033442563  -0.0006731613  -0.0000002474
       -0.0033191838  -0.0015137309  -0.0000000703   0.0019572757   0.0018008007
       -0.0000008056  -0.0010449261   0.0000151696   0.0000000606  -0.0006306528
        0.0062795666   0.0000008434  -0.0409853485  -0.0271180884  -0.0000025416
        0.0105620458  -0.0060397821  -0.0000000478  -0.1685322442  -0.4619509537
       -0.0000081144  -0.0229018150  -0.0972535581  -0.0000047208   0.2225855371
        0.5806274744   0.0000143378  -0.0031076764  -0.0016548394   0.0000005810
       -0.0000578979   0.0001494059  -0.0000001968   0.0001653302   0.0003191162
        0.0000001184  -0.0002360727   0.0002255847   0.0000001226   0.0003446047
        0.0024542704  -0.0000006074   0.0052010237   0.0036595640   0.0000010409
       -0.0000000621   0.0000000643  -0.0013413919   0.0000001390  -0.0000002112
       -0.0001151581  -0.0000000029   0.0000003914  -0.0023959143  -0.0000003566
       -0.0000003036   0.0039182134  -0.0000040762  -0.0000036513   0.0188407999
       -0.0000000629  -0.0000003196   0.0013486176  -0.0000069660  -0.0000156018
       -0.0687991705  -0.0000010706   0.0000048408   0.0226418435   0.0000127008
        0.0000143378   0.0248675826   0.0000003040   0.0000005877  -0.0003674918
        0.0000000246   0.0000000212  -0.0000448205  -0.0000000333   0.0000000021
        0.0006055713  -0.0000000242   0.0000000041  -0.0000029316  -0.0000001410
        0.0000000490   0.0003338499  -0.0000003726  -0.0000002107   0.0005104004
        0.0074194466   0.0052940115   0.0000006566  -0.0061231611  -0.0103751632
       -0.0000009589  -0.0413583300   0.0493546405  -0.0000005542  -0.1224650128
        0.1020720809  -0.0000001769   0.0234348500  -0.0080315811   0.0000005081
       -0.0092405952   0.0033298386  -0.0000010197  -0.0267063758   0.0190004094
       -0.0000021022  -0.0147692442  -0.0433672360  -0.0000034823   0.0041217933
       -0.0031076764   0.0000003040   0.5016125123  -0.0579812109   0.0000393845
        0.0002176928  -0.0002467203   0.0000002150  -0.0009521595   0.0014398062
       -0.0000000377   0.0024244709   0.0002100781   0.0000003841  -0.0002553619
       -0.0007347545   0.0000000316  -0.3173605253  -0.0568565227  -0.0000331518
       -0.0059802521  -0.0048743904  -0.0000001226  -0.0017822862   0.0089893902
       -0.0000011413   0.0275647888  -0.0127351227   0.0000013126   0.0799739954
       -0.2899637679  -0.0000097441   0.0011320016  -0.0523624302  -0.0000034842
        0.0026097065  -0.0098383432  -0.0000006918   0.0233775934  -0.0082843929
        0.0000021087  -0.0154194337   0.0092064968  -0.0000031875  -0.0029215595
       -0.0016548394   0.0000005877  -0.0579812109   0.4131313528   0.0000214994
       -0.0002290932   0.0005369476   0.0000000240  -0.0001007125   0.0000400147
        0.0000002087   0.0002770818   0.0005886023   0.0000002576   0.0016172087
       -0.0014208509  -0.0000004301  -0.0521378280  -0.0513586668  -0.0000071972
        0.0000001891   0.0000002281  -0.0002751948  -0.0000010580  -0.0000008499
        0.0052992259  -0.0000016721   0.0000028034   0.0051850276  -0.0000016328
       -0.0000082274  -0.0410316278   0.0000017682  -0.0000045486   0.0064383177
       -0.0000008814  -0.0000007510   0.0061041601  -0.0000008577  -0.0000005083
       -0.0024428507  -0.0000035668  -0.0000028235   0.0054689257   0.0000006196
        0.0000005810  -0.0003674918   0.0000393845   0.0000214994   0.0361660520
        0.0000001114   0.0000001175  -0.0013532238  -0.0000000744   0.0000001752
       -0.0002522974   0.0000003566   0.0000002227  -0.0029124558   0.0000000736
       -0.0000001360   0.0004734194  -0.0000327598  -0.0000077828  -0.0164999864
       -0.1113453031   0.1157431918   0.0000024901   0.0066299256  -0.0110014283
       -0.0000003927  -0.0004465748  -0.0029232939  -0.0000006536  -0.0006377087
       -0.0004381125  -0.0000001192  -0.0052138380  -0.0006345751  -0.0000008548
       -0.0186779505   0.0257898198   0.0000005065  -0.0001650827   0.0016888986
        0.0000000359  -0.0008615345   0.0002182526  -0.0000000880   0.0000889052
       -0.0000578979   0.0000000246   0.0002176928  -0.0002290932   0.0000001114
        0.1285898447  -0.1273221180  -0.0000014452   0.0008012447  -0.0008906647
        0.0000001493   0.0002801542  -0.0006413548  -0.0000000286   0.0007094564
        0.0008171988   0.0000002527   0.0000307687  -0.0001188232   0.0000000116
        0.1161777283  -0.2394922626  -0.0000061850   0.0121857032  -0.0255315551
       -0.0000009656  -0.0032690338  -0.0041945567  -0.0000009411  -0.0003780710
        0.0000666922  -0.0000000798   0.0000384677   0.0011640118  -0.0000004914
        0.0025271543  -0.0013186845   0.0000001107  -0.0004565534  -0.0003606145
       -0.0000001058   0.0001049771   0.0001283094   0.0000000472   0.0000582532
        0.0001494059   0.0000000212  -0.0002467203   0.0005369476   0.0000001175
       -0.1273221180   0.2683117731   0.0000080656   0.0007027201   0.0006667592
        0.0000002358   0.0006788803  -0.0010532365  -0.0000000300  -0.0007778449
        0.0008683129   0.0000001857  -0.0000235429   0.0000586976   0.0000000148
        0.0000024691  -0.0000062315  -0.0331145964   0.0000014237  -0.0000027404
        0.0003133539  -0.0000007738  -0.0000007120   0.0063318423  -0.0000002866
       -0.0000000301   0.0006172477  -0.0000007712  -0.0000007624   0.0081862459
       -0.0000013271   0.0000020057  -0.0004662804   0.0000000041   0.0000004557
        0.0009796117   0.0000001003  -0.0000001240  -0.0005780495  -0.0000000755
       -0.0000001968  -0.0000448205   0.0000002150   0.0000000240  -0.0013532238
       -0.0000014452   0.0000080656   0.0238961689   0.0000002256   0.0000001424
       -0.0020276237   0.0000000780  -0.0000001451   0.0001650095   0.0000001982
        0.0000002756  -0.0028059476  -0.0000000344  -0.0000000265  -0.0000989382
       -0.0167246012  -0.0019345836  -0.0000014197  -0.3053857400  -0.0029466559
       -0.0000178566  -0.0179726603   0.0023237767  -0.0000011797  -0.0006562536
        0.0028293711  -0.0000004891   0.0011781823  -0.0000894463   0.0000000422
       -0.0014454852  -0.0030986840  -0.0000007694   0.0001627039  -0.0001028890
        0.0000002017  -0.0000244374  -0.0001622853  -0.0000000291  -0.0000971104
        0.0001653302  -0.0000000333  -0.0009521595  -0.0001007125  -0.0000000744
        0.0008012447   0.0007027201   0.0000002256   0.3409060294   0.0028767879
        0.0000211284   0.0008707506  -0.0006937701   0.0000002040  -0.0007246541
        0.0000937084  -0.0000000099   0.0000641908   0.0001373323   0.0000000593
       -0.0250668104  -0.0010097330  -0.0000018806  -0.0031760074  -0.0436399050
       -0.0000008456   0.0255789261  -0.0012720436   0.0000015538   0.0024722988
       -0.0039986289  -0.0000007042   0.0004573552  -0.0006617167  -0.0000000181
       -0.0034276408  -0.0042192676  -0.0000009838  -0.0002267986  -0.0003891619
        0.0000001953   0.0000432387   0.0001119018  -0.0000000956  -0.0000191206
        0.0003191162   0.0000000021   0.0014398062   0.0000400147   0.0000001752
       -0.0008906647   0.0006667592   0.0000001424   0.0028767879   0.0536198419
        0.0000022384   0.0009570852   0.0007622020   0.0000002865  -0.0012094182
       -0.0000400564  -0.0000000785   0.0001909626  -0.0002893228   0.0000000127
       -0.0000030557  -0.0000001987   0.0020730897  -0.0000176624  -0.0000012114
       -0.0363325920   0.0000002308   0.0000002253   0.0014283206  -0.0000004519
       -0.0000007227   0.0094526060   0.0000000129  -0.0000002982   0.0001409491
       -0.0000006553  -0.0000009460   0.0068280067   0.0000002938  -0.0000001011
       -0.0024332107  -0.0000001351   0.0000002231   0.0002278907   0.0000000419
        0.0000001184   0.0006055713  -0.0000000377   0.0000002087  -0.0002522974
        0.0000001493   0.0000002358  -0.0020276237   0.0000211284   0.0000022384
        0.0241250856   0.0000002916   0.0000001957  -0.0029180415  -0.0000001369
        0.0000000439  -0.0005148383  -0.0000000138  -0.0000000111  -0.0004029160
       -0.0004238532   0.0030056877  -0.0000004311   0.0067930597   0.0114837841
        0.0000012345  -0.1049167112  -0.1114124174  -0.0000117393  -0.0179628633
       -0.0288497958  -0.0000032676  -0.0050943867   0.0009187256  -0.0000008286
       -0.0005409745   0.0009029413   0.0000000102  -0.0004304995  -0.0016200272
       -0.0000001617   0.0002646150   0.0000441833   0.0000001077  -0.0008136238
       -0.0002360727  -0.0000000242   0.0024244709   0.0002770818   0.0000003566
        0.0002801542   0.0006788803   0.0000000780   0.0008707506   0.0009570852
        0.0000002916   0.1190081366   0.1239266490   0.0000141993  -0.0000228007
        0.0000830030   0.0000001233   0.0005645258  -0.0001597081   0.0000000513
        0.0036230501  -0.0035645834  -0.0000004532  -0.0112582258  -0.0255551942
       -0.0000024453  -0.1127134211  -0.2472582979  -0.0000207697  -0.0035312474
       -0.0020954305  -0.0000005079   0.0000522614   0.0003997947  -0.0000004072
        0.0002297253   0.0007374839   0.0000000904   0.0002644106  -0.0004566479
        0.0000000616   0.0000621506   0.0001385417  -0.0000000209   0.0000156253
        0.0002255847   0.0000000041   0.0002100781   0.0005886023   0.0000002227
       -0.0006413548  -0.0010532365  -0.0000001451  -0.0006937701   0.0007622020
        0.0000001957   0.1239266490   0.2769993118   0.0000240255   0.0000404651
        0.0001077326   0.0000001222   0.0004136037   0.0000241369   0.0000000270
       -0.0000003369  -0.0000006318   0.0081641751  -0.0000001718  -0.0000007142
        0.0000568876  -0.0000118128  -0.0000205392  -0.0333093199  -0.0000015681
       -0.0000024343   0.0020278521  -0.0000009117  -0.0000003387   0.0069718459
       -0.0000001123   0.0000001291  -0.0001657165   0.0000001127  -0.0000004253
       -0.0003014467  -0.0000001022   0.0000001694  -0.0000222188  -0.0000000205
        0.0000001226  -0.0000029316   0.0000003841   0.0000002576  -0.0029124558
       -0.0000000286  -0.0000000300   0.0001650095   0.0000002040   0.0000002865
       -0.0029180415   0.0000141993   0.0000240255   0.0237803933   0.0000001079
        0.0000001223  -0.0015959674   0.0000000570   0.0000000005   0.0000619347
       -0.0163337609  -0.0244708197  -0.0000028368  -0.0056818413  -0.0002264466
       -0.0000008822  -0.0005093406   0.0007456958   0.0000000481  -0.0012369305
        0.0018239183  -0.0000004745   0.0075369911   0.0099514465   0.0000011562
       -0.1098287408  -0.1157356926  -0.0000125342   0.0012508404   0.0020945750
        0.0000002734   0.0003196559  -0.0014301725   0.0000000366  -0.0034069146
        0.0003446047  -0.0000001410  -0.0002553619   0.0016172087   0.0000000736
        0.0007094564  -0.0007778449   0.0000001982  -0.0007246541  -0.0012094182
       -0.0000001369  -0.0000228007   0.0000404651   0.0000001079   0.1277877567
        0.1270642020   0.0000150682   0.0003956449   0.0001682786   0.0000000433
       -0.0014687597  -0.0001082925  -0.0000002443  -0.0001929259   0.0002436304
       -0.0000005392  -0.0002107469   0.0007790472   0.0000000270   0.0039883323
       -0.0029112741  -0.0000002634  -0.0109600806  -0.0272775204  -0.0000026348
       -0.1165198799  -0.2374526037  -0.0000206345  -0.0012971536  -0.0031490912
        0.0000001282  -0.0008436144   0.0010970512  -0.0000000958   0.0003968329
        0.0024542704   0.0000000490  -0.0007347545  -0.0014208509  -0.0000001360
        0.0008171988   0.0008683129   0.0000002756   0.0000937084  -0.0000400564
        0.0000000439   0.0000830030   0.0001077326   0.0000001223   0.1270642020
        0.2668397795   0.0000239275  -0.0002153620  -0.0000301348  -0.0000000256
       -0.0000015552  -0.0000019357   0.0017729907  -0.0000011076  -0.0000000451
        0.0084813853   0.0000001377  -0.0000002748  -0.0000885010  -0.0000002205
       -0.0000000774   0.0060332066  -0.0000009661  -0.0000009055   0.0019886091
       -0.0000120099  -0.0000209520  -0.0349235901   0.0000002682   0.0000014791
       -0.0030071356   0.0000002555  -0.0000004041  -0.0000161355  -0.0000002192
       -0.0000006074   0.0003338499   0.0000000316  -0.0000004301   0.0004734194
        0.0000002527   0.0000001857  -0.0028059476  -0.0000000099  -0.0000000785
       -0.0005148383   0.0000001233   0.0000001222  -0.0015959674   0.0000150682
        0.0000239275   0.0239024565  -0.0000000486  -0.0000000041  -0.0000338021
       -0.0031337729  -0.0024304182  -0.0000003730  -0.0012776244   0.0044154180
        0.0000001406   0.0041365780  -0.0002178951   0.0000002474  -0.0295003940
        0.0283386536  -0.0000007678  -0.0115767091  -0.0021933051  -0.0000010162
        0.0024284324  -0.0022002759   0.0000001931   0.0266370943  -0.0152265641
        0.0000019829  -0.0130787080   0.0187385763   0.0000002702  -0.0033442563
        0.0052010237  -0.0000003726  -0.3173605253  -0.0521378280  -0.0000327598
        0.0000307687  -0.0000235429  -0.0000000344   0.0000641908   0.0001909626
       -0.0000000138   0.0005645258   0.0004136037   0.0000000570   0.0003956449
       -0.0002153620  -0.0000000486   0.3450147551   0.0173469533   0.0000324950
       -0.0015690427  -0.0009491319  -0.0000001963   0.0015050944   0.0016542216
        0.0000001603   0.0042698253  -0.0049311267  -0.0000000886   0.0322696091
        0.0090322533   0.0000035230  -0.0051019980  -0.0001737115  -0.0000003081
        0.0014186142  -0.0014411886   0.0000000904   0.0125296227  -0.0180585665
        0.0000008955  -0.0051660737   0.0111485844   0.0000002067  -0.0006731613
        0.0036595640  -0.0000002107  -0.0568565227  -0.0513586668  -0.0000077828
       -0.0001188232   0.0000586976  -0.0000000265   0.0001373323  -0.0002893228
       -0.0000000111  -0.0001597081   0.0000241369   0.0000000005   0.0001682786
       -0.0000301348  -0.0000000041   0.0173469533   0.0516543918   0.0000037517
       -0.0000003092  -0.0000002607  -0.0000080520  -0.0000000546   0.0000003077
        0.0013295425   0.0000003652  -0.0000004925   0.0026187388  -0.0000002978
        0.0000030703   0.0001141616  -0.0000013538  -0.0000002491  -0.0008219699
        0.0000002089  -0.0000001849  -0.0001187171   0.0000031894  -0.0000027500
        0.0009319088  -0.0000010095   0.0000029348  -0.0063731526  -0.0000002474
        0.0000010409   0.0005104004  -0.0000331518  -0.0000071972  -0.0164999864
        0.0000000116   0.0000000148  -0.0000989382   0.0000000593   0.0000000127
       -0.0004029160   0.0000000513   0.0000000270   0.0000619347   0.0000000433
       -0.0000000256  -0.0000338021   0.0000324950   0.0000037517   0.0187908476
