$hessian                                                                        
        0.6767766809  -0.0000008454  -0.0000010564  -0.1526291546   0.1011392449
        0.1013881149  -0.0368659331   0.0178562627   0.0178977122   0.0043591584
       -0.0000021969  -0.0000021863  -0.0368776633  -0.0178517548  -0.0178931935
       -0.1526505231  -0.1011483544  -0.1013971739  -0.0044360237  -0.0004985166
       -0.0004998301  -0.0009252256   0.0000000358   0.0000000335   0.0001781439
       -0.0001163997   0.0001187154   0.0000462624   0.0000415612  -0.0000418896
        0.0000913197  -0.0000000116  -0.0000000138   0.0000462608  -0.0000415801
        0.0000418663   0.0001781444   0.0001163870  -0.0001187255  -0.0001410489
        0.0000728583  -0.0000727640  -0.0001410480  -0.0000728989   0.0000728201
       -0.0044362926   0.0004990537   0.0005002620  -0.3059956442   0.0000094561
        0.0000096269   0.0066729497  -0.0080352394  -0.0080541108   0.0066729959
        0.0080329747   0.0080518368   0.0000363560   0.0000001543  -0.0000002675
        0.0000039307  -0.0000000153  -0.0000000186   0.0000363542  -0.0000001755
        0.0000002420
       -0.0000008454   0.3813217152   0.2657758971   0.0442501237  -0.1595964530
       -0.1143465517   0.0622142276   0.0130342264   0.0118857580  -0.0000021674
       -0.0323525663  -0.0286475309  -0.0622095993   0.0130399653   0.0118916248
       -0.0442593976  -0.1595862797  -0.1143361770   0.0022173746   0.0036611280
       -0.0013609830   0.0000000008  -0.0003409564  -0.0000957350   0.0000382038
        0.0000306081   0.0000691270   0.0000347858   0.0000330818  -0.0000227748
        0.0000000061  -0.0000146075   0.0000006761  -0.0000347867   0.0000331632
       -0.0000227024  -0.0000382322   0.0000306725   0.0000691900  -0.0000170072
        0.0000007291  -0.0000399274   0.0000170363   0.0000009530  -0.0000398452
       -0.0022168718   0.0036610390  -0.0013607551   0.0000094512  -0.0385837818
       -0.0043109954   0.0078870674  -0.0122066086  -0.0124805073  -0.0078893658
       -0.0122067744  -0.0124804273   0.0000217041   0.0000183786  -0.0000376452
       -0.0000000026   0.0000038568  -0.0000722039  -0.0000217054   0.0000185109
       -0.0000375114
       -0.0000010564   0.2657758971   0.3826338798   0.0443619675  -0.1143480298
       -0.1601580949   0.0623652568   0.0118836164   0.0130927454  -0.0000021597
       -0.0286494117  -0.0324935648  -0.0623605958   0.0118893961   0.0130986623
       -0.0443711780  -0.1143378071  -0.1601475558   0.0022228881  -0.0013604306
        0.0036542774   0.0000000160  -0.0000944306  -0.0003420763  -0.0000393580
        0.0000696965   0.0000301064  -0.0000339854  -0.0000220165   0.0000323070
        0.0000000098  -0.0000006760  -0.0000134131   0.0000339900  -0.0000219464
        0.0000323735   0.0000393486   0.0000697240   0.0000301905   0.0000201951
       -0.0000380151  -0.0000011804  -0.0000202083  -0.0000378396  -0.0000010124
       -0.0022224286  -0.0013604708   0.0036545880   0.0000096087  -0.0043110966
       -0.0386054189   0.0079063207  -0.0124792330  -0.0122689746  -0.0079086262
       -0.0124794010  -0.0122688912  -0.0000216810  -0.0000377103   0.0000185245
       -0.0000000029  -0.0000722268   0.0000038786   0.0000216789  -0.0000375883
        0.0000186490
       -0.1526291546   0.0442501237   0.0443619675   0.6436936174   0.0099599863
        0.0099794612  -0.3186447139   0.0130105462   0.0130528486  -0.0336983420
       -0.0533197204  -0.0534449409  -0.0479420490   0.0201660375   0.0202145708
        0.0575604998   0.0205692044   0.0206195347   0.0008021806  -0.0005977919
       -0.0005996992   0.0002294514  -0.0016752115  -0.0016806069  -0.0005618253
        0.0001336591   0.0000646330   0.0001558623   0.0001147488   0.0001193231
        0.0000462536  -0.0000347907  -0.0000339937   0.0001562458   0.0001206015
        0.0001136575  -0.0005582197   0.0000703545   0.0001359346   0.0000506918
        0.0000235415  -0.0000941120   0.0000457430  -0.0000917153   0.0000222737
       -0.0234742160   0.0121252726   0.0121535377  -0.0177857702   0.0182617346
        0.0183070431  -0.1068474310  -0.0809976004  -0.0811963576  -0.0006064002
       -0.0020930175  -0.0020987468  -0.0000107165   0.0000113453   0.0000205502
        0.0000290273  -0.0000279271  -0.0000280787  -0.0000107345   0.0000206187
        0.0000112000
        0.1011392449  -0.1595964530  -0.1143480298   0.0099599863   0.3952450778
        0.2852630537  -0.0340559502  -0.0649834944  -0.0177665255  -0.0165011974
        0.0109004831   0.0112825269   0.0218082730  -0.0082525179  -0.0041998484
       -0.0205784785  -0.0331644787  -0.0352158159  -0.0007765452  -0.0004398151
       -0.0003108240  -0.0014230545   0.0013990198  -0.0054544499  -0.0011912144
       -0.0003270197   0.0001562552  -0.0001147583   0.0004127153  -0.0000709205
       -0.0000415650   0.0000331180   0.0000219850   0.0001205626   0.0001546724
        0.0000679942   0.0006446957   0.0002288822  -0.0001647721   0.0000213769
       -0.0000340680  -0.0000381376  -0.0000057033  -0.0001282014   0.0000700917
        0.0216326875  -0.0046578601  -0.0071740044   0.0017929500  -0.0005385669
       -0.0010954299  -0.0803958192  -0.1378742850  -0.1052307194  -0.0020017996
        0.0016789441  -0.0057219723  -0.0000878638   0.0000016432  -0.0000286579
       -0.0000067457  -0.0000325235  -0.0000319199   0.0000609181  -0.0000252720
       -0.0000098794
        0.1013881149  -0.1143465517  -0.1601580949   0.0099794612   0.2852630537
        0.3966331229  -0.0341378959  -0.0177627705  -0.0650695628  -0.0165408320
        0.0112780160   0.0109526801   0.0218617276  -0.0042006073  -0.0082723175
       -0.0206286537  -0.0352157576  -0.0333380466  -0.0007783339  -0.0003110034
       -0.0004408316  -0.0014291141  -0.0054554172   0.0013727775   0.0006411804
       -0.0001646742   0.0002304614   0.0001193687   0.0000709237   0.0001566499
       -0.0000418674   0.0000227500   0.0000323475  -0.0001136000  -0.0000680256
        0.0004135885  -0.0011877305   0.0001576531  -0.0003306958  -0.0000052479
        0.0000671906  -0.0001268812   0.0000228954  -0.0000406400  -0.0000322724
        0.0216841538  -0.0071739975  -0.0046905713   0.0017975359  -0.0010956594
       -0.0005440190  -0.0805908522  -0.1052314964  -0.1383829969  -0.0020067779
       -0.0057218985   0.0016510529   0.0000607456  -0.0000099287  -0.0000252715
       -0.0000066961  -0.0000324762  -0.0000328266  -0.0000875818  -0.0000286829
        0.0000017073
       -0.0368659331   0.0622142276   0.0623652568  -0.3186447139  -0.0340559502
       -0.0341378959   0.5962165906   0.0443726847   0.0444789236  -0.1437076097
       -0.0523047152  -0.0524352650   0.0580989659  -0.0215113025  -0.0215599982
       -0.0479481853  -0.0218055689  -0.0218592783  -0.0011325571   0.0032502096
        0.0032582595  -0.0262931322  -0.0177357383  -0.0177822061  -0.0017902300
       -0.0021296548   0.0013791604  -0.0005617450   0.0011913104   0.0006412144
        0.0001781455  -0.0000382163  -0.0000393602  -0.0005581495   0.0006446889
        0.0011876685  -0.0017782044   0.0013750151  -0.0021410377   0.0005467314
       -0.0008997870   0.0004720909   0.0005508888   0.0004591588  -0.0008911135
       -0.0571492001   0.0373200444   0.0374077455  -0.0006578767   0.0018235284
        0.0018279156  -0.0178488532  -0.0015968806  -0.0015990194  -0.0003173418
       -0.0003126749  -0.0003135169  -0.0002075368  -0.0000659510   0.0000256218
        0.0000765916  -0.0002199671  -0.0002191080  -0.0002066451   0.0000255391
       -0.0000660578
        0.0178562627   0.0130342264   0.0118836164   0.0130105462  -0.0649834944
       -0.0177627705   0.0443726847   0.2993677245   0.1990955127  -0.0934214637
       -0.1380197130  -0.0937910071   0.0215020068  -0.0348809201  -0.0359721566
       -0.0201635277  -0.0082495271  -0.0041975396   0.0012496153   0.0024257576
       -0.0027820298  -0.0085659928   0.0003325157  -0.0011978335   0.0021298169
       -0.0008210188  -0.0005603912  -0.0001336763  -0.0003271611   0.0001646198
        0.0001163912   0.0000306253  -0.0000697005   0.0000703039   0.0002288957
       -0.0001576857   0.0013751613  -0.0003083610   0.0005745657  -0.0004891349
       -0.0000701017  -0.0002644442   0.0001278156  -0.0003728303   0.0002387613
        0.0373700054  -0.0688981649  -0.0482578674   0.0020995007   0.0020965959
       -0.0057256893  -0.0184595882  -0.0008325555  -0.0013852829  -0.0003430681
        0.0000872038  -0.0000047052   0.0001307389   0.0000528376   0.0001245360
        0.0000490811   0.0000458541   0.0000448278   0.0001165209   0.0000616116
        0.0000026638
        0.0178977122   0.0118857580   0.0130927454   0.0130528486  -0.0177665255
       -0.0650695628   0.0444789236   0.1990955127   0.3003254387  -0.0936176511
       -0.0937825838  -0.1384869261   0.0215504597  -0.0359722573  -0.0350493652
       -0.0202119033  -0.0041967764  -0.0082691747   0.0012509778  -0.0027815790
        0.0024115855  -0.0086247257  -0.0011944240   0.0003253097   0.0013790857
        0.0005602689  -0.0002940704   0.0000646656  -0.0001562284   0.0002304571
        0.0001187138  -0.0000691685   0.0000301540  -0.0001358680   0.0001647393
       -0.0003306937   0.0021410006  -0.0005746307  -0.0008187180   0.0001242110
        0.0002457325  -0.0003808274  -0.0004755282  -0.0002609776  -0.0000700697
        0.0374539286  -0.0482556677  -0.0691222352   0.0021043781  -0.0057254502
        0.0020682864  -0.0185041114  -0.0013852391  -0.0008390171  -0.0003439395
       -0.0000043646   0.0000869552   0.0001160668   0.0000030548   0.0000613907
        0.0000491422   0.0000453071   0.0000454168   0.0001316131   0.0001254999
        0.0000529207
        0.0043591584  -0.0000021674  -0.0000021597  -0.0336983420  -0.0165011974
       -0.0165408320  -0.1437076097  -0.0934214637  -0.0936176511   0.6272413395
       -0.0000013084  -0.0000004355  -0.1436862165   0.0934149245   0.0936109582
       -0.0336881263   0.0165052491   0.0165448960   0.0057950847  -0.0083421718
       -0.0083621850  -0.2248946974   0.0000066140   0.0000061578  -0.0262911853
        0.0085677725  -0.0086249421   0.0002296871   0.0014231072  -0.0014287461
       -0.0009252256   0.0000000388   0.0000000246   0.0002296621  -0.0014226176
        0.0014292308  -0.0262912782  -0.0085656688   0.0086267918   0.0002639881
        0.0002903877  -0.0002933618   0.0002640004  -0.0002909419   0.0002934693
        0.0057964221   0.0083390829   0.0083584361   0.0006423235  -0.0000000672
       -0.0000000508  -0.0053764554  -0.0000270468  -0.0000288834  -0.0053764487
        0.0000274540   0.0000293166  -0.0005261399  -0.0000348292   0.0000367818
        0.0001662167  -0.0000000405  -0.0000000601  -0.0005261576   0.0000348900
       -0.0000367554
       -0.0000021969  -0.0323525663  -0.0286494117  -0.0533197204   0.0109004831
        0.0112780160  -0.0523047152  -0.1380197130  -0.0937825838  -0.0000013084
        0.3755659110   0.2341016123   0.0522982849  -0.1380304957  -0.0937931502
        0.0533240059   0.0108953609   0.0112730463  -0.0006615044  -0.0199246931
       -0.0224820969   0.0000060655  -0.0566276008   0.0000023791   0.0177372163
        0.0003307642   0.0011951635   0.0016752245   0.0013991753   0.0054556382
        0.0000000341  -0.0003409548   0.0000944302  -0.0016747321   0.0013994425
        0.0054557041  -0.0177349929   0.0003328464   0.0011956794  -0.0012774092
       -0.0009155792  -0.0007420885   0.0012773302  -0.0009143835  -0.0007432305
        0.0006580480  -0.0199266867  -0.0224838613  -0.0000000439  -0.0002366157
       -0.0005526415  -0.0000257545   0.0036745694  -0.0031159170   0.0000261828
        0.0036744838  -0.0031158277   0.0009022461  -0.0000795227   0.0000624039
       -0.0000000575  -0.0007248521  -0.0007158162  -0.0009022028  -0.0000793728
        0.0000625523
       -0.0000021863  -0.0286475309  -0.0324935648  -0.0534449409   0.0112825269
        0.0109526801  -0.0524352650  -0.0937910071  -0.1384869261  -0.0000004355
        0.2341016123   0.3768743815   0.0524286391  -0.0938015593  -0.1384973999
        0.0534492297   0.0112774754   0.0109476911  -0.0006635133  -0.0224832362
       -0.0200319207   0.0000056115  -0.0000023805  -0.0566638817  -0.0177824508
        0.0011989364   0.0003252196  -0.0016802006   0.0054544858   0.0013723369
        0.0000000308   0.0000957352  -0.0003420783   0.0016807246   0.0054544511
        0.0013721652   0.0177844864   0.0011982853   0.0003233288   0.0012839844
       -0.0007380648  -0.0009118188  -0.0012840973  -0.0007389080  -0.0009107490
        0.0006600269  -0.0224829732  -0.0200315909  -0.0000000463  -0.0005536895
       -0.0002380956  -0.0000249333  -0.0031164544   0.0036600166   0.0000253537
       -0.0031164653   0.0036600354  -0.0009047855   0.0000622728  -0.0000797296
       -0.0000000560  -0.0007157388  -0.0007203352   0.0009048236   0.0000622268
       -0.0000797646
       -0.0368776633  -0.0622095993  -0.0623605958  -0.0479420490   0.0218082730
        0.0218617276   0.0580989659   0.0215020068   0.0215504597  -0.1436862165
        0.0522982849   0.0524286391   0.5962034790  -0.0443800300  -0.0444856505
       -0.3186416395   0.0340730563   0.0341552976  -0.0571600478  -0.0373238121
       -0.0374126070  -0.0262893315   0.0177374116   0.0177837928  -0.0017784087
       -0.0013750520   0.0021410217  -0.0005582642  -0.0006447302  -0.0011877782
        0.0001781428   0.0000382197   0.0000393465  -0.0005618769  -0.0011911535
       -0.0006410253  -0.0017904340   0.0021298988  -0.0013789781   0.0005509301
       -0.0004597860   0.0008910841   0.0005468019   0.0008998735  -0.0004716789
       -0.0011331922  -0.0032502684  -0.0032582033  -0.0006584514  -0.0018237774
       -0.0018281433  -0.0003172326   0.0003128954   0.0003133243  -0.0178459178
        0.0015977843   0.0016003628  -0.0002066499  -0.0000257123   0.0000658555
        0.0000766151   0.0002200011   0.0002191167  -0.0002075594   0.0000662155
       -0.0000253680
       -0.0178517548   0.0130399653   0.0118893961   0.0201660375  -0.0082525179
       -0.0042006073  -0.0215113025  -0.0348809201  -0.0359722573   0.0934149245
       -0.1380304957  -0.0938015593  -0.0443800300   0.2993740720   0.1991017914
       -0.0129931586  -0.0649850182  -0.0177642007  -0.0373741839  -0.0688927518
       -0.0482532819   0.0085679037   0.0003309714  -0.0011993908  -0.0013750193
       -0.0003082595   0.0005743830  -0.0000702610   0.0002288840  -0.0001576686
       -0.0001164015   0.0000306457  -0.0000697197   0.0001337101  -0.0003270357
        0.0001646929  -0.0021298097  -0.0008210154  -0.0005601767  -0.0001278604
       -0.0003727398   0.0002388415   0.0004891004  -0.0000704245  -0.0002635375
       -0.0012496757   0.0024263220  -0.0027818224  -0.0020997264   0.0020968807
       -0.0057253704   0.0003430835   0.0000872567  -0.0000048260   0.0184607190
       -0.0008341193  -0.0013866176  -0.0001164901   0.0000615234   0.0000025400
       -0.0000490810   0.0000458370   0.0000447741  -0.0001307237   0.0000529397
        0.0001246172
       -0.0178931935   0.0118916248   0.0130986623   0.0202145708  -0.0041998484
       -0.0082723175  -0.0215599982  -0.0359721566  -0.0350493652   0.0936109582
       -0.0937931502  -0.1384973999  -0.0444856505   0.1991017914   0.3003317183
       -0.0130356948  -0.0177681390  -0.0650710783  -0.0374583855  -0.0482491989
       -0.0691166491   0.0086265560  -0.0011964173   0.0003233628  -0.0021409859
       -0.0005743451  -0.0008187261   0.0001359166   0.0001647354  -0.0003306902
       -0.0001187213  -0.0000691483   0.0000301530  -0.0000646334  -0.0001560678
        0.0002305461  -0.0013789399   0.0005603274  -0.0002937652   0.0004754314
       -0.0002620059  -0.0000699862  -0.0001242490   0.0002454469  -0.0003809136
       -0.0012508156  -0.0027810364   0.0024117161  -0.0021045931  -0.0057251954
        0.0020685913   0.0003439749  -0.0000043360   0.0000868154   0.0185052291
       -0.0013868170  -0.0008403849  -0.0001315738   0.0001254344   0.0000528203
       -0.0000491417   0.0000453268   0.0000453998  -0.0001160608   0.0000031751
        0.0000614908
       -0.1526505231  -0.0442593976  -0.0443711780   0.0575604998  -0.0205784785
       -0.0206286537  -0.0479481853  -0.0201635277  -0.0202119033  -0.0336881263
        0.0533240059   0.0534492297  -0.3186416395  -0.0129931586  -0.0130356948
        0.6436908772  -0.0099570095  -0.0099766358  -0.0234791477  -0.0121246103
       -0.0121526232   0.0002298976   0.0016748373   0.0016802265  -0.0005581946
       -0.0000702183  -0.0001358459   0.0001562379  -0.0001205304  -0.0001135681
        0.0000462696   0.0000347821   0.0000339812   0.0001558514  -0.0001148048
       -0.0001194048  -0.0005617959  -0.0001337312  -0.0000646582   0.0000457455
        0.0000918662  -0.0000220807   0.0000507046  -0.0000238160   0.0000940204
        0.0008023689   0.0005979730   0.0005993946  -0.0177886852  -0.0182605523
       -0.0183058417  -0.0006058097   0.0020926399   0.0020986368  -0.1068239266
        0.0809877929   0.0811863126  -0.0000107327  -0.0000204917  -0.0000110759
        0.0000290329   0.0000279136   0.0000280586  -0.0000107187  -0.0000114840
       -0.0000206963
       -0.1011483544  -0.1595862797  -0.1143378071   0.0205692044  -0.0331644787
       -0.0352157576  -0.0218055689  -0.0082495271  -0.0041967764   0.0165052491
        0.0108953609   0.0112774754   0.0340730563  -0.0649850182  -0.0177681390
       -0.0099570095   0.3952468527   0.2852647617  -0.0216317301  -0.0046554106
       -0.0071715183   0.0014227469   0.0013990242  -0.0054544881  -0.0006446595
        0.0002288972  -0.0001647323  -0.0001205633   0.0001547157   0.0000680377
        0.0000415784   0.0000331247   0.0000219779   0.0001147891   0.0004126900
       -0.0000709315   0.0011912154  -0.0003271786   0.0001560715   0.0000057146
       -0.0001281891   0.0000701503  -0.0000213720  -0.0000341884  -0.0000381759
        0.0007763429  -0.0004397754  -0.0003109729  -0.0017917745  -0.0005371188
       -0.0010939710   0.0020015489   0.0016786016  -0.0057222322   0.0803859037
       -0.1378859512  -0.1052425044  -0.0000609196  -0.0000252216  -0.0000098343
        0.0000067407  -0.0000325266  -0.0000319275   0.0000878615   0.0000015971
       -0.0000287059
       -0.1013971739  -0.1143361770  -0.1601475558   0.0206195347  -0.0352158159
       -0.0333380466  -0.0218592783  -0.0041975396  -0.0082691747   0.0165448960
        0.0112730463   0.0109476911   0.0341552976  -0.0177642007  -0.0650710783
       -0.0099766358   0.2852647617   0.3966346511  -0.0216834570  -0.0071716887
       -0.0046881609   0.0014287864  -0.0054559271   0.0013722990   0.0011877506
        0.0001576711  -0.0003306871   0.0001136318  -0.0000679926   0.0004136020
        0.0000418864   0.0000227272   0.0000323351  -0.0001193653   0.0000709147
        0.0001566364  -0.0006411233  -0.0001646084   0.0002305417  -0.0000229299
       -0.0000405279  -0.0000321783   0.0000052280   0.0000671094  -0.0001268613
        0.0007783091  -0.0003110368  -0.0004410377  -0.0017963473  -0.0010941829
       -0.0005425378   0.0020065285  -0.0057222417   0.0016507956   0.0805809382
       -0.1052431943  -0.1383948314   0.0000875810  -0.0000286444   0.0000017441
        0.0000066911  -0.0000324784  -0.0000328301  -0.0000607486  -0.0000099741
       -0.0000253163
       -0.0044360237   0.0022173746   0.0022228881   0.0008021806  -0.0007765452
       -0.0007783339  -0.0011325571   0.0012496153   0.0012509778   0.0057950847
       -0.0006615044  -0.0006635133  -0.0571600478  -0.0373741839  -0.0374583855
       -0.0234791477  -0.0216317301  -0.0216834570   0.0785483110   0.0555702898
        0.0557054569   0.0002640606   0.0012773696   0.0012839734   0.0005468296
        0.0004891668   0.0001242386   0.0000506924  -0.0000213297  -0.0000051863
       -0.0001410424   0.0000170176   0.0000202198   0.0000457482  -0.0000057827
       -0.0000229566   0.0005509762   0.0001277437   0.0004754128  -0.0002564363
        0.0004346738  -0.0002983105  -0.0002598732  -0.0003003643   0.0004395800
        0.0000789335   0.0003555297   0.0003566553  -0.0006112635  -0.0007822276
       -0.0007843153   0.0001383676   0.0001904679   0.0001913150   0.0006432487
       -0.0002624972  -0.0002633751   0.0000225112  -0.0000136770  -0.0000575009
       -0.0000326214  -0.0000418349  -0.0000416844   0.0000220688  -0.0000575719
       -0.0000136989
       -0.0004985166   0.0036611280  -0.0013604306  -0.0005977919  -0.0004398151
       -0.0003110034   0.0032502096   0.0024257576  -0.0027815790  -0.0083421718
       -0.0199246931  -0.0224832362  -0.0373238121  -0.0688927518  -0.0482491989
       -0.0121246103  -0.0046554106  -0.0071716887   0.0555702898   0.0905422518
        0.0797739102  -0.0002904845  -0.0009153994   0.0007381961   0.0008996298
       -0.0000703211  -0.0002457484  -0.0000234749  -0.0000340343  -0.0000672001
       -0.0000728482   0.0000006690   0.0000380972  -0.0000919511  -0.0001281672
        0.0000405044   0.0004598692  -0.0003729146   0.0002619650  -0.0004347205
        0.0007177731  -0.0004928256  -0.0003004524  -0.0003827416   0.0004954603
       -0.0003558404  -0.0006607857  -0.0005264261   0.0000014774  -0.0002075292
       -0.0000632905   0.0001023342  -0.0003292751   0.0008546307   0.0002975095
       -0.0002326940   0.0016104710  -0.0000256065  -0.0000121176  -0.0000295200
       -0.0000387582  -0.0000320921  -0.0000195012  -0.0000602800  -0.0000568370
       -0.0000115863
       -0.0004998301  -0.0013609830   0.0036542774  -0.0005996992  -0.0003108240
       -0.0004408316   0.0032582595  -0.0027820298   0.0024115855  -0.0083621850
       -0.0224820969  -0.0200319207  -0.0374126070  -0.0482532819  -0.0691166491
       -0.0121526232  -0.0071715183  -0.0046881609   0.0557054569   0.0797739102
        0.0909096893  -0.0002935475   0.0007427881  -0.0009110909   0.0004714376
        0.0002635047  -0.0003808196  -0.0000939396   0.0000382088  -0.0001268833
       -0.0000728080   0.0000397468  -0.0000009343  -0.0000223702  -0.0000700660
       -0.0000323146   0.0008912054  -0.0002387685  -0.0000700428  -0.0002981649
        0.0004927831  -0.0003804510  -0.0004393762  -0.0004953817   0.0007265389
       -0.0003565246  -0.0005264863  -0.0006632192   0.0000014766  -0.0000630522
       -0.0002080655   0.0001025914   0.0008545404  -0.0003250946   0.0002982689
        0.0016106319  -0.0002251418  -0.0000598558  -0.0000117363  -0.0000566240
       -0.0000388587  -0.0000198168  -0.0000316794  -0.0000263063  -0.0000300720
       -0.0000121678
       -0.0009252256   0.0000000008   0.0000000160   0.0002294514  -0.0014230545
       -0.0014291141  -0.0262931322  -0.0085659928  -0.0086247257  -0.2248946974
        0.0000060655   0.0000056115  -0.0262893315   0.0085679037   0.0086265560
        0.0002298976   0.0014227469   0.0014287864   0.0002640606  -0.0002904845
       -0.0002935475   0.6272413391  -0.0000165056  -0.0000168081  -0.1436963404
        0.0934189407  -0.0936131721  -0.0336929693   0.0165040465  -0.0165422619
        0.0043591585  -0.0000005894  -0.0000003882  -0.0336934991  -0.0165015217
        0.0165443428  -0.1436974852  -0.0934124875   0.0936203879   0.0057957821
        0.0083400034  -0.0083604298   0.0057957250  -0.0083408056   0.0083606373
        0.0002639279   0.0002908593   0.0002932684   0.0001662167  -0.0000000206
        0.0000000023  -0.0005262095   0.0000348645   0.0000367871  -0.0005260880
       -0.0000348567  -0.0000367484  -0.0053764450   0.0000276939  -0.0000286934
        0.0006423235  -0.0000000003  -0.0000000141  -0.0053764591  -0.0000268060
        0.0000295075
        0.0000000358  -0.0003409564  -0.0000944306  -0.0016752115   0.0013990198
       -0.0054554172  -0.0177357383   0.0003325157  -0.0011944240   0.0000066140
       -0.0566276008  -0.0000023805   0.0177374116   0.0003309714  -0.0011964173
        0.0016748373   0.0013990242  -0.0054559271   0.0012773696  -0.0009153994
        0.0007427881  -0.0000165056   0.3755534460  -0.2341015763   0.0523033640
       -0.1380251609   0.0937896524   0.0533216043   0.0108948500  -0.0112765333
       -0.0000006161  -0.0323509897   0.0286494096  -0.0533192770   0.0108997878
       -0.0112745284  -0.0522968712  -0.1380151216   0.0937860559   0.0006595333
       -0.0199244569   0.0224834294  -0.0006599857  -0.0199245270   0.0224825222
       -0.0012774421  -0.0009144863   0.0007425306  -0.0000000082  -0.0007248103
        0.0007158163  -0.0009022334  -0.0000796509  -0.0000622188   0.0009022658
       -0.0000792454  -0.0000627376   0.0000263982   0.0036749066   0.0031161036
       -0.0000000117  -0.0002365887   0.0005526433  -0.0000255332   0.0036744728
        0.0031156399
        0.0000000335  -0.0000957350  -0.0003420763  -0.0016806069  -0.0054544499
        0.0013727775  -0.0177822061  -0.0011978335   0.0003253097   0.0000061578
        0.0000023791  -0.0566638817   0.0177837928  -0.0011993908   0.0003233628
        0.0016802265  -0.0054544881   0.0013722990   0.0012839734   0.0007381961
       -0.0009110909  -0.0000168081  -0.2341015763   0.3768868466  -0.0524297209
        0.0937951885  -0.1384923612  -0.0534475575  -0.0112784855   0.0109532392
       -0.0000003939   0.0286475259  -0.0324951418   0.0534494514  -0.0112815121
        0.0109483378   0.0524369420   0.0937973531  -0.1385018916  -0.0006618256
        0.0224831106  -0.0200323470   0.0006617419   0.0224830983  -0.0200335579
       -0.0012840359   0.0007387731  -0.0009115570  -0.0000000087   0.0007157388
       -0.0007203765  -0.0009047637  -0.0000624176  -0.0000795209   0.0009047954
       -0.0000620819  -0.0000799719  -0.0000247365   0.0031166546   0.0036600737
       -0.0000000069   0.0005536877  -0.0002381231   0.0000255560   0.0031162649
        0.0036596515
        0.0001781439   0.0000382038  -0.0000393580  -0.0005618253  -0.0011912144
        0.0006411804  -0.0017902300   0.0021298169   0.0013790857  -0.0262911853
        0.0177372163  -0.0177824508  -0.0017784087  -0.0013750193  -0.0021409859
       -0.0005581946  -0.0006446595   0.0011877506   0.0005468296   0.0008996298
        0.0004714376  -0.1436963404   0.0523033640  -0.0524297209   0.5962097997
       -0.0443926496   0.0444663684  -0.3186431604   0.0340735007  -0.0341385328
       -0.0368721011  -0.0622088769   0.0623657131  -0.0479449624   0.0218079470
       -0.0218596195   0.0580989661   0.0215038385  -0.0215575578  -0.0011329011
       -0.0032497502   0.0032583800  -0.0571549034  -0.0373201045   0.0374130162
        0.0005508417  -0.0004591227  -0.0008909678   0.0000766031   0.0002199610
       -0.0002191242  -0.0002075396   0.0000660746   0.0000255029  -0.0002066565
       -0.0000256262  -0.0000659567  -0.0178473073   0.0015979675  -0.0015991276
       -0.0006581791  -0.0018232955   0.0018283849  -0.0003172889   0.0003127989
       -0.0003134178
       -0.0001163997   0.0000306081   0.0000696965   0.0001336591  -0.0003270197
       -0.0001646742  -0.0021296548  -0.0008210188   0.0005602689   0.0085677725
        0.0003307642   0.0011989364  -0.0013750520  -0.0003082595  -0.0005743451
       -0.0000702183   0.0002288972   0.0001576711   0.0004891668  -0.0000703211
        0.0002635047   0.0934189407  -0.1380251609   0.0937951885  -0.0443926496
        0.2993632108  -0.1990988277  -0.0129915896  -0.0649840970   0.0177651308
       -0.0178520970   0.0130394231  -0.0118882083   0.0201658448  -0.0082523257
        0.0041992325  -0.0215083258  -0.0348790105   0.0359737152  -0.0012493988
        0.0024263749   0.0027819188  -0.0373698847  -0.0688900941   0.0482558760
       -0.0001279575  -0.0003726562  -0.0002388166  -0.0000490831   0.0000458361
       -0.0000447752  -0.0001307282   0.0000529371  -0.0001246093  -0.0001164866
        0.0000615195  -0.0000025327   0.0184603306  -0.0008340437   0.0013853430
       -0.0020992653   0.0020971813   0.0057255076   0.0003430763   0.0000872551
        0.0000047991
        0.0001187154   0.0000691270   0.0000301064   0.0000646330   0.0001562552
        0.0002304614   0.0013791604  -0.0005603912  -0.0002940704  -0.0086249421
        0.0011951635   0.0003252196   0.0021410217   0.0005743830  -0.0008187261
       -0.0001358459  -0.0001647323  -0.0003306871   0.0001242386  -0.0002457484
       -0.0003808196  -0.0936131721   0.0937896524  -0.1384923612   0.0444663684
       -0.1990988277   0.3003364034   0.0130535985   0.0177656876  -0.0650706062
        0.0178971315  -0.0118873149   0.0130936857  -0.0202123043   0.0041983577
       -0.0082695418   0.0215540429   0.0359706900  -0.0350512748   0.0012511610
        0.0027814879   0.0024113943   0.0374585824   0.0482527777  -0.0691246867
       -0.0004755398   0.0002610348  -0.0000700169   0.0000491405  -0.0000453107
        0.0000454105   0.0001160718  -0.0000030561   0.0000613824   0.0001316059
       -0.0001255131   0.0000529216  -0.0185045669   0.0013865883  -0.0008391698
        0.0021048446   0.0057252910   0.0020680108  -0.0003439457   0.0000043983
        0.0000869646
        0.0000462624   0.0000347858  -0.0000339854   0.0001558623  -0.0001147583
        0.0001193687  -0.0005617450  -0.0001336763   0.0000646656   0.0002296871
        0.0016752245  -0.0016802006  -0.0005582642  -0.0000702610   0.0001359166
        0.0001562379  -0.0001205633   0.0001136318   0.0000506924  -0.0000234749
       -0.0000939396  -0.0336929693   0.0533216043  -0.0534475575  -0.3186431604
       -0.0129915896   0.0130535985   0.6436922214  -0.0099767243   0.0099597387
       -0.1526403762  -0.0442500384   0.0443717375   0.0575605001  -0.0205754686
        0.0206229417  -0.0479452721  -0.0201626438   0.0202152439   0.0008022736
        0.0005976240  -0.0005993994  -0.0234768147  -0.0121235258   0.0121541642
        0.0000457408   0.0000916302   0.0000219793   0.0000290301   0.0000279213
       -0.0000280637  -0.0000107155  -0.0000114019   0.0000206201  -0.0000107355
       -0.0000205614   0.0000111535  -0.1068350617   0.0809928506  -0.0811906706
       -0.0177873029  -0.0182600041   0.0183075164  -0.0006060908   0.0020930510
       -0.0020984598
        0.0000415612   0.0000330818  -0.0000220165   0.0001147488   0.0004127153
        0.0000709237   0.0011913104  -0.0003271611  -0.0001562284   0.0014231072
        0.0013991753   0.0054544858  -0.0006447302   0.0002288840   0.0001647354
       -0.0001205304   0.0001547157  -0.0000679926  -0.0000213297  -0.0000340343
        0.0000382088   0.0165040465   0.0108948500  -0.0112784855   0.0340735007
       -0.0649840970   0.0177656876  -0.0099767243   0.3952315868  -0.2852639164
       -0.1011376395  -0.1595800222   0.1143446292   0.0205711180  -0.0331626055
        0.0352143407  -0.0218047315  -0.0082492715   0.0041982679   0.0007763825
       -0.0004399145   0.0003109547  -0.0216306922  -0.0046549576   0.0071729830
        0.0000056369  -0.0001282259  -0.0000701710   0.0000067420  -0.0000325256
        0.0000319240   0.0000878645   0.0000016194   0.0000286766  -0.0000609219
       -0.0000252453   0.0000098611   0.0803910329  -0.1378804412   0.1052369502
       -0.0017916431  -0.0005370534   0.0010940730   0.0020018915   0.0016789270
        0.0057221088
       -0.0000418896  -0.0000227748   0.0000323070   0.0001193231  -0.0000709205
        0.0001566499   0.0006412144   0.0001646198   0.0002304571  -0.0014287461
        0.0054556382   0.0013723369  -0.0011877782  -0.0001576686  -0.0003306902
       -0.0001135681   0.0000680377   0.0004136020  -0.0000051863  -0.0000672001
       -0.0001268833  -0.0165422619  -0.0112765333   0.0109532392  -0.0341385328
        0.0177651308  -0.0650706062   0.0099597387  -0.2852639164   0.3966483603
        0.1013992371   0.1143390641  -0.1601636183  -0.0206263404   0.0352172240
       -0.0333399201   0.0218625472   0.0041989106  -0.0082723978  -0.0007783590
        0.0003110855  -0.0004409899   0.0216852953   0.0071723682  -0.0046908607
        0.0000228687   0.0000406689  -0.0000321350  -0.0000066948   0.0000324743
       -0.0000328341   0.0000607451   0.0000099418  -0.0000252935  -0.0000875801
        0.0000286731   0.0000017187  -0.0805852093   0.1052376339  -0.1383892034
        0.0017975993   0.0010954677  -0.0005439920  -0.0020064223   0.0057220752
        0.0016507532
        0.0000913197   0.0000000061   0.0000000098   0.0000462536  -0.0000415650
       -0.0000418674   0.0001781455   0.0001163912   0.0001187138  -0.0009252256
        0.0000000341   0.0000000308   0.0001781428  -0.0001164015  -0.0001187213
        0.0000462696   0.0000415784   0.0000418864  -0.0001410424  -0.0000728482
       -0.0000728080   0.0043591585  -0.0000006161  -0.0000003939  -0.0368721011
       -0.0178520970   0.0178971315  -0.1526403762  -0.1011376395   0.1013992371
        0.6767766799  -0.0000195272  -0.0000193519  -0.1526393006   0.1011445736
       -0.1013914250  -0.0368714954   0.0178549657  -0.0178947274  -0.0044361656
        0.0004990911  -0.0004997149  -0.0044361506  -0.0004984545   0.0005004022
       -0.0001410545   0.0000729127   0.0000727720   0.0000039307   0.0000000129
        0.0000000179   0.0000363449  -0.0000001560  -0.0000002425   0.0000363653
        0.0000001737   0.0000002671   0.0066729755   0.0080336008  -0.0080533639
       -0.3059956442   0.0000101481   0.0000091352   0.0066729703  -0.0080341834
        0.0080530124
       -0.0000000116  -0.0000146075  -0.0000006760  -0.0000347907   0.0000331180
        0.0000227500  -0.0000382163   0.0000306253  -0.0000691685   0.0000000388
       -0.0003409548   0.0000957352   0.0000382197   0.0000306457  -0.0000691483
        0.0000347821   0.0000331247   0.0000227272   0.0000170176   0.0000006690
        0.0000397468  -0.0000005894  -0.0323509897   0.0286475259  -0.0622088769
        0.0130394231  -0.0118873149  -0.0442500384  -0.1595800222   0.1143390641
       -0.0000195272   0.3813075422  -0.2657758604   0.0442571331  -0.1595905499
        0.1143436382   0.0622116306   0.0130334993  -0.0118900667  -0.0022167265
        0.0036613836   0.0013608253   0.0022174050   0.0036609283   0.0013609116
       -0.0000170239   0.0000010171   0.0000400256   0.0000000015   0.0000038568
        0.0000722039  -0.0000217028   0.0000184328   0.0000375909   0.0000217054
        0.0000184551   0.0000375657  -0.0078882842  -0.0122060200   0.0124810131
        0.0000101292  -0.0385835459   0.0043109967   0.0078877248  -0.0122060312
        0.0124799145
       -0.0000000138   0.0000006761  -0.0000134131  -0.0000339937   0.0000219850
        0.0000323475  -0.0000393602  -0.0000697005   0.0000301540   0.0000000246
        0.0000944302  -0.0003420783   0.0000393465  -0.0000697197   0.0000301530
        0.0000339812   0.0000219779   0.0000323351   0.0000202198   0.0000380972
       -0.0000009343  -0.0000003882   0.0286494096  -0.0324951418   0.0623657131
       -0.0118882083   0.0130936857   0.0443717375   0.1143446292  -0.1601636183
       -0.0000193519  -0.2657758604   0.3826480525  -0.0443637528   0.1143411723
       -0.1601541927  -0.0623634509  -0.0118848002   0.0130989921   0.0022230497
        0.0013601776   0.0036544750  -0.0022223800   0.0013607254   0.0036542443
       -0.0000201848   0.0000377563  -0.0000012617   0.0000000017   0.0000722270
        0.0000038784  -0.0000216788   0.0000376480   0.0000185904   0.0000216824
        0.0000376507   0.0000185846   0.0079075232   0.0124787799  -0.0122695892
        0.0000091221   0.0043110926  -0.0386056547  -0.0079078468   0.0124798541
       -0.0122696084
        0.0000462608  -0.0000347867   0.0000339900   0.0001562458   0.0001205626
       -0.0001136000  -0.0005581495   0.0000703039  -0.0001358680   0.0002296621
       -0.0016747321   0.0016807246  -0.0005618769   0.0001337101  -0.0000646334
        0.0001558514   0.0001147891  -0.0001193653   0.0000457482  -0.0000919511
       -0.0000223702  -0.0336934991  -0.0533192770   0.0534494514  -0.0479449624
        0.0201658448  -0.0202123043   0.0575605001   0.0205711180  -0.0206263404
       -0.1526393006   0.0442571331  -0.0443637528   0.6436922672   0.0099396745
       -0.0099969526  -0.3186431915   0.0130114522  -0.0130356053  -0.0234765489
        0.0121257063  -0.0121526453   0.0008022759  -0.0005981112   0.0005997252
        0.0000507034   0.0000238889   0.0000941916   0.0000290301  -0.0000279180
        0.0000280750  -0.0000107316   0.0000205485  -0.0000111235  -0.0000107198
        0.0000114261  -0.0000206269  -0.0006061190  -0.0020924963   0.0020990335
       -0.0177871524   0.0182613139  -0.0183063350  -0.1068362931  -0.0809881993
        0.0811963316
       -0.0000415801   0.0000331632  -0.0000219464   0.0001206015   0.0001546724
       -0.0000680256   0.0006446889   0.0002288957   0.0001647393  -0.0014226176
        0.0013994425   0.0054544511  -0.0011911535  -0.0003270357  -0.0001560678
       -0.0001148048   0.0004126900   0.0000709147  -0.0000057827  -0.0001281672
       -0.0000700660  -0.0165015217   0.0108997878  -0.0112815121   0.0218079470
       -0.0082523257   0.0041983577  -0.0205754686  -0.0331626055   0.0352172240
        0.1011445736  -0.1595905499   0.1143411723   0.0099396745   0.3952299366
       -0.2852638229  -0.0340536470  -0.0649825178   0.0177689698   0.0216325662
       -0.0046575444   0.0071725377  -0.0007764645  -0.0004396421   0.0003108430
        0.0000214199  -0.0000342236   0.0000380998  -0.0000067441  -0.0000325211
        0.0000319233   0.0000609202  -0.0000252460   0.0000098539  -0.0000878640
        0.0000016228   0.0000286859  -0.0020013513   0.0016792284   0.0057220932
        0.0017929865  -0.0005385195   0.0010953253  -0.0803863783  -0.1378685409
        0.1052362496
        0.0000418663  -0.0000227024   0.0000323735   0.0001136575   0.0000679942
        0.0004135885   0.0011876685  -0.0001576857  -0.0003306937   0.0014292308
        0.0054557041   0.0013721652  -0.0006410253   0.0001646929   0.0002305461
       -0.0001194048  -0.0000709315   0.0001566364  -0.0000229566   0.0000405044
       -0.0000323146   0.0165443428  -0.0112745284   0.0109483378  -0.0218596195
        0.0041992325  -0.0082695418   0.0206229417   0.0352143407  -0.0333399201
       -0.1013914250   0.1143436382  -0.1601541927  -0.0099969526  -0.2852638229
        0.3966498236   0.0341565150   0.0177618352  -0.0650719326  -0.0216834725
        0.0071733162  -0.0046886403   0.0007783252   0.0003109534  -0.0004409130
        0.0000052886  -0.0000671043  -0.0001268574   0.0000066928   0.0000324803
       -0.0000328259   0.0000875795   0.0000286556   0.0000017309  -0.0000607445
        0.0000099596  -0.0000252965   0.0020069895   0.0057220644   0.0016504854
       -0.0017963787   0.0010943764  -0.0005426776   0.0805908814   0.1052370271
       -0.1383998813
        0.0001781444  -0.0000382322   0.0000393486  -0.0005582197   0.0006446957
       -0.0011877305  -0.0017782044   0.0013751613   0.0021410006  -0.0262912782
       -0.0177349929   0.0177844864  -0.0017904340  -0.0021298097  -0.0013789399
       -0.0005617959   0.0011912154  -0.0006411233   0.0005509762   0.0004598692
        0.0008912054  -0.1436974852  -0.0522968712   0.0524369420   0.0580989661
       -0.0215083258   0.0215540429  -0.0479452721  -0.0218047315   0.0218625472
       -0.0368714954   0.0622116306  -0.0623634509  -0.3186431915  -0.0340536470
        0.0341565150   0.5962102667   0.0443577091  -0.0445005567  -0.0571543437
        0.0373217460  -0.0374093411  -0.0011328481   0.0032505584  -0.0032582531
        0.0005467048  -0.0009000588  -0.0004722834   0.0000766036  -0.0002199962
        0.0002191115  -0.0002066381   0.0000256279   0.0000659550  -0.0002075570
       -0.0000660935  -0.0000254841  -0.0003172856  -0.0003127539   0.0003134410
       -0.0006581490   0.0018239100  -0.0018277740  -0.0178474638  -0.0015966110
        0.0016003415
        0.0001163870   0.0000306725   0.0000697240   0.0000703545   0.0002288822
        0.0001576531   0.0013750151  -0.0003083610  -0.0005746307  -0.0085656688
        0.0003328464   0.0011982853   0.0021298988  -0.0008210154   0.0005603274
       -0.0001337312  -0.0003271786  -0.0001646084   0.0001277437  -0.0003729146
       -0.0002387685  -0.0934124875  -0.1380151216   0.0937973531   0.0215038385
       -0.0348790105   0.0359706900  -0.0201626438  -0.0082492715   0.0041989106
        0.0178549657   0.0130334993  -0.0118848002   0.0130114522  -0.0649825178
        0.0177618352   0.0443577091   0.2993574077  -0.1990984237   0.0373722953
       -0.0688956423   0.0482552651   0.0012498240   0.0024260030   0.0027819283
       -0.0004890747  -0.0000701990   0.0002644609   0.0000490764   0.0000458500
       -0.0000448264   0.0001165175   0.0000616096  -0.0000026721   0.0001307284
        0.0000528320  -0.0001245423  -0.0003430573   0.0000872061   0.0000047302
        0.0020998480   0.0020969037   0.0057255487  -0.0184589910  -0.0008324805
        0.0013865605
       -0.0001187255   0.0000691900   0.0000301905   0.0001359346  -0.0001647721
       -0.0003306958  -0.0021410377   0.0005745657  -0.0008187180   0.0086267918
        0.0011956794   0.0003233288  -0.0013789781  -0.0005601767  -0.0002937652
       -0.0000646582   0.0001560715   0.0002305417   0.0004754128   0.0002619650
       -0.0000700428   0.0936203879   0.0937860559  -0.1385018916  -0.0215575578
        0.0359737152  -0.0350512748   0.0202152439   0.0041982679  -0.0082723978
       -0.0178947274  -0.0118900667   0.0130989921  -0.0130356053   0.0177689698
       -0.0650719326  -0.0445005567  -0.1990984237   0.3003419343  -0.0374557436
        0.0482520737  -0.0691193817  -0.0012506938   0.0027811306   0.0024116094
       -0.0001241950  -0.0002454496  -0.0003809211  -0.0000491459  -0.0000453228
        0.0000454104  -0.0001315871  -0.0001254223   0.0000528270  -0.0001160626
       -0.0000031722   0.0000615045   0.0003439862   0.0000043036   0.0000868059
       -0.0021042401   0.0057253542   0.0020682591   0.0185057576   0.0013854636
       -0.0008403824
       -0.0001410489  -0.0000170072   0.0000201951   0.0000506918   0.0000213769
       -0.0000052479   0.0005467314  -0.0004891349   0.0001242110   0.0002639881
       -0.0012774092   0.0012839844   0.0005509301  -0.0001278604   0.0004754314
        0.0000457455   0.0000057146  -0.0000229299  -0.0002564363  -0.0004347205
       -0.0002981649   0.0057957821   0.0006595333  -0.0006618256  -0.0011329011
       -0.0012493988   0.0012511610   0.0008022736   0.0007763825  -0.0007783590
       -0.0044361656  -0.0022167265   0.0022230497  -0.0234765489   0.0216325662
       -0.0216834725  -0.0571543437   0.0373722953  -0.0374557436   0.0785398037
       -0.0555676437   0.0557002201   0.0000789302  -0.0003556876   0.0003566108
       -0.0002597996   0.0003004779   0.0004403353  -0.0000326157   0.0000418334
       -0.0000417115   0.0000225241   0.0000137645  -0.0000576097   0.0000220683
        0.0000574739  -0.0000136292   0.0001383361  -0.0001905847   0.0001911897
       -0.0006112028   0.0007822348  -0.0007843085   0.0006432577   0.0002625201
       -0.0002633863
        0.0000728583   0.0000007291  -0.0000380151   0.0000235415  -0.0000340680
        0.0000671906  -0.0008997870  -0.0000701017   0.0002457325   0.0002903877
       -0.0009155792  -0.0007380648  -0.0004597860  -0.0003727398  -0.0002620059
        0.0000918662  -0.0001281891  -0.0000405279   0.0004346738   0.0007177731
        0.0004927831   0.0083400034  -0.0199244569   0.0224831106  -0.0032497502
        0.0024263749   0.0027814879   0.0005976240  -0.0004399145   0.0003110855
        0.0004990911   0.0036613836   0.0013601776   0.0121257063  -0.0046575444
        0.0071733162   0.0373217460  -0.0688956423   0.0482520737  -0.0555676437
        0.0905462699  -0.0797780316   0.0003556649  -0.0006607577   0.0005264353
        0.0003005388  -0.0003828218  -0.0004956177   0.0000387567  -0.0000320938
        0.0000195103   0.0000256000  -0.0000121362   0.0000295426   0.0000602752
       -0.0000568306   0.0000115784  -0.0001023597  -0.0003292849  -0.0008546355
       -0.0000014483  -0.0002075785   0.0000633433  -0.0002975590  -0.0002327912
       -0.0016104691
       -0.0000727640  -0.0000399274  -0.0000011804  -0.0000941120  -0.0000381376
       -0.0001268812   0.0004720909  -0.0002644442  -0.0003808274  -0.0002933618
       -0.0007420885  -0.0009118188   0.0008910841   0.0002388415  -0.0000699862
       -0.0000220807   0.0000701503  -0.0000321783  -0.0002983105  -0.0004928256
       -0.0003804510  -0.0083604298   0.0224834294  -0.0200323470   0.0032583800
        0.0027819188   0.0024113943  -0.0005993994   0.0003109547  -0.0004409899
       -0.0004997149   0.0013608253   0.0036544750  -0.0121526453   0.0071725377
       -0.0046886403  -0.0374093411   0.0482552651  -0.0691193817   0.0557002201
       -0.0797780316   0.0909142921  -0.0003565892   0.0005264772  -0.0006632471
       -0.0004401476   0.0004955971   0.0007264221  -0.0000388576   0.0000198035
       -0.0000316785  -0.0000598652   0.0000117623  -0.0000566484  -0.0000263122
        0.0000300555  -0.0000121453   0.0001025274  -0.0008545679  -0.0003250727
        0.0000014811   0.0000630369  -0.0002080740   0.0002981478  -0.0016106324
       -0.0002250354
       -0.0001410480   0.0000170363  -0.0000202083   0.0000457430  -0.0000057033
        0.0000228954   0.0005508888   0.0001278156  -0.0004755282   0.0002640004
        0.0012773302  -0.0012840973   0.0005468019   0.0004891004  -0.0001242490
        0.0000507046  -0.0000213720   0.0000052280  -0.0002598732  -0.0003004524
       -0.0004393762   0.0057957250  -0.0006599857   0.0006617419  -0.0571549034
       -0.0373698847   0.0374585824  -0.0234768147  -0.0216306922   0.0216852953
       -0.0044361506   0.0022174050  -0.0022223800   0.0008022759  -0.0007764645
        0.0007783252  -0.0011328481   0.0012498240  -0.0012506938   0.0000789302
        0.0003556649  -0.0003565892   0.0785406241   0.0555641032  -0.0557063225
       -0.0002564156   0.0004337556   0.0002981654  -0.0000326162  -0.0000418052
        0.0000416856   0.0000220630  -0.0000574483   0.0000135977   0.0000225278
       -0.0000137557   0.0000575963   0.0006432382  -0.0002627233   0.0002632190
       -0.0006112091  -0.0007822328   0.0007843637   0.0001383561   0.0001904846
       -0.0001912516
       -0.0000728989   0.0000009530  -0.0000378396  -0.0000917153  -0.0001282014
       -0.0000406400   0.0004591588  -0.0003728303  -0.0002609776  -0.0002909419
       -0.0009143835  -0.0007389080   0.0008998735  -0.0000704245   0.0002454469
       -0.0000238160  -0.0000341884   0.0000671094  -0.0003003643  -0.0003827416
       -0.0004953817  -0.0083408056  -0.0199245270   0.0224830983  -0.0373201045
       -0.0688900941   0.0482527777  -0.0121235258  -0.0046549576   0.0071723682
       -0.0004984545   0.0036609283   0.0013607254  -0.0005981112  -0.0004396421
        0.0003109534   0.0032505584   0.0024260030   0.0027811306  -0.0003556876
       -0.0006607577   0.0005264772   0.0555641032   0.0905376412  -0.0797778688
       -0.0004337862   0.0007178998   0.0004927142  -0.0000387566  -0.0000321047
        0.0000195260  -0.0000602700  -0.0000567957   0.0000115523  -0.0000256029
       -0.0000121592   0.0000295584   0.0002973946  -0.0002328239  -0.0016105327
        0.0000014806  -0.0002075141   0.0000633109   0.0001022723  -0.0003292794
       -0.0008546003
        0.0000728201  -0.0000398452  -0.0000010124   0.0000222737   0.0000700917
       -0.0000322724  -0.0008911135   0.0002387613  -0.0000700697   0.0002934693
       -0.0007432305  -0.0009107490  -0.0004716789  -0.0002635375  -0.0003809136
        0.0000940204  -0.0000381759  -0.0001268613   0.0004395800   0.0004954603
        0.0007265389   0.0083606373   0.0224825222  -0.0200335579   0.0374130162
        0.0482558760  -0.0691246867   0.0121541642   0.0071729830  -0.0046908607
        0.0005004022   0.0013609116   0.0036542443   0.0005997252   0.0003108430
       -0.0004409130  -0.0032582531   0.0027819283   0.0024116094   0.0003566108
        0.0005264353  -0.0006632471  -0.0557063225  -0.0797778688   0.0909219270
        0.0002980433  -0.0004927316  -0.0003804630   0.0000388596   0.0000198186
       -0.0000316958   0.0000263057   0.0000300611  -0.0000121603   0.0000598512
        0.0000117453  -0.0000566467  -0.0002983347  -0.0016105951  -0.0002250394
       -0.0000014497   0.0000631088  -0.0002081305  -0.0001026269  -0.0008545621
       -0.0003250401
       -0.0044362926  -0.0022168718  -0.0022224286  -0.0234742160   0.0216326875
        0.0216841538  -0.0571492001   0.0373700054   0.0374539286   0.0057964221
        0.0006580480   0.0006600269  -0.0011331922  -0.0012496757  -0.0012508156
        0.0008023689   0.0007763429   0.0007783091   0.0000789335  -0.0003558404
       -0.0003565246   0.0002639279  -0.0012774421  -0.0012840359   0.0005508417
       -0.0001279575  -0.0004755398   0.0000457408   0.0000056369   0.0000228687
       -0.0001410545  -0.0000170239  -0.0000201848   0.0000507034   0.0000214199
        0.0000052886   0.0005467048  -0.0004890747  -0.0001241950  -0.0002597996
        0.0003005388  -0.0004401476  -0.0002564156  -0.0004337862   0.0002980433
        0.0785321112  -0.0555644395  -0.0556981038  -0.0006111485   0.0007822804
        0.0007843154   0.0006432477   0.0002627595   0.0002632161   0.0001383240
       -0.0001906119  -0.0001911166   0.0000220625   0.0000573516   0.0000135256
       -0.0000326104   0.0000418065   0.0000417113   0.0000225407   0.0000138465
        0.0000577049
        0.0004990537   0.0036610390  -0.0013604708   0.0121252726  -0.0046578601
       -0.0071739975   0.0373200444  -0.0688981649  -0.0482556677   0.0083390829
       -0.0199266867  -0.0224829732  -0.0032502684   0.0024263220  -0.0027810364
        0.0005979730  -0.0004397754  -0.0003110368   0.0003555297  -0.0006607857
       -0.0005264863   0.0002908593  -0.0009144863   0.0007387731  -0.0004591227
       -0.0003726562   0.0002610348   0.0000916302  -0.0001282259   0.0000406689
        0.0000729127   0.0000010171   0.0000377563   0.0000238889  -0.0000342236
       -0.0000671043  -0.0009000588  -0.0000701990  -0.0002454496   0.0003004779
       -0.0003828218   0.0004955971   0.0004337556   0.0007178998  -0.0004927316
       -0.0555644395   0.0905502039   0.0797820123  -0.0000014519  -0.0002075693
       -0.0000633641  -0.0002974599  -0.0002327482   0.0016105305  -0.0001023035
       -0.0003291986   0.0008546060   0.0000602666  -0.0000567920  -0.0000115426
        0.0000387573  -0.0000321084  -0.0000195350   0.0000255998  -0.0000121797
       -0.0000295829
        0.0005002620  -0.0013607551   0.0036545880   0.0121535377  -0.0071740044
       -0.0046905713   0.0374077455  -0.0482578674  -0.0691222352   0.0083584361
       -0.0224838613  -0.0200315909  -0.0032582033  -0.0027818224   0.0024117161
        0.0005993946  -0.0003109729  -0.0004410377   0.0003566553  -0.0005264261
       -0.0006632192   0.0002932684   0.0007425306  -0.0009115570  -0.0008909678
       -0.0002388166  -0.0000700169   0.0000219793  -0.0000701710  -0.0000321350
        0.0000727720   0.0000400256  -0.0000012617   0.0000941916   0.0000380998
       -0.0001268574  -0.0004722834   0.0002644609  -0.0003809211   0.0004403353
       -0.0004956177   0.0007264221   0.0002981654   0.0004927142  -0.0003804630
       -0.0556981038   0.0797820123   0.0909179850  -0.0000014538  -0.0000630930
       -0.0002081327  -0.0002981979   0.0016105966  -0.0002251056  -0.0001025570
        0.0008545894  -0.0003251089   0.0000263082  -0.0000300427  -0.0000121359
        0.0000388563  -0.0000198055  -0.0000316930   0.0000598592  -0.0000117733
       -0.0000566688
       -0.3059956442   0.0000094512   0.0000096087  -0.0177857702   0.0017929500
        0.0017975359  -0.0006578767   0.0020995007   0.0021043781   0.0006423235
       -0.0000000439  -0.0000000463  -0.0006584514  -0.0020997264  -0.0021045931
       -0.0177886852  -0.0017917745  -0.0017963473  -0.0006112635   0.0000014774
        0.0000014766   0.0001662167  -0.0000000082  -0.0000000087   0.0000766031
       -0.0000490831   0.0000491405   0.0000290301   0.0000067420  -0.0000066948
        0.0000039307   0.0000000015   0.0000000017   0.0000290301  -0.0000067441
        0.0000066928   0.0000766036   0.0000490764  -0.0000491459  -0.0000326157
        0.0000387567  -0.0000388576  -0.0000326162  -0.0000387566   0.0000388596
       -0.0006111485  -0.0000014519  -0.0000014538   0.3414452891  -0.0000103530
       -0.0000105285   0.0008204317  -0.0004613435  -0.0004623937   0.0008204047
        0.0004613329   0.0004623790   0.0000269733  -0.0000063236   0.0000063225
        0.0000102615  -0.0000000009  -0.0000000008   0.0000269733   0.0000063209
       -0.0000063249
        0.0000094561  -0.0385837818  -0.0043110966   0.0182617346  -0.0005385669
       -0.0010956594   0.0018235284   0.0020965959  -0.0057254502  -0.0000000672
       -0.0002366157  -0.0005536895  -0.0018237774   0.0020968807  -0.0057251954
       -0.0182605523  -0.0005371188  -0.0010941829  -0.0007822276  -0.0002075292
       -0.0000630522  -0.0000000206  -0.0007248103   0.0007157388   0.0002199610
        0.0000458361  -0.0000453107   0.0000279213  -0.0000325256   0.0000324743
        0.0000000129   0.0000038568   0.0000722270  -0.0000279180  -0.0000325211
        0.0000324803  -0.0002199962   0.0000458500  -0.0000453228   0.0000418334
       -0.0000320938   0.0000198035  -0.0000418052  -0.0000321047   0.0000198186
        0.0007822804  -0.0002075693  -0.0000630930  -0.0000103530   0.0387202012
        0.0146932659   0.0006506808  -0.0009192423   0.0015712451  -0.0006506899
       -0.0009192311   0.0015712653   0.0000098767  -0.0000019545  -0.0000031163
        0.0000000003  -0.0000016046  -0.0000000387  -0.0000098783  -0.0000019511
       -0.0000031111
        0.0000096269  -0.0043109954  -0.0386054189   0.0183070431  -0.0010954299
       -0.0005440190   0.0018279156  -0.0057256893   0.0020682864  -0.0000000508
       -0.0005526415  -0.0002380956  -0.0018281433  -0.0057253704   0.0020685913
       -0.0183058417  -0.0010939710  -0.0005425378  -0.0007843153  -0.0000632905
       -0.0002080655   0.0000000023   0.0007158163  -0.0007203765  -0.0002191242
       -0.0000447752   0.0000454105  -0.0000280637   0.0000319240  -0.0000328341
        0.0000000179   0.0000722039   0.0000038784   0.0000280750   0.0000319233
       -0.0000328259   0.0002191115  -0.0000448264   0.0000454104  -0.0000417115
        0.0000195103  -0.0000316785   0.0000416856   0.0000195260  -0.0000316958
        0.0007843154  -0.0000633641  -0.0002081327  -0.0000105285   0.0146932659
        0.0387926792   0.0006522926   0.0015712148  -0.0009116004  -0.0006523048
        0.0015712220  -0.0009115771  -0.0000097590  -0.0000031490  -0.0000019414
        0.0000000003   0.0000000388  -0.0000015248   0.0000097567  -0.0000031427
       -0.0000019323
        0.0066729497   0.0078870674   0.0079063207  -0.1068474310  -0.0803958192
       -0.0805908522  -0.0178488532  -0.0184595882  -0.0185041114  -0.0053764554
       -0.0000257545  -0.0000249333  -0.0003172326   0.0003430835   0.0003439749
       -0.0006058097   0.0020015489   0.0020065285   0.0001383676   0.0001023342
        0.0001025914  -0.0005262095  -0.0009022334  -0.0009047637  -0.0002075396
       -0.0001307282   0.0001160718  -0.0000107155   0.0000878645   0.0000607451
        0.0000363449  -0.0000217028  -0.0000216788  -0.0000107316   0.0000609202
        0.0000875795  -0.0002066381   0.0001165175  -0.0001315871   0.0000225241
        0.0000256000  -0.0000598652   0.0000220630  -0.0000602700   0.0000263057
        0.0006432477  -0.0002974599  -0.0002981979   0.0008204317   0.0006506808
        0.0006522926   0.1232737659   0.0885838205   0.0887982162   0.0002482093
        0.0004417700   0.0004428930   0.0000262798  -0.0000084839   0.0000107334
        0.0000269721  -0.0000098794  -0.0000097586   0.0000264602   0.0000107119
       -0.0000085044
       -0.0080352394  -0.0122066086  -0.0124792330  -0.0809976004  -0.1378742850
       -0.1052314964  -0.0015968806  -0.0008325555  -0.0013852391  -0.0000270468
        0.0036745694  -0.0031164544   0.0003128954   0.0000872567  -0.0000043360
        0.0020926399   0.0016786016  -0.0057222417   0.0001904679  -0.0003292751
        0.0008545404   0.0000348645  -0.0000796509  -0.0000624176   0.0000660746
        0.0000529371  -0.0000030561  -0.0000114019   0.0000016194   0.0000099418
       -0.0000001560   0.0000184328   0.0000376480   0.0000205485  -0.0000252460
        0.0000286556   0.0000256279   0.0000616096  -0.0001254223   0.0000137645
       -0.0000121362   0.0000117623  -0.0000574483  -0.0000567957   0.0000300611
        0.0002627595  -0.0002327482   0.0016105966  -0.0004613435  -0.0009192423
        0.0015712148   0.0885838205   0.1474931045   0.1245231414  -0.0004418636
       -0.0004960110  -0.0005508521   0.0000084825  -0.0000056587   0.0000023954
        0.0000063222  -0.0000019506   0.0000031492   0.0000107129   0.0000040327
       -0.0000023578
       -0.0080541108  -0.0124805073  -0.0122689746  -0.0811963576  -0.1052307194
       -0.1383829969  -0.0015990194  -0.0013852829  -0.0008390171  -0.0000288834
       -0.0031159170   0.0036600166   0.0003133243  -0.0000048260   0.0000868154
        0.0020986368  -0.0057222322   0.0016507956   0.0001913150   0.0008546307
       -0.0003250946   0.0000367871  -0.0000622188  -0.0000795209   0.0000255029
       -0.0001246093   0.0000613824   0.0000206201   0.0000286766  -0.0000252935
       -0.0000002425   0.0000375909   0.0000185904  -0.0000111235   0.0000098539
        0.0000017309   0.0000659550  -0.0000026721   0.0000528270  -0.0000576097
        0.0000295426  -0.0000566484   0.0000135977   0.0000115523  -0.0000121603
        0.0002632161   0.0016105305  -0.0002251056  -0.0004623937   0.0015712451
       -0.0009116004   0.0887982162   0.1245231414   0.1480965065  -0.0004429888
       -0.0005508562  -0.0004986912   0.0000107329  -0.0000023956   0.0000040241
        0.0000063232   0.0000031127  -0.0000019392   0.0000085023   0.0000023603
       -0.0000056462
        0.0066729959  -0.0078893658  -0.0079086262  -0.0006064002  -0.0020017996
       -0.0020067779  -0.0003173418  -0.0003430681  -0.0003439395  -0.0053764487
        0.0000261828   0.0000253537  -0.0178459178   0.0184607190   0.0185052291
       -0.1068239266   0.0803859037   0.0805809382   0.0006432487   0.0002975095
        0.0002982689  -0.0005260880   0.0009022658   0.0009047954  -0.0002066565
       -0.0001164866   0.0001316059  -0.0000107355  -0.0000609219  -0.0000875801
        0.0000363653   0.0000217054   0.0000216824  -0.0000107198  -0.0000878640
       -0.0000607445  -0.0002075570   0.0001307284  -0.0001160626   0.0000220683
        0.0000602752  -0.0000263122   0.0000225278  -0.0000256029   0.0000598512
        0.0001383240  -0.0001023035  -0.0001025570   0.0008204047  -0.0006506899
       -0.0006523048   0.0002482093  -0.0004418636  -0.0004429888   0.1232479350
       -0.0885729671  -0.0887873552   0.0000264590  -0.0000107146   0.0000085022
        0.0000269746   0.0000098763   0.0000097565   0.0000262793   0.0000084815
       -0.0000107347
        0.0080329747  -0.0122067744  -0.0124794010  -0.0020930175   0.0016789441
       -0.0057218985  -0.0003126749   0.0000872038  -0.0000043646   0.0000274540
        0.0036744838  -0.0031164653   0.0015977843  -0.0008341193  -0.0013868170
        0.0809877929  -0.1378859512  -0.1052431943  -0.0002624972  -0.0002326940
        0.0016106319  -0.0000348567  -0.0000792454  -0.0000620819  -0.0000256262
        0.0000615195  -0.0001255131  -0.0000205614  -0.0000252453   0.0000286731
        0.0000001737   0.0000184551   0.0000376507   0.0000114261   0.0000016228
        0.0000099596  -0.0000660935   0.0000528320  -0.0000031722   0.0000574739
       -0.0000568306   0.0000300555  -0.0000137557  -0.0000121592   0.0000117453
       -0.0001906119  -0.0003291986   0.0008545894   0.0004613329  -0.0009192311
        0.0015712220   0.0004417700  -0.0004960110  -0.0005508562  -0.0885729671
        0.1475059730   0.1245360545  -0.0000107142   0.0000040356  -0.0000023591
       -0.0000063227  -0.0000019546   0.0000031426  -0.0000084835  -0.0000056549
        0.0000023986
        0.0080518368  -0.0124804273  -0.0122688912  -0.0020987468  -0.0057219723
        0.0016510529  -0.0003135169  -0.0000047052   0.0000869552   0.0000293166
       -0.0031158277   0.0036600354   0.0016003628  -0.0013866176  -0.0008403849
        0.0811863126  -0.1052425044  -0.1383948314  -0.0002633751   0.0016104710
       -0.0002251418  -0.0000367484  -0.0000627376  -0.0000799719  -0.0000659567
       -0.0000025327   0.0000529216   0.0000111535   0.0000098611   0.0000017187
        0.0000002671   0.0000375657   0.0000185846  -0.0000206269   0.0000286859
       -0.0000252965  -0.0000254841  -0.0001245423   0.0000615045  -0.0000136292
        0.0000115784  -0.0000121453   0.0000575963   0.0000295584  -0.0000566467
       -0.0001911166   0.0008546060  -0.0003251089   0.0004623790   0.0015712653
       -0.0009115771   0.0004428930  -0.0005508521  -0.0004986912  -0.0887873552
        0.1245360545   0.1481094729  -0.0000085037   0.0000023563  -0.0000056504
       -0.0000063237   0.0000031147  -0.0000019348  -0.0000107346  -0.0000023980
        0.0000040263
        0.0000363560   0.0000217041  -0.0000216810  -0.0000107165  -0.0000878638
        0.0000607456  -0.0002075368   0.0001307389   0.0001160668  -0.0005261399
        0.0009022461  -0.0009047855  -0.0002066499  -0.0001164901  -0.0001315738
       -0.0000107327  -0.0000609196   0.0000875810   0.0000225112  -0.0000256065
       -0.0000598558  -0.0053764450   0.0000263982  -0.0000247365  -0.0178473073
        0.0184603306  -0.0185045669  -0.1068350617   0.0803910329  -0.0805852093
        0.0066729755  -0.0078882842   0.0079075232  -0.0006061190  -0.0020013513
        0.0020069895  -0.0003172856  -0.0003430573   0.0003439862   0.0001383361
       -0.0001023597   0.0001025274   0.0006432382   0.0002973946  -0.0002983347
        0.0000220625   0.0000602666   0.0000263082   0.0000269733   0.0000098767
       -0.0000097590   0.0000262798   0.0000084825   0.0000107329   0.0000264590
       -0.0000107142  -0.0000085037   0.1232601760  -0.0885792271   0.0887913952
        0.0008204175  -0.0006507831   0.0006522017   0.0002482093  -0.0004418144
        0.0004429485
        0.0000001543   0.0000183786  -0.0000377103   0.0000113453   0.0000016432
       -0.0000099287  -0.0000659510   0.0000528376   0.0000030548  -0.0000348292
       -0.0000795227   0.0000622728  -0.0000257123   0.0000615234   0.0001254344
       -0.0000204917  -0.0000252216  -0.0000286444  -0.0000136770  -0.0000121176
       -0.0000117363   0.0000276939   0.0036749066   0.0031166546   0.0015979675
       -0.0008340437   0.0013865883   0.0809928506  -0.1378804412   0.1052376339
        0.0080336008  -0.0122060200   0.0124787799  -0.0020924963   0.0016792284
        0.0057220644  -0.0003127539   0.0000872061   0.0000043036  -0.0001905847
       -0.0003292849  -0.0008545679  -0.0002627233  -0.0002328239  -0.0016105951
        0.0000573516  -0.0000567920  -0.0000300427  -0.0000063236  -0.0000019545
       -0.0000031490  -0.0000084839  -0.0000056587  -0.0000023956  -0.0000107146
        0.0000040356   0.0000023563  -0.0885792271   0.1474994178  -0.1245299340
        0.0004612086  -0.0009193148  -0.0015712601   0.0004417957  -0.0004959817
        0.0005508212
       -0.0000002675  -0.0000376452   0.0000185245   0.0000205502  -0.0000286579
       -0.0000252715   0.0000256218   0.0001245360   0.0000613907   0.0000367818
        0.0000624039  -0.0000797296   0.0000658555   0.0000025400   0.0000528203
       -0.0000110759  -0.0000098343   0.0000017441  -0.0000575009  -0.0000295200
       -0.0000566240  -0.0000286934   0.0031161036   0.0036600737  -0.0015991276
        0.0013853430  -0.0008391698  -0.0811906706   0.1052369502  -0.1383892034
       -0.0080533639   0.0124810131  -0.0122695892   0.0020990335   0.0057220932
        0.0016504854   0.0003134410   0.0000047302   0.0000868059   0.0001911897
       -0.0008546355  -0.0003250727   0.0002632190  -0.0016105327  -0.0002250394
        0.0000135256  -0.0000115426  -0.0000121359   0.0000063225  -0.0000031163
       -0.0000019414   0.0000107334   0.0000023954   0.0000040241   0.0000085022
       -0.0000023591  -0.0000056504   0.0887913952  -0.1245299340   0.1481037926
       -0.0004625150  -0.0015712178  -0.0009115135  -0.0004429566   0.0005508869
       -0.0004987204
        0.0000039307  -0.0000000026  -0.0000000029   0.0000290273  -0.0000067457
       -0.0000066961   0.0000765916   0.0000490811   0.0000491422   0.0001662167
       -0.0000000575  -0.0000000560   0.0000766151  -0.0000490810  -0.0000491417
        0.0000290329   0.0000067407   0.0000066911  -0.0000326214  -0.0000387582
       -0.0000388587   0.0006423235  -0.0000000117  -0.0000000069  -0.0006581791
       -0.0020992653   0.0021048446  -0.0177873029  -0.0017916431   0.0017975993
       -0.3059956442   0.0000101292   0.0000091221  -0.0177871524   0.0017929865
       -0.0017963787  -0.0006581490   0.0020998480  -0.0021042401  -0.0006112028
       -0.0000014483   0.0000014811  -0.0006112091   0.0000014806  -0.0000014497
       -0.0000326104   0.0000387573   0.0000388563   0.0000102615   0.0000000003
        0.0000000003   0.0000269721   0.0000063222   0.0000063232   0.0000269746
       -0.0000063227  -0.0000063237   0.0008204175   0.0004612086  -0.0004625150
        0.3414452890  -0.0000117754  -0.0000106731   0.0008204189  -0.0004614429
        0.0004622826
       -0.0000000153   0.0000038568  -0.0000722268  -0.0000279271  -0.0000325235
       -0.0000324762  -0.0002199671   0.0000458541   0.0000453071  -0.0000000405
       -0.0007248521  -0.0007157388   0.0002200011   0.0000458370   0.0000453268
        0.0000279136  -0.0000325266  -0.0000324784  -0.0000418349  -0.0000320921
       -0.0000198168  -0.0000000003  -0.0002365887   0.0005536877  -0.0018232955
        0.0020971813   0.0057252910  -0.0182600041  -0.0005370534   0.0010954677
        0.0000101481  -0.0385835459   0.0043110926   0.0182613139  -0.0005385195
        0.0010943764   0.0018239100   0.0020969037   0.0057253542   0.0007822348
       -0.0002075785   0.0000630369  -0.0007822328  -0.0002075141   0.0000631088
        0.0000418065  -0.0000321084  -0.0000198055  -0.0000000009  -0.0000016046
        0.0000000388  -0.0000098794  -0.0000019506   0.0000031127   0.0000098763
       -0.0000019546   0.0000031147  -0.0006507831  -0.0009193148  -0.0015712178
       -0.0000117754   0.0387194207  -0.0146932632   0.0006505521  -0.0009193262
       -0.0015712918
       -0.0000000186  -0.0000722039   0.0000038786  -0.0000280787  -0.0000319199
       -0.0000328266  -0.0002191080   0.0000448278   0.0000454168  -0.0000000601
       -0.0007158162  -0.0007203352   0.0002191167   0.0000447741   0.0000453998
        0.0000280586  -0.0000319275  -0.0000328301  -0.0000416844  -0.0000195012
       -0.0000316794  -0.0000000141   0.0005526433  -0.0002381231   0.0018283849
        0.0057255076   0.0020680108   0.0183075164   0.0010940730  -0.0005439920
        0.0000091352   0.0043109967  -0.0386056547  -0.0183063350   0.0010953253
       -0.0005426776  -0.0018277740   0.0057255487   0.0020682591  -0.0007843085
        0.0000633433  -0.0002080740   0.0007843637   0.0000633109  -0.0002081305
        0.0000417113  -0.0000195350  -0.0000316930  -0.0000000008  -0.0000000387
       -0.0000015248  -0.0000097586   0.0000031492  -0.0000019392   0.0000097565
        0.0000031426  -0.0000019348   0.0006522017  -0.0015712601  -0.0009115135
       -0.0000106731  -0.0146932632   0.0387934596  -0.0006524310  -0.0015711766
       -0.0009114965
        0.0000363542  -0.0000217054   0.0000216789  -0.0000107345   0.0000609181
       -0.0000875818  -0.0002066451   0.0001165209   0.0001316131  -0.0005261576
       -0.0009022028   0.0009048236  -0.0002075594  -0.0001307237  -0.0001160608
       -0.0000107187   0.0000878615  -0.0000607486   0.0000220688  -0.0000602800
       -0.0000263063  -0.0053764591  -0.0000255332   0.0000255560  -0.0003172889
        0.0003430763  -0.0003439457  -0.0006060908   0.0020018915  -0.0020064223
        0.0066729703   0.0078877248  -0.0079078468  -0.1068362931  -0.0803863783
        0.0805908814  -0.0178474638  -0.0184589910   0.0185057576   0.0006432577
       -0.0002975590   0.0002981478   0.0001383561   0.0001022723  -0.0001026269
        0.0000225407   0.0000255998   0.0000598592   0.0000269733  -0.0000098783
        0.0000097567   0.0000264602   0.0000107129   0.0000085023   0.0000262793
       -0.0000084835  -0.0000107346   0.0002482093   0.0004417957  -0.0004429566
        0.0008204189   0.0006505521  -0.0006524310   0.1232615222   0.0885728095
       -0.0887989151
       -0.0000001755   0.0000185109  -0.0000375883   0.0000206187  -0.0000252720
       -0.0000286829   0.0000255391   0.0000616116   0.0001254999   0.0000348900
       -0.0000793728   0.0000622268   0.0000662155   0.0000529397   0.0000031751
       -0.0000114840   0.0000015971  -0.0000099741  -0.0000575719  -0.0000568370
       -0.0000300720  -0.0000268060   0.0036744728   0.0031162649   0.0003127989
        0.0000872551   0.0000043983   0.0020930510   0.0016789270   0.0057220752
       -0.0080341834  -0.0122060312   0.0124798541  -0.0809881993  -0.1378685409
        0.1052370271  -0.0015966110  -0.0008324805   0.0013854636   0.0002625201
       -0.0002327912  -0.0016106324   0.0001904846  -0.0003292794  -0.0008545621
        0.0000138465  -0.0000121797  -0.0000117733   0.0000063209  -0.0000019511
       -0.0000031427   0.0000107119   0.0000040327   0.0000023603   0.0000084815
       -0.0000056549  -0.0000023980  -0.0004418144  -0.0004959817   0.0005508869
       -0.0004614429  -0.0009193262  -0.0015711766   0.0885728095   0.1474863517
       -0.1245292299
        0.0000002420  -0.0000375114   0.0000186490   0.0000112000  -0.0000098794
        0.0000017073  -0.0000660578   0.0000026638   0.0000529207  -0.0000367554
        0.0000625523  -0.0000797646  -0.0000253680   0.0001246172   0.0000614908
       -0.0000206963  -0.0000287059  -0.0000253163  -0.0000136989  -0.0000115863
       -0.0000121678   0.0000295075   0.0031156399   0.0036596515  -0.0003134178
        0.0000047991   0.0000869646  -0.0020984598   0.0057221088   0.0016507532
        0.0080530124   0.0124799145  -0.0122696084   0.0811963316   0.1052362496
       -0.1383998813   0.0016003415   0.0013865605  -0.0008403824  -0.0002633863
       -0.0016104691  -0.0002250354  -0.0001912516  -0.0008546003  -0.0003250401
        0.0000577049  -0.0000295829  -0.0000566688  -0.0000063249  -0.0000031111
       -0.0000019323  -0.0000085044  -0.0000023578  -0.0000056462  -0.0000107347
        0.0000023986   0.0000040263   0.0004429485   0.0005508212  -0.0004987204
        0.0004622826  -0.0015712918  -0.0009114965  -0.0887989151  -0.1245292299
        0.1481154970
