           1           2   1.43627809058049     
           2           3   1.40114832449198     
           1           4  0.103562325948065     
           3           4   1.36997381342414     
           4           5   1.36997372817983     
           1           6   1.43627845895225     
           5           6   1.40114819815428     
           5           7  0.987372501129718     
           4           8   1.00409990281854     
           8           9   1.36997365498804     
           9          10   1.40114833972594     
           8          11  0.103562325721063     
          10          11   1.43627821112747     
          11          12   1.43627833856912     
           8          13   1.36997388660290     
          12          13   1.40114818258711     
          13          14  0.987372537700371     
           9          15  0.987372499019003     
           3          16  0.987372535524846     
           1          17  0.966706136521834     
           2          18  0.965142509118788     
           6          19  0.965142492010440     
          10          20  0.965142498063609     
          11          21  0.966706136515769     
          12          22  0.965142503068173     
