$hessian                                                                        
        0.5044557868   0.0039707992   0.0331699321  -0.0909736691   0.0063820182
        0.0613533451  -0.0263318448   0.0022005084   0.0225998958  -0.0005910964
       -0.0009313870  -0.0000163089   0.0004236404  -0.0002329688  -0.0013855458
        0.0001471681  -0.0004918194   0.0001441543  -0.0011298947  -0.0005016981
       -0.0023515873  -0.0010758236   0.0014532374   0.0012510111  -0.0541175164
        0.0375404405  -0.0299403553  -0.0619646655  -0.0547702602  -0.0321538244
       -0.2744469516   0.0059443774  -0.0486764584   0.0035784797   0.0001207288
       -0.0032089993   0.0023627972  -0.0008473505  -0.0015849678  -0.0001037941
        0.0000668803   0.0003883111  -0.0000685061   0.0000256015   0.0001230705
       -0.0000686807   0.0001017281   0.0004376732  -0.0000954293  -0.0000308356
       -0.0001493460
        0.0039707992   0.5229470988  -0.0047801452   0.0048883012  -0.0658746400
       -0.0085201615   0.0012770665   0.0012327654  -0.0008332717   0.0008607297
       -0.0000291916   0.0007436732  -0.0004341134  -0.0001463059   0.0001022276
        0.0000106851   0.0003113831  -0.0000250946   0.0003881991  -0.0001610173
       -0.0000207285  -0.0009978941  -0.0005670359  -0.0006952623   0.0373976005
       -0.1922576845   0.1096076526  -0.0549344107  -0.2171891857  -0.0941128789
        0.0061716277  -0.0453289171   0.0016516210   0.0122615391  -0.0036776077
       -0.0240825224  -0.0110175985   0.0009217780   0.0210921645   0.0001671708
       -0.0001528859  -0.0001059911   0.0000269153  -0.0000224855  -0.0000423234
       -0.0000104109   0.0000182568   0.0000063428  -0.0000262065  -0.0000243252
        0.0000146979
        0.0331699321  -0.0047801452   0.4681324876   0.0505444182  -0.0084804403
       -0.1605563569   0.0099317613   0.0003074899   0.0042653456  -0.0021433534
        0.0011062691  -0.0008192037   0.0008585986   0.0002711888   0.0000374105
       -0.0002146645  -0.0003265750   0.0000594562   0.0002072856   0.0002420753
       -0.0001542298  -0.0012637518  -0.0017033265  -0.0001170708  -0.0295745854
        0.1096304727  -0.1249941292  -0.0320699933  -0.0945272027  -0.0953387121
       -0.0490675018   0.0015381663  -0.0513151950   0.0090716235  -0.0051258491
       -0.0183016283   0.0107698338   0.0016626663  -0.0210501096  -0.0001099445
        0.0001696803   0.0001066459  -0.0000364553   0.0000483100   0.0000088743
       -0.0000247284   0.0000037485   0.0000263411  -0.0000484748  -0.0000365284
        0.0000100743
       -0.0909736691   0.0048883012   0.0505444182   0.4603563073   0.0098493785
        0.0310132240  -0.1953218501   0.0059366404  -0.0289851088  -0.0223218838
        0.0080311995  -0.0074641227   0.0021438469   0.0028781276  -0.0016246971
       -0.0007760976  -0.0012657101   0.0000788170  -0.0009988503  -0.0027430515
       -0.0011152109  -0.0289659606  -0.0135800737  -0.0025931642   0.0021690723
       -0.0015664421  -0.0018310674   0.0032354125   0.0007676070  -0.0036185344
       -0.0195666899   0.0026974167   0.0272192584  -0.0569977251  -0.0513232603
       -0.0327260831  -0.0508646567   0.0360786672  -0.0300415161   0.0004111913
       -0.0009085925   0.0009152115  -0.0006931210  -0.0000343894  -0.0000082424
        0.0000490267   0.0001867174   0.0004335547  -0.0008843529   0.0001074640
       -0.0001967368
        0.0063820182  -0.0658746400  -0.0084804403   0.0098493785   0.5505470364
       -0.0139799484   0.0075934514  -0.0657722986   0.0027871928   0.0232681854
       -0.0023195419   0.0053023522   0.0021070074  -0.0036828250   0.0025456848
       -0.0002308865  -0.0001136406  -0.0000206813  -0.0038791451  -0.0040671440
        0.0029526582  -0.0319255859  -0.0024686471  -0.0058522247  -0.0115370574
        0.0010226230   0.0213228949   0.0125149422  -0.0035982763  -0.0232200486
        0.0010200505   0.0004250156  -0.0012322565  -0.0519767272  -0.2082250759
       -0.0879208755   0.0357854172  -0.1958767477   0.1062596287   0.0010782033
        0.0004647318  -0.0000401760   0.0014423432  -0.0001869124   0.0003187321
        0.0000903530  -0.0000190263  -0.0005039448  -0.0015819482  -0.0002546311
       -0.0002385476
        0.0613533451  -0.0085201615  -0.1605563569   0.0310132240  -0.0139799484
        0.4652089937  -0.0380790801   0.0030751081  -0.0668174451  -0.0102641685
        0.0014642062   0.0005774045  -0.0027710499   0.0028998454   0.0056814274
        0.0002197094   0.0003105867  -0.0000149384  -0.0018140565   0.0021314745
        0.0082870379   0.0019221820  -0.0013868483  -0.0016548484   0.0101766779
        0.0018078476  -0.0210527556   0.0082582479  -0.0049608547  -0.0170734107
        0.0013955791   0.0001329935   0.0009490678  -0.0328667898  -0.0886271492
       -0.0911615074  -0.0290403694   0.1069146069  -0.1189851573   0.0004212980
       -0.0008767908  -0.0012569130  -0.0004336779  -0.0000890653  -0.0006150943
        0.0004247090  -0.0004572570  -0.0018918415   0.0000842196   0.0001614062
        0.0003763374
       -0.0263318448   0.0012770665   0.0099317613  -0.1953218501   0.0075934514
       -0.0380790801   0.6104662660   0.0241159859   0.0794792432  -0.1346766454
        0.1153751596  -0.0435838514  -0.0304651161   0.0248281605  -0.0120048040
        0.0057358308  -0.0028939601   0.0040801315  -0.0525308838  -0.0404850562
       -0.0012540824  -0.1464181548  -0.1151844662   0.0091552194   0.0007094747
       -0.0000705002  -0.0006069820   0.0007459366   0.0000368593  -0.0006171054
       -0.0015910260   0.0003175897   0.0021219088  -0.0133769887  -0.0046095312
       -0.0025099280  -0.0118584517   0.0052195815  -0.0036854216   0.0060404772
       -0.0135725276   0.0038766932  -0.0056280548  -0.0004296283  -0.0032021048
        0.0012802760  -0.0003766674   0.0002449698  -0.0067792451  -0.0011415170
       -0.0033465675
        0.0022005084   0.0012327654   0.0003074899   0.0059366404  -0.0657722986
        0.0030751081   0.0241159859   0.6188697498  -0.1036451440   0.0412838943
       -0.2264639403   0.0488565970   0.0845033204   0.0328443511   0.0098302900
        0.0050551906  -0.0682262844   0.0150784082  -0.1005997331   0.0183523601
       -0.0247709757  -0.0675883699  -0.2871426130   0.0408673944  -0.0008785006
       -0.0000943093   0.0003936590   0.0010588144  -0.0002467286  -0.0006483265
        0.0004435954   0.0005081272  -0.0006629912  -0.0252330913  -0.0018409624
       -0.0063646093   0.0256396843  -0.0028531016   0.0073649972   0.0074408806
       -0.0217636159   0.0069866616  -0.0018833722   0.0025655218   0.0013195390
        0.0005112668  -0.0008204085   0.0002304496  -0.0020067143   0.0008513870
        0.0017814527
        0.0225998958  -0.0008332717   0.0042653456  -0.0289851088   0.0027871928
       -0.0668174451   0.0794792432  -0.1036451440   0.2072470585  -0.0260121942
        0.0642797147  -0.0763217551  -0.0264884711  -0.0027035617  -0.0043363084
        0.0018641197   0.0129752051  -0.0122315576   0.0117311716  -0.0118856658
        0.0071057952  -0.0006722607   0.0317069499  -0.0662854272   0.0007058290
        0.0001717404   0.0004928226   0.0007275413  -0.0000588307   0.0004526298
        0.0039255307  -0.0005074480  -0.0043162634  -0.0143596509  -0.0010800883
       -0.0024074610  -0.0185878331   0.0028246229  -0.0039061965  -0.0005398777
        0.0022836918  -0.0005666478  -0.0026612536   0.0015724848   0.0088047580
        0.0002179622   0.0000749763  -0.0001661719  -0.0029446432   0.0020374314
        0.0089868244
       -0.0005910964   0.0008607297  -0.0021433534  -0.0223218838   0.0232681854
       -0.0102641685  -0.1346766454   0.0412838943  -0.0260121942   0.6430066299
        0.0496592248   0.0989636465  -0.3280792804   0.0284602111  -0.0653339774
       -0.0339824628  -0.0792711134   0.0120544423  -0.0497643911   0.0253897807
       -0.0146459675   0.0597243839   0.0207027185   0.0040848942   0.0000996473
        0.0000234144  -0.0001382294  -0.0000661108   0.0000237182   0.0001610360
       -0.0003619388   0.0001209289   0.0006367848  -0.0000134251   0.0018744435
       -0.0000562169  -0.0056052571   0.0006925432  -0.0015646833  -0.1105562348
       -0.1131940361   0.0102666624  -0.0168540998   0.0027054013  -0.0047672375
        0.0000867325  -0.0031731776  -0.0010143272  -0.0000445675   0.0005731330
       -0.0002271109
       -0.0009313870  -0.0000291916   0.0011062691   0.0080311995  -0.0023195419
        0.0014642062   0.1153751596  -0.2264639403   0.0642797147   0.0496592248
        0.6266624335  -0.1112793824  -0.0451821660  -0.0943799569   0.0020165913
       -0.0278093697   0.0235007637  -0.0116378841   0.0336074437  -0.0110659840
        0.0076473930  -0.0403338293  -0.0831210000   0.0157537483  -0.0002316069
        0.0002269022   0.0004358393   0.0001275067  -0.0003646565  -0.0001086288
       -0.0001368719  -0.0000506335  -0.0000658279  -0.0012924572   0.0002180210
       -0.0003518421  -0.0003799670   0.0000843120   0.0003030921  -0.1122820465
       -0.2291819731   0.0222549870   0.0251137190  -0.0008860616   0.0060988661
       -0.0038877584  -0.0038871362   0.0021794450   0.0005532068   0.0010576433
       -0.0000965867
       -0.0000163089   0.0007436732  -0.0008192037  -0.0074641227   0.0053023522
        0.0005774045  -0.0435838514   0.0488565970  -0.0763217551   0.0989636465
       -0.1112793824   0.1584418734  -0.0474044314   0.0173792119  -0.0610555940
       -0.0002126677  -0.0226987095   0.0040897549  -0.0168974264   0.0059741800
       -0.0135359739   0.0187633907   0.0286008073   0.0153768239   0.0000299448
       -0.0002524702   0.0000228059  -0.0000423977   0.0000530391   0.0001233448
        0.0000019598  -0.0000339102   0.0003915716   0.0005665702   0.0006246104
        0.0004566996  -0.0016385485   0.0006709641   0.0003358689   0.0100548976
        0.0223190895  -0.0368081608  -0.0100560166   0.0014659310   0.0004992969
       -0.0008964383   0.0023726265   0.0081197586  -0.0001682001  -0.0000986099
        0.0001054844
        0.0004236404  -0.0004341134   0.0008585986   0.0021438469   0.0021070074
       -0.0027710499  -0.0304651161   0.0845033204  -0.0264884711  -0.3280792804
       -0.0451821660  -0.0474044314   0.6349978194   0.0092524939   0.1048753965
       -0.1506572517  -0.0638761906  -0.0059476078   0.0634010401  -0.0250221599
        0.0187306322  -0.0529312355  -0.0349375531  -0.0014116496  -0.0001608322
       -0.0001794799   0.0002107725  -0.0000205191   0.0000187739  -0.0002018361
        0.0003068768  -0.0001397996  -0.0001747407   0.0003112282  -0.0005142002
        0.0001893201  -0.0008680923   0.0001527056   0.0001433924  -0.0179975367
       -0.0031106450  -0.0030593048  -0.1026589427   0.1001993202  -0.0375105979
       -0.0172380121  -0.0258652549   0.0024641879  -0.0005076331   0.0030279411
       -0.0025026109
       -0.0002329688  -0.0001463059   0.0002711888   0.0028781276  -0.0036828250
        0.0028998454   0.0248281605   0.0328443511  -0.0027035617   0.0284602111
       -0.0943799569   0.0173792119   0.0092524939   0.6402000620  -0.1215108456
       -0.1385619613  -0.2709199855   0.0241886344   0.0352630090  -0.0638374703
        0.0230958671  -0.0367690067  -0.0149711457  -0.0059447281  -0.0000360873
       -0.0000919972   0.0000459450   0.0000542511   0.0000446712  -0.0000268729
       -0.0001027135  -0.0000488767  -0.0000300281  -0.0000487971  -0.0003491984
        0.0000125891   0.0013274416  -0.0000812663   0.0004566285  -0.0260068046
       -0.0025274456  -0.0046568804   0.1002705732  -0.2160354635   0.0632229698
       -0.0029638175  -0.0026203377   0.0000448216   0.0023878886  -0.0033968098
        0.0032552154
       -0.0013855458   0.0001022276   0.0000374105  -0.0016246971   0.0025456848
        0.0056814274  -0.0120048040   0.0098302900  -0.0043363084  -0.0653339774
        0.0020165913  -0.0610555940   0.1048753965  -0.1215108456   0.1710007539
        0.0118044632   0.0396068367  -0.0553873524   0.0043970704   0.0104849209
        0.0003155498  -0.0008416808  -0.0054455984  -0.0059596268  -0.0000449652
        0.0000256453  -0.0000880782  -0.0000280218  -0.0000181986  -0.0000901071
       -0.0001813013  -0.0000488336   0.0003259348   0.0006426052   0.0002614760
        0.0001349192   0.0001900525   0.0000002581   0.0001522510   0.0023562295
        0.0000966518   0.0010155080  -0.0375143006   0.0633133431  -0.0593869851
       -0.0029476635  -0.0046349136   0.0008852499  -0.0023588598   0.0033744642
        0.0067550475
        0.0001471681   0.0000106851  -0.0002146645  -0.0007760976  -0.0002308865
        0.0002197094   0.0057358308   0.0050551906   0.0018641197  -0.0339824628
       -0.0278093697  -0.0002126677  -0.1506572517  -0.1385619613   0.0118044632
        0.6663590138   0.0294362745   0.1085976213  -0.1453251869   0.1249793427
       -0.0493243204  -0.0573074545   0.0226571843  -0.0212832018   0.0000113648
       -0.0000313422  -0.0000848858  -0.0000055149  -0.0000255597  -0.0001209774
        0.0001085640  -0.0000005182   0.0000190330   0.0001394262   0.0001235252
        0.0001094963   0.0003615702  -0.0002431944   0.0002229009  -0.0054869150
       -0.0008471887  -0.0029206896   0.0070750067   0.0121095097  -0.0019821119
       -0.2920277173  -0.0168303024  -0.0496249731   0.0056306560  -0.0097913891
        0.0029311484
       -0.0004918194   0.0003113831  -0.0003265750  -0.0012657101  -0.0001136406
        0.0003105867  -0.0028939601  -0.0682262844   0.0129752051  -0.0792711134
        0.0235007637  -0.0226987095  -0.0638761906  -0.2709199855   0.0396068367
        0.0294362745   0.6072995444  -0.1125987198   0.0478739917  -0.2381248165
        0.0546923817   0.0882353065   0.0379386477   0.0140779474   0.0001393408
        0.0001493914  -0.0003644885  -0.0000720544   0.0000436692   0.0001531790
       -0.0001277176   0.0001371159   0.0001167064  -0.0002285813   0.0005499530
        0.0000769237  -0.0001227258   0.0000986060  -0.0002575595  -0.0000260975
        0.0022545493   0.0016697683  -0.0105386564  -0.0254202924   0.0046126768
       -0.0175427532  -0.0437941392  -0.0011247682   0.0107724662  -0.0256844651
        0.0090786087
        0.0001441543  -0.0000250946   0.0000594562   0.0000788170  -0.0000206813
       -0.0000149384   0.0040801315   0.0150784082  -0.0122315576   0.0120544423
       -0.0116378841   0.0040897549  -0.0059476078   0.0241886344  -0.0553873524
        0.1085976213  -0.1125987198   0.1602226142  -0.0308337988   0.0706717524
       -0.0754962999  -0.0369777443   0.0000380084   0.0107644454  -0.0000469801
       -0.0000532461   0.0000404091   0.0000475860  -0.0000380970  -0.0001223098
        0.0000481921  -0.0000373005  -0.0000371135   0.0000550219  -0.0001154226
       -0.0000200164   0.0000062212  -0.0000660602   0.0001815385  -0.0031378199
        0.0015112522   0.0084819727   0.0033661847   0.0092141580   0.0013737575
       -0.0494884807  -0.0009841161  -0.0433179836  -0.0020459408   0.0048744086
        0.0014136230
       -0.0011298947   0.0003881991   0.0002072856  -0.0009988503  -0.0038791451
       -0.0018140565  -0.0525308838  -0.1005997331   0.0117311716  -0.0497643911
        0.0336074437  -0.0168974264   0.0634010401   0.0352630090   0.0043970704
       -0.1453251869   0.0478739917  -0.0308337988   0.6302420844   0.0315660423
        0.0965459438  -0.3415242570   0.0288337118  -0.0658979979   0.0000813134
        0.0002743651  -0.0004915752  -0.0002004669   0.0000669334   0.0002670768
       -0.0000498972   0.0001912925   0.0002064575  -0.0017769014   0.0004500690
        0.0001320695  -0.0002016738  -0.0000445449  -0.0002065720  -0.0000984748
        0.0013640907  -0.0002786705  -0.0000382958  -0.0047737994  -0.0007539581
       -0.0167312328   0.0210322481  -0.0084824133  -0.0833540313  -0.0916141741
        0.0121693934
       -0.0005016981  -0.0001610173   0.0002420753  -0.0027430515  -0.0040671440
        0.0021314745  -0.0404850562   0.0183523601  -0.0118856658   0.0253897807
       -0.0110659840   0.0059741800  -0.0250221599  -0.0638374703   0.0104849209
        0.1249793427  -0.2381248165   0.0706717524   0.0315660423   0.6421636462
       -0.1164398568  -0.0172397874  -0.1006270869   0.0070419109  -0.0000912085
       -0.0001196463   0.0000872007   0.0000025022   0.0000367451  -0.0001240000
        0.0001564261   0.0000087663   0.0000535515  -0.0006648830  -0.0003181554
       -0.0002444777   0.0005375054  -0.0000987788   0.0002323762   0.0003037206
        0.0008092583  -0.0002112293  -0.0034505597  -0.0037033853   0.0023361904
       -0.0009738404   0.0022352169  -0.0008271928  -0.0917630753  -0.2414825080
        0.0304767895
       -0.0023515873  -0.0000207285  -0.0001542298  -0.0011152109   0.0029526582
        0.0082870379  -0.0012540824  -0.0247709757   0.0071057952  -0.0146459675
        0.0076473930  -0.0135359739   0.0187306322   0.0230958671   0.0003155498
       -0.0493243204   0.0546923817  -0.0754962999   0.0965459438  -0.1164398568
        0.1785104784  -0.0554061111   0.0164499394  -0.0707561572   0.0000531160
        0.0001352769  -0.0002070641  -0.0000090208  -0.0001549399  -0.0001222346
       -0.0004705846   0.0000799605   0.0004805804   0.0012279395   0.0002829312
        0.0003932622   0.0000241209  -0.0001490160   0.0000779831  -0.0000018429
       -0.0000227851  -0.0005020949  -0.0010950513   0.0020762843   0.0084671997
       -0.0031310001   0.0037027420  -0.0020509293   0.0122230267   0.0304428679
       -0.0408129029
       -0.0010758236  -0.0009978941  -0.0012637518  -0.0289659606  -0.0319255859
        0.0019221820  -0.1464181548  -0.0675883699  -0.0006722607   0.0597243839
       -0.0403338293   0.0187633907  -0.0529312355  -0.0367690067  -0.0008416808
       -0.0573074545   0.0882353065  -0.0369777443  -0.3415242570  -0.0172397874
       -0.0554061111   0.5981667337   0.1123510870   0.0797201277  -0.0001211467
       -0.0002960549   0.0003527758   0.0003399458   0.0001797134  -0.0003921295
       -0.0001837977   0.0000678051   0.0005902419  -0.0053341701  -0.0013011512
       -0.0013636080   0.0021356229  -0.0009569111   0.0013526997   0.0002127768
        0.0014084319  -0.0016997206  -0.0002350399  -0.0001670860   0.0009546865
       -0.0030356548   0.0052728188  -0.0035601614  -0.0234467681  -0.0099394863
       -0.0014789361
        0.0014532374  -0.0005670359  -0.0017033265  -0.0135800737  -0.0024686471
       -0.0013868483  -0.1151844662  -0.2871426130   0.0317069499   0.0207027185
       -0.0831210000   0.0286008073  -0.0349375531  -0.0149711457  -0.0054455984
        0.0226571843   0.0379386477   0.0000380084   0.0288337118  -0.1006270869
        0.0164499394   0.1123510870   0.4632134190  -0.0683799471  -0.0000114564
       -0.0000628853   0.0000252209  -0.0001106446   0.0003082363   0.0003937770
       -0.0000343364  -0.0000344515   0.0003887354  -0.0002031879   0.0005579209
       -0.0001590121   0.0005076479   0.0003860759  -0.0006236312   0.0037934616
       -0.0078552548   0.0044840073  -0.0000946436   0.0001750877  -0.0012449829
        0.0034824688  -0.0036598564   0.0036557258  -0.0296251555  -0.0020694108
       -0.0067998250
        0.0012510111  -0.0006952623  -0.0001170708  -0.0025931642  -0.0058522247
       -0.0016548484   0.0091552194   0.0408673944  -0.0662854272   0.0040848942
        0.0157537483   0.0153768239  -0.0014116496  -0.0059447281  -0.0059596268
       -0.0212832018   0.0140779474   0.0107644454  -0.0658979979   0.0070419109
       -0.0707561572   0.0797201277  -0.0683799471   0.1134861322  -0.0001107440
       -0.0000771617   0.0002785335  -0.0003125708   0.0002973125   0.0003503162
        0.0003682259   0.0000232518  -0.0000241750  -0.0024950971  -0.0005478259
       -0.0002503817   0.0008573044  -0.0004826290  -0.0000577464  -0.0023976977
        0.0039620567   0.0062216633   0.0009864151  -0.0012376604  -0.0044187874
       -0.0031526478   0.0039179204   0.0064596067   0.0032315731  -0.0027241032
       -0.0034133002
       -0.0541175164   0.0373976005  -0.0295745854   0.0021690723  -0.0115370574
        0.0101766779   0.0007094747  -0.0008785006   0.0007058290   0.0000996473
       -0.0002316069   0.0000299448  -0.0001608322  -0.0000360873  -0.0000449652
        0.0000113648   0.0001393408  -0.0000469801   0.0000813134  -0.0000912085
        0.0000531160  -0.0001211467  -0.0000114564  -0.0001107440   0.0599544123
       -0.0440840125   0.0314177545   0.0022659706  -0.0077062617   0.0044526756
       -0.0101599332   0.0267302725  -0.0199524724   0.0002835788  -0.0000575927
       -0.0005791662  -0.0010619554  -0.0000851762   0.0032946866  -0.0000566633
        0.0003749523   0.0001646301   0.0000349869   0.0000149977   0.0000157726
        0.0000341563   0.0000283579   0.0000034295   0.0000340698   0.0000334384
       -0.0000056033
        0.0375404405  -0.1922576845   0.1096304727  -0.0015664421   0.0010226230
        0.0018078476  -0.0000705002  -0.0000943093   0.0001717404   0.0000234144
        0.0002269022  -0.0002524702  -0.0001794799  -0.0000919972   0.0000256453
       -0.0000313422   0.0001493914  -0.0000532461   0.0002743651  -0.0001196463
        0.0001352769  -0.0002960549  -0.0000628853  -0.0000771617  -0.0440840125
        0.2197177812  -0.1283707263   0.0058784578  -0.0280422274   0.0156383515
        0.0021824850  -0.0025197923   0.0021576146   0.0000328158   0.0007401538
       -0.0004999346   0.0000678648   0.0012389479  -0.0001269536   0.0001758957
        0.0000680917  -0.0001809087   0.0000341490   0.0000186933   0.0000058671
       -0.0000018531  -0.0000010917  -0.0000102682   0.0000197968   0.0000070495
       -0.0000011468
       -0.0299403553   0.1096076526  -0.1249941292  -0.0018310674   0.0213228949
       -0.0210527556  -0.0006069820   0.0003936590   0.0004928226  -0.0001382294
        0.0004358393   0.0000228059   0.0002107725   0.0000459450  -0.0000880782
       -0.0000848858  -0.0003644885   0.0000404091  -0.0004915752   0.0000872007
       -0.0002070641   0.0003527758   0.0000252209   0.0002785335   0.0314177545
       -0.1283707263   0.1469264612   0.0024893972  -0.0105132736   0.0082231489
       -0.0043216027   0.0077582275  -0.0049197890  -0.0004878163   0.0004808503
        0.0005900021   0.0033441436  -0.0003050718  -0.0053790665   0.0001987598
       -0.0005379704   0.0000389218  -0.0000546886  -0.0000196651   0.0000092840
       -0.0000261118  -0.0000299602   0.0000175779  -0.0000302889  -0.0000163347
        0.0000009155
       -0.0619646655  -0.0549344107  -0.0320699933   0.0032354125   0.0125149422
        0.0082582479   0.0007459366   0.0010588144   0.0007275413  -0.0000661108
        0.0001275067  -0.0000423977  -0.0000205191   0.0000542511  -0.0000280218
       -0.0000055149  -0.0000720544   0.0000475860  -0.0002004669   0.0000025022
       -0.0000090208   0.0003399458  -0.0001106446  -0.0003125708   0.0022659706
        0.0058784578   0.0024893972   0.0687981111   0.0631647087   0.0341603946
       -0.0125426099  -0.0284436954  -0.0160433327  -0.0010116059   0.0008489649
        0.0033083773   0.0002974945   0.0000714700  -0.0005064212   0.0000162967
       -0.0001057856   0.0000189496   0.0000326024  -0.0000305131   0.0000020163
        0.0000329218  -0.0000167848   0.0000105749   0.0000468010  -0.0000077291
       -0.0000113269
       -0.0547702602  -0.2171891857  -0.0945272027   0.0007676070  -0.0035982763
       -0.0049608547   0.0000368593  -0.0002467286  -0.0000588307   0.0000237182
       -0.0003646565   0.0000530391   0.0000187739   0.0000446712  -0.0000181986
       -0.0000255597   0.0000436692  -0.0000380970   0.0000669334   0.0000367451
       -0.0001549399   0.0001797134   0.0003082363   0.0002973125  -0.0077062617
       -0.0280422274  -0.0105132736   0.0631647087   0.2482652717   0.1112446143
       -0.0020374378  -0.0012138813  -0.0009087516   0.0005798365   0.0010554015
       -0.0009839746  -0.0000818318   0.0007509532   0.0005453429  -0.0001267034
        0.0001186748   0.0000099135  -0.0000450840   0.0000008736  -0.0000058781
       -0.0000089989   0.0000193930   0.0000139591  -0.0000360131   0.0000110661
        0.0000058199
       -0.0321538244  -0.0941128789  -0.0953387121  -0.0036185344  -0.0232200486
       -0.0170734107  -0.0006171054  -0.0006483265   0.0004526298   0.0001610360
       -0.0001086288   0.0001233448  -0.0002018361  -0.0000268729  -0.0000901071
       -0.0001209774   0.0001531790  -0.0001223098   0.0002670768  -0.0001240000
       -0.0001222346  -0.0003921295   0.0003937770   0.0003503162   0.0044526756
        0.0156383515   0.0082231489   0.0341603946   0.1112446143   0.1120978342
       -0.0046542356  -0.0077002649  -0.0035242981   0.0033638668  -0.0010929932
       -0.0053460170  -0.0005355095  -0.0005584809   0.0004106558  -0.0000073298
        0.0000869477  -0.0000578894  -0.0000366690   0.0000147541  -0.0000002479
       -0.0000311655   0.0000395986   0.0000120304  -0.0000357333   0.0000212726
        0.0000052665
       -0.2744469516   0.0061716277  -0.0490675018  -0.0195666899   0.0010200505
        0.0013955791  -0.0015910260   0.0004435954   0.0039255307  -0.0003619388
       -0.0001368719   0.0000019598   0.0003068768  -0.0001027135  -0.0001813013
        0.0001085640  -0.0001277176   0.0000481921  -0.0000498972   0.0001564261
       -0.0004705846  -0.0001837977  -0.0000343364   0.0003682259  -0.0101599332
        0.0021824850  -0.0043216027  -0.0125426099  -0.0020374378  -0.0046542356
        0.3177309161  -0.0074433315   0.0536829486   0.0005338754   0.0001534867
       -0.0004429970   0.0003939302  -0.0002349739  -0.0003757261  -0.0000437327
       -0.0000296967   0.0000355450  -0.0000225937   0.0000380929   0.0000146758
       -0.0000632793   0.0000202985   0.0000648032  -0.0000417126  -0.0000389835
       -0.0000235111
        0.0059443774  -0.0453289171   0.0015381663   0.0026974167   0.0004250156
        0.0001329935   0.0003175897   0.0005081272  -0.0005074480   0.0001209289
       -0.0000506335  -0.0000339102  -0.0001397996  -0.0000488767  -0.0000488336
       -0.0000005182   0.0001371159  -0.0000373005   0.0001912925   0.0000087663
        0.0000799605   0.0000678051  -0.0000344515   0.0000232518   0.0267302725
       -0.0025197923   0.0077582275  -0.0284436954  -0.0012138813  -0.0077002649
       -0.0074433315   0.0478066545  -0.0014157107   0.0005554546   0.0000700604
        0.0000673983  -0.0005635769   0.0001238311   0.0000908866  -0.0000283724
        0.0000950380   0.0000465197  -0.0000114259   0.0000044095  -0.0000188557
       -0.0000024926   0.0000028378   0.0000000480   0.0000080752   0.0000146962
        0.0000248714
       -0.0486764584   0.0016516210  -0.0513151950   0.0272192584  -0.0012322565
        0.0009490678   0.0021219088  -0.0006629912  -0.0043162634   0.0006367848
       -0.0000658279   0.0003915716  -0.0001747407  -0.0000300281   0.0003259348
        0.0000190330   0.0001167064  -0.0000371135   0.0002064575   0.0000535515
        0.0004805804   0.0005902419   0.0003887354  -0.0000241750  -0.0199524724
        0.0021576146  -0.0049197890  -0.0160433327  -0.0009087516  -0.0035242981
        0.0536829486  -0.0014157107   0.0607823509   0.0000961068   0.0001853319
        0.0007353800   0.0002239452  -0.0001306241   0.0006908791  -0.0000086937
       -0.0000692073  -0.0001287070   0.0000256273  -0.0000193340  -0.0000223473
        0.0000152447  -0.0000288394  -0.0001003193   0.0000181408   0.0000100101
        0.0000324430
        0.0035784797   0.0122615391   0.0090716235  -0.0569977251  -0.0519767272
       -0.0328667898  -0.0133769887  -0.0252330913  -0.0143596509  -0.0000134251
       -0.0012924572   0.0005665702   0.0003112282  -0.0000487971   0.0006426052
        0.0001394262  -0.0002285813   0.0000550219  -0.0017769014  -0.0006648830
        0.0012279395  -0.0053341701  -0.0002031879  -0.0024950971   0.0002835788
        0.0000328158  -0.0004878163  -0.0010116059   0.0005798365   0.0033638668
        0.0005338754   0.0005554546   0.0000961068   0.0713871559   0.0607836341
        0.0333944435   0.0024483631   0.0048538967   0.0023705784  -0.0000074846
        0.0005663629  -0.0004260626   0.0001486553   0.0000012325  -0.0000041398
        0.0000907719   0.0000023240  -0.0002248090  -0.0004032337   0.0000106287
        0.0000756096
        0.0001207288  -0.0036776077  -0.0051258491  -0.0513232603  -0.2082250759
       -0.0886271492  -0.0046095312  -0.0018409624  -0.0010800883   0.0018744435
        0.0002180210   0.0006246104  -0.0005142002  -0.0003491984   0.0002614760
        0.0001235252   0.0005499530  -0.0001154226   0.0004500690  -0.0003181554
        0.0002829312  -0.0013011512   0.0005579209  -0.0005478259  -0.0000575927
        0.0007401538   0.0004808503   0.0008489649   0.0010554015  -0.0010929932
        0.0001534867   0.0000700604   0.0001853319   0.0607836341   0.2378430253
        0.1054007234  -0.0067639995  -0.0268561089  -0.0104445403   0.0002284781
        0.0001906214  -0.0001027046   0.0000537467   0.0000334389   0.0000104826
       -0.0000094748   0.0000033484  -0.0001099280  -0.0000578671   0.0000051641
        0.0000000952
       -0.0032089993  -0.0240825224  -0.0183016283  -0.0327260831  -0.0879208755
       -0.0911615074  -0.0025099280  -0.0063646093  -0.0024074610  -0.0000562169
       -0.0003518421   0.0004566996   0.0001893201   0.0000125891   0.0001349192
        0.0001094963   0.0000769237  -0.0000200164   0.0001320695  -0.0002444777
        0.0003932622  -0.0013636080  -0.0001590121  -0.0002503817  -0.0005791662
       -0.0004999346   0.0005900021   0.0033083773  -0.0009839746  -0.0053460170
       -0.0004429970   0.0000673983   0.0007353800   0.0333944435   0.1054007234
        0.1078499652   0.0039734648   0.0144216950   0.0076428618  -0.0003021177
        0.0005868188  -0.0002655504   0.0000753744   0.0000060420  -0.0000042330
        0.0000561804   0.0000146776  -0.0000358794  -0.0000496100   0.0000203804
       -0.0000104156
        0.0023627972  -0.0110175985   0.0107698338  -0.0508646567   0.0357854172
       -0.0290403694  -0.0118584517   0.0256396843  -0.0185878331  -0.0056052571
       -0.0003799670  -0.0016385485  -0.0008680923   0.0013274416   0.0001900525
        0.0003615702  -0.0001227258   0.0000062212  -0.0002016738   0.0005375054
        0.0000241209   0.0021356229   0.0005076479   0.0008573044  -0.0010619554
        0.0000678648   0.0033441436   0.0002974945  -0.0000818318  -0.0005355095
        0.0003939302  -0.0005635769   0.0002239452   0.0024483631  -0.0067639995
        0.0039734648   0.0626783872  -0.0445217639   0.0304870925  -0.0000329958
       -0.0003552241  -0.0000474459  -0.0004300013   0.0000222974  -0.0000654092
        0.0000799692  -0.0000906523  -0.0000565120   0.0001649495   0.0000094812
        0.0000954488
       -0.0008473505   0.0009217780   0.0016626663   0.0360786672  -0.1958767477
        0.1069146069   0.0052195815  -0.0028531016   0.0028246229   0.0006925432
        0.0000843120   0.0006709641   0.0001527056  -0.0000812663   0.0000002581
       -0.0002431944   0.0000986060  -0.0000660602  -0.0000445449  -0.0000987788
       -0.0001490160  -0.0009569111   0.0003860759  -0.0004826290  -0.0000851762
        0.0012389479  -0.0003050718   0.0000714700   0.0007509532  -0.0005584809
       -0.0002349739   0.0001238311  -0.0001306241   0.0048538967  -0.0268561089
        0.0144216950  -0.0445217639   0.2216994996  -0.1246544120  -0.0001102155
        0.0003783826  -0.0001349435   0.0000506578  -0.0000015932  -0.0000264859
        0.0000025332   0.0000603258   0.0000508248  -0.0000779248   0.0000248846
       -0.0000379147
       -0.0015849678   0.0210921645  -0.0210501096  -0.0300415161   0.1062596287
       -0.1189851573  -0.0036854216   0.0073649972  -0.0039061965  -0.0015646833
        0.0003030921   0.0003358689   0.0001433924   0.0004566285   0.0001522510
        0.0002229009  -0.0002575595   0.0001815385  -0.0002065720   0.0002323762
        0.0000779831   0.0013526997  -0.0006236312  -0.0000577464   0.0032946866
       -0.0001269536  -0.0053790665  -0.0005064212   0.0005453429   0.0004106558
       -0.0003757261   0.0000908866   0.0006908791   0.0023705784  -0.0104445403
        0.0076428618   0.0304870925  -0.1246544120   0.1400901863  -0.0000005740
       -0.0001201523  -0.0000475791  -0.0000414436  -0.0000388319  -0.0001165637
        0.0000501414  -0.0000557599  -0.0000315061   0.0000858339  -0.0000232762
       -0.0000082992
       -0.0001037941   0.0001671708  -0.0001099445   0.0004111913   0.0010782033
        0.0004212980   0.0060404772   0.0074408806  -0.0005398777  -0.1105562348
       -0.1122820465   0.0100548976  -0.0179975367  -0.0260068046   0.0023562295
       -0.0054869150  -0.0000260975  -0.0031378199  -0.0000984748   0.0003037206
       -0.0000018429   0.0002127768   0.0037934616  -0.0023976977  -0.0000566633
        0.0001758957   0.0001987598   0.0000162967  -0.0001267034  -0.0000073298
       -0.0000437327  -0.0000283724  -0.0000086937  -0.0000074846   0.0002284781
       -0.0003021177  -0.0000329958  -0.0001102155  -0.0000005740   0.1277589625
        0.1271835414  -0.0080250706   0.0007343996  -0.0005337749   0.0009193425
       -0.0007093414  -0.0014140262   0.0001305970  -0.0000809311   0.0001566889
        0.0004498438
        0.0000668803  -0.0001528859   0.0001696803  -0.0009085925   0.0004647318
       -0.0008767908  -0.0135725276  -0.0217636159   0.0022836918  -0.1131940361
       -0.2291819731   0.0223190895  -0.0031106450  -0.0025274456   0.0000966518
       -0.0008471887   0.0022545493   0.0015112522   0.0013640907   0.0008092583
       -0.0000227851   0.0014084319  -0.0078552548   0.0039620567   0.0003749523
        0.0000680917  -0.0005379704  -0.0001057856   0.0001186748   0.0000869477
       -0.0000296967   0.0000950380  -0.0000692073   0.0005663629   0.0001906214
        0.0005868188  -0.0003552241   0.0003783826  -0.0001201523   0.1271835414
        0.2562823045  -0.0282067326   0.0008170853   0.0009708910  -0.0007585315
        0.0002162167  -0.0001135886   0.0001083910   0.0001261347  -0.0000377796
       -0.0005324100
        0.0003883111  -0.0001059911   0.0001066459   0.0009152115  -0.0000401760
       -0.0012569130   0.0038766932   0.0069866616  -0.0005666478   0.0102666624
        0.0222549870  -0.0368081608  -0.0030593048  -0.0046568804   0.0010155080
       -0.0029206896   0.0016697683   0.0084819727  -0.0002786705  -0.0002112293
       -0.0005020949  -0.0016997206   0.0044840073   0.0062216633   0.0001646301
       -0.0001809087   0.0000389218   0.0000189496   0.0000099135  -0.0000578894
        0.0000355450   0.0000465197  -0.0001287070  -0.0004260626  -0.0001027046
       -0.0002655504  -0.0000474459  -0.0001349435  -0.0000475791  -0.0080250706
       -0.0282067326   0.0283863080   0.0005755229  -0.0010435837  -0.0026176772
       -0.0002384290  -0.0002292203   0.0001817865   0.0004538676  -0.0005394872
       -0.0021815864
       -0.0000685061   0.0000269153  -0.0000364553  -0.0006931210   0.0014423432
       -0.0004336779  -0.0056280548  -0.0018833722  -0.0026612536  -0.0168540998
        0.0251137190  -0.0100560166  -0.1026589427   0.1002705732  -0.0375143006
        0.0070750067  -0.0105386564   0.0033661847  -0.0000382958  -0.0034505597
       -0.0010950513  -0.0002350399  -0.0000946436   0.0009864151   0.0000349869
        0.0000341490  -0.0000546886   0.0000326024  -0.0000450840  -0.0000366690
       -0.0000225937  -0.0000114259   0.0000256273   0.0001486553   0.0000537467
        0.0000753744  -0.0004300013   0.0000506578  -0.0000414436   0.0007343996
        0.0008170853   0.0005755229   0.1174837581  -0.1105563706   0.0456808884
        0.0008655591  -0.0005877931   0.0008927535   0.0002536870  -0.0006412838
        0.0003267901
        0.0000256015  -0.0000224855   0.0000483100  -0.0000343894  -0.0001869124
       -0.0000890653  -0.0004296283   0.0025655218   0.0015724848   0.0027054013
       -0.0008860616   0.0014659310   0.1001993202  -0.2160354635   0.0633133431
        0.0121095097  -0.0254202924   0.0092141580  -0.0047737994  -0.0037033853
        0.0020762843  -0.0001670860   0.0001750877  -0.0012376604   0.0000149977
        0.0000186933  -0.0000196651  -0.0000305131   0.0000008736   0.0000147541
        0.0000380929   0.0000044095  -0.0000193340   0.0000012325   0.0000334389
        0.0000060420   0.0000222974  -0.0000015932  -0.0000388319  -0.0005337749
        0.0009708910  -0.0010435837  -0.1105563706   0.2431035111  -0.0749278351
        0.0006935840   0.0007601509  -0.0006930511   0.0007155244  -0.0013763840
        0.0003577192
        0.0001230705  -0.0000423234   0.0000088743  -0.0000082424   0.0003187321
       -0.0006150943  -0.0032021048   0.0013195390   0.0088047580  -0.0047672375
        0.0060988661   0.0004992969  -0.0375105979   0.0632229698  -0.0593869851
       -0.0019821119   0.0046126768   0.0013737575  -0.0007539581   0.0023361904
        0.0084671997   0.0009546865  -0.0012449829  -0.0044187874   0.0000157726
        0.0000058671   0.0000092840   0.0000020163  -0.0000058781  -0.0000002479
        0.0000146758  -0.0000188557  -0.0000223473  -0.0000041398   0.0000104826
       -0.0000042330  -0.0000654092  -0.0000264859  -0.0001165637   0.0009193425
       -0.0007585315  -0.0026176772   0.0456808884  -0.0749278351   0.0509678491
        0.0005839069  -0.0009544498  -0.0023871004  -0.0000005580   0.0000540185
       -0.0005619832
       -0.0000686807  -0.0000104109  -0.0000247284   0.0000490267   0.0000903530
        0.0004247090   0.0012802760   0.0005112668   0.0002179622   0.0000867325
       -0.0038877584  -0.0008964383  -0.0172380121  -0.0029638175  -0.0029476635
       -0.2920277173  -0.0175427532  -0.0494884807  -0.0167312328  -0.0009738404
       -0.0031310001  -0.0030356548   0.0034824688  -0.0031526478   0.0000341563
       -0.0000018531  -0.0000261118   0.0000329218  -0.0000089989  -0.0000311655
       -0.0000632793  -0.0000024926   0.0000152447   0.0000907719  -0.0000094748
        0.0000561804   0.0000799692   0.0000025332   0.0000501414  -0.0007093414
        0.0002162167  -0.0002384290   0.0008655591   0.0006935840   0.0005839069
        0.3268533934   0.0208665241   0.0579926617   0.0005011114  -0.0004615467
        0.0005958587
        0.0001017281   0.0000182568   0.0000037485   0.0001867174  -0.0000190263
       -0.0004572570  -0.0003766674  -0.0008204085   0.0000749763  -0.0031731776
       -0.0038871362   0.0023726265  -0.0258652549  -0.0026203377  -0.0046349136
       -0.0168303024  -0.0437941392  -0.0009841161   0.0210322481   0.0022352169
        0.0037027420   0.0052728188  -0.0036598564   0.0039179204   0.0000283579
       -0.0000010917  -0.0000299602  -0.0000167848   0.0000193930   0.0000395986
        0.0000202985   0.0000028378  -0.0000288394   0.0000023240   0.0000033484
        0.0000146776  -0.0000906523   0.0000603258  -0.0000557599  -0.0014140262
       -0.0001135886  -0.0002292203  -0.0005877931   0.0007601509  -0.0009544498
        0.0208665241   0.0512055639  -0.0023385644   0.0008436421   0.0006104912
       -0.0004132092
        0.0004376732   0.0000063428   0.0000263411   0.0004335547  -0.0005039448
       -0.0018918415   0.0002449698   0.0002304496  -0.0001661719  -0.0010143272
        0.0021794450   0.0081197586   0.0024641879   0.0000448216   0.0008852499
       -0.0496249731  -0.0011247682  -0.0433179836  -0.0084824133  -0.0008271928
       -0.0020509293  -0.0035601614   0.0036557258   0.0064596067   0.0000034295
       -0.0000102682   0.0000175779   0.0000105749   0.0000139591   0.0000120304
        0.0000648032   0.0000000480  -0.0001003193  -0.0002248090  -0.0001099280
       -0.0000358794  -0.0000565120   0.0000508248  -0.0000315061   0.0001305970
        0.0001083910   0.0001817865   0.0008927535  -0.0006930511  -0.0023871004
        0.0579926617  -0.0023385644   0.0359044735   0.0002879906  -0.0006822903
       -0.0016250930
       -0.0000954293  -0.0000262065  -0.0000484748  -0.0008843529  -0.0015819482
        0.0000842196  -0.0067792451  -0.0020067143  -0.0029446432  -0.0000445675
        0.0005532068  -0.0001682001  -0.0005076331   0.0023878886  -0.0023588598
        0.0056306560   0.0107724662  -0.0020459408  -0.0833540313  -0.0917630753
        0.0122230267  -0.0234467681  -0.0296251555   0.0032315731   0.0000340698
        0.0000197968  -0.0000302889   0.0000468010  -0.0000360131  -0.0000357333
       -0.0000417126   0.0000080752   0.0000181408  -0.0004032337  -0.0000578671
       -0.0000496100   0.0001649495  -0.0000779248   0.0000858339  -0.0000809311
        0.0001261347   0.0004538676   0.0002536870   0.0007155244  -0.0000005580
        0.0005011114   0.0008436421   0.0002879906   0.1090066299   0.1097481699
       -0.0087023433
       -0.0000308356  -0.0000243252  -0.0000365284   0.0001074640  -0.0002546311
        0.0001614062  -0.0011415170   0.0008513870   0.0020374314   0.0005731330
        0.0010576433  -0.0000986099   0.0030279411  -0.0033968098   0.0033744642
       -0.0097913891  -0.0256844651   0.0048744086  -0.0916141741  -0.2414825080
        0.0304428679  -0.0099394863  -0.0020694108  -0.0027241032   0.0000334384
        0.0000070495  -0.0000163347  -0.0000077291   0.0000110661   0.0000212726
       -0.0000389835   0.0000146962   0.0000100101   0.0000106287   0.0000051641
        0.0000203804   0.0000094812   0.0000248846  -0.0000232762   0.0001566889
       -0.0000377796  -0.0005394872  -0.0006412838  -0.0013763840   0.0000540185
       -0.0004615467   0.0006104912  -0.0006822903   0.1097481699   0.2717439317
       -0.0368756299
       -0.0001493460   0.0000146979   0.0000100743  -0.0001967368  -0.0002385476
        0.0003763374  -0.0033465675   0.0017814527   0.0089868244  -0.0002271109
       -0.0000965867   0.0001054844  -0.0025026109   0.0032552154   0.0067550475
        0.0029311484   0.0090786087   0.0014136230   0.0121693934   0.0304767895
       -0.0408129029  -0.0014789361  -0.0067998250  -0.0034133002  -0.0000056033
       -0.0000011468   0.0000009155  -0.0000113269   0.0000058199   0.0000052665
       -0.0000235111   0.0000248714   0.0000324430   0.0000756096   0.0000000952
       -0.0000104156   0.0000954488  -0.0000379147  -0.0000082992   0.0004498438
       -0.0005324100  -0.0021815864   0.0003267901   0.0003577192  -0.0005619832
        0.0005958587  -0.0004132092  -0.0016250930  -0.0087023433  -0.0368756299
        0.0309275647
