$hessian                                                                        
        0.5083628187  -0.0268569995  -0.0050729040  -0.0908941143  -0.0542946207
       -0.0103677603  -0.0187217116  -0.0258361167  -0.0046626092   0.0001558514
       -0.0001624370  -0.0000649962   0.0005095728  -0.0007695004  -0.0001365343
       -0.0000556143  -0.0003007390  -0.0000512276  -0.0009643531  -0.0012461177
       -0.0001647997  -0.0056830863   0.0009123702   0.0003255049   0.0004413898
        0.0002374326   0.0000292733  -0.0572343702   0.0208196151   0.0515762645
       -0.2782176235   0.0346040650   0.0118366518  -0.0613362275   0.0442400378
       -0.0448441680   0.0026301921   0.0040610797   0.0002789295   0.0031168568
        0.0051194616   0.0013730951  -0.0017030477  -0.0005014808  -0.0000529522
        0.0000640570   0.0000029899  -0.0000038475  -0.0000527283  -0.0000592920
       -0.0000151011  -0.0004674118  -0.0000886946  -0.0000033221   0.0000495501
        0.0001189465   0.0000205030
       -0.0268569995   0.4783551454  -0.0089970804  -0.0524473894  -0.1746804980
       -0.0201834432  -0.0058112950   0.0002917897   0.0001284881   0.0010742971
       -0.0000463920   0.0001537035  -0.0001068101   0.0001027676  -0.0000045335
        0.0000414722   0.0001143373   0.0000066244   0.0000617729  -0.0001103387
       -0.0000721590   0.0009292804  -0.0002570817  -0.0002825124  -0.0003023876
        0.0003418900   0.0000419689   0.0204664264  -0.0713840996  -0.0737097592
        0.0344564059  -0.0465042370  -0.0009548104   0.0438645702  -0.1478919558
        0.1107015112  -0.0061915877  -0.0142034038  -0.0056823170  -0.0098218051
       -0.0244646228  -0.0011309451   0.0007416021   0.0002368773  -0.0000730043
        0.0000098847  -0.0000143845  -0.0000076558   0.0000279827   0.0000460726
        0.0000190713   0.0000038886   0.0000788170   0.0000393368  -0.0001393089
       -0.0000106831   0.0000075162
       -0.0050729040  -0.0089970804   0.5243717347  -0.0099754018  -0.0201470172
       -0.0711184135  -0.0006045568   0.0006917201   0.0005815922   0.0001700358
        0.0001710391  -0.0007628906  -0.0000213053  -0.0000094476   0.0001605843
        0.0000315991   0.0000247091   0.0000715853   0.0000428377  -0.0000127052
        0.0002302382   0.0003463480  -0.0002369159   0.0008576272  -0.0000387236
        0.0000115660   0.0001534229   0.0515280891  -0.0736975227  -0.2426712698
        0.0118171820  -0.0009494121  -0.0459525365  -0.0449173823   0.1106324343
       -0.1620120091  -0.0111224518  -0.0260727061  -0.0069709779   0.0076476278
        0.0185578677   0.0028153746   0.0001678925  -0.0000285699   0.0004237571
        0.0000026382  -0.0000004207  -0.0000005104   0.0000024537   0.0000197802
       -0.0000536722   0.0000178633   0.0000346017  -0.0000935675  -0.0000218415
        0.0000080796  -0.0000300691
       -0.0908941143  -0.0524473894  -0.0099754018   0.4691565812   0.0038616181
        0.0017216557  -0.2039401223   0.0056656793   0.0053695052  -0.0204927631
        0.0075482331   0.0020080100   0.0000028493   0.0015881355   0.0005205717
       -0.0013626258   0.0012143981   0.0002618911   0.0022279276  -0.0028058822
       -0.0004275198  -0.0281824585  -0.0098338209  -0.0009543198   0.0017557615
        0.0012558668   0.0000740231   0.0032569935   0.0042662715  -0.0003892185
       -0.0181921564  -0.0280267118  -0.0051877005   0.0038247262   0.0049440070
        0.0019759774  -0.0550654978   0.0189725476   0.0529459526  -0.0611464577
        0.0446795590  -0.0477259442   0.0003017875  -0.0012568785  -0.0003239619
       -0.0005668438  -0.0001321524  -0.0000089298   0.0002099870   0.0000017983
       -0.0000481621  -0.0006836263   0.0000457205   0.0000274126  -0.0002099476
        0.0004590004   0.0001361589
       -0.0542946207  -0.1746804980  -0.0201470172   0.0038616181   0.4973795987
       -0.0013601701   0.0025111608  -0.0656630722  -0.0010456479   0.0235838350
       -0.0005236476  -0.0010763481   0.0016613990  -0.0033324260  -0.0021185878
        0.0004681119  -0.0006866988  -0.0001084882  -0.0031479462  -0.0035696746
       -0.0016818271  -0.0236695501  -0.0027045295   0.0000917670  -0.0032160116
        0.0006162222   0.0007675854  -0.0053711861  -0.0139159816  -0.0063022489
       -0.0019292896  -0.0001547058  -0.0000414301  -0.0095053700  -0.0244666114
       -0.0005776111   0.0213344844  -0.0676742031  -0.0692891050   0.0480909109
       -0.1406176296   0.1022254427   0.0000514322   0.0002612316   0.0005191288
        0.0012323846  -0.0001372671  -0.0000672843  -0.0000451922   0.0000035981
        0.0002934354  -0.0015206816  -0.0003278865   0.0000095770  -0.0000954887
        0.0001941811  -0.0000911707
       -0.0103677603  -0.0201834432  -0.0711184135   0.0017216557  -0.0013601701
        0.4998998771   0.0045200304  -0.0011702124  -0.0603916781   0.0049247422
       -0.0005500590   0.0009559103   0.0005373200  -0.0020737114   0.0074026335
        0.0001497984  -0.0001708735  -0.0002144530  -0.0005428572  -0.0016915678
        0.0058680245  -0.0034138755  -0.0004173603   0.0009677423  -0.0007982399
        0.0006781762  -0.0027911252  -0.0124393798  -0.0262414129  -0.0068391353
        0.0000299793   0.0005077086   0.0005245736   0.0092854831   0.0188293562
        0.0031453138   0.0563296989  -0.0695743113  -0.2261547110  -0.0497630058
        0.1027296528  -0.1476721097  -0.0000788953   0.0005476555  -0.0024746406
        0.0002422604  -0.0000341071   0.0000591674  -0.0000631950   0.0002899871
       -0.0015229795  -0.0002720248  -0.0000269704  -0.0001889580  -0.0000017348
       -0.0000883370   0.0005449613
       -0.0187217116  -0.0058112950  -0.0006045568  -0.2039401223   0.0025111608
        0.0045200304   0.6191234633  -0.0342907184  -0.0202475277  -0.1619913826
        0.1401729882   0.0291832839  -0.0368164265   0.0244807844   0.0055696057
        0.0052190022   0.0005511309  -0.0001621272  -0.0312735900  -0.0231686285
       -0.0033686887  -0.1350237383  -0.1281150856  -0.0212281317   0.0052087272
        0.0188231709   0.0034268605   0.0008155771   0.0006058815   0.0005537705
       -0.0011772367  -0.0023592826  -0.0004067966   0.0007855409   0.0007198063
       -0.0003103943  -0.0182860029   0.0060207241   0.0061309036  -0.0197950253
        0.0080076317  -0.0021428190   0.0077151129  -0.0106615331  -0.0021684513
       -0.0058654196  -0.0000114469   0.0003809938   0.0008666124   0.0001953753
        0.0000134951  -0.0057748151  -0.0004880975   0.0002819192  -0.0010685651
        0.0028174336   0.0005786305
       -0.0258361167   0.0002917897   0.0006917201   0.0056656793  -0.0656630722
       -0.0011702124  -0.0342907184   0.6409616823   0.0927368806   0.0681122413
       -0.2568888677  -0.0410522901   0.0798862245   0.0283953111   0.0029186816
       -0.0000280633  -0.0621065631  -0.0107130956  -0.0741792994   0.0221325559
        0.0064029571  -0.0550148901  -0.2226443916  -0.0293378430  -0.0062069563
       -0.0496461833  -0.0095852479   0.0001430246   0.0006423577   0.0001982969
       -0.0033535148  -0.0045938642  -0.0009469277   0.0000041085   0.0006517398
        0.0000050539   0.0108975387  -0.0006254336  -0.0014014614   0.0206785237
       -0.0024599179  -0.0000112267   0.0114156219  -0.0263859509  -0.0052790073
       -0.0004662927   0.0012946176  -0.0010510643  -0.0000781756  -0.0006270053
       -0.0001406948   0.0004844432   0.0014356041  -0.0010788672   0.0021666217
       -0.0041644085  -0.0011856519
       -0.0046626092   0.0001284881   0.0005815922   0.0053695052  -0.0010456479
       -0.0603916781  -0.0202475277   0.0927368806   0.1602344136   0.0159793574
       -0.0431455561  -0.0527896049   0.0157198798   0.0044997386   0.0002524132
       -0.0002706265  -0.0107128853  -0.0058149252  -0.0127227831   0.0049257392
        0.0003751571  -0.0078809672  -0.0272177245  -0.0591376451  -0.0011524358
       -0.0103272202   0.0013594407  -0.0004249006   0.0000787176   0.0001901946
       -0.0006394226  -0.0009922791   0.0004098025   0.0003840489   0.0000908274
        0.0001411741   0.0277408811  -0.0038052025  -0.0020826364  -0.0203059071
        0.0028835170   0.0012803445   0.0018866597  -0.0046268985  -0.0004367785
        0.0002984802  -0.0010682120   0.0069095505  -0.0000365718  -0.0001416120
        0.0000971500   0.0004762997  -0.0010594661   0.0070781589   0.0004886396
       -0.0012012045   0.0017438762
        0.0001558514   0.0010742971   0.0001700358  -0.0204927631   0.0235838350
        0.0049247422  -0.1619913826   0.0681122413   0.0159793574   0.6600162877
        0.0089168213  -0.0142521912  -0.3270610695   0.0311720373   0.0139106245
       -0.0346440384  -0.0848894613  -0.0145483540  -0.0478582228   0.0290652454
        0.0066478084   0.0576585284   0.0338350974   0.0045047870  -0.0011713936
       -0.0058396651  -0.0009422463  -0.0003796402   0.0001417112   0.0001354048
        0.0002030961   0.0004941003   0.0001157649  -0.0004102782   0.0001117992
       -0.0000567386  -0.0029095038   0.0002839235  -0.0000202151  -0.0031356875
        0.0002452302   0.0002520716  -0.0982188723  -0.1051446986  -0.0174426656
       -0.0185700431   0.0020422927   0.0009100266  -0.0006482934  -0.0027819783
       -0.0002623455  -0.0003148092   0.0005040667   0.0001019728  -0.0002277659
       -0.0009268954  -0.0001278397
       -0.0001624370  -0.0000463920   0.0001710391   0.0075482331  -0.0005236476
       -0.0005500590   0.1401729882  -0.2568888677  -0.0431455561   0.0089168213
        0.6513989029   0.0983588565  -0.0459489530  -0.0922174659  -0.0070614467
       -0.0260761809   0.0220678218   0.0045500466   0.0241315280  -0.0113025777
       -0.0020936400  -0.0195735659  -0.0621677465  -0.0104408909  -0.0042609664
       -0.0014729825  -0.0011269194  -0.0003685656   0.0001131900  -0.0006154233
       -0.0001283723  -0.0005461407  -0.0001614881  -0.0004256114  -0.0000083956
        0.0005820708  -0.0012273881   0.0004969009   0.0004622836  -0.0008375468
        0.0005311256  -0.0000656988  -0.1054252888  -0.2430488599  -0.0354134982
        0.0254849495  -0.0013109852  -0.0009928934  -0.0033466605  -0.0039859230
       -0.0020433474   0.0007455399   0.0006003488   0.0001157790   0.0007814766
       -0.0016883056  -0.0005292144
       -0.0000649962   0.0001537035  -0.0007628906   0.0020080100  -0.0010763481
        0.0009559103   0.0291832839  -0.0410522901  -0.0527896049  -0.0142521912
        0.0983588565   0.1331266657  -0.0002514734  -0.0092991965  -0.0481318569
       -0.0037456120   0.0062562003   0.0027778680   0.0057313030  -0.0022379471
       -0.0044091753  -0.0053169772  -0.0119959061  -0.0042986455  -0.0006137917
       -0.0011039140   0.0052885063  -0.0002078733   0.0002020976   0.0001530446
       -0.0000254799  -0.0001589381   0.0002308372   0.0001011756  -0.0002775466
        0.0002635168   0.0009008805   0.0000011157  -0.0003073120  -0.0011312915
        0.0003442254  -0.0002776906  -0.0174928617  -0.0353954282  -0.0397305934
        0.0052244359  -0.0003089215  -0.0001841723  -0.0003658819  -0.0020641835
        0.0073344134   0.0001370288   0.0001354139  -0.0001905791   0.0001823123
       -0.0004809931   0.0009517583
        0.0005095728  -0.0001068101  -0.0000213053   0.0000028493   0.0016613990
        0.0005373200  -0.0368164265   0.0798862245   0.0157198798  -0.3270610695
       -0.0459489530  -0.0002514734   0.6537197421  -0.0024018399  -0.0162487704
       -0.1507865062  -0.0644963971  -0.0087835213   0.0567486318  -0.0251094544
       -0.0062319397  -0.0456279006  -0.0324167124  -0.0048008994  -0.0010488189
        0.0027853296   0.0005609692  -0.0001948960  -0.0001219317  -0.0000193968
        0.0001823452   0.0000331453  -0.0000114309  -0.0001937511  -0.0000902914
       -0.0000214444  -0.0009759506   0.0003521105  -0.0000804847  -0.0008617553
        0.0002986699   0.0002877013  -0.0170693610  -0.0031616027  -0.0000538263
       -0.1125140435   0.1112755403   0.0227940295  -0.0177533059  -0.0261283801
       -0.0042783264  -0.0007146477   0.0037381558   0.0009340303   0.0004552914
       -0.0000482022  -0.0000311111
       -0.0007695004   0.0001027676  -0.0000094476   0.0015881355  -0.0033324260
       -0.0020737114   0.0244807844   0.0283953111   0.0044997386   0.0311720373
       -0.0922174659  -0.0092991965  -0.0024018399   0.6597495084   0.1005575141
       -0.1412713015  -0.2772969347  -0.0382440564   0.0322359194  -0.0666444318
       -0.0134866777  -0.0322270893  -0.0158829801  -0.0009589921   0.0009743200
        0.0000021182  -0.0000060991   0.0000195625  -0.0000617154   0.0002340420
       -0.0001964890   0.0001378877   0.0000318140   0.0000684787  -0.0000006024
       -0.0002316229   0.0005963654  -0.0002021015   0.0000622859   0.0000334623
       -0.0000446050  -0.0001557335  -0.0266745651  -0.0032238585   0.0000544531
        0.1114270975  -0.2248369414  -0.0385920798  -0.0023568648  -0.0016623190
       -0.0003211540   0.0030111160  -0.0034797688  -0.0021229629   0.0002903712
        0.0004985573   0.0000618861
       -0.0001365343  -0.0000045335   0.0001605843   0.0005205717  -0.0021185878
        0.0074026335   0.0055696057   0.0029186816   0.0002524132   0.0139106245
       -0.0070614467  -0.0481318569  -0.0162487704   0.1005575141   0.1315990044
       -0.0228827266  -0.0404972003  -0.0532634762   0.0043096579  -0.0118087797
       -0.0006631343  -0.0047603286  -0.0009545335  -0.0055112984   0.0002136840
       -0.0000569050  -0.0002381464   0.0001559649  -0.0000150130  -0.0000093058
       -0.0000415001   0.0000244887   0.0000287815  -0.0001305493   0.0000246726
       -0.0000806944  -0.0015675335   0.0002157521   0.0002326510   0.0017161822
       -0.0003177900  -0.0000248471  -0.0043804668  -0.0006419162   0.0007643252
        0.0228077811  -0.0385793731  -0.0402940972   0.0001033880   0.0003834332
        0.0005033896   0.0008005346  -0.0021485647   0.0071938398   0.0000404149
        0.0000801011   0.0000792340
       -0.0000556143   0.0000414722   0.0000315991  -0.0013626258   0.0004681119
        0.0001497984   0.0052190022  -0.0000280633  -0.0002706265  -0.0346440384
       -0.0260761809  -0.0037456120  -0.1507865062  -0.1412713015  -0.0228827266
        0.6782634524   0.0079474148  -0.0151430915  -0.1609942158   0.1434852380
        0.0298172796  -0.0363352588   0.0234761605   0.0053049015  -0.0063304725
        0.0006381298   0.0005288978   0.0000553828   0.0000021138   0.0001442093
        0.0001027189   0.0001048670   0.0000070947   0.0000490836   0.0000925909
       -0.0001371374  -0.0000144745  -0.0001515717  -0.0001651056   0.0000004205
       -0.0002235530   0.0000753836  -0.0059599858  -0.0006283201   0.0002619389
        0.0065532395   0.0133068479   0.0022495031  -0.3005661592  -0.0095288198
        0.0061186207   0.0070514072  -0.0116061580  -0.0023568113  -0.0002453556
       -0.0000489785   0.0000118843
       -0.0003007390   0.0001143373   0.0000247091   0.0012143981  -0.0006866988
       -0.0001708735   0.0005511309  -0.0621065631  -0.0107128853  -0.0848894613
        0.0220678218   0.0062562003  -0.0644963971  -0.2772969347  -0.0404972003
        0.0079474148   0.6414952673   0.0966648014   0.0683719478  -0.2597445852
       -0.0417445010   0.0806834298   0.0318170600   0.0039025308  -0.0017011796
       -0.0006977874  -0.0013595858   0.0000915812   0.0000813010   0.0002002274
       -0.0000559463   0.0000409900   0.0000099888   0.0000857232   0.0001655906
       -0.0001461928   0.0004886921   0.0000614939   0.0000360040   0.0004751640
        0.0000825547  -0.0000396766  -0.0001820689   0.0012667979  -0.0011084331
       -0.0107384289  -0.0258766110  -0.0044125072  -0.0093382483  -0.0443646106
       -0.0017074360   0.0123034863  -0.0259013093  -0.0050735999  -0.0005104988
       -0.0005181144  -0.0001215704
       -0.0000512276   0.0000066244   0.0000715853   0.0002618911  -0.0001084882
       -0.0002144530  -0.0001621272  -0.0107130956  -0.0058149252  -0.0145483540
        0.0045500466   0.0027778680  -0.0087835213  -0.0382440564  -0.0532634762
       -0.0151430915   0.0966648014   0.1323787707   0.0160154691  -0.0439334655
       -0.0522001769   0.0158386860   0.0055895729  -0.0018265423   0.0000697507
       -0.0014482580   0.0068231872   0.0000336450   0.0000229998   0.0000233358
       -0.0000153930   0.0000072505  -0.0000185457  -0.0000042764   0.0000237400
       -0.0000308421   0.0000943203   0.0000159861   0.0000161998   0.0000818627
        0.0000214915  -0.0000084549   0.0003566961  -0.0011122666   0.0071964744
       -0.0021667231  -0.0051150216  -0.0010439817   0.0061481811  -0.0017087736
       -0.0340255492   0.0020473450  -0.0043791790  -0.0010922743  -0.0000731331
       -0.0001399087   0.0002518005
       -0.0009643531   0.0000617729   0.0000428377   0.0022279276  -0.0031479462
       -0.0005428572  -0.0312735900  -0.0741792994  -0.0127227831  -0.0478582228
        0.0241315280   0.0057313030   0.0567486318   0.0322359194   0.0043096579
       -0.1609942158   0.0683719478   0.0160154691   0.6569130034  -0.0046670504
       -0.0170130644  -0.3201780315   0.0249093516   0.0125982879  -0.0348171979
        0.0123286381   0.0034433840   0.0000575404   0.0001070072   0.0002269588
       -0.0000298957  -0.0000625316  -0.0000006149   0.0000420468   0.0001426221
       -0.0001679208   0.0005061800   0.0004312714  -0.0000797623   0.0005823370
        0.0003789023   0.0002240715  -0.0002463856   0.0005869379   0.0001134879
       -0.0004140740  -0.0031914254  -0.0003594657  -0.0197973839   0.0253241256
        0.0052515600  -0.1023928957  -0.1026486366  -0.0167764535   0.0018885790
       -0.0011131347  -0.0002940960
       -0.0012461177  -0.0001103387  -0.0000127052  -0.0028058822  -0.0035696746
       -0.0016915678  -0.0231686285   0.0221325559   0.0049257392   0.0290652454
       -0.0113025777  -0.0022379471  -0.0251094544  -0.0666444318  -0.0118087797
        0.1434852380  -0.2597445852  -0.0439334655  -0.0046670504   0.6539956880
        0.1005462041  -0.0589037901  -0.0906511906  -0.0060840683   0.0437984630
       -0.0131363950  -0.0046996720  -0.0000240155   0.0000321518   0.0000410318
       -0.0001278435  -0.0003357506  -0.0000623726  -0.0000045204   0.0000862437
       -0.0000306208   0.0003318069  -0.0002371585  -0.0002301472  -0.0000191640
       -0.0002943688   0.0000743062   0.0007140520   0.0006402866   0.0000936497
       -0.0026591354  -0.0039545910  -0.0020243054   0.0014354418  -0.0003148774
       -0.0001591594  -0.1033490208  -0.2288160758  -0.0332530852   0.0032543758
        0.0022250897   0.0005469654
       -0.0001647997  -0.0000721590   0.0002302382  -0.0004275198  -0.0016818271
        0.0058680245  -0.0033686887   0.0064029571   0.0003751571   0.0066478084
       -0.0020936400  -0.0044091753  -0.0062319397  -0.0134866777  -0.0006631343
        0.0298172796  -0.0417445010  -0.0522001769  -0.0170130644   0.1005462041
        0.1267840927  -0.0027944019  -0.0085400949  -0.0495645035   0.0092427329
       -0.0037978123   0.0044449961   0.0000503663   0.0000653011   0.0000292675
       -0.0000153978  -0.0000428838  -0.0000503453  -0.0000557538  -0.0000574885
        0.0000055603  -0.0010185786   0.0000087775   0.0000987693   0.0010092172
       -0.0001591147   0.0000478790   0.0001345497   0.0001167671  -0.0000673606
       -0.0002578347  -0.0020124386   0.0071603733   0.0008540625  -0.0008600172
        0.0001363349  -0.0169083992  -0.0332580012  -0.0370725515   0.0005003615
        0.0006666491  -0.0011534455
       -0.0056830863   0.0009292804   0.0003463480  -0.0281824585  -0.0236695501
       -0.0034138755  -0.1350237383  -0.0550148901  -0.0078809672   0.0576585284
       -0.0195735659  -0.0053169772  -0.0456279006  -0.0322270893  -0.0047603286
       -0.0363352588   0.0806834298   0.0158386860  -0.3201780315  -0.0589037901
       -0.0027944019   0.6735851403   0.0124239393  -0.0137370676  -0.1527694565
        0.1114671470   0.0239772642   0.0001387038   0.0003377912   0.0000586687
       -0.0011176314  -0.0015082912  -0.0002695618   0.0001275142   0.0003138335
        0.0000525316  -0.0019039989  -0.0018337427   0.0009241412  -0.0019578967
       -0.0014306007  -0.0014048115  -0.0011725506   0.0032607506   0.0009153139
       -0.0003488374  -0.0006848137  -0.0001044749   0.0001624653   0.0019867096
        0.0005939265  -0.0175857587  -0.0028240514   0.0000205732   0.0162142522
       -0.0137324962  -0.0030449872
        0.0009123702  -0.0002570817  -0.0002369159  -0.0098338209  -0.0027045295
       -0.0004173603  -0.1281150856  -0.2226443916  -0.0272177245   0.0338350974
       -0.0621677465  -0.0119959061  -0.0324167124  -0.0158829801  -0.0009545335
        0.0234761605   0.0318170600   0.0055895729   0.0249093516  -0.0906511906
       -0.0085400949   0.0124239393   0.6137753905   0.0890875972   0.0800572899
       -0.2018509880  -0.0329380793  -0.0003899102  -0.0004549258  -0.0003790937
        0.0006307836   0.0000434054  -0.0000236465  -0.0003444893  -0.0005651847
        0.0002332766   0.0022417595   0.0002191642  -0.0020298588   0.0025867582
       -0.0002810681   0.0016502723   0.0022701770  -0.0029893601  -0.0022186667
       -0.0006485382   0.0003564532  -0.0000164884   0.0029115706  -0.0033375019
       -0.0021775821  -0.0270202598  -0.0069547928  -0.0006694058   0.0125135586
       -0.0354697320  -0.0067453625
        0.0003255049  -0.0002825124   0.0008576272  -0.0009543198   0.0000917670
        0.0009677423  -0.0212281317  -0.0293378430  -0.0591376451   0.0045047870
       -0.0104408909  -0.0042986455  -0.0048008994  -0.0009589921  -0.0055112984
        0.0053049015   0.0039025308  -0.0018265423   0.0125982879  -0.0060840683
       -0.0495645035  -0.0137370676   0.0890875972   0.1448000868   0.0182119748
       -0.0338643998  -0.0428194206  -0.0000062885  -0.0000612379  -0.0001580566
        0.0001464459   0.0000343218   0.0000929335  -0.0001466005  -0.0001190464
       -0.0000450271   0.0010442044   0.0002737369   0.0003601009  -0.0000232080
       -0.0005095126   0.0010404202   0.0006983533  -0.0022308091   0.0081804408
       -0.0000883957  -0.0000224088   0.0005503847   0.0007699173  -0.0021333996
        0.0075431066  -0.0044147624  -0.0013845965   0.0009034779   0.0017952965
       -0.0059602363  -0.0019351818
        0.0004413898  -0.0003023876  -0.0000387236   0.0017557615  -0.0032160116
       -0.0007982399   0.0052087272  -0.0062069563  -0.0011524358  -0.0011713936
       -0.0042609664  -0.0006137917  -0.0010488189   0.0009743200   0.0002136840
       -0.0063304725  -0.0017011796   0.0000697507  -0.0348171979   0.0437984630
        0.0092427329  -0.1527694565   0.0800572899   0.0182119748   0.3921882805
        0.0679545276   0.0016277912  -0.0001907363  -0.0001752395  -0.0001760879
        0.0003320266   0.0000699268  -0.0000019933  -0.0001848607  -0.0002236382
        0.0001160560   0.0010878361   0.0003445318  -0.0010076007   0.0011152240
       -0.0000919667   0.0009952260   0.0002435206  -0.0007833289  -0.0001699144
        0.0001584058  -0.0000368016  -0.0000401370  -0.0014722578   0.0018379521
        0.0003736238   0.0025010736   0.0008836698   0.0000323216  -0.2070470514
       -0.1789222044  -0.0268842367
        0.0002374326   0.0003418900   0.0000115660   0.0012558668   0.0006162222
        0.0006781762   0.0188231709  -0.0496461833  -0.0103272202  -0.0058396651
       -0.0014729825  -0.0011039140   0.0027853296   0.0000021182  -0.0000569050
        0.0006381298  -0.0006977874  -0.0014482580   0.0123286381  -0.0131363950
       -0.0037978123   0.1114671470  -0.2018509880  -0.0338643998   0.0679545276
        0.5197902343   0.0884880976   0.0003020819   0.0002041352   0.0002807318
       -0.0003620367   0.0002234628   0.0000627693   0.0002857805   0.0003412014
       -0.0002302794  -0.0015064420  -0.0002227575   0.0017053362  -0.0017328589
        0.0003547775  -0.0016879874   0.0009445097  -0.0012805213  -0.0002107196
       -0.0001399736   0.0002767920   0.0003086160   0.0005174411  -0.0005638621
       -0.0000880134  -0.0027591794   0.0036001662   0.0010634524  -0.2051998998
       -0.2568795227  -0.0397832363
        0.0000292733   0.0000419689   0.0001534229   0.0000740231   0.0007675854
       -0.0027911252   0.0034268605  -0.0095852479   0.0013594407  -0.0009422463
       -0.0011269194   0.0052885063   0.0005609692  -0.0000060991  -0.0002381464
        0.0005288978  -0.0013595858   0.0068231872   0.0034433840  -0.0046996720
        0.0044449961   0.0239772642  -0.0329380793  -0.0428194206   0.0016277912
        0.0884880976   0.0441853894   0.0000555342   0.0001917607   0.0001984721
       -0.0000776358   0.0000387220  -0.0000013210   0.0000677150  -0.0001155744
        0.0000271898  -0.0005218182  -0.0000356796   0.0004109941  -0.0001133851
       -0.0000224039  -0.0003586953   0.0001712400  -0.0001918997  -0.0001377811
       -0.0000740113   0.0003149232  -0.0013267944   0.0001303274  -0.0001496800
       -0.0000885907  -0.0006333833   0.0009567775  -0.0015863045  -0.0317307998
       -0.0405689942  -0.0135434194
       -0.0572343702   0.0204664264   0.0515280891   0.0032569935  -0.0053711861
       -0.0124393798   0.0008155771   0.0001430246  -0.0004249006  -0.0003796402
       -0.0003685656  -0.0002078733  -0.0001948960   0.0000195625   0.0001559649
        0.0000553828   0.0000915812   0.0000336450   0.0000575404  -0.0000240155
        0.0000503663   0.0001387038  -0.0003899102  -0.0000062885  -0.0001907363
        0.0003020819   0.0000555342   0.0652378734  -0.0226749355  -0.0597521616
       -0.0119893989   0.0118813965   0.0314415687   0.0023675783  -0.0023079948
       -0.0086818242  -0.0006285008  -0.0028041757  -0.0010029924   0.0001689899
        0.0005179982   0.0000709753  -0.0015495626   0.0004250953  -0.0007911304
        0.0000216629   0.0000097292  -0.0000064751   0.0000390265   0.0000418288
       -0.0000241089   0.0000199360   0.0000416681  -0.0000033760  -0.0000121595
        0.0000003907   0.0000043673
        0.0208196151  -0.0713840996  -0.0736975227   0.0042662715  -0.0139159816
       -0.0262414129   0.0006058815   0.0006423577   0.0000787176   0.0001417112
        0.0001131900   0.0002020976  -0.0001219317  -0.0000617154  -0.0000150130
        0.0000021138   0.0000813010   0.0000229998   0.0001070072   0.0000321518
        0.0000653011   0.0003377912  -0.0004549258  -0.0000612379  -0.0001752395
        0.0002041352   0.0001917607  -0.0226749355   0.0840516885   0.0881287823
        0.0034021205  -0.0015360738  -0.0062681972  -0.0046794308   0.0065921909
        0.0198333257  -0.0028258923  -0.0054378629  -0.0017908888   0.0003833410
        0.0005554267  -0.0005255440   0.0003745037   0.0004696845   0.0001531844
        0.0000487239   0.0000198647   0.0000028867  -0.0000004995   0.0000101164
       -0.0000025095   0.0000346775   0.0000124494  -0.0000228559  -0.0000458289
        0.0000061024  -0.0000538740
        0.0515762645  -0.0737097592  -0.2426712698  -0.0003892185  -0.0063022489
       -0.0068391353   0.0005537705   0.0001982969   0.0001901946   0.0001354048
       -0.0006154233   0.0001530446  -0.0000193968   0.0002340420  -0.0000093058
        0.0001442093   0.0002002274   0.0000233358   0.0002269588   0.0000410318
        0.0000292675   0.0000586687  -0.0003790937  -0.0001580566  -0.0001760879
        0.0002807318   0.0001984721  -0.0597521616   0.0881287823   0.2786844867
        0.0032932608  -0.0017113411  -0.0042921812   0.0059907932  -0.0058634282
       -0.0267322970  -0.0008205717  -0.0017296289   0.0008086739   0.0001365612
        0.0004114008   0.0006792814  -0.0010670618   0.0006652502  -0.0000251431
        0.0000301558   0.0000356506   0.0000049208   0.0000337449   0.0000564457
        0.0000113849   0.0000223671   0.0000169358  -0.0000086671   0.0000223386
        0.0000421279  -0.0000470064
       -0.2782176235   0.0344564059   0.0118171820  -0.0181921564  -0.0019292896
        0.0000299793  -0.0011772367  -0.0033535148  -0.0006394226   0.0002030961
       -0.0001283723  -0.0000254799   0.0001823452  -0.0001964890  -0.0000415001
        0.0001027189  -0.0000559463  -0.0000153930  -0.0000298957  -0.0001278435
       -0.0000153978  -0.0011176314   0.0006307836   0.0001464459   0.0003320266
       -0.0003620367  -0.0000776358  -0.0119893989   0.0034021205   0.0032932608
        0.3225909806  -0.0374380446  -0.0133094892  -0.0132934107   0.0045871994
       -0.0012617720   0.0003812396   0.0004596946  -0.0001941050   0.0004409708
        0.0003707509   0.0003492328  -0.0000410698  -0.0003030232  -0.0000579314
        0.0000122714   0.0000153947   0.0000040909  -0.0000628252  -0.0000206553
       -0.0000030523  -0.0000811213  -0.0000816286  -0.0000139641  -0.0000432794
        0.0000744944   0.0000149515
        0.0346040650  -0.0465042370  -0.0009494121  -0.0280267118  -0.0001547058
        0.0005077086  -0.0023592826  -0.0045938642  -0.0009922791   0.0004941003
       -0.0005461407  -0.0001589381   0.0000331453   0.0001378877   0.0000244887
        0.0001048670   0.0000409900   0.0000072505  -0.0000625316  -0.0003357506
       -0.0000428838  -0.0015082912   0.0000434054   0.0000343218   0.0000699268
        0.0002234628   0.0000387220   0.0118813965  -0.0015360738  -0.0017113411
       -0.0374380446   0.0560287869   0.0023076520   0.0229966823  -0.0045433270
        0.0005733474  -0.0002142778   0.0006758619   0.0002335489  -0.0004823765
        0.0007005865   0.0000166637   0.0000651946   0.0003072020   0.0000982872
       -0.0000100350   0.0000201631   0.0000017038   0.0000193453   0.0000301495
        0.0000042829  -0.0001168919  -0.0000172790   0.0000022663  -0.0000502801
        0.0000228823   0.0000046104
        0.0118366518  -0.0009548104  -0.0459525365  -0.0051877005  -0.0000414301
        0.0005245736  -0.0004067966  -0.0009469277   0.0004098025   0.0001157649
       -0.0001614881   0.0002308372  -0.0000114309   0.0000318140   0.0000287815
        0.0000070947   0.0000099888  -0.0000185457  -0.0000006149  -0.0000623726
       -0.0000503453  -0.0002695618  -0.0000236465   0.0000929335  -0.0000019933
        0.0000627693  -0.0000013210   0.0314415687  -0.0062681972  -0.0042921812
       -0.0133094892   0.0023076520   0.0490007736  -0.0240724332   0.0057052307
       -0.0000187665  -0.0006347633   0.0000001241   0.0001272483   0.0005033629
        0.0002234017   0.0001083341   0.0000165399   0.0001088005  -0.0001975868
       -0.0000016179  -0.0000008984   0.0000146897   0.0000069749   0.0000082942
       -0.0000009355  -0.0000238809   0.0000017475  -0.0000111050  -0.0000076753
       -0.0000000519   0.0000053494
       -0.0613362275   0.0438645702  -0.0449173823   0.0038247262  -0.0095053700
        0.0092854831   0.0007855409   0.0000041085   0.0003840489  -0.0004102782
       -0.0004256114   0.0001011756  -0.0001937511   0.0000684787  -0.0001305493
        0.0000490836   0.0000857232  -0.0000042764   0.0000420468  -0.0000045204
       -0.0000557538   0.0001275142  -0.0003444893  -0.0001466005  -0.0001848607
        0.0002857805   0.0000677150   0.0023675783  -0.0046794308   0.0059907932
       -0.0132934107   0.0229966823  -0.0240724332   0.0700993842  -0.0500363428
        0.0524046509   0.0001873860   0.0004909273   0.0001599065  -0.0005800694
       -0.0029451761  -0.0000670392  -0.0015482037   0.0000716277   0.0009458869
        0.0000204180   0.0000058982   0.0000074283   0.0000393042   0.0000289082
        0.0000352208   0.0000183707   0.0000369058   0.0000179516  -0.0000145518
        0.0000013302  -0.0000062262
        0.0442400378  -0.1478919558   0.1106324343   0.0049440070  -0.0244666114
        0.0188293562   0.0007198063   0.0006517398   0.0000908274   0.0001117992
       -0.0000083956  -0.0002775466  -0.0000902914  -0.0000006024   0.0000246726
        0.0000925909   0.0001655906   0.0000237400   0.0001426221   0.0000862437
       -0.0000574885   0.0003138335  -0.0005651847  -0.0001190464  -0.0002236382
        0.0003412014  -0.0001155744  -0.0023079948   0.0065921909  -0.0058634282
        0.0045871994  -0.0045433270   0.0057052307  -0.0500363428   0.1741070134
       -0.1287977946   0.0004275373   0.0005660698   0.0004698260  -0.0029307123
       -0.0058095917  -0.0008062946  -0.0000693033   0.0007081517   0.0001504707
        0.0000580044   0.0000365068   0.0000067650   0.0000091562   0.0000264115
        0.0000076017   0.0000480068   0.0000072289   0.0000249170  -0.0000363181
       -0.0000026798   0.0000713318
       -0.0448441680   0.1107015112  -0.1620120091   0.0019759774  -0.0005776111
        0.0031453138  -0.0003103943   0.0000050539   0.0001411741  -0.0000567386
        0.0005820708   0.0002635168  -0.0000214444  -0.0002316229  -0.0000806944
       -0.0001371374  -0.0001461928  -0.0000308421  -0.0001679208  -0.0000306208
        0.0000055603   0.0000525316   0.0002332766  -0.0000450271   0.0001160560
       -0.0002302794   0.0000271898  -0.0086818242   0.0198333257  -0.0267322970
       -0.0012617720   0.0005733474  -0.0000187665   0.0524046509  -0.1287977946
        0.1837957620   0.0000550392  -0.0005140057   0.0007279391  -0.0002352805
       -0.0008996387   0.0011507430   0.0012020875  -0.0003839996  -0.0002886343
       -0.0000099601  -0.0000260509  -0.0000077447  -0.0000323925  -0.0000523523
       -0.0000050542  -0.0000074898  -0.0000122176  -0.0000031351  -0.0000398200
       -0.0000261991  -0.0000329946
        0.0026301921  -0.0061915877  -0.0111224518  -0.0550654978   0.0213344844
        0.0563296989  -0.0182860029   0.0108975387   0.0277408811  -0.0029095038
       -0.0012273881   0.0009008805  -0.0009759506   0.0005963654  -0.0015675335
       -0.0000144745   0.0004886921   0.0000943203   0.0005061800   0.0003318069
       -0.0010185786  -0.0019039989   0.0022417595   0.0010442044   0.0010878361
       -0.0015064420  -0.0005218182  -0.0006285008  -0.0028258923  -0.0008205717
        0.0003812396  -0.0002142778  -0.0006347633   0.0001873860   0.0004275373
        0.0000550392   0.0709601713  -0.0221579138  -0.0627067696   0.0038063309
       -0.0020496103  -0.0085923107   0.0000656234  -0.0003281157   0.0003750698
       -0.0002166384   0.0000133606  -0.0000635563   0.0000639682  -0.0000811726
        0.0002782218   0.0001309887  -0.0000095395   0.0000679640   0.0001806515
        0.0002603951   0.0001620736
        0.0040610797  -0.0142034038  -0.0260727061   0.0189725476  -0.0676742031
       -0.0695743113   0.0060207241  -0.0006254336  -0.0038052025   0.0002839235
        0.0004969009   0.0000011157   0.0003521105  -0.0002021015   0.0002157521
       -0.0001515717   0.0000614939   0.0000159861   0.0004312714  -0.0002371585
        0.0000087775  -0.0018337427   0.0002191642   0.0002737369   0.0003445318
       -0.0002227575  -0.0000356796  -0.0028041757  -0.0054378629  -0.0017296289
        0.0004596946   0.0006758619   0.0000001241   0.0004909273   0.0005660698
       -0.0005140057  -0.0221579138   0.0806731766   0.0821326752  -0.0041847101
        0.0059225042   0.0194319867  -0.0001159090   0.0000415680  -0.0001755035
        0.0000062867   0.0000019184   0.0000016030   0.0000003358  -0.0000188656
       -0.0000371418  -0.0000314299  -0.0000152479   0.0000010448  -0.0001439801
       -0.0000216233  -0.0001386227
        0.0002789295  -0.0056823170  -0.0069709779   0.0529459526  -0.0692891050
       -0.2261547110   0.0061309036  -0.0014014614  -0.0020826364  -0.0000202151
        0.0004622836  -0.0003073120  -0.0000804847   0.0000622859   0.0002326510
       -0.0001651056   0.0000360040   0.0000161998  -0.0000797623  -0.0002301472
        0.0000987693   0.0009241412  -0.0020298588   0.0003601009  -0.0010076007
        0.0017053362   0.0004109941  -0.0010029924  -0.0017908888   0.0008086739
       -0.0001941050   0.0002335489   0.0001272483   0.0001599065   0.0004698260
        0.0007279391  -0.0627067696   0.0821326752   0.2617383438   0.0053919062
       -0.0046353934  -0.0286850651  -0.0000605461   0.0002009063  -0.0000654989
       -0.0000247609   0.0000084201   0.0000287455  -0.0000088864   0.0000354203
       -0.0000327609  -0.0000933984   0.0000322334  -0.0000197656  -0.0003871124
       -0.0003197683  -0.0002309380
        0.0031168568  -0.0098218051   0.0076476278  -0.0611464577   0.0480909109
       -0.0497630058  -0.0197950253   0.0206785237  -0.0203059071  -0.0031356875
       -0.0008375468  -0.0011312915  -0.0008617553   0.0000334623   0.0017161822
        0.0000004205   0.0004751640   0.0000818627   0.0005823370  -0.0000191640
        0.0010092172  -0.0019578967   0.0025867582  -0.0000232080   0.0011152240
       -0.0017328589  -0.0001133851   0.0001689899   0.0003833410   0.0001365612
        0.0004409708  -0.0004823765   0.0005033629  -0.0005800694  -0.0029307123
       -0.0002352805   0.0038063309  -0.0041847101   0.0053919062   0.0780386956
       -0.0523869698   0.0558984013   0.0000458694  -0.0001936620  -0.0004569309
       -0.0002240018  -0.0000130218   0.0000788862   0.0000480230   0.0000187048
       -0.0002871781   0.0001356371   0.0000141730  -0.0000724751   0.0002015387
        0.0003217893  -0.0000753456
        0.0051194616  -0.0244646228   0.0185578677   0.0446795590  -0.1406176296
        0.1027296528   0.0080076317  -0.0024599179   0.0028835170   0.0002452302
        0.0005311256   0.0003442254   0.0002986699  -0.0000446050  -0.0003177900
       -0.0002235530   0.0000825547   0.0000214915   0.0003789023  -0.0002943688
       -0.0001591147  -0.0014306007  -0.0002810681  -0.0005095126  -0.0000919667
        0.0003547775  -0.0000224039   0.0005179982   0.0005554267   0.0004114008
        0.0003707509   0.0007005865   0.0002234017  -0.0029451761  -0.0058095917
       -0.0008996387  -0.0020496103   0.0059225042  -0.0046353934  -0.0523869698
        0.1660037570  -0.1190559236  -0.0001306747   0.0000537468   0.0002099437
       -0.0000107056   0.0000120877  -0.0000137344   0.0000026936  -0.0000205734
        0.0000365978  -0.0000694539  -0.0000043068   0.0000124672  -0.0002821865
       -0.0002198826   0.0001829457
        0.0013730951  -0.0011309451   0.0028153746  -0.0477259442   0.1022254427
       -0.1476721097  -0.0021428190  -0.0000112267   0.0012803445   0.0002520716
       -0.0000656988  -0.0002776906   0.0002877013  -0.0001557335  -0.0000248471
        0.0000753836  -0.0000396766  -0.0000084549   0.0002240715   0.0000743062
        0.0000478790  -0.0014048115   0.0016502723   0.0010404202   0.0009952260
       -0.0016879874  -0.0003586953   0.0000709753  -0.0005255440   0.0006792814
        0.0003492328   0.0000166637   0.0001083341  -0.0000670392  -0.0008062946
        0.0011507430  -0.0085923107   0.0194319867  -0.0286850651   0.0558984013
       -0.1190559236   0.1699981852   0.0000061516  -0.0001539730  -0.0000242879
        0.0000344273  -0.0000158571   0.0000164002   0.0000057618  -0.0000339847
       -0.0000132610   0.0000643884  -0.0000264066  -0.0000303395   0.0002960371
        0.0003105803  -0.0000422113
       -0.0017030477   0.0007416021   0.0001678925   0.0003017875   0.0000514322
       -0.0000788953   0.0077151129   0.0114156219   0.0018866597  -0.0982188723
       -0.1054252888  -0.0174928617  -0.0170693610  -0.0266745651  -0.0043804668
       -0.0059599858  -0.0001820689   0.0003566961  -0.0002463856   0.0007140520
        0.0001345497  -0.0011725506   0.0022701770   0.0006983533   0.0002435206
        0.0009445097   0.0001712400  -0.0015495626   0.0003745037  -0.0010670618
       -0.0000410698   0.0000651946   0.0000165399  -0.0015482037  -0.0000693033
        0.0012020875   0.0000656234  -0.0001159090  -0.0000605461   0.0000458694
       -0.0001306747   0.0000061516   0.1193553111   0.1177665509   0.0188783849
        0.0006955124  -0.0007894022  -0.0002360729  -0.0008805091  -0.0013184484
       -0.0002169197   0.0000193904   0.0000692706  -0.0000345383  -0.0000525793
        0.0002927458   0.0000488077
       -0.0005014808   0.0002368773  -0.0000285699  -0.0012568785   0.0002612316
        0.0005476555  -0.0106615331  -0.0263859509  -0.0046268985  -0.1051446986
       -0.2430488599  -0.0353954282  -0.0031616027  -0.0032238585  -0.0006419162
       -0.0006283201   0.0012667979  -0.0011122666   0.0005869379   0.0006402866
        0.0001167671   0.0032607506  -0.0029893601  -0.0022308091  -0.0007833289
       -0.0012805213  -0.0001918997   0.0004250953   0.0004696845   0.0006652502
       -0.0003030232   0.0003072020   0.0001088005   0.0000716277   0.0007081517
       -0.0003839996  -0.0003281157   0.0000415680   0.0002009063  -0.0001936620
        0.0000537468  -0.0001539730   0.1177665509   0.2725388220   0.0422716867
        0.0008508292   0.0009475507   0.0006146237  -0.0000800244  -0.0001770913
       -0.0000347268   0.0000750958   0.0000106719   0.0002958160   0.0000057806
       -0.0003769489  -0.0000210183
       -0.0000529522  -0.0000730043   0.0004237571  -0.0003239619   0.0005191288
       -0.0024746406  -0.0021684513  -0.0052790073  -0.0004367785  -0.0174426656
       -0.0354134982  -0.0397305934  -0.0000538263   0.0000544531   0.0007643252
        0.0002619389  -0.0011084331   0.0071964744   0.0001134879   0.0000936497
       -0.0000673606   0.0009153139  -0.0022186667   0.0081804408  -0.0001699144
       -0.0002107196  -0.0001377811  -0.0007911304   0.0001531844  -0.0000251431
       -0.0000579314   0.0000982872  -0.0001975868   0.0009458869   0.0001504707
       -0.0002886343   0.0003750698  -0.0001755035  -0.0000654989  -0.0004569309
        0.0002099437  -0.0000242879   0.0188783849   0.0422716867   0.0310815476
        0.0000588811   0.0006603693  -0.0023983538   0.0000126359   0.0000011950
        0.0000187711  -0.0000360477   0.0002970509  -0.0015449555  -0.0000077875
       -0.0000305869  -0.0002737017
        0.0000640570   0.0000098847   0.0000026382  -0.0005668438   0.0012323846
        0.0002422604  -0.0058654196  -0.0004662927   0.0002984802  -0.0185700431
        0.0254849495   0.0052244359  -0.1125140435   0.1114270975   0.0228077811
        0.0065532395  -0.0107384289  -0.0021667231  -0.0004140740  -0.0026591354
       -0.0002578347  -0.0003488374  -0.0006485382  -0.0000883957   0.0001584058
       -0.0001399736  -0.0000740113   0.0000216629   0.0000487239   0.0000301558
        0.0000122714  -0.0000100350  -0.0000016179   0.0000204180   0.0000580044
       -0.0000099601  -0.0002166384   0.0000062867  -0.0000247609  -0.0002240018
       -0.0000107056   0.0000344273   0.0006955124   0.0008508292   0.0000588811
        0.1299391186  -0.1230364622  -0.0257099417   0.0009408707  -0.0007637011
       -0.0002404232   0.0002757092  -0.0006528169  -0.0001206690   0.0000386360
        0.0000079290  -0.0000047224
        0.0000029899  -0.0000143845  -0.0000004207  -0.0001321524  -0.0001372671
       -0.0000341071  -0.0000114469   0.0012946176  -0.0010682120   0.0020422927
       -0.0013109852  -0.0003089215   0.1112755403  -0.2248369414  -0.0385793731
        0.0133068479  -0.0258766110  -0.0051150216  -0.0031914254  -0.0039545910
       -0.0020124386  -0.0006848137   0.0003564532  -0.0000224088  -0.0000368016
        0.0002767920   0.0003149232   0.0000097292   0.0000198647   0.0000356506
        0.0000153947   0.0000201631  -0.0000008984   0.0000058982   0.0000365068
       -0.0000260509   0.0000133606   0.0000019184   0.0000084201  -0.0000130218
        0.0000120877  -0.0000158571  -0.0007894022   0.0009475507   0.0006603693
       -0.1230364622   0.2536782477   0.0458468937   0.0005998928   0.0006928215
        0.0005773117   0.0007518567  -0.0013090582  -0.0003167827  -0.0001282771
        0.0001028151   0.0000569237
       -0.0000038475  -0.0000076558  -0.0000005104  -0.0000089298  -0.0000672843
        0.0000591674   0.0003809938  -0.0010510643   0.0069095505   0.0009100266
       -0.0009928934  -0.0001841723   0.0227940295  -0.0385920798  -0.0402940972
        0.0022495031  -0.0044125072  -0.0010439817  -0.0003594657  -0.0020243054
        0.0071603733  -0.0001044749  -0.0000164884   0.0005503847  -0.0000401370
        0.0003086160  -0.0013267944  -0.0000064751   0.0000028867   0.0000049208
        0.0000040909   0.0000017038   0.0000146897   0.0000074283   0.0000067650
       -0.0000077447  -0.0000635563   0.0000016030   0.0000287455   0.0000788862
       -0.0000137344   0.0000164002  -0.0002360729   0.0006146237  -0.0023983538
       -0.0257099417   0.0458468937   0.0328926611   0.0000036818   0.0006179476
       -0.0024409365   0.0001388232  -0.0002739079   0.0002289846  -0.0000345623
        0.0000508813  -0.0001692870
       -0.0000527283   0.0000279827   0.0000024537   0.0002099870  -0.0000451922
       -0.0000631950   0.0008666124  -0.0000781756  -0.0000365718  -0.0006482934
       -0.0033466605  -0.0003658819  -0.0177533059  -0.0023568648   0.0001033880
       -0.3005661592  -0.0093382483   0.0061481811  -0.0197973839   0.0014354418
        0.0008540625   0.0001624653   0.0029115706   0.0007699173  -0.0014722578
        0.0005174411   0.0001303274   0.0000390265  -0.0000004995   0.0000337449
       -0.0000628252   0.0000193453   0.0000069749   0.0000393042   0.0000091562
       -0.0000323925   0.0000639682   0.0000003358  -0.0000088864   0.0000480230
        0.0000026936   0.0000057618  -0.0008805091  -0.0000800244   0.0000126359
        0.0009408707   0.0005998928   0.0000036818   0.3378107804   0.0103991915
       -0.0073337749   0.0010156894  -0.0005261303  -0.0002008348   0.0000367359
       -0.0001512558  -0.0000295919
       -0.0000592920   0.0000460726   0.0000197802   0.0000017983   0.0000035981
        0.0002899871   0.0001953753  -0.0006270053  -0.0001416120  -0.0027819783
       -0.0039859230  -0.0020641835  -0.0261283801  -0.0016623190   0.0003834332
       -0.0095288198  -0.0443646106  -0.0017087736   0.0253241256  -0.0003148774
       -0.0008600172   0.0019867096  -0.0033375019  -0.0021333996   0.0018379521
       -0.0005638621  -0.0001496800   0.0000418288   0.0000101164   0.0000564457
       -0.0000206553   0.0000301495   0.0000082942   0.0000289082   0.0000264115
       -0.0000523523  -0.0000811726  -0.0000188656   0.0000354203   0.0000187048
       -0.0000205734  -0.0000339847  -0.0013184484  -0.0001770913   0.0000011950
       -0.0007637011   0.0006928215   0.0006179476   0.0103991915   0.0533234135
        0.0050983087   0.0008575609   0.0007746544   0.0006051045  -0.0000097074
        0.0001653919   0.0000280865
       -0.0000151011   0.0000190713  -0.0000536722  -0.0000481621   0.0002934354
       -0.0015229795   0.0000134951  -0.0001406948   0.0000971500  -0.0002623455
       -0.0020433474   0.0073344134  -0.0042783264  -0.0003211540   0.0005033896
        0.0061186207  -0.0017074360  -0.0340255492   0.0052515600  -0.0001591594
        0.0001363349   0.0005939265  -0.0021775821   0.0075431066   0.0003736238
       -0.0000880134  -0.0000885907  -0.0000241089  -0.0000025095   0.0000113849
       -0.0000030523   0.0000042829  -0.0000009355   0.0000352208   0.0000076017
       -0.0000050542   0.0002782218  -0.0000371418  -0.0000327609  -0.0002871781
        0.0000365978  -0.0000132610  -0.0002169197  -0.0000347268   0.0000187711
       -0.0002404232   0.0005773117  -0.0024409365  -0.0073337749   0.0050983087
        0.0250643006   0.0000474374   0.0006448206  -0.0025429198  -0.0000027139
        0.0000303352   0.0000178086
       -0.0004674118   0.0000038886   0.0000178633  -0.0006836263  -0.0015206816
       -0.0002720248  -0.0057748151   0.0004844432   0.0004762997  -0.0003148092
        0.0007455399   0.0001370288  -0.0007146477   0.0030111160   0.0008005346
        0.0070514072   0.0123034863   0.0020473450  -0.1023928957  -0.1033490208
       -0.0169083992  -0.0175857587  -0.0270202598  -0.0044147624   0.0025010736
       -0.0027591794  -0.0006333833   0.0000199360   0.0000346775   0.0000223671
       -0.0000811213  -0.0001168919  -0.0000238809   0.0000183707   0.0000480068
       -0.0000074898   0.0001309887  -0.0000314299  -0.0000933984   0.0001356371
       -0.0000694539   0.0000643884   0.0000193904   0.0000750958  -0.0000360477
        0.0002757092   0.0007518567   0.0001388232   0.0010156894   0.0008575609
        0.0000474374   0.1174511738   0.1148265286   0.0183198820  -0.0006042904
        0.0017247169   0.0003174171
       -0.0000886946   0.0000788170   0.0000346017   0.0000457205  -0.0003278865
       -0.0000269704  -0.0004880975   0.0014356041  -0.0010594661   0.0005040667
        0.0006003488   0.0001354139   0.0037381558  -0.0034797688  -0.0021485647
       -0.0116061580  -0.0259013093  -0.0043791790  -0.1026486366  -0.2288160758
       -0.0332580012  -0.0028240514  -0.0069547928  -0.0013845965   0.0008836698
        0.0036001662   0.0009567775   0.0000416681   0.0000124494   0.0000169358
       -0.0000816286  -0.0000172790   0.0000017475   0.0000369058   0.0000072289
       -0.0000122176  -0.0000095395  -0.0000152479   0.0000322334   0.0000141730
       -0.0000043068  -0.0000264066   0.0000692706   0.0000106719   0.0002970509
       -0.0006528169  -0.0013090582  -0.0002739079  -0.0005261303   0.0007746544
        0.0006448206   0.1148265286   0.2604131255   0.0403169234  -0.0012344056
       -0.0001073411   0.0001328053
       -0.0000033221   0.0000393368  -0.0000935675   0.0000274126   0.0000095770
       -0.0001889580   0.0002819192  -0.0010788672   0.0070781589   0.0001019728
        0.0001157790  -0.0001905791   0.0009340303  -0.0021229629   0.0071938398
       -0.0023568113  -0.0050735999  -0.0010922743  -0.0167764535  -0.0332530852
       -0.0370725515   0.0000205732  -0.0006694058   0.0009034779   0.0000323216
        0.0010634524  -0.0015863045  -0.0000033760  -0.0000228559  -0.0000086671
       -0.0000139641   0.0000022663  -0.0000111050   0.0000179516   0.0000249170
       -0.0000031351   0.0000679640   0.0000010448  -0.0000197656  -0.0000724751
        0.0000124672  -0.0000303395  -0.0000345383   0.0002958160  -0.0015449555
       -0.0001206690  -0.0003167827   0.0002289846  -0.0002008348   0.0006051045
       -0.0025429198   0.0183198820   0.0403169234   0.0295950680  -0.0002215832
        0.0000508752  -0.0006144066
        0.0000495501  -0.0001393089  -0.0000218415  -0.0002099476  -0.0000954887
       -0.0000017348  -0.0010685651   0.0021666217   0.0004886396  -0.0002277659
        0.0007814766   0.0001823123   0.0004552914   0.0002903712   0.0000404149
       -0.0002453556  -0.0005104988  -0.0000731331   0.0018885790   0.0032543758
        0.0005003615   0.0162142522   0.0125135586   0.0017952965  -0.2070470514
       -0.2051998998  -0.0317307998  -0.0000121595  -0.0000458289   0.0000223386
       -0.0000432794  -0.0000502801  -0.0000076753  -0.0000145518  -0.0000363181
       -0.0000398200   0.0001806515  -0.0001439801  -0.0003871124   0.0002015387
       -0.0002821865   0.0002960371  -0.0000525793   0.0000057806  -0.0000077875
        0.0000386360  -0.0001282771  -0.0000345623   0.0000367359  -0.0000097074
       -0.0000027139  -0.0006042904  -0.0012344056  -0.0002215832   0.1904603113
        0.1888639954   0.0292033630
        0.0001189465  -0.0000106831   0.0000080796   0.0004590004   0.0001941811
       -0.0000883370   0.0028174336  -0.0041644085  -0.0012012045  -0.0009268954
       -0.0016883056  -0.0004809931  -0.0000482022   0.0004985573   0.0000801011
       -0.0000489785  -0.0005181144  -0.0001399087  -0.0011131347   0.0022250897
        0.0006666491  -0.0137324962  -0.0354697320  -0.0059602363  -0.1789222044
       -0.2568795227  -0.0405689942   0.0000003907   0.0000061024   0.0000421279
        0.0000744944   0.0000228823  -0.0000000519   0.0000013302  -0.0000026798
       -0.0000261991   0.0002603951  -0.0000216233  -0.0003197683   0.0003217893
       -0.0002198826   0.0003105803   0.0002927458  -0.0003769489  -0.0000305869
        0.0000079290   0.0001028151   0.0000508813  -0.0001512558   0.0001653919
        0.0000303352   0.0017247169  -0.0001073411   0.0000508752   0.1888639954
        0.2962442221   0.0475766501
        0.0000205030   0.0000075162  -0.0000300691   0.0001361589  -0.0000911707
        0.0005449613   0.0005786305  -0.0011856519   0.0017438762  -0.0001278397
       -0.0005292144   0.0009517583  -0.0000311111   0.0000618861   0.0000792340
        0.0000118843  -0.0001215704   0.0002518005  -0.0002940960   0.0005469654
       -0.0011534455  -0.0030449872  -0.0067453625  -0.0019351818  -0.0268842367
       -0.0397832363  -0.0135434194   0.0000043673  -0.0000538740  -0.0000470064
        0.0000149515   0.0000046104   0.0000053494  -0.0000062262   0.0000713318
       -0.0000329946   0.0001620736  -0.0001386227  -0.0002309380  -0.0000753456
        0.0001829457  -0.0000422113   0.0000488077  -0.0000210183  -0.0002737017
       -0.0000047224   0.0000569237  -0.0001692870  -0.0000295919   0.0000280865
        0.0000178086   0.0003174171   0.0001328053  -0.0006144066   0.0292033630
        0.0475766501   0.0144778733
