$hessian                                                                        
        0.5191952337  -0.0078995950   0.0172890954  -0.0691721966  -0.0093839875
        0.0271234164  -0.0077069420  -0.0144208609   0.0159616651  -0.0009340859
        0.0004808901   0.0005415399  -0.0002617876  -0.0002684220  -0.0011763586
        0.0002481439  -0.0002148466   0.0000119976   0.0001054985   0.0002160454
       -0.0006637595  -0.0003759640  -0.0008459273  -0.0002086464  -0.0001419944
       -0.0000412725   0.0002374554   0.0000793310  -0.0000787185   0.0001255309
       -0.0000328763   0.0000478519   0.0000335627   0.0000642425   0.0000090111
        0.0000330026  -0.2071116040   0.0807166638  -0.0793635144  -0.1572997902
       -0.1158727917  -0.0261822366  -0.0775592556   0.0603658557   0.0544010637
        0.0039822729   0.0111412947  -0.0212271562  -0.0022269501  -0.0040243860
        0.0122260305  -0.0000368275  -0.0000338707   0.0003271745  -0.0000559593
       -0.0000548051  -0.0000133797  -0.0000053626  -0.0000113307   0.0002293339
       -0.0007344653   0.0001184166   0.0003853656  -0.0000230823   0.0000194301
       -0.0000024365  -0.0000109460   0.0000000548  -0.0000113959   0.0000153670
        0.0000353001  -0.0000773504
       -0.0078995950   0.5078308805   0.0281318309  -0.0077025193  -0.0847212439
        0.0519401184  -0.0121744316  -0.0167729599   0.0166640952  -0.0016880503
       -0.0001959370  -0.0000999925   0.0000080087  -0.0002342587  -0.0016304417
        0.0000517590   0.0000535146   0.0000071528   0.0000172936  -0.0001729747
       -0.0008838399   0.0009801427  -0.0007309592   0.0005371142  -0.0001711766
        0.0000025441   0.0004662542   0.0002375739   0.0000996664   0.0000480744
       -0.0000042357  -0.0001793304   0.0000705165  -0.0000461407   0.0000688107
        0.0000126988   0.0808905764  -0.0845503844   0.0374664140  -0.1158291496
       -0.1649335555  -0.0279479030   0.0602808627  -0.1564918285  -0.1045530993
       -0.0010078320  -0.0070541194   0.0152169953   0.0040269541   0.0079735548
       -0.0160657048  -0.0000854466  -0.0000943981   0.0005773482  -0.0000650667
       -0.0000922091   0.0000341454  -0.0000324453  -0.0000195336   0.0003293462
        0.0002258250   0.0001760047  -0.0001918085  -0.0000096318   0.0000061544
       -0.0000572650   0.0000002857   0.0000172695  -0.0000047295  -0.0000035606
        0.0000152928  -0.0000673203
        0.0172890954   0.0281318309   0.4669844772   0.0203225791   0.0447086850
       -0.1618395625   0.0068539823   0.0076728021   0.0029254103  -0.0002972011
       -0.0021933748  -0.0005644677   0.0005221440   0.0003878664  -0.0000067269
       -0.0002253411  -0.0000492727  -0.0000519963   0.0000196543   0.0002230832
        0.0000289724  -0.0012868873   0.0000130833  -0.0000135798  -0.0000828684
       -0.0005908913  -0.0004595125  -0.0002193187   0.0000292081  -0.0000157733
        0.0000939758   0.0000976318   0.0001087302   0.0001134709   0.0000101117
        0.0000129303  -0.0794228503   0.0374454716  -0.0812101748  -0.0265282605
       -0.0282510648  -0.0477915998   0.0546439438  -0.1045089043  -0.1383902880
        0.0005264564   0.0091964121  -0.0157795746   0.0072952173   0.0076589636
       -0.0240558548   0.0000427046  -0.0000823235   0.0000847727   0.0000065097
       -0.0000554059   0.0000467756  -0.0000198921  -0.0000123481   0.0000438185
        0.0003646759   0.0001113692  -0.0000200467  -0.0000118827   0.0000415406
       -0.0000104052   0.0000040461   0.0000243563   0.0000087460  -0.0000039536
       -0.0000088306  -0.0000350704
       -0.0691721966  -0.0077025193   0.0203225791   0.5046909798  -0.0402669080
        0.0149522873  -0.1322777817  -0.0692920644  -0.0152723242   0.0034880089
       -0.0016188173  -0.0007561712   0.0011245758   0.0024748887  -0.0009143256
       -0.0006661763   0.0000157093  -0.0001320549  -0.0039856722   0.0021761256
       -0.0004713508  -0.0248665893  -0.0183547699  -0.0045978323   0.0005988949
       -0.0005858542  -0.0001468010  -0.0002217388  -0.0005917177  -0.0001877688
        0.0000296736  -0.0000201234   0.0000076060  -0.0009149023  -0.0010713010
       -0.0002473378   0.0045270756   0.0106644685  -0.0211508237  -0.0060684572
       -0.0112433233   0.0187262280  -0.0030953251  -0.0043261316   0.0121688533
       -0.2017422156   0.0804698031  -0.0712962405  -0.0702352172   0.0563571718
        0.0479603684   0.0008483948   0.0020382127   0.0010747457   0.0001753354
        0.0004739105   0.0002004875   0.0000731734   0.0000658383   0.0002421242
       -0.0019471790   0.0002823686  -0.0004071389   0.0000460407  -0.0000114397
       -0.0000282526  -0.0000388510  -0.0000145467   0.0000144145  -0.0003698506
        0.0000810192  -0.0000612717
       -0.0093839875  -0.0847212439   0.0447086850  -0.0402669080   0.4966864847
        0.0315942260  -0.0637501759  -0.1355708655  -0.0160507921  -0.0187955422
       -0.0337303189  -0.0057926676   0.0031608042  -0.0034028742  -0.0004621181
       -0.0007026798  -0.0005493820  -0.0001253266   0.0021508278   0.0005981924
        0.0000699158  -0.0033418387   0.0051336135  -0.0006555051   0.0009955842
       -0.0009555847  -0.0000401075  -0.0004681984   0.0000767207   0.0001265346
        0.0001447579   0.0001557977  -0.0001554262   0.0002674789   0.0001860370
        0.0001060323  -0.0010883234  -0.0073048114   0.0139841045  -0.0072863669
       -0.0117843162   0.0201315656   0.0040803541   0.0082131566  -0.0157485820
        0.0806575117  -0.0829295105   0.0313393108   0.0545408575  -0.1495128515
       -0.1036675231  -0.0018179785   0.0004138569   0.0001835142  -0.0008827570
       -0.0011271287  -0.0002702906  -0.0000105644   0.0001229791   0.0000819436
        0.0015930973  -0.0000395941   0.0005926912   0.0000095673  -0.0000362980
        0.0000507726   0.0000102261   0.0000291278  -0.0000110231   0.0001842538
        0.0000488133   0.0000100659
        0.0271234164   0.0519401184  -0.1618395625   0.0149522873   0.0315942260
        0.4625950083  -0.0194109595  -0.0221303629  -0.0617438753  -0.0027682680
       -0.0034279261   0.0016705136  -0.0012615797  -0.0019486639   0.0083451010
        0.0002389323   0.0000775074  -0.0000685683  -0.0012288687  -0.0004899650
        0.0051329327  -0.0029192806  -0.0018685248  -0.0001039595  -0.0001449249
        0.0004751444  -0.0021257071  -0.0001014843  -0.0001996091  -0.0001158929
       -0.0000573805   0.0000193296  -0.0003741487  -0.0001468774  -0.0001832585
       -0.0002005020   0.0000668243   0.0086529093  -0.0148450812   0.0012396507
        0.0015388698  -0.0000277350   0.0068913542   0.0071557490  -0.0230037550
       -0.0707177362   0.0320903719  -0.0738829181   0.0474764734  -0.1038696399
       -0.1360530839   0.0002919116   0.0008856754  -0.0027169782  -0.0000841714
       -0.0000845753  -0.0002061577   0.0002253268   0.0002349310  -0.0018445433
        0.0003796095  -0.0003321472   0.0007566649   0.0000184813  -0.0000706908
        0.0002224951   0.0000077471  -0.0000269611   0.0000317580  -0.0000704836
       -0.0000325078   0.0003979951
       -0.0077069420  -0.0121744316   0.0068539823  -0.1322777817  -0.0637501759
       -0.0194109595   0.5824280529  -0.0307872516   0.0424735823  -0.1167225659
        0.0456599741  -0.0031847786   0.0465144269   0.0014266265   0.0058907251
       -0.0284617289   0.0257235648   0.0000995207  -0.0297213927  -0.0423211445
       -0.0083287422  -0.2490354565   0.0352357833  -0.0184777877  -0.0353467572
        0.0353677928  -0.0003384263   0.0202852008   0.0069171625   0.0025075257
       -0.0047434966  -0.0141894792  -0.0021788084  -0.0106111857   0.0037172926
       -0.0016131490   0.0007982168   0.0009354859  -0.0006002080   0.0001186896
       -0.0007522598   0.0010109255  -0.0001595349   0.0000158646  -0.0002064108
       -0.0254310524  -0.0173649221  -0.0054536572   0.0068588547   0.0030956675
        0.0012151992  -0.0143703851   0.0280792217   0.0011253483  -0.0018554257
       -0.0036823539  -0.0014212526  -0.0000491276   0.0006561611   0.0000111558
        0.0002841235  -0.0017649795  -0.0000540700  -0.0001739583  -0.0001381632
       -0.0000253618   0.0001851557  -0.0001944831   0.0001789432  -0.0008059298
        0.0002890472  -0.0000732960
       -0.0144208609  -0.0167729599   0.0076728021  -0.0692920644  -0.1355708655
       -0.0221303629  -0.0307872516   0.6651830816   0.0506041261   0.1152902339
       -0.3311789693  -0.0194071238  -0.0513420584  -0.0602858966  -0.0127303600
        0.0329222331  -0.0214529684   0.0018539469  -0.0207005211   0.0334214671
        0.0010438113   0.0075133787  -0.0755829004  -0.0015437012   0.0423747073
       -0.0221070267   0.0025899503  -0.0113533274  -0.0093355117  -0.0032695146
        0.0029238688   0.0098975724   0.0017042291   0.0038902818  -0.0086822739
       -0.0013036407   0.0000884239  -0.0000068197  -0.0004674987  -0.0011606755
       -0.0012349234   0.0023877853   0.0006077412   0.0008954603  -0.0008225865
        0.0041083689   0.0063280627   0.0018330488  -0.0139969371  -0.0219171545
       -0.0056950196   0.0057938680  -0.0085440105  -0.0009523143  -0.0030749721
       -0.0025929183  -0.0014450891   0.0005729144   0.0001416553   0.0000901110
        0.0000687571   0.0001344179  -0.0000482033   0.0013925005  -0.0005574987
        0.0000090620  -0.0000429824  -0.0000253774   0.0001711576  -0.0013756266
       -0.0001536426  -0.0001446158
        0.0159616651   0.0166640952   0.0029254103  -0.0152723242  -0.0160507921
       -0.0617438753   0.0424735823   0.0506041261   0.1593634415   0.0049859788
       -0.0271377796  -0.0481291865  -0.0008668937  -0.0066970508  -0.0014915399
        0.0008261014   0.0007712022  -0.0032862970  -0.0057086242  -0.0014277106
       -0.0003697540  -0.0215184205   0.0013628503  -0.0558164490   0.0006365154
        0.0015822293   0.0001153248   0.0005464223  -0.0008921860   0.0058498959
       -0.0002503890  -0.0006323200  -0.0001994903  -0.0016141771  -0.0011775383
        0.0059131225   0.0003422795   0.0001744022   0.0007432239   0.0021245241
        0.0033290076  -0.0043016541   0.0005312496   0.0005817975   0.0004723275
       -0.0088943194  -0.0073104906  -0.0010309246  -0.0123151301  -0.0149441620
       -0.0028066514  -0.0012107137   0.0022435972   0.0010303463  -0.0012878453
       -0.0013665192   0.0059320542   0.0000727502   0.0001130400   0.0001698392
        0.0002951575   0.0001106407  -0.0018684641   0.0001134026  -0.0001236906
        0.0002610380   0.0002105760   0.0001541745  -0.0014416748  -0.0001813678
        0.0000690770  -0.0002900632
       -0.0009340859  -0.0016880503  -0.0002972011   0.0034880089  -0.0187955422
       -0.0027682680  -0.1167225659   0.1152902339   0.0049859788   0.6438811284
       -0.0260244297   0.0593212721  -0.1764436553  -0.1358054691  -0.0307981864
       -0.0540955965  -0.0112234083  -0.0078625743   0.0063801919  -0.0109714804
        0.0002226892  -0.0118774228   0.0294067016   0.0020963040  -0.0080832699
        0.0032334881  -0.0012946741   0.0028464431   0.0021401999   0.0005926308
       -0.0002289399  -0.0041334725  -0.0006144706  -0.0048836115   0.0033135059
       -0.0002171461  -0.0002136983   0.0001332684   0.0000515333  -0.0002590555
       -0.0003798017   0.0004821009   0.0001870842   0.0000094085   0.0000584850
        0.0006236409  -0.0029241358  -0.0000883633  -0.0021054666  -0.0030327344
       -0.0007001123  -0.2818189398   0.0541646134  -0.0229401609   0.0056568506
        0.0064524726   0.0012656492  -0.0053591950   0.0010633293  -0.0016438297
       -0.0000684818  -0.0003332178  -0.0000249042  -0.0003720499   0.0001145701
        0.0000760760   0.0001057641  -0.0001057096   0.0000024557   0.0002969225
        0.0000956601   0.0000947161
        0.0004808901  -0.0001959370  -0.0021933748  -0.0016188173  -0.0337303189
       -0.0034279261   0.0456599741  -0.3311789693  -0.0271377796  -0.0260244297
        0.6635763591   0.0606825035  -0.0589668742  -0.2047354807  -0.0253851539
       -0.0645603513   0.0393751111  -0.0032486743   0.0084616403  -0.0442297857
       -0.0031850164   0.0723037847  -0.0240037765   0.0057176656  -0.0151831876
        0.0180344672  -0.0003924397   0.0185572169   0.0056910663   0.0028491209
       -0.0037281293  -0.0169898813  -0.0026856751  -0.0144257243   0.0098981329
       -0.0005918011  -0.0000105015  -0.0002718492   0.0002326401   0.0000614624
       -0.0000670638   0.0005928108  -0.0000620297   0.0002249089  -0.0002465514
        0.0020937361   0.0003153354   0.0005900802  -0.0020673148  -0.0026085866
       -0.0007583106   0.0541718940  -0.0559053092   0.0038727966  -0.0169624711
       -0.0246213821  -0.0050058325   0.0020238848   0.0011159800  -0.0007167659
       -0.0001692078   0.0001232703   0.0001809439   0.0000986627   0.0000958025
        0.0001769650  -0.0000741976  -0.0000476292   0.0000052103  -0.0000599100
        0.0001355359   0.0000745644
        0.0005415399  -0.0000999925  -0.0005644677  -0.0007561712  -0.0057926676
        0.0016705136  -0.0031847786  -0.0194071238  -0.0481291865   0.0593212721
        0.0606825035   0.1269071520  -0.0214461898  -0.0340524678  -0.0545160132
       -0.0143310971   0.0033289889  -0.0001434085   0.0024740603  -0.0059945421
       -0.0060135281   0.0070832740   0.0005289549   0.0020079302  -0.0034791014
        0.0019464663   0.0055777926   0.0025659716   0.0009272511   0.0006341923
       -0.0005524315  -0.0026499815   0.0001291547  -0.0023315064   0.0016176467
       -0.0001804903  -0.0000487250  -0.0000329100   0.0001023677   0.0000628155
        0.0000698821   0.0002201463  -0.0000846798   0.0000198172   0.0001792581
        0.0006137060  -0.0003483604   0.0001406685  -0.0006374870  -0.0015044601
       -0.0002139383  -0.0229128717   0.0037062056  -0.0364125173  -0.0014640430
       -0.0022531441   0.0008367517  -0.0015236710  -0.0008466517   0.0090108149
       -0.0000501143   0.0000006784  -0.0002319958   0.0000844657   0.0001288014
       -0.0008625893   0.0000028611  -0.0000208938   0.0000296634   0.0000529018
        0.0000459993  -0.0001782712
       -0.0002617876   0.0000080087   0.0005221440   0.0011245758   0.0031608042
       -0.0012615797   0.0465144269  -0.0513420584  -0.0008668937  -0.1764436553
       -0.0589668742  -0.0214461898   0.6789520720  -0.0408007267   0.0625977168
       -0.3686979423   0.0223220204  -0.0363217371  -0.0378784718   0.0732808162
        0.0036582343  -0.0423136856   0.0008859479  -0.0044206178   0.0109437951
       -0.0114881174   0.0000215554  -0.0153574099  -0.0063316924  -0.0026848208
        0.0024042841   0.0190389171   0.0026406288   0.0203883146  -0.0113401453
        0.0004821829   0.0000365992   0.0000949271  -0.0001748332  -0.0000671110
        0.0000828481  -0.0000647280  -0.0000831736  -0.0000087734   0.0001025259
       -0.0001986316   0.0001870700   0.0000455318   0.0000734517  -0.0002951640
        0.0002951117  -0.0231429073  -0.0211313964  -0.0052982108  -0.0732194408
        0.0812936602   0.0047639466  -0.0231767751   0.0016032236  -0.0026080899
        0.0000910009  -0.0001565843  -0.0000406994  -0.0000178372  -0.0000534789
       -0.0000690403   0.0000496258   0.0001654169   0.0001226266   0.0002806831
       -0.0002086492   0.0000052358
       -0.0002684220  -0.0002342587   0.0003878664   0.0024748887  -0.0034028742
       -0.0019486639   0.0014266265  -0.0602858966  -0.0066970508  -0.1358054691
       -0.2047354807  -0.0340524678  -0.0408007267   0.6413026534   0.0564448408
        0.0934451277  -0.1044990777   0.0039561181   0.0271688177   0.0003212823
        0.0029834855  -0.0162923750   0.0054513313  -0.0007585953   0.0053651825
       -0.0055875167   0.0000331251  -0.0059684350  -0.0016980177  -0.0009651959
        0.0020108436   0.0055463185   0.0009282933   0.0071499508  -0.0091597984
       -0.0008823461  -0.0000384939   0.0000591330  -0.0001592988   0.0000217845
        0.0001636638   0.0000335226  -0.0000752950  -0.0000353831   0.0000669063
        0.0002277621   0.0002407282   0.0000449413  -0.0008363736  -0.0011597342
       -0.0000115185   0.0026221141   0.0036199431   0.0005846644   0.0810329436
       -0.2686266762  -0.0175864039  -0.0226692924   0.0029535924  -0.0023996599
       -0.0000182363   0.0002181000   0.0000089702  -0.0001291408   0.0000968982
       -0.0000226995   0.0001587910  -0.0003303017   0.0000731513  -0.0002025731
       -0.0002186283  -0.0000619849
       -0.0011763586  -0.0016304417  -0.0000067269  -0.0009143256  -0.0004621181
        0.0083451010   0.0058907251  -0.0127303600  -0.0014915399  -0.0307981864
       -0.0253851539  -0.0545160132   0.0625977168   0.0564448408   0.1274106903
       -0.0279650342  -0.0045129412  -0.0467540767  -0.0014997319   0.0086786961
        0.0019739496  -0.0063272548   0.0012006621  -0.0053410354   0.0019517136
       -0.0019024669  -0.0001614515  -0.0025796725  -0.0010237241   0.0000362986
        0.0004803687   0.0028642935   0.0007571453   0.0025798453  -0.0030981102
        0.0056918678  -0.0000060146   0.0000048505  -0.0000570346  -0.0001877199
       -0.0002620127   0.0004543915  -0.0000402426  -0.0000609332  -0.0001098410
        0.0003449046   0.0000190727   0.0000607718   0.0007148356   0.0010403685
        0.0003347228  -0.0024668114  -0.0021304322   0.0005833242   0.0047875059
       -0.0175852874  -0.0359731255  -0.0055232252   0.0004658939  -0.0000144272
        0.0000142527   0.0000212266  -0.0002490552  -0.0000174782   0.0000048219
        0.0000004406   0.0001225334   0.0000831069  -0.0008497631   0.0000176541
       -0.0000438517  -0.0001246132
        0.0002481439   0.0000517590  -0.0002253411  -0.0006661763  -0.0007026798
        0.0002389323  -0.0284617289   0.0329222331   0.0008261014  -0.0540955965
       -0.0645603513  -0.0143310971  -0.3686979423   0.0934451277  -0.0279650342
        0.7078357593  -0.0012375598   0.0711362345  -0.0856234489   0.0319906943
       -0.0000653748   0.0388125245  -0.0115370659   0.0031841749  -0.0093137428
        0.0035005170  -0.0014666147   0.0108059130   0.0056467562   0.0020248767
       -0.0076906324  -0.0152371242  -0.0035483724  -0.0373320245   0.0444767208
        0.0006136730   0.0000180065  -0.0000982145   0.0001143223   0.0001056882
        0.0000203785   0.0000007705   0.0000077695   0.0000032356  -0.0001670832
        0.0003311561  -0.0001068217   0.0001210176   0.0001511893   0.0002045522
       -0.0000449984  -0.0019055530  -0.0031817975  -0.0013344953  -0.0124859088
        0.0050440983  -0.0009392448  -0.1520323481  -0.1227850219  -0.0288871928
        0.0001389714  -0.0011156999  -0.0000760414   0.0000597314  -0.0000133522
        0.0002273740  -0.0007671226   0.0014020904   0.0000364875   0.0005573721
        0.0018675255   0.0005269256
       -0.0002148466   0.0000535146  -0.0000492727   0.0000157093  -0.0005493820
        0.0000775074   0.0257235648  -0.0214529684   0.0007712022  -0.0112234083
        0.0393751111   0.0033289889   0.0223220204  -0.1044990777  -0.0045129412
       -0.0012375598   0.6064653584   0.0579869982   0.0649673059  -0.2666207837
       -0.0177052384  -0.0329847221  -0.0369890020  -0.0084146294   0.0040817355
       -0.0094414290  -0.0013701563  -0.0120728798  -0.0063449166  -0.0022326772
        0.0029493453   0.0193620895   0.0020899378   0.0359722794  -0.0262600650
        0.0011982042  -0.0000202088   0.0000178394  -0.0000926358  -0.0000063804
        0.0000724668   0.0000088238  -0.0000558022  -0.0000094928   0.0000085024
        0.0001525544   0.0001305509  -0.0000167336  -0.0001239936   0.0000314645
        0.0001307518  -0.0038163652  -0.0027297709  -0.0014517126   0.0290540601
       -0.0085930460   0.0023618085  -0.1214748605  -0.1823716263  -0.0321796836
        0.0004131588  -0.0008572596  -0.0000546224  -0.0002003222   0.0001373760
        0.0001224409  -0.0001274106  -0.0000882780  -0.0000486486  -0.0020929738
        0.0011613266   0.0000437857
        0.0000119976   0.0000071528  -0.0000519963  -0.0001320549  -0.0001253266
       -0.0000685683   0.0000995207   0.0018539469  -0.0032862970  -0.0078625743
       -0.0032486743  -0.0001434085  -0.0363217371   0.0039561181  -0.0467540767
        0.0711362345   0.0579869982   0.1277696238   0.0036974315  -0.0214795535
       -0.0536273774   0.0005455498  -0.0058995873   0.0005744653  -0.0013634578
       -0.0013841912   0.0058935894  -0.0000718852  -0.0000569315  -0.0001210912
       -0.0012996534  -0.0002806782   0.0057489294  -0.0004268294   0.0022043977
        0.0009388007   0.0000144351  -0.0000349260   0.0000025133   0.0000234103
        0.0000178237   0.0000094307  -0.0000281085   0.0000018019  -0.0000121108
        0.0000542474  -0.0000282037   0.0000323461  -0.0000037725   0.0000377519
        0.0000218373  -0.0013914519  -0.0014025449   0.0057834915   0.0018165899
       -0.0004792519   0.0008473218  -0.0286487468  -0.0323512990  -0.0402416784
        0.0000670549  -0.0002042212  -0.0002212943   0.0001629752   0.0001911923
       -0.0014155177  -0.0001316767   0.0001308862   0.0002066657   0.0000525017
        0.0005873196  -0.0018855984
        0.0001054985   0.0000172936   0.0000196543  -0.0039856722   0.0021508278
       -0.0012288687  -0.0297213927  -0.0207005211  -0.0057086242   0.0063801919
        0.0084616403   0.0024740603  -0.0378784718   0.0271688177  -0.0014997319
       -0.0856234489   0.0649673059   0.0036974315   0.6319832739  -0.0282456124
        0.0562463137  -0.1686573790  -0.0710874543  -0.0214522355   0.0408204910
       -0.0325627994   0.0009355377  -0.0434579793  -0.0179930465  -0.0067174621
       -0.0141002336   0.0762169880   0.0071076540  -0.2733390652   0.0053547215
       -0.0262913476   0.0000684085  -0.0000850818   0.0000815147   0.0000884841
        0.0000115960   0.0000528756  -0.0000011557   0.0000241909  -0.0000485406
       -0.0010203320  -0.0009311849  -0.0002581383   0.0000950060   0.0000699421
       -0.0000003362   0.0008225710  -0.0001672260   0.0001008616  -0.0054398228
        0.0017670107  -0.0016285697   0.0046726548  -0.0181506012  -0.0017028936
       -0.0000166928   0.0029902058  -0.0003676571  -0.0004807042  -0.0004500825
       -0.0001113770   0.0008071055   0.0016374527  -0.0008761276  -0.0221213349
       -0.0004643829  -0.0028239935
        0.0002160454  -0.0001729747   0.0002230832   0.0021761256   0.0005981924
       -0.0004899650  -0.0423211445   0.0334214671  -0.0014277106  -0.0109714804
       -0.0442297857  -0.0059945421   0.0732808162   0.0003212823   0.0086786961
        0.0319906943  -0.2666207837  -0.0214795535  -0.0282456124   0.6306969602
        0.0548732861  -0.0720527378  -0.1894252207  -0.0238700803  -0.0104499750
       -0.0397339643  -0.0059872231   0.0005295886   0.0054308996   0.0013953003
        0.0302773001  -0.0224983162   0.0007513788   0.0384240177  -0.0765249375
        0.0017127849   0.0000352520  -0.0002123913   0.0000929205   0.0001452568
       -0.0000359636  -0.0000141796   0.0000481767   0.0000633009  -0.0001235068
        0.0004278654  -0.0000208831   0.0002129588   0.0000553761  -0.0003304534
       -0.0001576860  -0.0001714089  -0.0005501894  -0.0000954832   0.0008130766
        0.0012397684  -0.0008822915   0.0034398102  -0.0245676442  -0.0027232357
        0.0021304503  -0.0047585225  -0.0009711746  -0.0003158449   0.0008094252
        0.0001139095   0.0025478051  -0.0049457405  -0.0013628045  -0.0220094532
        0.0020464748  -0.0024748817
       -0.0006637595  -0.0008838399   0.0000289724  -0.0004713508   0.0000699158
        0.0051329327  -0.0083287422   0.0010438113  -0.0003697540   0.0002226892
       -0.0031850164  -0.0060135281   0.0036582343   0.0029834855   0.0019739496
       -0.0000653748  -0.0177052384  -0.0536273774   0.0562463137   0.0548732861
        0.1482443777  -0.0220640029  -0.0237421618  -0.0621045949   0.0038684390
       -0.0086556992   0.0006878219  -0.0046988305  -0.0009326486  -0.0065931722
        0.0017526562   0.0066669479   0.0019645349  -0.0222375000  -0.0023514881
       -0.0547728707  -0.0000764889  -0.0000191670  -0.0000701787  -0.0001091867
       -0.0001906571   0.0002413856  -0.0000102928   0.0000083231  -0.0000698591
        0.0001994277   0.0002061933   0.0001173645   0.0005211915   0.0002321637
        0.0000722595   0.0001050161  -0.0000606379  -0.0002430404  -0.0017070148
       -0.0007790264   0.0093866293   0.0008494277  -0.0051971811   0.0004972071
       -0.0007367772  -0.0009710753   0.0056998713  -0.0000669399   0.0000665136
       -0.0002420058  -0.0007946433  -0.0015020636   0.0094229227  -0.0053924908
        0.0000252604   0.0006361521
       -0.0003759640   0.0009801427  -0.0012868873  -0.0248665893  -0.0033418387
       -0.0029192806  -0.2490354565   0.0075133787  -0.0215184205  -0.0118774228
        0.0723037847   0.0070832740  -0.0423136856  -0.0162923750  -0.0063272548
        0.0388125245  -0.0329847221   0.0005455498  -0.1686573790  -0.0720527378
       -0.0220640029   0.6141971698  -0.0258222768   0.0532650481  -0.0898432109
        0.0675861671   0.0035826796  -0.0386836265   0.0260624941  -0.0016346799
        0.0071861941   0.0086597607   0.0026655911  -0.0286099859  -0.0212811238
       -0.0060142854   0.0002367098  -0.0001427742  -0.0002597964   0.0000785454
        0.0000647363   0.0002737294  -0.0003000899   0.0001054486   0.0003414739
       -0.0026289880  -0.0019740588  -0.0006359845   0.0002889441   0.0011483478
        0.0004156533   0.0003416997   0.0014670013  -0.0008579635  -0.0004837060
       -0.0003940278  -0.0000809896  -0.0000499666   0.0028595156  -0.0002488435
        0.0061860048  -0.0170707712  -0.0015382036  -0.0053319537   0.0016184991
       -0.0016880633   0.0008370411  -0.0000564259   0.0001203401  -0.0051068086
        0.0010438555  -0.0012186835
       -0.0008459273  -0.0007309592   0.0000130833  -0.0183547699   0.0051336135
       -0.0018685248   0.0352357833  -0.0755829004   0.0013628503   0.0294067016
       -0.0240037765   0.0005289549   0.0008859479   0.0054513313   0.0012006621
       -0.0115370659  -0.0369890020  -0.0058995873  -0.0710874543  -0.1894252207
       -0.0237421618  -0.0258222768   0.6187154690   0.0540670952   0.0351705347
       -0.2565660928  -0.0207847990   0.0730404503   0.0021667767   0.0089288559
       -0.0103892358  -0.0452278648  -0.0057628313  -0.0432033969   0.0322453474
       -0.0015157581  -0.0003067680  -0.0001104675   0.0001341765  -0.0000258643
       -0.0002831186   0.0003115733   0.0000915983  -0.0000237489  -0.0000760999
       -0.0031553571  -0.0028072977  -0.0007451468   0.0000913317   0.0000559213
        0.0001415747   0.0025174906  -0.0051319513  -0.0012751751  -0.0003074468
        0.0007399476   0.0000698240   0.0017302530  -0.0046477187  -0.0009218566
        0.0042441352  -0.0242628492  -0.0026936207   0.0006961462   0.0012585248
       -0.0009221603  -0.0002333369  -0.0005810002  -0.0000664477   0.0021585273
        0.0006070371  -0.0004844812
       -0.0002086464   0.0005371142  -0.0000135798  -0.0045978323  -0.0006555051
       -0.0001039595  -0.0184777877  -0.0015437012  -0.0558164490   0.0020963040
        0.0057176656   0.0020079302  -0.0044206178  -0.0007585953  -0.0053410354
        0.0031841749  -0.0084146294   0.0005744653  -0.0214522355  -0.0238700803
       -0.0621045949   0.0532650481   0.0540670952   0.1484829566  -0.0007198064
       -0.0164941232  -0.0535984475   0.0039782426   0.0033173096   0.0017258037
        0.0002722117  -0.0036822486  -0.0060614725  -0.0087177670   0.0011654219
        0.0000570235   0.0001928488   0.0000420856  -0.0000492344   0.0000526040
        0.0000371897   0.0000804680  -0.0000089683  -0.0000259557   0.0000615435
       -0.0014404815  -0.0008565275   0.0004780440  -0.0001513631   0.0002409127
        0.0003271361  -0.0007541633  -0.0014918818   0.0088404913  -0.0000600728
        0.0000719266  -0.0002941933  -0.0004799023  -0.0008730687   0.0054790013
        0.0011774242  -0.0051930713   0.0005230139  -0.0017431631  -0.0007964863
        0.0092204610   0.0001002408  -0.0000526736  -0.0002192475  -0.0010862916
       -0.0004881731   0.0057438753
       -0.0001419944  -0.0001711766  -0.0000828684   0.0005988949   0.0009955842
       -0.0001449249  -0.0353467572   0.0423747073   0.0006365154  -0.0080832699
       -0.0151831876  -0.0034791014   0.0109437951   0.0053651825   0.0019517136
       -0.0093137428   0.0040817355  -0.0013634578   0.0408204910  -0.0104499750
        0.0038684390  -0.0898432109   0.0351705347  -0.0007198064   0.6954111717
        0.0032348762   0.0719960308  -0.3638300045   0.0882145552  -0.0288467150
       -0.0519386378  -0.0656823991  -0.0143899993  -0.0303934477   0.0319584454
        0.0005289065  -0.0003609330   0.0000043184   0.0004482726  -0.0000460602
        0.0000020381   0.0000352187   0.0000595489  -0.0001167805  -0.0001442849
        0.0001010608   0.0001975374   0.0004626804  -0.0016406278   0.0006514851
       -0.0004086771  -0.0007412911   0.0014035927   0.0000625151   0.0000696148
       -0.0000557840   0.0001761607   0.0000288939  -0.0011839072  -0.0001371094
       -0.1412444423  -0.1232834279  -0.0282248363  -0.0133688103   0.0050178312
       -0.0009078026  -0.0018231728  -0.0031799447  -0.0013448601   0.0000829313
        0.0006341588   0.0000279906
       -0.0000412725   0.0000025441  -0.0005908913  -0.0005858542  -0.0009555847
        0.0004751444   0.0353677928  -0.0221070267   0.0015822293   0.0032334881
        0.0180344672   0.0019464663  -0.0114881174  -0.0055875167  -0.0019024669
        0.0035005170  -0.0094414290  -0.0013841912  -0.0325627994  -0.0397339643
       -0.0086556992   0.0675861671  -0.2565660928  -0.0164941232   0.0032348762
        0.6092871398   0.0603968364   0.0163408767  -0.1027302993  -0.0050383511
       -0.0120541204   0.0386656776   0.0028108430   0.0250001367  -0.0211056204
        0.0009411031  -0.0000457213   0.0001937052   0.0006381493  -0.0001456600
       -0.0001332127   0.0000815144   0.0001739139  -0.0001677929  -0.0000129107
       -0.0001956071  -0.0003533498  -0.0003412086  -0.0010593596   0.0002433878
       -0.0007692007  -0.0001948140  -0.0000664281  -0.0000892561  -0.0001775676
        0.0001287324   0.0001599359   0.0004432784  -0.0009319216  -0.0001681529
       -0.1222984825  -0.1957500129  -0.0347944199   0.0289095434  -0.0083470860
        0.0025443458  -0.0036707108  -0.0028400631  -0.0015259176   0.0007294965
        0.0002617471   0.0001902215
        0.0002374554   0.0004662542  -0.0004595125  -0.0001468010  -0.0000401075
       -0.0021257071  -0.0003384263   0.0025899503   0.0001153248  -0.0012946741
       -0.0003924397   0.0055777926   0.0000215554   0.0000331251  -0.0001614515
       -0.0014666147  -0.0013701563   0.0058935894   0.0009355377  -0.0059872231
        0.0006878219   0.0035826796  -0.0207847990  -0.0535984475   0.0719960308
        0.0603968364   0.1305826581  -0.0375459822   0.0036434391  -0.0477782351
       -0.0079823279  -0.0034279325  -0.0003400193  -0.0002471185   0.0017942046
       -0.0034267272   0.0004040992  -0.0001458593   0.0004320515   0.0000903315
       -0.0000173005  -0.0000043527   0.0001462315  -0.0001342739   0.0001419363
       -0.0000364399   0.0000124350   0.0001511822  -0.0007493850   0.0003084752
       -0.0000517466  -0.0001057246   0.0001592129   0.0002039579   0.0001568656
        0.0001824568  -0.0014114142   0.0000727044  -0.0002331420  -0.0001750394
       -0.0281608393  -0.0352516560  -0.0406704091   0.0017738527  -0.0004542747
        0.0007284355  -0.0014494837  -0.0014716014   0.0057921177   0.0001064734
        0.0001243763  -0.0001038058
        0.0000793310   0.0002375739  -0.0002193187  -0.0002217388  -0.0004681984
       -0.0001014843   0.0202852008  -0.0113533274   0.0005464223   0.0028464431
        0.0185572169   0.0025659716  -0.0153574099  -0.0059684350  -0.0025796725
        0.0108059130  -0.0120728798  -0.0000718852  -0.0434579793   0.0005295886
       -0.0046988305  -0.0386836265   0.0730404503   0.0039782426  -0.3638300045
        0.0163408767  -0.0375459822   0.6734010542  -0.0359604874   0.0642545662
       -0.1753737152  -0.0578282591  -0.0222468804   0.0485930022  -0.0498540208
       -0.0001421396  -0.0001607306  -0.0001063874  -0.0000229215   0.0000558937
        0.0000186152   0.0000407658   0.0000008323   0.0000388323   0.0000242517
        0.0001313705   0.0001035255   0.0000247987  -0.0001717283  -0.0001124235
        0.0001173991   0.0000330502   0.0001966531   0.0001450390  -0.0000244340
       -0.0000530415  -0.0000335973   0.0001632242  -0.0000772719   0.0000368007
       -0.0235214516   0.0009091359  -0.0028777026  -0.0739539151   0.0821419049
        0.0048618395  -0.0222380462  -0.0211207322  -0.0053501899   0.0005994650
        0.0028610911  -0.0007054927
       -0.0000787185   0.0000996664   0.0000292081  -0.0005917177   0.0000767207
       -0.0001996091   0.0069171625  -0.0093355117  -0.0008921860   0.0021401999
        0.0056910663   0.0009272511  -0.0063316924  -0.0016980177  -0.0010237241
        0.0056467562  -0.0063449166  -0.0000569315  -0.0179930465   0.0054308996
       -0.0009326486   0.0260624941   0.0021667767   0.0033173096   0.0882145552
       -0.1027302993   0.0036434391  -0.0359604874   0.6401769327   0.0588202138
       -0.1347321526  -0.2044581943  -0.0350240757   0.0037321082  -0.0629062406
       -0.0070935591   0.0000811717   0.0000434945  -0.0002291457  -0.0000338454
        0.0000036084  -0.0000146607  -0.0000693933   0.0000493253   0.0000602491
       -0.0001634304   0.0001099165   0.0000498082   0.0000848389  -0.0000122444
        0.0002551065   0.0001620710  -0.0003024503   0.0000962968  -0.0001343757
        0.0001010839  -0.0000076140   0.0000834484   0.0003174645   0.0000923634
       -0.0232853481   0.0021344944  -0.0028137359   0.0818622764  -0.2672791258
       -0.0181655451   0.0024427164   0.0036278350   0.0005761924   0.0019444092
       -0.0049622841  -0.0014140030
        0.0001255309   0.0000480744  -0.0000157733  -0.0001877688   0.0001265346
       -0.0001158929   0.0025075257  -0.0032695146   0.0058498959   0.0005926308
        0.0028491209   0.0006341923  -0.0026848208  -0.0009651959   0.0000362986
        0.0020248767  -0.0022326772  -0.0001210912  -0.0067174621   0.0013953003
       -0.0065931722  -0.0016346799   0.0089288559   0.0017258037  -0.0288467150
       -0.0050383511  -0.0477782351   0.0642545662   0.0588202138   0.1288078716
       -0.0315072148  -0.0258254325  -0.0560549706   0.0061999065  -0.0135770053
        0.0002831427  -0.0000875721  -0.0000057388  -0.0000214106   0.0000137437
       -0.0000003121  -0.0000039941  -0.0000040707   0.0000075775   0.0000159700
       -0.0000128879   0.0000236210  -0.0000150775   0.0000467927  -0.0000384204
        0.0000057191   0.0001231749   0.0000896779  -0.0008334109  -0.0000221085
        0.0000041025   0.0000276951   0.0000586955   0.0000609438  -0.0002000278
       -0.0058601193   0.0002517229   0.0004276546   0.0050133191  -0.0180716702
       -0.0357837277  -0.0025564668  -0.0022734364   0.0005508793  -0.0008388761
       -0.0013079910   0.0091716610
       -0.0000328763  -0.0000042357   0.0000939758   0.0000296736   0.0001447579
       -0.0000573805  -0.0047434966   0.0029238688  -0.0002503890  -0.0002289399
       -0.0037281293  -0.0005524315   0.0024042841   0.0020108436   0.0004803687
       -0.0076906324   0.0029493453  -0.0012996534  -0.0141002336   0.0302773001
        0.0017526562   0.0071861941  -0.0103892358   0.0002722117  -0.0519386378
       -0.0120541204  -0.0079823279  -0.1753737152  -0.1347321526  -0.0315072148
        0.6530638436  -0.0443391074   0.0612749979  -0.1270476631   0.1288212930
        0.0047539450  -0.0000572261   0.0000009568  -0.0001074027   0.0000638062
        0.0000647005  -0.0000176159   0.0000102225  -0.0000101676  -0.0000587869
        0.0000742976   0.0000523721   0.0001377616   0.0000721489   0.0000979019
        0.0001525002   0.0001343333  -0.0001035717   0.0000123050  -0.0003629528
        0.0000959413   0.0000752174  -0.0001486875  -0.0002622976  -0.0000387373
       -0.0054104772   0.0008778814  -0.0017371091   0.0057650731   0.0067446835
        0.0014429616  -0.2870413337   0.0490516429  -0.0252487664   0.0053729950
       -0.0184904708  -0.0015910857
        0.0000478519  -0.0001793304   0.0000976318  -0.0000201234   0.0001557977
        0.0000193296  -0.0141894792   0.0098975724  -0.0006323200  -0.0041334725
       -0.0169898813  -0.0026499815   0.0190389171   0.0055463185   0.0028642935
       -0.0152371242   0.0193620895  -0.0002806782   0.0762169880  -0.0224983162
        0.0066669479   0.0086597607  -0.0452278648  -0.0036822486  -0.0656823991
        0.0386656776  -0.0034279325  -0.0578282591  -0.2044581943  -0.0258254325
       -0.0443391074   0.6648192412   0.0590518751   0.0578359538  -0.3461445756
       -0.0278658728  -0.0000725913   0.0000710942  -0.0000822095   0.0000031392
        0.0000223230   0.0000065229  -0.0000156562  -0.0000172884  -0.0000453833
       -0.0000450638  -0.0000124817   0.0001116365   0.0001136816   0.0001353865
        0.0000780725  -0.0000312346  -0.0000595015  -0.0000252465   0.0001217293
        0.0000718484   0.0001430377  -0.0003033252   0.0002260406   0.0000308804
        0.0017073028   0.0011647915  -0.0007558509  -0.0169243870  -0.0248037731
       -0.0051006785   0.0492606575  -0.0538603758   0.0037732146   0.0058162411
       -0.0258865978  -0.0024696077
        0.0000335627   0.0000705165   0.0001087302   0.0000076060  -0.0001554262
       -0.0003741487  -0.0021788084   0.0017042291  -0.0001994903  -0.0006144706
       -0.0026856751   0.0001291547   0.0026406288   0.0009282933   0.0007571453
       -0.0035483724   0.0020899378   0.0057489294   0.0071076540   0.0007513788
        0.0019645349   0.0026655911  -0.0057628313  -0.0060614725  -0.0143899993
        0.0028108430  -0.0003400193  -0.0222468804  -0.0350240757  -0.0560549706
        0.0612749979   0.0590518751   0.1281087086  -0.0036361517  -0.0192469639
       -0.0459777624  -0.0000282415   0.0000036241  -0.0000549341   0.0000196068
        0.0000361458  -0.0000242543  -0.0000195757   0.0000083465  -0.0000121093
        0.0000251266  -0.0000452149   0.0000039416  -0.0001690362   0.0000956838
        0.0000123536   0.0000162399  -0.0000176721   0.0000167899   0.0000788629
        0.0001250250  -0.0008808022  -0.0000388793   0.0000103033  -0.0001364237
       -0.0015097663  -0.0008721866   0.0091926308  -0.0014918509  -0.0022957292
        0.0007504914  -0.0252220189   0.0037513647  -0.0370255622   0.0012241748
       -0.0053317917   0.0003485390
        0.0000642425  -0.0000461407   0.0001134709  -0.0009149023   0.0002674789
       -0.0001468774  -0.0106111857   0.0038902818  -0.0016141771  -0.0048836115
       -0.0144257243  -0.0023315064   0.0203883146   0.0071499508   0.0025798453
       -0.0373320245   0.0359722794  -0.0004268294  -0.2733390652   0.0384240177
       -0.0222375000  -0.0286099859  -0.0432033969  -0.0087177670  -0.0303934477
        0.0250001367  -0.0002471185   0.0485930022   0.0037321082   0.0061999065
       -0.1270476631   0.0578359538  -0.0036361517   0.6047240242  -0.0180022135
        0.0574707715  -0.0000694026   0.0000339068  -0.0000862507   0.0000895998
        0.0000899195  -0.0000366156  -0.0000386637  -0.0000444534  -0.0000708353
       -0.0001408310  -0.0001493991   0.0000721598   0.0001427593   0.0002559078
        0.0001814558   0.0001341778  -0.0002069485   0.0001697585  -0.0002892468
       -0.0000555435  -0.0000335341   0.0011269432  -0.0020237674   0.0001144091
       -0.0000044478   0.0007163292   0.0001337828  -0.0017484232  -0.0037593971
       -0.0013864264  -0.0135641177   0.0288777617   0.0016356602  -0.1462760448
       -0.1203290477  -0.0276996307
        0.0000090111   0.0000688107   0.0000101117  -0.0010713010   0.0001860370
       -0.0001832585   0.0037172926  -0.0086822739  -0.0011775383   0.0033135059
        0.0098981329   0.0016176467  -0.0113401453  -0.0091597984  -0.0030981102
        0.0444767208  -0.0262600650   0.0022043977   0.0053547215  -0.0765249375
       -0.0023514881  -0.0212811238   0.0322453474   0.0011654219   0.0319584454
       -0.0211056204   0.0017942046  -0.0498540208  -0.0629062406  -0.0135770053
        0.1288212930  -0.3461445756  -0.0192469639  -0.0180022135   0.7063639336
        0.0664744762   0.0000013383  -0.0000243697  -0.0000049672   0.0000453183
        0.0000287059  -0.0000120029   0.0000055460   0.0000025017   0.0000132932
       -0.0002291185  -0.0001573710  -0.0000959089   0.0000255030   0.0000332053
        0.0000589286  -0.0000268999   0.0000294115   0.0001748221   0.0014814750
       -0.0005730405   0.0000711502   0.0019144605   0.0005304958   0.0004998593
        0.0006633085   0.0003390244   0.0001077116  -0.0032039737  -0.0030472113
       -0.0015336099   0.0049045935  -0.0076093749  -0.0003588381  -0.1216837371
       -0.1875307272  -0.0325523326
        0.0000330026   0.0000126988   0.0000129303  -0.0002473378   0.0001060323
       -0.0002005020  -0.0016131490  -0.0013036407   0.0059131225  -0.0002171461
       -0.0005918011  -0.0001804903   0.0004821829  -0.0008823461   0.0056918678
        0.0006136730   0.0011982042   0.0009388007  -0.0262913476   0.0017127849
       -0.0547728707  -0.0060142854  -0.0015157581   0.0000570235   0.0005289065
        0.0009411031  -0.0034267272  -0.0001421396  -0.0070935591   0.0002831427
        0.0047539450  -0.0278658728  -0.0459777624   0.0574707715   0.0664744762
        0.1288121185  -0.0000084744  -0.0000102487  -0.0000028556   0.0000314645
        0.0000209789  -0.0000116843  -0.0000136551  -0.0000072167  -0.0000020791
       -0.0000206302  -0.0000213151  -0.0000612117   0.0000193680   0.0000466522
        0.0000319837   0.0001754601   0.0001338626  -0.0013398252   0.0001170832
       -0.0001041997   0.0002163974   0.0005804883   0.0000362753  -0.0017896208
        0.0000935725   0.0001403321  -0.0000700754  -0.0013476761  -0.0015620837
        0.0057945853  -0.0011641086   0.0025820222   0.0007578677  -0.0278199681
       -0.0324473812  -0.0406741353
       -0.2071116040   0.0808905764  -0.0794228503   0.0045270756  -0.0010883234
        0.0000668243   0.0007982168   0.0000884239   0.0003422795  -0.0002136983
       -0.0000105015  -0.0000487250   0.0000365992  -0.0000384939  -0.0000060146
        0.0000180065  -0.0000202088   0.0000144351   0.0000684085   0.0000352520
       -0.0000764889   0.0002367098  -0.0003067680   0.0001928488  -0.0003609330
       -0.0000457213   0.0004040992  -0.0001607306   0.0000811717  -0.0000875721
       -0.0000572261  -0.0000725913  -0.0000282415  -0.0000694026   0.0000013383
       -0.0000084744   0.2381953264  -0.0943046337   0.0909133502  -0.0235549749
        0.0077320409  -0.0101324584  -0.0133681872   0.0079546662  -0.0039143162
        0.0010061582  -0.0007640598   0.0010258112   0.0002303995  -0.0002009600
       -0.0000350611  -0.0000026316  -0.0000812083   0.0000265961  -0.0000177955
       -0.0000042783  -0.0000089876   0.0000106649   0.0000169094   0.0000054450
       -0.0002230050   0.0000888763   0.0007874990  -0.0000040498   0.0000204277
       -0.0000243335   0.0000163704   0.0000144748   0.0000026030   0.0000003027
        0.0000135910   0.0000117319
        0.0807166638  -0.0845503844   0.0374454716   0.0106644685  -0.0073048114
        0.0086529093   0.0009354859  -0.0000068197   0.0001744022   0.0001332684
       -0.0002718492  -0.0000329100   0.0000949271   0.0000591330   0.0000048505
       -0.0000982145   0.0000178394  -0.0000349260  -0.0000850818  -0.0002123913
       -0.0000191670  -0.0001427742  -0.0001104675   0.0000420856   0.0000043184
        0.0001937052  -0.0001458593  -0.0001063874   0.0000434945  -0.0000057388
        0.0000009568   0.0000710942   0.0000036241   0.0000339068  -0.0000243697
       -0.0000102487  -0.0943046337   0.0953342897  -0.0465605564  -0.0197476911
        0.0084233276  -0.0089823831   0.0225554367  -0.0118922987   0.0069885171
       -0.0006229057  -0.0008760146   0.0032862628  -0.0001622945   0.0005003558
       -0.0007106639  -0.0001140738   0.0001795223  -0.0000305165   0.0000001902
        0.0000509747   0.0000077130  -0.0000081542   0.0000325702   0.0000044330
        0.0000880815   0.0003830316  -0.0001008224   0.0000951308  -0.0000358927
        0.0000077838   0.0000279921  -0.0000036841   0.0000064755   0.0000413837
       -0.0000003549   0.0000092637
       -0.0793635144   0.0374664140  -0.0812101748  -0.0211508237   0.0139841045
       -0.0148450812  -0.0006002080  -0.0004674987   0.0007432239   0.0000515333
        0.0002326401   0.0001023677  -0.0001748332  -0.0001592988  -0.0000570346
        0.0001143223  -0.0000926358   0.0000025133   0.0000815147   0.0000929205
       -0.0000701787  -0.0002597964   0.0001341765  -0.0000492344   0.0004482726
        0.0006381493   0.0004320515  -0.0000229215  -0.0002291457  -0.0000214106
       -0.0001074027  -0.0000822095  -0.0000549341  -0.0000862507  -0.0000049672
       -0.0000028556   0.0909133502  -0.0465605564   0.0954921522  -0.0074646754
        0.0016884850  -0.0021471308   0.0165586217  -0.0088858100   0.0074295456
        0.0009617845   0.0032289146  -0.0054759920  -0.0005934543  -0.0000871621
        0.0007004401   0.0000998483  -0.0001363714  -0.0000357537   0.0000031127
       -0.0000339484  -0.0000075821   0.0000049127  -0.0000370470   0.0000007430
        0.0006961555  -0.0006044401  -0.0008988550  -0.0000186307  -0.0000194507
        0.0000003699  -0.0000640684  -0.0000399164  -0.0000176485  -0.0000268492
       -0.0000253464  -0.0000095412
       -0.1572997902  -0.1158291496  -0.0265282605  -0.0060684572  -0.0072863669
        0.0012396507   0.0001186896  -0.0011606755   0.0021245241  -0.0002590555
        0.0000614624   0.0000628155  -0.0000671110   0.0000217845  -0.0001877199
        0.0001056882  -0.0000063804   0.0000234103   0.0000884841   0.0001452568
       -0.0001091867   0.0000785454  -0.0000258643   0.0000526040  -0.0000460602
       -0.0001456600   0.0000903315   0.0000558937  -0.0000338454   0.0000137437
        0.0000638062   0.0000031392   0.0000196068   0.0000895998   0.0000453183
        0.0000314645  -0.0235549749  -0.0197476911  -0.0074646754   0.1792242259
        0.1364940501   0.0293236587   0.0073185910   0.0072355452   0.0015959317
        0.0006000779   0.0003806344  -0.0002312294  -0.0000994913   0.0000362983
       -0.0001408878   0.0000131912  -0.0000389680   0.0000571544   0.0000046708
       -0.0000428914  -0.0000168817  -0.0000243945  -0.0000288393   0.0000338451
       -0.0002627919  -0.0001102640   0.0000244494  -0.0000317120   0.0000290601
       -0.0000021529  -0.0000214886   0.0000198676  -0.0000059379  -0.0000261367
       -0.0000158212  -0.0000062580
       -0.1158727917  -0.1649335555  -0.0282510648  -0.0112433233  -0.0117843162
        0.0015388698  -0.0007522598  -0.0012349234   0.0033290076  -0.0003798017
       -0.0000670638   0.0000698821   0.0000828481   0.0001636638  -0.0002620127
        0.0000203785   0.0000724668   0.0000178237   0.0000115960  -0.0000359636
       -0.0001906571   0.0000647363  -0.0002831186   0.0000371897   0.0000020381
       -0.0001332127  -0.0000173005   0.0000186152   0.0000036084  -0.0000003121
        0.0000647005   0.0000223230   0.0000361458   0.0000899195   0.0000287059
        0.0000209789   0.0077320409   0.0084233276   0.0016884850   0.1364940501
        0.1894268773   0.0300216118  -0.0163853863  -0.0203529494  -0.0074890874
        0.0000027350  -0.0001222400  -0.0003083487   0.0002983285   0.0007166108
       -0.0003838400  -0.0000506028   0.0000052308   0.0000757838   0.0000009671
       -0.0000342463   0.0000059309  -0.0000305241  -0.0000273391   0.0000588167
       -0.0001063824   0.0000911529   0.0000387180  -0.0000145137   0.0000492588
       -0.0000101218  -0.0000267143   0.0000225041  -0.0000016036  -0.0000206537
       -0.0000168016  -0.0000248953
       -0.0261822366  -0.0279479030  -0.0477915998   0.0187262280   0.0201315656
       -0.0000277350   0.0010109255   0.0023877853  -0.0043016541   0.0004821009
        0.0005928108   0.0002201463  -0.0000647280   0.0000335226   0.0004543915
        0.0000007705   0.0000088238   0.0000094307   0.0000528756  -0.0000141796
        0.0002413856   0.0002737294   0.0003115733   0.0000804680   0.0000352187
        0.0000815144  -0.0000043527   0.0000407658  -0.0000146607  -0.0000039941
       -0.0000176159   0.0000065229  -0.0000242543  -0.0000366156  -0.0000120029
       -0.0000116843  -0.0101324584  -0.0089823831  -0.0021471308   0.0293236587
        0.0300216118   0.0565851109  -0.0138998687  -0.0166691003  -0.0044439067
        0.0002400119  -0.0000597175   0.0006467336   0.0001639744   0.0002153114
        0.0007743107   0.0000004187  -0.0000298826  -0.0001790987   0.0000163433
        0.0000339386  -0.0000109064   0.0000114499   0.0000036614  -0.0000961756
       -0.0000234120  -0.0000734845  -0.0000028056  -0.0000117128  -0.0000101008
        0.0000099962  -0.0000061918  -0.0000130478  -0.0000005486  -0.0000036317
       -0.0000021791   0.0000238732
       -0.0775592556   0.0602808627   0.0546439438  -0.0030953251   0.0040803541
        0.0068913542  -0.0001595349   0.0006077412   0.0005312496   0.0001870842
       -0.0000620297  -0.0000846798  -0.0000831736  -0.0000752950  -0.0000402426
        0.0000077695  -0.0000558022  -0.0000281085  -0.0000011557   0.0000481767
       -0.0000102928  -0.0003000899   0.0000915983  -0.0000089683   0.0000595489
        0.0001739139   0.0001462315   0.0000008323  -0.0000693933  -0.0000040707
        0.0000102225  -0.0000156562  -0.0000195757  -0.0000386637   0.0000055460
       -0.0000136551  -0.0133681872   0.0225554367   0.0165586217   0.0073185910
       -0.0163853863  -0.0138998687   0.0859437826  -0.0699685751  -0.0654613022
        0.0004652931  -0.0002060909  -0.0007963158   0.0003211396  -0.0008218373
        0.0016952181   0.0001056410  -0.0000154039  -0.0000163190   0.0000327448
        0.0000303008   0.0000140422   0.0000150987   0.0000030677   0.0000064169
        0.0000825364  -0.0001320974  -0.0001140408   0.0000438541  -0.0000339232
        0.0000102790  -0.0000019075  -0.0000179668  -0.0000031096   0.0000131545
       -0.0000175410   0.0000031926
        0.0603658557  -0.1564918285  -0.1045089043  -0.0043261316   0.0082131566
        0.0071557490   0.0000158646   0.0008954603   0.0005817975   0.0000094085
        0.0002249089   0.0000198172  -0.0000087734  -0.0000353831  -0.0000609332
        0.0000032356  -0.0000094928   0.0000018019   0.0000241909   0.0000633009
        0.0000083231   0.0001054486  -0.0000237489  -0.0000259557  -0.0001167805
       -0.0001677929  -0.0001342739   0.0000388323   0.0000493253   0.0000075775
       -0.0000101676  -0.0000172884   0.0000083465  -0.0000444534   0.0000025017
       -0.0000072167   0.0079546662  -0.0118922987  -0.0088858100   0.0072355452
       -0.0203529494  -0.0166691003  -0.0699685751   0.1789026680   0.1195629975
       -0.0003379318   0.0005836176   0.0000042546  -0.0009827475   0.0000041925
        0.0027507861   0.0000723348  -0.0000108890   0.0000849130  -0.0000010918
        0.0000051625  -0.0000018983   0.0000263664   0.0000100253   0.0000100381
       -0.0000692698   0.0000261684   0.0000992635  -0.0000191184  -0.0000036626
       -0.0000076480   0.0000240289   0.0000022325   0.0000048258   0.0000092631
        0.0000226139   0.0000012490
        0.0544010637  -0.1045530993  -0.1383902880   0.0121688533  -0.0157485820
       -0.0230037550  -0.0002064108  -0.0008225865   0.0004723275   0.0000584850
       -0.0002465514   0.0001792581   0.0001025259   0.0000669063  -0.0001098410
       -0.0001670832   0.0000085024  -0.0000121108  -0.0000485406  -0.0001235068
       -0.0000698591   0.0003414739  -0.0000760999   0.0000615435  -0.0001442849
       -0.0000129107   0.0001419363   0.0000242517   0.0000602491   0.0000159700
       -0.0000587869  -0.0000453833  -0.0000121093  -0.0000708353   0.0000132932
       -0.0000020791  -0.0039143162   0.0069885171   0.0074295456   0.0015959317
       -0.0074890874  -0.0044439067  -0.0654613022   0.1195629975   0.1630979733
        0.0000092050  -0.0007293615   0.0005986206   0.0017186861   0.0027720263
       -0.0057705235  -0.0002307246   0.0002757102  -0.0000762506  -0.0000516503
       -0.0000226150  -0.0000071101  -0.0000370561   0.0000035836   0.0000143208
       -0.0000085760   0.0000896899  -0.0000966101  -0.0000218398   0.0000049509
       -0.0000105378   0.0000062367   0.0000036634  -0.0000029170  -0.0000053060
        0.0000196942  -0.0000035977
        0.0039822729  -0.0010078320   0.0005264564  -0.2017422156   0.0806575117
       -0.0707177362  -0.0254310524   0.0041083689  -0.0088943194   0.0006236409
        0.0020937361   0.0006137060  -0.0001986316   0.0002277621   0.0003449046
        0.0003311561   0.0001525544   0.0000542474  -0.0010203320   0.0004278654
        0.0001994277  -0.0026289880  -0.0031553571  -0.0014404815   0.0001010608
       -0.0001956071  -0.0000364399   0.0001313705  -0.0001634304  -0.0000128879
        0.0000742976  -0.0000450638   0.0000251266  -0.0001408310  -0.0002291185
       -0.0000206302   0.0010061582  -0.0006229057   0.0009617845   0.0006000779
        0.0000027350   0.0002400119   0.0004652931  -0.0003379318   0.0000092050
        0.2356540893  -0.0899100286   0.0817998908  -0.0127872672   0.0089906834
       -0.0032680088   0.0008456303  -0.0007902050  -0.0003044242   0.0001449246
        0.0000875882   0.0000192485   0.0000711581  -0.0000166876  -0.0000876230
        0.0000536337  -0.0002438455  -0.0000042132   0.0000099537   0.0000093613
       -0.0000190431  -0.0000299192  -0.0000063949  -0.0000047665  -0.0001154808
       -0.0000337586   0.0000165644
        0.0111412947  -0.0070541194   0.0091964121   0.0804698031  -0.0829295105
        0.0320903719  -0.0173649221   0.0063280627  -0.0073104906  -0.0029241358
        0.0003153354  -0.0003483604   0.0001870700   0.0002407282   0.0000190727
       -0.0001068217   0.0001305509  -0.0000282037  -0.0009311849  -0.0000208831
        0.0002061933  -0.0019740588  -0.0028072977  -0.0008565275   0.0001975374
       -0.0003533498   0.0000124350   0.0001035255   0.0001099165   0.0000236210
        0.0000523721  -0.0000124817  -0.0000452149  -0.0001493991  -0.0001573710
       -0.0000213151  -0.0007640598  -0.0008760146   0.0032289146   0.0003806344
       -0.0001222400  -0.0000597175  -0.0002060909   0.0005836176  -0.0007293615
       -0.0899100286   0.0993513168  -0.0412925705   0.0217728909  -0.0120148586
        0.0060577660   0.0000365425  -0.0010846189  -0.0002572698   0.0000342982
        0.0000615046   0.0000215256   0.0000498011   0.0000229333  -0.0000065811
       -0.0000316924   0.0002374794   0.0000433004  -0.0000158239   0.0000115001
        0.0000202652   0.0000221088   0.0000152896   0.0000059538  -0.0000696607
        0.0000245102   0.0000297810
       -0.0212271562   0.0152169953  -0.0157795746  -0.0712962405   0.0313393108
       -0.0738829181  -0.0054536572   0.0018330488  -0.0010309246  -0.0000883633
        0.0005900802   0.0001406685   0.0000455318   0.0000449413   0.0000607718
        0.0001210176  -0.0000167336   0.0000323461  -0.0002581383   0.0002129588
        0.0001173645  -0.0006359845  -0.0007451468   0.0004780440   0.0004626804
       -0.0003412086   0.0001511822   0.0000247987   0.0000498082  -0.0000150775
        0.0001377616   0.0001116365   0.0000039416   0.0000721598  -0.0000959089
       -0.0000612117   0.0010258112   0.0032862628  -0.0054759920  -0.0002312294
       -0.0003083487   0.0006467336  -0.0007963158   0.0000042546   0.0005986206
        0.0817998908  -0.0412925705   0.0875469254   0.0161820416  -0.0093648787
        0.0065920383   0.0002174148  -0.0007352063  -0.0000235526   0.0000447257
        0.0000283708  -0.0000055874   0.0000456355   0.0000072955  -0.0000241133
       -0.0001671923   0.0001685676  -0.0000943279   0.0000051878   0.0000110325
        0.0000003355  -0.0000034746   0.0000086408   0.0000067541  -0.0000269052
       -0.0000132024   0.0000175535
       -0.0022269501   0.0040269541   0.0072952173  -0.0702352172   0.0545408575
        0.0474764734   0.0068588547  -0.0139969371  -0.0123151301  -0.0021054666
       -0.0020673148  -0.0006374870   0.0000734517  -0.0008363736   0.0007148356
        0.0001511893  -0.0001239936  -0.0000037725   0.0000950060   0.0000553761
        0.0005211915   0.0002889441   0.0000913317  -0.0001513631  -0.0016406278
       -0.0010593596  -0.0007493850  -0.0001717283   0.0000848389   0.0000467927
        0.0000721489   0.0001136816  -0.0001690362   0.0001427593   0.0000255030
        0.0000193680   0.0002303995  -0.0001622945  -0.0005934543  -0.0000994913
        0.0002983285   0.0001639744   0.0003211396  -0.0009827475   0.0017186861
       -0.0127872672   0.0217728909   0.0161820416   0.0833248230  -0.0629371336
       -0.0582528269   0.0000030219  -0.0001304686  -0.0001713369  -0.0001317856
       -0.0001881198  -0.0000388902   0.0000327386   0.0000550184  -0.0001721732
       -0.0022797632   0.0013398813  -0.0010413342   0.0000090419   0.0000234942
        0.0000621914   0.0000453893   0.0000408525   0.0000186654   0.0000293895
        0.0000157340   0.0000767523
       -0.0040243860   0.0079735548   0.0076589636   0.0563571718  -0.1495128515
       -0.1038696399   0.0030956675  -0.0219171545  -0.0149441620  -0.0030327344
       -0.0026085866  -0.0015044601  -0.0002951640  -0.0011597342   0.0010403685
        0.0002045522   0.0000314645   0.0000377519   0.0000699421  -0.0003304534
        0.0002321637   0.0011483478   0.0000559213   0.0002409127   0.0006514851
        0.0002433878   0.0003084752  -0.0001124235  -0.0000122444  -0.0000384204
        0.0000979019   0.0001353865   0.0000956838   0.0002559078   0.0000332053
        0.0000466522  -0.0002009600   0.0005003558  -0.0000871621   0.0000362983
        0.0007166108   0.0002153114  -0.0008218373   0.0000041925   0.0027720263
        0.0089906834  -0.0120148586  -0.0093648787  -0.0629371336   0.1768156786
        0.1173962483  -0.0003449084   0.0003713429  -0.0003358660  -0.0001648740
       -0.0001938323  -0.0000269754  -0.0000113382   0.0000559350  -0.0001681717
        0.0008841920   0.0007791921   0.0002801203   0.0000925800   0.0000082310
        0.0000084355   0.0000157534   0.0000293582  -0.0000035235   0.0000452760
       -0.0000041018   0.0000101463
        0.0122260305  -0.0160657048  -0.0240558548   0.0479603684  -0.1036675231
       -0.1360530839   0.0012151992  -0.0056950196  -0.0028066514  -0.0007001123
       -0.0007583106  -0.0002139383   0.0002951117  -0.0000115185   0.0003347228
       -0.0000449984   0.0001307518   0.0000218373  -0.0000003362  -0.0001576860
        0.0000722595   0.0004156533   0.0001415747   0.0003271361  -0.0004086771
       -0.0007692007  -0.0000517466   0.0001173991   0.0002551065   0.0000057191
        0.0001525002   0.0000780725   0.0000123536   0.0001814558   0.0000589286
        0.0000319837  -0.0000350611  -0.0007106639   0.0007004401  -0.0001408878
       -0.0003838400   0.0007743107   0.0016952181   0.0027507861  -0.0057705235
       -0.0032680088   0.0060577660   0.0065920383  -0.0582528269   0.1173962483
        0.1600815138  -0.0000944044   0.0000820198  -0.0000829144  -0.0000300801
       -0.0000092076  -0.0000313694   0.0000058401   0.0000463430  -0.0000453181
       -0.0014205213   0.0011375704   0.0001185392   0.0000364202   0.0000210618
        0.0000194486   0.0000583997   0.0000515412   0.0000097685   0.0000363178
        0.0000209040   0.0000093290
       -0.0000368275  -0.0000854466   0.0000427046   0.0008483948  -0.0018179785
        0.0002919116  -0.0143703851   0.0057938680  -0.0012107137  -0.2818189398
        0.0541718940  -0.0229128717  -0.0231429073   0.0026221141  -0.0024668114
       -0.0019055530  -0.0038163652  -0.0013914519   0.0008225710  -0.0001714089
        0.0001050161   0.0003416997   0.0025174906  -0.0007541633  -0.0007412911
       -0.0001948140  -0.0001057246   0.0000330502   0.0001620710   0.0001231749
        0.0001343333  -0.0000312346   0.0000162399   0.0001341778  -0.0000268999
        0.0001754601  -0.0000026316  -0.0001140738   0.0000998483   0.0000131912
       -0.0000506028   0.0000004187   0.0001056410   0.0000723348  -0.0002307246
        0.0008456303   0.0000365425   0.0002174148   0.0000030219  -0.0003449084
       -0.0000944044   0.3190525309  -0.0595710497   0.0278808243   0.0008908134
        0.0005631075   0.0004145659  -0.0011326408   0.0001938725  -0.0001443017
        0.0000134017   0.0000222981  -0.0000106675  -0.0000908961   0.0000709414
       -0.0000063372  -0.0000374902   0.0000208185  -0.0000378994   0.0000411052
       -0.0000225707  -0.0000015077
       -0.0000338707  -0.0000943981  -0.0000823235   0.0020382127   0.0004138569
        0.0008856754   0.0280792217  -0.0085440105   0.0022435972   0.0541646134
       -0.0559053092   0.0037062056  -0.0211313964   0.0036199431  -0.0021304322
       -0.0031817975  -0.0027297709  -0.0014025449  -0.0001672260  -0.0005501894
       -0.0000606379   0.0014670013  -0.0051319513  -0.0014918818   0.0014035927
       -0.0000664281   0.0001592129   0.0001966531  -0.0003024503   0.0000896779
       -0.0001035717  -0.0000595015  -0.0000176721  -0.0002069485   0.0000294115
        0.0001338626  -0.0000812083   0.0001795223  -0.0001363714  -0.0000389680
        0.0000052308  -0.0000298826  -0.0000154039  -0.0000108890   0.0002757102
       -0.0007902050  -0.0010846189  -0.0007352063  -0.0001304686   0.0003713429
        0.0000820198  -0.0595710497   0.0688971467  -0.0015226998  -0.0010307004
        0.0008169001   0.0002150573  -0.0011370410   0.0000818006  -0.0001568473
        0.0000465244   0.0000968719  -0.0000041774   0.0001348111  -0.0000523919
        0.0000063554   0.0000194933   0.0000050071  -0.0000321991   0.0000697321
        0.0000148752   0.0000055019
        0.0003271745   0.0005773482   0.0000847727   0.0010747457   0.0001835142
       -0.0027169782   0.0011253483  -0.0009523143   0.0010303463  -0.0229401609
        0.0038727966  -0.0364125173  -0.0052982108   0.0005846644   0.0005833242
       -0.0013344953  -0.0014517126   0.0057834915   0.0001008616  -0.0000954832
       -0.0002430404  -0.0008579635  -0.0012751751   0.0088404913   0.0000625151
       -0.0000892561   0.0002039579   0.0001450390   0.0000962968  -0.0008334109
        0.0000123050  -0.0000252465   0.0000167899   0.0001697585   0.0001748221
       -0.0013398252   0.0000265961  -0.0000305165  -0.0000357537   0.0000571544
        0.0000757838  -0.0001790987  -0.0000163190   0.0000849130  -0.0000762506
       -0.0003044242  -0.0002572698  -0.0000235526  -0.0001713369  -0.0003358660
       -0.0000829144   0.0278808243  -0.0015226998   0.0268404372   0.0002233945
        0.0003776230  -0.0019399512  -0.0002631997   0.0000307574  -0.0000035621
        0.0000055408   0.0000015546   0.0001974649   0.0000047313   0.0000089141
       -0.0000091347  -0.0000393997  -0.0000288563   0.0002961363   0.0000095205
       -0.0000045921   0.0000187779
       -0.0000559593  -0.0000650667   0.0000065097   0.0001753354  -0.0008827570
       -0.0000841714  -0.0018554257  -0.0030749721  -0.0012878453   0.0056568506
       -0.0169624711  -0.0014640430  -0.0732194408   0.0810329436   0.0047875059
       -0.0124859088   0.0290540601   0.0018165899  -0.0054398228   0.0008130766
       -0.0017070148  -0.0004837060  -0.0003074468  -0.0000600728   0.0000696148
       -0.0001775676   0.0001568656  -0.0000244340  -0.0001343757  -0.0000221085
       -0.0003629528   0.0001217293   0.0000788629  -0.0002892468   0.0014814750
        0.0001170832  -0.0000177955   0.0000001902   0.0000031127   0.0000046708
        0.0000009671   0.0000163433   0.0000327448  -0.0000010918  -0.0000516503
        0.0001449246   0.0000342982   0.0000447257  -0.0001317856  -0.0001648740
       -0.0000300801   0.0008908134  -0.0010307004   0.0002233945   0.0866019038
       -0.0906910364  -0.0030652464   0.0007561783   0.0006656003   0.0005529252
       -0.0000008168   0.0000698834   0.0000028233  -0.0000017975   0.0000265600
       -0.0000333954  -0.0000860472   0.0001385534   0.0000061721   0.0001221031
        0.0000530222  -0.0000072861
       -0.0000548051  -0.0000922091  -0.0000554059   0.0004739105  -0.0011271287
       -0.0000845753  -0.0036823539  -0.0025929183  -0.0013665192   0.0064524726
       -0.0246213821  -0.0022531441   0.0812936602  -0.2686266762  -0.0175852874
        0.0050440983  -0.0085930460  -0.0004792519   0.0017670107   0.0012397684
       -0.0007790264  -0.0003940278   0.0007399476   0.0000719266  -0.0000557840
        0.0001287324   0.0001824568  -0.0000530415   0.0001010839   0.0000041025
        0.0000959413   0.0000718484   0.0001250250  -0.0000555435  -0.0005730405
       -0.0001041997  -0.0000042783   0.0000509747  -0.0000339484  -0.0000428914
       -0.0000342463   0.0000339386   0.0000303008   0.0000051625  -0.0000226150
        0.0000875882   0.0000615046   0.0000283708  -0.0001881198  -0.0001938323
       -0.0000092076   0.0005631075   0.0008169001   0.0003776230  -0.0906910364
        0.3022258239   0.0215875339  -0.0006889745   0.0010438348   0.0004168034
       -0.0000156841   0.0000376927  -0.0000041342   0.0000248928  -0.0000305961
       -0.0000396796   0.0000600731  -0.0000577544   0.0000047571   0.0000334844
        0.0000195561  -0.0000155430
       -0.0000133797   0.0000341454   0.0000467756   0.0002004875  -0.0002702906
       -0.0002061577  -0.0014212526  -0.0014450891   0.0059320542   0.0012656492
       -0.0050058325   0.0008367517   0.0047639466  -0.0175864039  -0.0359731255
       -0.0009392448   0.0023618085   0.0008473218  -0.0016285697  -0.0008822915
        0.0093866293  -0.0000809896   0.0000698240  -0.0002941933   0.0001761607
        0.0001599359  -0.0014114142  -0.0000335973  -0.0000076140   0.0000276951
        0.0000752174   0.0001430377  -0.0008808022  -0.0000335341   0.0000711502
        0.0002163974  -0.0000089876   0.0000077130  -0.0000075821  -0.0000168817
        0.0000059309  -0.0000109064   0.0000140422  -0.0000018983  -0.0000071101
        0.0000192485   0.0000215256  -0.0000055874  -0.0000388902  -0.0000269754
       -0.0000313694   0.0004145659   0.0002150573  -0.0019399512  -0.0030652464
        0.0215875339   0.0260313280   0.0003967578   0.0005825812  -0.0030972213
       -0.0000035212   0.0000049305   0.0000438770  -0.0000348508  -0.0000401356
        0.0003078175   0.0000001288   0.0000138023  -0.0000145374  -0.0000072588
       -0.0000124454   0.0002033106
       -0.0000053626  -0.0000324453  -0.0000198921   0.0000731734  -0.0000105644
        0.0002253268  -0.0000491276   0.0005729144   0.0000727502  -0.0053591950
        0.0020238848  -0.0015236710  -0.0231767751  -0.0226692924  -0.0055232252
       -0.1520323481  -0.1214748605  -0.0286487468   0.0046726548   0.0034398102
        0.0008494277  -0.0000499666   0.0017302530  -0.0004799023   0.0000288939
        0.0004432784   0.0000727044   0.0001632242   0.0000834484   0.0000586955
       -0.0001486875  -0.0003033252  -0.0000388793   0.0011269432   0.0019144605
        0.0005804883   0.0000106649  -0.0000081542   0.0000049127  -0.0000243945
       -0.0000305241   0.0000114499   0.0000150987   0.0000263664  -0.0000370561
        0.0000711581   0.0000498011   0.0000456355   0.0000327386  -0.0000113382
        0.0000058401  -0.0011326408  -0.0011370410  -0.0002631997   0.0007561783
       -0.0006889745   0.0003967578   0.1752274785   0.1357480760   0.0342824808
       -0.0000219609   0.0001022419  -0.0000369647   0.0000120213  -0.0000250732
       -0.0000070253   0.0000142326   0.0000393224  -0.0000173948  -0.0002040018
        0.0002177356  -0.0000105122
       -0.0000113307  -0.0000195336  -0.0000123481   0.0000658383   0.0001229791
        0.0002349310   0.0006561611   0.0001416553   0.0001130400   0.0010633293
        0.0011159800  -0.0008466517   0.0016032236   0.0029535924   0.0004658939
       -0.1227850219  -0.1823716263  -0.0323512990  -0.0181506012  -0.0245676442
       -0.0051971811   0.0028595156  -0.0046477187  -0.0008730687  -0.0011839072
       -0.0009319216  -0.0002331420  -0.0000772719   0.0003174645   0.0000609438
       -0.0002622976   0.0002260406   0.0000103033  -0.0020237674   0.0005304958
        0.0000362753   0.0000169094   0.0000325702  -0.0000370470  -0.0000288393
       -0.0000273391   0.0000036614   0.0000030677   0.0000100253   0.0000035836
       -0.0000166876   0.0000229333   0.0000072955   0.0000550184   0.0000559350
        0.0000463430   0.0001938725   0.0000818006   0.0000307574   0.0006656003
        0.0010438348   0.0005825812   0.1357480760   0.2061861459   0.0378916970
        0.0001642189  -0.0004758663  -0.0000903686   0.0000722323   0.0000571425
        0.0000103605   0.0000194630   0.0001289937  -0.0000081870   0.0013531984
        0.0000140609   0.0001516263
        0.0002293339   0.0003293462   0.0000438185   0.0002421242   0.0000819436
       -0.0018445433   0.0000111558   0.0000901110   0.0001698392  -0.0016438297
       -0.0007167659   0.0090108149  -0.0026080899  -0.0023996599  -0.0000144272
       -0.0288871928  -0.0321796836  -0.0402416784  -0.0017028936  -0.0027232357
        0.0004972071  -0.0002488435  -0.0009218566   0.0054790013  -0.0001371094
       -0.0001681529  -0.0001750394   0.0000368007   0.0000923634  -0.0002000278
       -0.0000387373   0.0000308804  -0.0001364237   0.0001144091   0.0004998593
       -0.0017896208   0.0000054450   0.0000044330   0.0000007430   0.0000338451
        0.0000588167  -0.0000961756   0.0000064169   0.0000100381   0.0000143208
       -0.0000876230  -0.0000065811  -0.0000241133  -0.0001721732  -0.0001681717
       -0.0000453181  -0.0001443017  -0.0001568473  -0.0000035621   0.0005529252
        0.0004168034  -0.0030972213   0.0342824808   0.0378916970   0.0316653263
        0.0000429548  -0.0000776117   0.0003938437   0.0000041026  -0.0000025790
        0.0000228050  -0.0000164094  -0.0000058462   0.0002023787   0.0001252097
        0.0000206992   0.0001680524
       -0.0007344653   0.0002258250   0.0003646759  -0.0019471790   0.0015930973
        0.0003796095   0.0002841235   0.0000687571   0.0002951575  -0.0000684818
       -0.0001692078  -0.0000501143   0.0000910009  -0.0000182363   0.0000142527
        0.0001389714   0.0004131588   0.0000670549  -0.0000166928   0.0021304503
       -0.0007367772   0.0061860048   0.0042441352   0.0011774242  -0.1412444423
       -0.1222984825  -0.0281608393  -0.0235214516  -0.0232853481  -0.0058601193
       -0.0054104772   0.0017073028  -0.0015097663  -0.0000044478   0.0006633085
        0.0000935725  -0.0002230050   0.0000880815   0.0006961555  -0.0002627919
       -0.0001063824  -0.0000234120   0.0000825364  -0.0000692698  -0.0000085760
        0.0000536337  -0.0000316924  -0.0001671923  -0.0022797632   0.0008841920
       -0.0014205213   0.0000134017   0.0000465244   0.0000055408  -0.0000008168
       -0.0000156841  -0.0000035212  -0.0000219609   0.0001642189   0.0000429548
        0.1692664967   0.1356716310   0.0344876660   0.0006677375  -0.0007861687
        0.0003461067  -0.0010777732  -0.0011317883  -0.0002587856   0.0000298422
        0.0000115777   0.0002294537
        0.0001184166   0.0001760047   0.0001113692   0.0002823686  -0.0000395941
       -0.0003321472  -0.0017649795   0.0001344179   0.0001106407  -0.0003332178
        0.0001232703   0.0000006784  -0.0001565843   0.0002181000   0.0000212266
       -0.0011156999  -0.0008572596  -0.0002042212   0.0029902058  -0.0047585225
       -0.0009710753  -0.0170707712  -0.0242628492  -0.0051930713  -0.1232834279
       -0.1957500129  -0.0352516560   0.0009091359   0.0021344944   0.0002517229
        0.0008778814   0.0011647915  -0.0008721866   0.0007163292   0.0003390244
        0.0001403321   0.0000888763   0.0003830316  -0.0006044401  -0.0001102640
        0.0000911529  -0.0000734845  -0.0001320974   0.0000261684   0.0000896899
       -0.0002438455   0.0002374794   0.0001685676   0.0013398813   0.0007791921
        0.0011375704   0.0000222981   0.0000968719   0.0000015546   0.0000698834
        0.0000376927   0.0000049305   0.0001022419  -0.0004758663  -0.0000776117
        0.1356716310   0.2189983179   0.0406253659   0.0008487704   0.0011298785
        0.0006383069   0.0001451255   0.0000494101   0.0000285923   0.0000278419
        0.0000248058   0.0002493459
        0.0003853656  -0.0001918085  -0.0000200467  -0.0004071389   0.0005926912
        0.0007566649  -0.0000540700  -0.0000482033  -0.0018684641  -0.0000249042
        0.0001809439  -0.0002319958  -0.0000406994   0.0000089702  -0.0002490552
       -0.0000760414  -0.0000546224  -0.0002212943  -0.0003676571  -0.0009711746
        0.0056998713  -0.0015382036  -0.0026936207   0.0005230139  -0.0282248363
       -0.0347944199  -0.0406704091  -0.0028777026  -0.0028137359   0.0004276546
       -0.0017371091  -0.0007558509   0.0091926308   0.0001337828   0.0001077116
       -0.0000700754   0.0007874990  -0.0001008224  -0.0008988550   0.0000244494
        0.0000387180  -0.0000028056  -0.0001140408   0.0000992635  -0.0000966101
       -0.0000042132   0.0000433004  -0.0000943279  -0.0010413342   0.0002801203
        0.0001185392  -0.0000106675  -0.0000041774   0.0001974649   0.0000028233
       -0.0000041342   0.0000438770  -0.0000369647  -0.0000903686   0.0003938437
        0.0344876660   0.0406253659   0.0323752543   0.0006026044   0.0004454842
       -0.0032455488  -0.0001141936  -0.0001330081  -0.0000901229   0.0002455861
        0.0002333778  -0.0019692039
       -0.0000230823  -0.0000096318  -0.0000118827   0.0000460407   0.0000095673
        0.0000184813  -0.0001739583   0.0013925005   0.0001134026  -0.0003720499
        0.0000986627   0.0000844657  -0.0000178372  -0.0001291408  -0.0000174782
        0.0000597314  -0.0002003222   0.0001629752  -0.0004807042  -0.0003158449
       -0.0000669399  -0.0053319537   0.0006961462  -0.0017431631  -0.0133688103
        0.0289095434   0.0017738527  -0.0739539151   0.0818622764   0.0050133191
        0.0057650731  -0.0169243870  -0.0014918509  -0.0017484232  -0.0032039737
       -0.0013476761  -0.0000040498   0.0000951308  -0.0000186307  -0.0000317120
       -0.0000145137  -0.0000117128   0.0000438541  -0.0000191184  -0.0000218398
        0.0000099537  -0.0000158239   0.0000051878   0.0000090419   0.0000925800
        0.0000364202  -0.0000908961   0.0001348111   0.0000047313  -0.0000017975
        0.0000248928  -0.0000348508   0.0000120213   0.0000722323   0.0000041026
        0.0006677375   0.0008487704   0.0006026044   0.0879369612  -0.0914996800
       -0.0032067863   0.0008535921  -0.0009358506   0.0002296229   0.0001951825
       -0.0009688271  -0.0000763547
        0.0000194301   0.0000061544   0.0000415406  -0.0000114397  -0.0000362980
       -0.0000706908  -0.0001381632  -0.0005574987  -0.0001236906   0.0001145701
        0.0000958025   0.0001288014  -0.0000534789   0.0000968982   0.0000048219
       -0.0000133522   0.0001373760   0.0001911923  -0.0004500825   0.0008094252
        0.0000665136   0.0016184991   0.0012585248  -0.0007964863   0.0050178312
       -0.0083470860  -0.0004542747   0.0821419049  -0.2672791258  -0.0180716702
        0.0067446835  -0.0248037731  -0.0022957292  -0.0037593971  -0.0030472113
       -0.0015620837   0.0000204277  -0.0000358927  -0.0000194507   0.0000290601
        0.0000492588  -0.0000101008  -0.0000339232  -0.0000036626   0.0000049509
        0.0000093613   0.0000115001   0.0000110325   0.0000234942   0.0000082310
        0.0000210618   0.0000709414  -0.0000523919   0.0000089141   0.0000265600
       -0.0000305961  -0.0000401356  -0.0000250732   0.0000571425  -0.0000025790
       -0.0007861687   0.0011298785   0.0004454842  -0.0914996800   0.3009780319
        0.0222146704   0.0005524307   0.0008205940   0.0003933727   0.0003815643
       -0.0012652816  -0.0000854647
       -0.0000024365  -0.0000572650  -0.0000104052  -0.0000282526   0.0000507726
        0.0002224951  -0.0000253618   0.0000090620   0.0002610380   0.0000760760
        0.0001769650  -0.0008625893  -0.0000690403  -0.0000226995   0.0000004406
        0.0002273740   0.0001224409  -0.0014155177  -0.0001113770   0.0001139095
       -0.0002420058  -0.0016880633  -0.0009221603   0.0092204610  -0.0009078026
        0.0025443458   0.0007284355   0.0048618395  -0.0181655451  -0.0357837277
        0.0014429616  -0.0051006785   0.0007504914  -0.0013864264  -0.0015336099
        0.0057945853  -0.0000243335   0.0000077838   0.0000003699  -0.0000021529
       -0.0000101218   0.0000099962   0.0000102790  -0.0000076480  -0.0000105378
       -0.0000190431   0.0000202652   0.0000003355   0.0000621914   0.0000084355
        0.0000194486  -0.0000063372   0.0000063554  -0.0000091347  -0.0000333954
       -0.0000396796   0.0003078175  -0.0000070253   0.0000103605   0.0000228050
        0.0003461067   0.0006383069  -0.0032455488  -0.0032067863   0.0222146704
        0.0261477643   0.0004158253   0.0002135050  -0.0018548909   0.0000751810
       -0.0002777710  -0.0000521260
       -0.0000109460   0.0000002857   0.0000040461  -0.0000388510   0.0000102261
        0.0000077471   0.0001851557  -0.0000429824   0.0002105760   0.0001057641
       -0.0000741976   0.0000028611   0.0000496258   0.0001587910   0.0001225334
       -0.0007671226  -0.0001274106  -0.0001316767   0.0008071055   0.0025478051
       -0.0007946433   0.0008370411  -0.0002333369   0.0001002408  -0.0018231728
       -0.0036707108  -0.0014494837  -0.0222380462   0.0024427164  -0.0025564668
       -0.2870413337   0.0492606575  -0.0252220189  -0.0135641177   0.0049045935
       -0.0011641086   0.0000163704   0.0000279921  -0.0000640684  -0.0000214886
       -0.0000267143  -0.0000061918  -0.0000019075   0.0000240289   0.0000062367
       -0.0000299192   0.0000221088  -0.0000034746   0.0000453893   0.0000157534
        0.0000583997  -0.0000374902   0.0000194933  -0.0000393997  -0.0000860472
        0.0000600731   0.0000001288   0.0000142326   0.0000194630  -0.0000164094
       -0.0010777732   0.0001451255  -0.0001141936   0.0008535921   0.0005524307
        0.0004158253   0.3227927495  -0.0553818209   0.0301850907   0.0010311896
       -0.0006543706   0.0004484500
        0.0000000548   0.0000172695   0.0000243563  -0.0000145467   0.0000291278
       -0.0000269611  -0.0001944831  -0.0000253774   0.0001541745  -0.0001057096
       -0.0000476292  -0.0000208938   0.0001654169  -0.0003303017   0.0000831069
        0.0014020904  -0.0000882780   0.0001308862   0.0016374527  -0.0049457405
       -0.0015020636  -0.0000564259  -0.0005810002  -0.0000526736  -0.0031799447
       -0.0028400631  -0.0014716014  -0.0211207322   0.0036278350  -0.0022734364
        0.0490516429  -0.0538603758   0.0037513647   0.0288777617  -0.0076093749
        0.0025820222   0.0000144748  -0.0000036841  -0.0000399164   0.0000198676
        0.0000225041  -0.0000130478  -0.0000179668   0.0000022325   0.0000036634
       -0.0000063949   0.0000152896   0.0000086408   0.0000408525   0.0000293582
        0.0000515412   0.0000208185   0.0000050071  -0.0000288563   0.0001385534
       -0.0000577544   0.0000138023   0.0000393224   0.0001289937  -0.0000058462
       -0.0011317883   0.0000494101  -0.0001330081  -0.0009358506   0.0008205940
        0.0002135050  -0.0553818209   0.0648679170  -0.0020042217   0.0007373551
        0.0007740409   0.0005554630
       -0.0000113959  -0.0000047295   0.0000087460   0.0000144145  -0.0000110231
        0.0000317580   0.0001789432   0.0001711576  -0.0014416748   0.0000024557
        0.0000052103   0.0000296634   0.0001226266   0.0000731513  -0.0008497631
        0.0000364875  -0.0000486486   0.0002066657  -0.0008761276  -0.0013628045
        0.0094229227   0.0001203401  -0.0000664477  -0.0002192475  -0.0013448601
       -0.0015259176   0.0057921177  -0.0053501899   0.0005761924   0.0005508793
       -0.0252487664   0.0037732146  -0.0370255622   0.0016356602  -0.0003588381
        0.0007578677   0.0000026030   0.0000064755  -0.0000176485  -0.0000059379
       -0.0000016036  -0.0000005486  -0.0000031096   0.0000048258  -0.0000029170
       -0.0000047665   0.0000059538   0.0000067541   0.0000186654  -0.0000035235
        0.0000097685  -0.0000378994  -0.0000321991   0.0002961363   0.0000061721
        0.0000047571  -0.0000145374  -0.0000173948  -0.0000081870   0.0002023787
       -0.0002587856   0.0000285923  -0.0000901229   0.0002296229   0.0003933727
       -0.0018548909   0.0301850907  -0.0020042217   0.0273382755   0.0006061519
        0.0003852403  -0.0031370206
        0.0000153670  -0.0000035606  -0.0000039536  -0.0003698506   0.0001842538
       -0.0000704836  -0.0008059298  -0.0013756266  -0.0001813678   0.0002969225
       -0.0000599100   0.0000529018   0.0002806831  -0.0002025731   0.0000176541
        0.0005573721  -0.0020929738   0.0000525017  -0.0221213349  -0.0220094532
       -0.0053924908  -0.0051068086   0.0021585273  -0.0010862916   0.0000829313
        0.0007294965   0.0001064734   0.0005994650   0.0019444092  -0.0008388761
        0.0053729950   0.0058162411   0.0012241748  -0.1462760448  -0.1216837371
       -0.0278199681   0.0000003027   0.0000413837  -0.0000268492  -0.0000261367
       -0.0000206537  -0.0000036317   0.0000131545   0.0000092631  -0.0000053060
       -0.0001154808  -0.0000696607  -0.0000269052   0.0000293895   0.0000452760
        0.0000363178   0.0000411052   0.0000697321   0.0000095205   0.0001221031
        0.0000334844  -0.0000072588  -0.0002040018   0.0013531984   0.0001252097
        0.0000298422   0.0000278419   0.0002455861   0.0001951825   0.0003815643
        0.0000751810   0.0010311896   0.0007373551   0.0006061519   0.1663575824
        0.1339861219   0.0329117098
        0.0000353001   0.0000152928  -0.0000088306   0.0000810192   0.0000488133
       -0.0000325078   0.0002890472  -0.0001536426   0.0000690770   0.0000956601
        0.0001355359   0.0000459993  -0.0002086492  -0.0002186283  -0.0000438517
        0.0018675255   0.0011613266   0.0005873196  -0.0004643829   0.0020464748
        0.0000252604   0.0010438555   0.0006070371  -0.0004881731   0.0006341588
        0.0002617471   0.0001243763   0.0028610911  -0.0049622841  -0.0013079910
       -0.0184904708  -0.0258865978  -0.0053317917  -0.1203290477  -0.1875307272
       -0.0324473812   0.0000135910  -0.0000003549  -0.0000253464  -0.0000158212
       -0.0000168016  -0.0000021791  -0.0000175410   0.0000226139   0.0000196942
       -0.0000337586   0.0000245102  -0.0000132024   0.0000157340  -0.0000041018
        0.0000209040  -0.0000225707   0.0000148752  -0.0000045921   0.0000530222
        0.0000195561  -0.0000124454   0.0002177356   0.0000140609   0.0000206992
        0.0000115777   0.0000248058   0.0002333778  -0.0009688271  -0.0012652816
       -0.0002777710  -0.0006543706   0.0007740409   0.0003852403   0.1339861219
        0.2148677294   0.0384641156
       -0.0000773504  -0.0000673203  -0.0000350704  -0.0000612717   0.0000100659
        0.0003979951  -0.0000732960  -0.0001446158  -0.0002900632   0.0000947161
        0.0000745644  -0.0001782712   0.0000052358  -0.0000619849  -0.0001246132
        0.0005269256   0.0000437857  -0.0018855984  -0.0028239935  -0.0024748817
        0.0006361521  -0.0012186835  -0.0004844812   0.0057438753   0.0000279906
        0.0001902215  -0.0001038058  -0.0007054927  -0.0014140030   0.0091716610
       -0.0015910857  -0.0024696077   0.0003485390  -0.0276996307  -0.0325523326
       -0.0406741353   0.0000117319   0.0000092637  -0.0000095412  -0.0000062580
       -0.0000248953   0.0000238732   0.0000031926   0.0000012490  -0.0000035977
        0.0000165644   0.0000297810   0.0000175535   0.0000767523   0.0000101463
        0.0000093290  -0.0000015077   0.0000055019   0.0000187779  -0.0000072861
       -0.0000155430   0.0002033106  -0.0000105122   0.0001516263   0.0001680524
        0.0002294537   0.0002493459  -0.0019692039  -0.0000763547  -0.0000854647
       -0.0000521260   0.0004484500   0.0005554630  -0.0031370206   0.0329117098
        0.0384641156   0.0317239279
