$hessian                                                                        
        0.4764958549   0.0559602363   0.0000052526  -0.1232317207   0.0615378379
        0.0000102097  -0.0399860489   0.0218971569   0.0000045304   0.0014446929
        0.0001318482  -0.0000001748  -0.0007128996   0.0004799460  -0.0000000180
        0.0000698763   0.0000458423  -0.0000000060  -0.0019913785   0.0018310474
       -0.0000002327  -0.0048991890  -0.0023674896   0.0000007248  -0.0440207708
       -0.0147521231   0.0177651844  -0.0440339223  -0.0147881243  -0.0178199215
       -0.2167787336  -0.1100087706   0.0000340164  -0.0018950519   0.0002089989
        0.0000003863   0.0001139904   0.0001829567   0.0000000163   0.0000470052
        0.0000687814  -0.0000000506  -0.0005244774  -0.0001954762  -0.0000000024
       -0.0000972267  -0.0002326683   0.0000000849
        0.0559602363   0.4701004911  -0.0000080894   0.0783657620  -0.1713556574
       -0.0000139109   0.0045777918   0.0136750332   0.0000003237  -0.0035590896
        0.0011060639   0.0000006075   0.0009914168   0.0005581782   0.0000001009
       -0.0002520662   0.0008612078  -0.0000000079  -0.0004270030  -0.0008911342
       -0.0000000484  -0.0005781768  -0.0004944310  -0.0000001989  -0.0150203013
       -0.1050786070   0.0977547251  -0.0150573077  -0.1050879615  -0.0977539800
       -0.1037352070  -0.1031284820   0.0000203453  -0.0013365368  -0.0003990972
        0.0000002117   0.0000221921  -0.0001435954  -0.0000000051  -0.0001058329
        0.0000242884  -0.0000000530   0.0000080081   0.0001108616   0.0000000109
        0.0001461140   0.0001428414  -0.0000000315
        0.0000052526  -0.0000080894   0.4846909147   0.0000127841  -0.0000145693
       -0.0478870054   0.0000032430   0.0000002728  -0.0042616142  -0.0000005246
       -0.0000002960  -0.0017446728   0.0000004848  -0.0000002781   0.0008938056
       -0.0000001629   0.0000002864   0.0000585097   0.0000000072   0.0000000426
        0.0016025039   0.0000000329  -0.0000001589   0.0014428921   0.0184208192
        0.0982802261  -0.1945589973  -0.0184761548  -0.0982784821  -0.1945383341
        0.0000339296   0.0000210790  -0.0448416071   0.0000003744  -0.0000000489
       -0.0003235917  -0.0000000269  -0.0000000102   0.0000654046   0.0000000062
       -0.0000000319  -0.0003894657  -0.0000000523  -0.0000000053  -0.0002393047
       -0.0000000125   0.0000000633   0.0000305623
       -0.1232317207   0.0783657620   0.0000127841   0.4858060003  -0.0420660131
       -0.0000308339  -0.2380844934  -0.0765538145   0.0000057470  -0.0294305677
       -0.0163160021   0.0000023405  -0.0003523505  -0.0015054462   0.0000004019
       -0.0016186528  -0.0020231830   0.0000000866   0.0018068856   0.0035412381
        0.0000012397  -0.0508365317   0.0047684440   0.0000010488  -0.0056085526
        0.0142305736  -0.0083884553  -0.0055999187   0.0142227445   0.0083905220
       -0.0326593839   0.0233385454   0.0000059396   0.0002927603   0.0007832420
       -0.0000003515  -0.0012124855  -0.0005276410  -0.0000000867   0.0002400189
        0.0001114858  -0.0000002816  -0.0010179273   0.0000846251   0.0000000296
        0.0015069198  -0.0004545607  -0.0000001311
        0.0615378379  -0.1713556574  -0.0000145693  -0.0420660131   0.3417083530
        0.0000202021  -0.0497947578  -0.1087741173  -0.0000001795  -0.0421935466
       -0.0143069487   0.0000010920   0.0006332816  -0.0071596882   0.0000005774
       -0.0008331740   0.0008372394  -0.0000001171   0.0028442379  -0.0046639296
        0.0000008869   0.0271011738   0.0091862678  -0.0000010234   0.0232710044
       -0.0292718695   0.0079933031   0.0232689074  -0.0292735241  -0.0080002361
       -0.0038372797   0.0097229274   0.0000004259   0.0010410924   0.0019218473
       -0.0000003687  -0.0019562648  -0.0006268015   0.0000000571   0.0001504150
        0.0000744182  -0.0000000732   0.0013380455   0.0001026358   0.0000000427
       -0.0005049599   0.0018788474  -0.0000000199
        0.0000102097  -0.0000139109  -0.0478870054  -0.0000308339   0.0000202021
        0.0624753650   0.0000103934   0.0000004718  -0.0358776381   0.0000041513
        0.0000018023   0.0052435882  -0.0000005994   0.0000009307   0.0068757045
       -0.0000001007  -0.0000008761  -0.0001665751   0.0000008086   0.0000007645
        0.0048973136  -0.0000001123   0.0000005318   0.0039243180  -0.0196441262
        0.0202523737   0.0026647939   0.0196452885  -0.0202576348   0.0026550691
        0.0000047066  -0.0000039387   0.0011273396   0.0000000651  -0.0000003141
       -0.0015161464   0.0000001287   0.0000000594  -0.0002912847   0.0000000099
       -0.0000001300  -0.0013094028   0.0000000757  -0.0000000192   0.0001153070
       -0.0000000652  -0.0000003125  -0.0029307464
       -0.0399860489   0.0045777918   0.0000032430  -0.2380844934  -0.0497947578
        0.0000103934   0.6163897385   0.0023295185  -0.0000162798  -0.1104654359
       -0.0971361025   0.0000066799  -0.0117096076  -0.0338738587   0.0000021560
        0.0025469949   0.0145248632  -0.0000008524  -0.0532649881   0.0088260750
        0.0000000170  -0.1686184112   0.1397258997  -0.0000037604   0.0023137893
       -0.0014526651   0.0017970746   0.0023143971  -0.0014526877  -0.0017980649
       -0.0047186811   0.0035188188  -0.0000000522   0.0058369076   0.0202677792
       -0.0000011420  -0.0051030720  -0.0011133167   0.0000004196   0.0008086621
        0.0002735363   0.0000001071  -0.0049180536  -0.0013844663   0.0000002220
        0.0066583025  -0.0078364278  -0.0000001608
        0.0218971569   0.0136750332   0.0000002728  -0.0765538145  -0.1087741173
        0.0000004718   0.0023295185   0.6693350875  -0.0000237034  -0.0184845699
       -0.2929191516   0.0000147129  -0.0921578460   0.0073822599   0.0000013166
        0.0142093113  -0.0645783779   0.0000029347   0.0655501821   0.0485354657
       -0.0000043788   0.0668306124  -0.2207006352   0.0000061410   0.0008243080
        0.0005127982   0.0003361942   0.0008241711   0.0005135194  -0.0003364181
        0.0031235407  -0.0027206458  -0.0000005444  -0.0038161985  -0.0248053523
        0.0000009321  -0.0003461110   0.0014315133   0.0000002211   0.0003081203
       -0.0007644856   0.0000001906  -0.0020069405   0.0009362721   0.0000005170
        0.0174685591  -0.0270591837   0.0000011400
        0.0000045304   0.0000003237  -0.0042616142   0.0000057470  -0.0000001795
       -0.0358776381  -0.0000162798  -0.0000237034   0.1308440793   0.0000020897
        0.0000158069  -0.0499373258   0.0000055681  -0.0000000685  -0.0025985396
       -0.0000010577   0.0000032595  -0.0061052970  -0.0000029903  -0.0000030837
       -0.0024560133   0.0000006298   0.0000040652  -0.0516081773  -0.0014935484
        0.0000519842   0.0005172706   0.0014937711  -0.0000510645   0.0005176587
        0.0000018470  -0.0000009395   0.0006059792   0.0000001730   0.0000011735
        0.0005518739   0.0000001970   0.0000004006   0.0083372691  -0.0000000232
        0.0000001080   0.0005954880   0.0000003032   0.0000003766   0.0088435757
       -0.0000009570   0.0000015410   0.0020314107
        0.0014446929  -0.0035590896  -0.0000005246  -0.0294305677  -0.0421935466
        0.0000041513  -0.1104654359  -0.0184845699   0.0000020897   0.6639978193
       -0.0103417805  -0.0000073128  -0.3235994391  -0.0816795526   0.0000087259
       -0.0547127261   0.0680942925  -0.0000028439  -0.0356365560  -0.0355660636
        0.0000024292   0.0499048017  -0.0043794826  -0.0000004854   0.0003028695
        0.0001743741  -0.0001848267   0.0003030430   0.0001742902   0.0001850201
        0.0003121117  -0.0001424109  -0.0000001541  -0.1459005605   0.1268381983
       -0.0000067227  -0.0124602198  -0.0047932996   0.0000006283  -0.0018251997
        0.0031760171  -0.0000000097   0.0001086827  -0.0009023896  -0.0000000962
       -0.0023433159   0.0035850132  -0.0000000686
        0.0001318482   0.0011060639  -0.0000002960  -0.0163160021  -0.0143069487
        0.0000018023  -0.0971361025  -0.2929191516   0.0000158069  -0.0103417805
        0.6592646771  -0.0000337566  -0.0048940611  -0.1016137264   0.0000032327
        0.0093594982   0.0435214311  -0.0000022612  -0.0310690925  -0.0252705703
        0.0000017398   0.0455191544  -0.0558337136   0.0000024123  -0.0000554073
        0.0002162782   0.0005642817  -0.0000555494   0.0002162381  -0.0005641660
        0.0007535525  -0.0007209152  -0.0000001630   0.1267639480  -0.1998243115
        0.0000096807  -0.0286274375  -0.0083437325   0.0000009899   0.0036223294
       -0.0027737094   0.0000004778  -0.0006485218   0.0003799540  -0.0000001098
        0.0029936242  -0.0030978633   0.0000003287
       -0.0000001748   0.0000006075  -0.0017446728   0.0000023405   0.0000010920
        0.0052435882   0.0000066799   0.0000147129  -0.0499373258  -0.0000073128
       -0.0000337566   0.1080741075   0.0000044836   0.0000048159  -0.0440725988
        0.0000003159  -0.0000033189   0.0014602409   0.0000022032   0.0000014812
       -0.0042160630  -0.0000034975   0.0000033199   0.0003684225  -0.0000385733
       -0.0003858955   0.0001009208   0.0000383784   0.0003860184   0.0001010479
       -0.0000000146   0.0000001592   0.0003210140  -0.0000066461   0.0000092605
       -0.0307325843   0.0000018764   0.0000005661   0.0006016296  -0.0000001729
        0.0000005492   0.0075062704   0.0000000587   0.0000000086  -0.0000978347
        0.0000000553   0.0000003794   0.0070238377
       -0.0007128996   0.0009914168   0.0000004848  -0.0003523505   0.0006332816
       -0.0000005994  -0.0117096076  -0.0921578460   0.0000055681  -0.3235994391
       -0.0048940611   0.0000044836   0.6581755027  -0.0024534329  -0.0000075975
       -0.2014265771   0.0820525575  -0.0000028122   0.0545960432   0.0540357638
       -0.0000039783  -0.0567603352   0.0193722461  -0.0000000507  -0.0005986461
        0.0000185839  -0.0000030288  -0.0005990179   0.0000185937   0.0000030646
        0.0001144237   0.0000054132  -0.0000001285  -0.0232781230  -0.0008090073
        0.0000003770  -0.0702933477  -0.0770855884   0.0000045553  -0.0234930556
        0.0219206315  -0.0000008566   0.0003520719  -0.0023651846   0.0000003095
       -0.0004146420   0.0007166323   0.0000002087
        0.0004799460   0.0005581782  -0.0000002781  -0.0015054462  -0.0071596882
        0.0000009307  -0.0338738587   0.0073822599  -0.0000000685  -0.0816795526
       -0.1016137264   0.0000048159  -0.0024534329   0.6743405059  -0.0000316107
        0.1603869051  -0.2321502210   0.0000082537  -0.0062578363  -0.0644777369
        0.0000038068   0.0223228153  -0.0041761785  -0.0000005231   0.0001281176
       -0.0001011859  -0.0001551851   0.0001282091  -0.0001011998   0.0001552199
        0.0000947374   0.0001950167   0.0000000756   0.0231324017   0.0025159479
       -0.0000005366  -0.0769363676  -0.2738082229   0.0000148133  -0.0024174216
        0.0034182560  -0.0000002936  -0.0018990485  -0.0055492882   0.0000006182
        0.0003498321   0.0007272830  -0.0000000387
       -0.0000000180   0.0000001009   0.0008938056   0.0000004019   0.0000005774
        0.0068757045   0.0000021560   0.0000013166  -0.0025985396   0.0000087259
        0.0000032327  -0.0440725988  -0.0000075975  -0.0000316107   0.1164634190
       -0.0000070325   0.0000094965  -0.0470811126  -0.0000003612   0.0000026677
        0.0014253269  -0.0000004572  -0.0000004693  -0.0043305646   0.0004583817
        0.0001851116  -0.0001564352  -0.0004584801  -0.0001851741  -0.0001563539
       -0.0000000429   0.0000000744   0.0000156294  -0.0000010133  -0.0000002061
       -0.0000722239   0.0000048145   0.0000146403  -0.0343469757   0.0000003929
       -0.0000003714  -0.0002286499   0.0000001431   0.0000006729   0.0075597080
       -0.0000000134  -0.0000000595  -0.0001901393
        0.0000698763  -0.0002520662  -0.0000001629  -0.0016186528  -0.0008331740
       -0.0000001007   0.0025469949   0.0142093113  -0.0000010577  -0.0547127261
        0.0093594982   0.0000003159  -0.2014265771   0.1603869051  -0.0000070325
        0.6814088608   0.0011544009  -0.0000050547  -0.1195956204  -0.1116745235
        0.0000065288  -0.0145150315  -0.0333721591   0.0000018702   0.0001152591
        0.0000480621   0.0001361941   0.0001152809   0.0000480583  -0.0001360937
        0.0001398607  -0.0001374160   0.0000001319  -0.0055466127  -0.0011643339
        0.0000002185   0.0057244794  -0.0063429656   0.0000004708  -0.2924452329
       -0.0486257829   0.0000044510   0.0053525834   0.0186738556  -0.0000009772
       -0.0056127421  -0.0014776704   0.0000002982
        0.0000458423   0.0008612078   0.0000002864  -0.0020231830   0.0008372394
       -0.0000008761   0.0145248632  -0.0645783779   0.0000032595   0.0680942925
        0.0435214311  -0.0000033189   0.0820525575  -0.2321502210   0.0000094965
        0.0011544009   0.6507197644  -0.0000271116  -0.0328899374  -0.3026660741
        0.0000119514  -0.0912653466   0.0037870067   0.0000015719  -0.0005586161
        0.0001529084  -0.0002638647  -0.0005587523   0.0001528927   0.0002639886
        0.0001569225   0.0001112015   0.0000000311  -0.0018693888   0.0012913585
        0.0000002717   0.0178906081  -0.0254107862   0.0000009222  -0.0485371685
       -0.0533941903   0.0000015627  -0.0053642650  -0.0246394467   0.0000013842
       -0.0008528293   0.0014040859   0.0000004449
       -0.0000000060  -0.0000000079   0.0000585097   0.0000000866  -0.0000001171
       -0.0001665751  -0.0000008524   0.0000029347  -0.0061052970  -0.0000028439
       -0.0000022612   0.0014602409  -0.0000028122   0.0000082537  -0.0470811126
       -0.0000050547  -0.0000271116   0.1126092789   0.0000022728   0.0000134780
       -0.0476214240   0.0000049481   0.0000002783   0.0016320263   0.0000368404
        0.0000121729  -0.0000120072  -0.0000368145  -0.0000122068  -0.0000120560
        0.0000000039  -0.0000000282  -0.0000222459   0.0000002589   0.0000004397
        0.0078430945  -0.0000010862   0.0000015650   0.0007972654   0.0000045759
        0.0000012819  -0.0324510412   0.0000002090   0.0000009935   0.0008355751
        0.0000002743   0.0000003352   0.0082357680
       -0.0019913785  -0.0004270030   0.0000000072   0.0018068856   0.0028442379
        0.0000008086  -0.0532649881   0.0655501821  -0.0000029903  -0.0356365560
       -0.0310690925   0.0000022032   0.0545960432  -0.0062578363  -0.0000003612
       -0.1195956204  -0.0328899374   0.0000022728   0.6727107186  -0.0093544782
       -0.0000075266  -0.3405177636  -0.0848240327   0.0000089306   0.0005110086
       -0.0002513196   0.0003819126   0.0005110504  -0.0002513077  -0.0003821166
       -0.0002785333   0.0000696408  -0.0000000110   0.0000885311  -0.0009305342
        0.0000001921  -0.0019176387   0.0038480390  -0.0000001315  -0.0126452979
       -0.0283016848   0.0000016112  -0.1529043758   0.1268581705  -0.0000050434
       -0.0114720852  -0.0046130439   0.0000002423
        0.0018310474  -0.0008911342   0.0000000426   0.0035412381  -0.0046639296
        0.0000007645   0.0088260750   0.0485354657  -0.0000030837  -0.0355660636
       -0.0252705703   0.0000014812   0.0540357638  -0.0644777369   0.0000026677
       -0.1116745235  -0.3026660741   0.0000134780  -0.0093544782   0.6633570192
       -0.0000265380  -0.0097594245  -0.1038633512   0.0000033853   0.0003206538
        0.0000494549   0.0000706494   0.0003206540   0.0000495380  -0.0000707872
        0.0001181485  -0.0002739929  -0.0000001698  -0.0005775391   0.0002222509
        0.0000001279   0.0033152350  -0.0032748614   0.0000006375  -0.0041524582
       -0.0070502105   0.0000003414   0.1267315750  -0.1920883730   0.0000060992
       -0.0279559032  -0.0076934946   0.0000009037
       -0.0000002327  -0.0000000484   0.0016025039   0.0000012397   0.0000008869
        0.0048973136   0.0000000170  -0.0000043788  -0.0024560133   0.0000024292
        0.0000017398  -0.0042160630  -0.0000039783   0.0000038068   0.0014253269
        0.0000065288   0.0000119514  -0.0476214240  -0.0000075266  -0.0000265380
        0.1164937800   0.0000045881   0.0000046987  -0.0430273691   0.0002666856
       -0.0001574448  -0.0000020402  -0.0002667239   0.0001573634  -0.0000020014
       -0.0000001660   0.0000001050  -0.0000179358   0.0000000649   0.0000000261
       -0.0001794710  -0.0000000243   0.0000005906   0.0078884445   0.0000003304
        0.0000006750  -0.0000942179  -0.0000048118   0.0000061590  -0.0345928888
        0.0000015798   0.0000004071  -0.0000979445
       -0.0048991890  -0.0005781768   0.0000000329  -0.0508365317   0.0271011738
       -0.0000001123  -0.1686184112   0.0668306124   0.0000006298   0.0499048017
        0.0455191544  -0.0000034975  -0.0567603352   0.0223228153  -0.0000004572
       -0.0145150315  -0.0912653466   0.0000049481  -0.3405177636  -0.0097594245
        0.0000045881   0.6860257091   0.0262450942  -0.0000128276  -0.0008618577
        0.0003347444  -0.0004127739  -0.0008616474   0.0003344221   0.0004130288
       -0.0007621349   0.0012502684   0.0000000730  -0.0000188833  -0.0025856977
        0.0000002473  -0.0003898158   0.0006354380  -0.0000000785   0.0002989729
       -0.0020424984   0.0000002344  -0.0232916646  -0.0011455559   0.0000007108
       -0.0738962177  -0.0831970230   0.0000052536
       -0.0023674896  -0.0004944310  -0.0000001589   0.0047684440   0.0091862678
        0.0000005318   0.1397258997  -0.2207006352   0.0000040652  -0.0043794826
       -0.0558337136   0.0000033199   0.0193722461  -0.0041761785  -0.0000004693
       -0.0333721591   0.0037870067   0.0000002783  -0.0848240327  -0.1038633512
        0.0000046987   0.0262450942   0.6539394248  -0.0000259975   0.0004035061
       -0.0002803369   0.0001775255   0.0004036842  -0.0002803939  -0.0001776366
       -0.0006088322   0.0002071955   0.0000000937  -0.0019237506  -0.0052717633
        0.0000007272   0.0003849638   0.0008871917   0.0000000047  -0.0024292712
       -0.0051835722   0.0000005729   0.0225958929   0.0028162011  -0.0000004397
       -0.0839947130  -0.2747389116   0.0000128841
        0.0000007248  -0.0000001989   0.0014428921   0.0000010488  -0.0000010234
        0.0039243180  -0.0000037604   0.0000061410  -0.0516081773  -0.0000004854
        0.0000024123   0.0003684225  -0.0000000507  -0.0000005231  -0.0043305646
        0.0000018702   0.0000015719   0.0016320263   0.0000089306   0.0000033853
       -0.0430273691  -0.0000128276  -0.0000259975   0.1097863256   0.0002602284
       -0.0001447946   0.0000116035  -0.0002600440   0.0001447863   0.0000116327
        0.0000000674  -0.0000000266   0.0001133400   0.0000001846   0.0000007762
        0.0071820005  -0.0000000193  -0.0000000655  -0.0001176058   0.0000001609
        0.0000006255   0.0071258160  -0.0000008963  -0.0000001476   0.0004012901
        0.0000048679   0.0000130785  -0.0329159506
       -0.0440207708  -0.0150203013   0.0184208192  -0.0056085526   0.0232710044
       -0.0196441262   0.0023137893   0.0008243080  -0.0014935484   0.0003028695
       -0.0000554073  -0.0000385733  -0.0005986461   0.0001281176   0.0004583817
        0.0001152591  -0.0005586161   0.0000368404   0.0005110086   0.0003206538
        0.0002666856  -0.0008618577   0.0004035061   0.0002602284   0.0523337634
        0.0073878431  -0.0159696164   0.0013691033   0.0007393122  -0.0040023135
       -0.0045397341  -0.0162516302   0.0230596628  -0.0014740524  -0.0009437881
       -0.0011609957   0.0000425579  -0.0000073436  -0.0000101811   0.0000302168
       -0.0000348988  -0.0001255120   0.0000214975  -0.0000207923  -0.0000327119
        0.0000635482  -0.0001819677  -0.0000250396
       -0.0147521231  -0.1050786070   0.0982802261   0.0142305736  -0.0292718695
        0.0202523737  -0.0014526651   0.0005127982   0.0000519842   0.0001743741
        0.0002162782  -0.0003858955   0.0000185839  -0.0001011859   0.0001851116
        0.0000480621   0.0001529084   0.0000121729  -0.0002513196   0.0000494549
       -0.0001574448   0.0003347444  -0.0002803369  -0.0001447946   0.0073878431
        0.1349702809  -0.1202803237   0.0007346038   0.0086762591  -0.0132239205
       -0.0055729561  -0.0103521326   0.0156859976  -0.0007990474   0.0003158313
       -0.0003059031  -0.0000361416   0.0000310700  -0.0000120485   0.0000229903
        0.0000161755  -0.0000114829  -0.0000066083  -0.0000161667   0.0000185569
       -0.0000809141   0.0001592422   0.0000353905
        0.0177651844   0.0977547251  -0.1945589973  -0.0083884553   0.0079933031
        0.0026647939   0.0017970746   0.0003361942   0.0005172706  -0.0001848267
        0.0005642817   0.0001009208  -0.0000030288  -0.0001551851  -0.0001564352
        0.0001361941  -0.0002638647  -0.0000120072   0.0003819126   0.0000706494
       -0.0000020402  -0.0004127739   0.0001775255   0.0000116035  -0.0159696164
       -0.1202803237   0.2224355464   0.0039910201   0.0132220492  -0.0291159258
        0.0015730056   0.0016998699  -0.0017368352  -0.0008275481  -0.0008930208
       -0.0001542407   0.0000289742  -0.0000341413   0.0000001137   0.0000376721
       -0.0000518036   0.0000254207   0.0000114612  -0.0000049924  -0.0000017819
        0.0000637503  -0.0001352664  -0.0000174064
       -0.0440339223  -0.0150573077  -0.0184761548  -0.0055999187   0.0232689074
        0.0196452885   0.0023143971   0.0008241711   0.0014937711   0.0003030430
       -0.0000555494   0.0000383784  -0.0005990179   0.0001282091  -0.0004584801
        0.0001152809  -0.0005587523  -0.0000368145   0.0005110504   0.0003206540
       -0.0002667239  -0.0008616474   0.0004036842  -0.0002600440   0.0013691033
        0.0007346038   0.0039910201   0.0523458524   0.0074327981   0.0160323128
       -0.0045483788  -0.0162529703  -0.0230576667  -0.0014736984  -0.0009435354
        0.0011616182   0.0000425662  -0.0000073346   0.0000101823   0.0000302151
       -0.0000348356   0.0001255773   0.0000215393  -0.0000207958   0.0000326750
        0.0000635360  -0.0001819465   0.0000250604
       -0.0147881243  -0.1050879615  -0.0982784821   0.0142227445  -0.0292735241
       -0.0202576348  -0.0014526877   0.0005135194  -0.0000510645   0.0001742902
        0.0002162381   0.0003860184   0.0000185937  -0.0001011998  -0.0001851741
        0.0000480583   0.0001528927  -0.0000122068  -0.0002513077   0.0000495380
        0.0001573634   0.0003344221  -0.0002803939   0.0001447863   0.0007393122
        0.0086762591   0.0132220492   0.0074327981   0.1349811813   0.1202815503
       -0.0055782693  -0.0103525878  -0.0156830614  -0.0007990878   0.0003157730
        0.0003062514  -0.0000361488   0.0000310536   0.0000120550   0.0000229875
        0.0000161595   0.0000115105  -0.0000066412  -0.0000161839  -0.0000185594
       -0.0000809397   0.0001592364  -0.0000354015
       -0.0178199215  -0.0977539800  -0.1945383341   0.0083905220  -0.0080002361
        0.0026550691  -0.0017980649  -0.0003364181   0.0005176587   0.0001850201
       -0.0005641660   0.0001010479   0.0000030646   0.0001552199  -0.0001563539
       -0.0001360937   0.0002639886  -0.0000120560  -0.0003821166  -0.0000707872
       -0.0000020014   0.0004130288  -0.0001776366   0.0000116327  -0.0040023135
       -0.0132239205  -0.0291159258   0.0160323128   0.1202815503   0.2224146030
       -0.0015715977  -0.0016932375  -0.0017266436   0.0008280893   0.0008933468
       -0.0001549846  -0.0000289943   0.0000341336   0.0000001077  -0.0000377052
        0.0000518301   0.0000253683  -0.0000114634   0.0000050061  -0.0000017928
       -0.0000637669   0.0001353067  -0.0000173952
       -0.2167787336  -0.1037352070   0.0000339296  -0.0326593839  -0.0038372797
        0.0000047066  -0.0047186811   0.0031235407   0.0000018470   0.0003121117
        0.0007535525  -0.0000000146   0.0001144237   0.0000947374  -0.0000000429
        0.0001398607   0.0001569225   0.0000000039  -0.0002785333   0.0001181485
       -0.0000001660  -0.0007621349  -0.0006088322   0.0000000674  -0.0045397341
       -0.0055729561   0.0015730056  -0.0045483788  -0.0055782693  -0.0015715977
        0.2638768768   0.1149591460  -0.0000418074  -0.0000020173   0.0001643910
       -0.0000000140   0.0000094416  -0.0000104236   0.0000000093  -0.0000353090
       -0.0000023496   0.0000000247  -0.0001048388   0.0000151218   0.0000000034
       -0.0000249697  -0.0000402428   0.0000000451
       -0.1100087706  -0.1031284820   0.0000210790   0.0233385454   0.0097229274
       -0.0000039387   0.0035188188  -0.0027206458  -0.0000009395  -0.0001424109
       -0.0007209152   0.0000001592   0.0000054132   0.0001950167   0.0000000744
       -0.0001374160   0.0001112015  -0.0000000282   0.0000696408  -0.0002739929
        0.0000001050   0.0012502684   0.0002071955  -0.0000000266  -0.0162516302
       -0.0103521326   0.0016998699  -0.0162529703  -0.0103525878  -0.0016932375
        0.1149591460   0.1166686077  -0.0000230373  -0.0003902333   0.0003927076
       -0.0000000277   0.0000216448   0.0000399500   0.0000000205  -0.0000364510
        0.0000346057  -0.0000000198   0.0000724156   0.0000283060  -0.0000000146
       -0.0000160106   0.0001482379  -0.0000000380
        0.0000340164   0.0000203453  -0.0448416071   0.0000059396   0.0000004259
        0.0011273396  -0.0000000522  -0.0000005444   0.0006059792  -0.0000001541
       -0.0000001630   0.0003210140  -0.0000001285   0.0000000756   0.0000156294
        0.0000001319   0.0000000311  -0.0000222459  -0.0000000110  -0.0000001698
       -0.0000179358   0.0000000730   0.0000000937   0.0001133400   0.0230596628
        0.0156859976  -0.0017368352  -0.0230576667  -0.0156830614  -0.0017266436
       -0.0000418074  -0.0000230373   0.0463150709  -0.0000000671  -0.0000000052
       -0.0001751170   0.0000000282  -0.0000000084   0.0000187343  -0.0000000232
       -0.0000000101  -0.0000019352   0.0000000158   0.0000000215  -0.0000166141
        0.0000000423   0.0000000088   0.0000218265
       -0.0018950519  -0.0013365368   0.0000003744   0.0002927603   0.0010410924
        0.0000000651   0.0058369076  -0.0038161985   0.0000001730  -0.1459005605
        0.1267639480  -0.0000066461  -0.0232781230   0.0231324017  -0.0000010133
       -0.0055466127  -0.0018693888   0.0000002589   0.0000885311  -0.0005775391
        0.0000000649  -0.0000188833  -0.0019237506   0.0000001846  -0.0014740524
       -0.0007990474  -0.0008275481  -0.0014736984  -0.0007990878   0.0008280893
       -0.0000020173  -0.0003902333  -0.0000000671   0.1734942538  -0.1407940930
        0.0000062492   0.0007350489   0.0007610986  -0.0000001038  -0.0010873810
        0.0011391203  -0.0000000306   0.0000435336  -0.0000615172  -0.0000000345
        0.0001853450  -0.0004702686  -0.0000000159
        0.0002089989  -0.0003990972  -0.0000000489   0.0007832420   0.0019218473
       -0.0000003141   0.0202677792  -0.0248053523   0.0000011735   0.1268381983
       -0.1998243115   0.0000092605  -0.0008090073   0.0025159479  -0.0000002061
       -0.0011643339   0.0012913585   0.0000004397  -0.0009305342   0.0002222509
        0.0000000261  -0.0025856977  -0.0052717633   0.0000007762  -0.0009437881
        0.0003158313  -0.0008930208  -0.0009435354   0.0003157730   0.0008933468
        0.0001643910   0.0003927076  -0.0000000052  -0.1407940930   0.2232134461
       -0.0000110944  -0.0009576777   0.0011694553  -0.0000002427  -0.0001950502
        0.0000835789   0.0000000317  -0.0000459152   0.0001095542  -0.0000001055
        0.0011070233  -0.0012512265  -0.0000000169
        0.0000003863   0.0000002117  -0.0003235917  -0.0000003515  -0.0000003687
       -0.0015161464  -0.0000011420   0.0000009321   0.0005518739  -0.0000067227
        0.0000096807  -0.0307325843   0.0000003770  -0.0000005366  -0.0000722239
        0.0000002185   0.0000002717   0.0078430945   0.0000001921   0.0000001279
       -0.0001794710   0.0000002473   0.0000007272   0.0071820005  -0.0011609957
       -0.0003059031  -0.0001542407   0.0011616182   0.0003062514  -0.0001549846
       -0.0000000140  -0.0000000277  -0.0001751170   0.0000062492  -0.0000110944
        0.0222972139  -0.0000000091  -0.0000002171  -0.0027831755   0.0000000532
       -0.0000000314   0.0002950334  -0.0000000046  -0.0000000952  -0.0017204475
       -0.0000001022   0.0000000713  -0.0003572336
        0.0001139904   0.0000221921  -0.0000000269  -0.0012124855  -0.0019562648
        0.0000001287  -0.0051030720  -0.0003461110   0.0000001970  -0.0124602198
       -0.0286274375   0.0000018764  -0.0702933477  -0.0769363676   0.0000048145
        0.0057244794   0.0178906081  -0.0000010862  -0.0019176387   0.0033152350
       -0.0000000243  -0.0003898158   0.0003849638  -0.0000000193   0.0000425579
       -0.0000361416   0.0000289742   0.0000425662  -0.0000361488  -0.0000289943
        0.0000094416   0.0000216448   0.0000000282   0.0007350489  -0.0009576777
       -0.0000000091   0.0836096218   0.0853743082  -0.0000056940   0.0008657250
        0.0008627275  -0.0000000867   0.0002192686   0.0009803795  -0.0000000424
        0.0000138799   0.0000440902  -0.0000000358
        0.0001829567  -0.0001435954  -0.0000000102  -0.0005276410  -0.0006268015
        0.0000000594  -0.0011133167   0.0014315133   0.0000004006  -0.0047932996
       -0.0083437325   0.0000005661  -0.0770855884  -0.2738082229   0.0000146403
       -0.0063429656  -0.0254107862   0.0000015650   0.0038480390  -0.0032748614
        0.0000005906   0.0006354380   0.0008871917  -0.0000000655  -0.0000073436
        0.0000310700  -0.0000341413  -0.0000073346   0.0000310536   0.0000341336
       -0.0000104236   0.0000399500  -0.0000000084   0.0007610986   0.0011694553
       -0.0000002171   0.0853743082   0.3083254470  -0.0000172572  -0.0005776232
        0.0008657139  -0.0000002019  -0.0003596981  -0.0013219869   0.0000000506
        0.0000233937   0.0001485922  -0.0000001047
        0.0000000163  -0.0000000051   0.0000654046  -0.0000000867   0.0000000571
       -0.0002912847   0.0000004196   0.0000002211   0.0083372691   0.0000006283
        0.0000009899   0.0006016296   0.0000045553   0.0000148133  -0.0343469757
        0.0000004708   0.0000009222   0.0007972654  -0.0000001315   0.0000006375
        0.0078884445  -0.0000000785   0.0000000047  -0.0001176058  -0.0000101811
       -0.0000120485   0.0000001137   0.0000101823   0.0000120550   0.0000001077
        0.0000000093   0.0000000205   0.0000187343  -0.0000001038  -0.0000002427
       -0.0027831755  -0.0000056940  -0.0000172572   0.0241982256   0.0000000126
       -0.0000001681  -0.0025720420   0.0000000264   0.0000000868  -0.0000861964
       -0.0000000455  -0.0000000866  -0.0017099144
        0.0000470052  -0.0001058329   0.0000000062   0.0002400189   0.0001504150
        0.0000000099   0.0008086621   0.0003081203  -0.0000000232  -0.0018251997
        0.0036223294  -0.0000001729  -0.0234930556  -0.0024174216   0.0000003929
       -0.2924452329  -0.0485371685   0.0000045759  -0.0126452979  -0.0041524582
        0.0000003304   0.0002989729  -0.0024292712   0.0000001609   0.0000302168
        0.0000229903   0.0000376721   0.0000302151   0.0000229875  -0.0000377052
       -0.0000353090  -0.0000364510  -0.0000000232  -0.0010873810  -0.0001950502
        0.0000000532   0.0008657250  -0.0005776232   0.0000000126   0.3288343812
        0.0537160521  -0.0000052585   0.0009465052   0.0006392204  -0.0000000507
       -0.0005702264  -0.0000308380   0.0000000197
        0.0000687814   0.0000242884  -0.0000000319   0.0001114858   0.0000744182
       -0.0000001300   0.0002735363  -0.0007644856   0.0000001080   0.0031760171
       -0.0027737094   0.0000005492   0.0219206315   0.0034182560  -0.0000003714
       -0.0486257829  -0.0533941903   0.0000012819  -0.0283016848  -0.0070502105
        0.0000006750  -0.0020424984  -0.0051835722   0.0000006255  -0.0000348988
        0.0000161755  -0.0000518036  -0.0000348356   0.0000161595   0.0000518301
       -0.0000023496   0.0000346057  -0.0000000101   0.0011391203   0.0000835789
       -0.0000000314   0.0008627275   0.0008657139  -0.0000001681   0.0537160521
        0.0642150924  -0.0000024297  -0.0008100924   0.0007739430  -0.0000001519
       -0.0014162097  -0.0003560634   0.0000000585
       -0.0000000506  -0.0000000530  -0.0003894657  -0.0000002816  -0.0000000732
       -0.0013094028   0.0000001071   0.0000001906   0.0005954880  -0.0000000097
        0.0000004778   0.0075062704  -0.0000008566  -0.0000002936  -0.0002286499
        0.0000044510   0.0000015627  -0.0324510412   0.0000016112   0.0000003414
       -0.0000942179   0.0000002344   0.0000005729   0.0071258160  -0.0001255120
       -0.0000114829   0.0000254207   0.0001255773   0.0000115105   0.0000253683
        0.0000000247  -0.0000000198  -0.0000019352  -0.0000000306   0.0000000317
        0.0002950334  -0.0000000867  -0.0000002019  -0.0025720420  -0.0000052585
       -0.0000024297   0.0236498017   0.0000000000  -0.0000001734  -0.0023984298
        0.0000000806   0.0000000399   0.0002219860
       -0.0005244774   0.0000080081  -0.0000000523  -0.0010179273   0.0013380455
        0.0000000757  -0.0049180536  -0.0020069405   0.0000003032   0.0001086827
       -0.0006485218   0.0000000587   0.0003520719  -0.0018990485   0.0000001431
        0.0053525834  -0.0053642650   0.0000002090  -0.1529043758   0.1267315750
       -0.0000048118  -0.0232916646   0.0225958929  -0.0000008963   0.0000214975
       -0.0000066083   0.0000114612   0.0000215393  -0.0000066412  -0.0000114634
       -0.0001048388   0.0000724156   0.0000000158   0.0000435336  -0.0000459152
       -0.0000000046   0.0002192686  -0.0003596981   0.0000000264   0.0009465052
       -0.0008100924   0.0000000000   0.1748645500  -0.1403373698   0.0000050370
        0.0008311052   0.0007391637  -0.0000001017
       -0.0001954762   0.0001108616  -0.0000000053   0.0000846251   0.0001026358
       -0.0000000192  -0.0013844663   0.0009362721   0.0000003766  -0.0009023896
        0.0003799540   0.0000000086  -0.0023651846  -0.0055492882   0.0000006729
        0.0186738556  -0.0246394467   0.0000009935   0.1268581705  -0.1920883730
        0.0000061590  -0.0011455559   0.0028162011  -0.0000001476  -0.0000207923
       -0.0000161667  -0.0000049924  -0.0000207958  -0.0000161839   0.0000050061
        0.0000151218   0.0000283060   0.0000000215  -0.0000615172   0.0001095542
       -0.0000000952   0.0009803795  -0.0013219869   0.0000000868   0.0006392204
        0.0007739430  -0.0000001734  -0.1403373698   0.2173205686  -0.0000077174
       -0.0008178252   0.0010531491  -0.0000001748
       -0.0000000024   0.0000000109  -0.0002393047   0.0000000296   0.0000000427
        0.0001153070   0.0000002220   0.0000005170   0.0088435757  -0.0000000962
       -0.0000001098  -0.0000978347   0.0000003095   0.0000006182   0.0075597080
       -0.0000009772   0.0000013842   0.0008355751  -0.0000050434   0.0000060992
       -0.0345928888   0.0000007108  -0.0000004397   0.0004012901  -0.0000327119
        0.0000185569  -0.0000017819   0.0000326750  -0.0000185594  -0.0000017928
        0.0000000034  -0.0000000146  -0.0000166141  -0.0000000345  -0.0000001055
       -0.0017204475  -0.0000000424   0.0000000506  -0.0000861964  -0.0000000507
       -0.0000001519  -0.0023984298   0.0000050370  -0.0000077174   0.0243146956
       -0.0000000287  -0.0000001816  -0.0029148609
       -0.0000972267   0.0001461140  -0.0000000125   0.0015069198  -0.0005049599
       -0.0000000652   0.0066583025   0.0174685591  -0.0000009570  -0.0023433159
        0.0029936242   0.0000000553  -0.0004146420   0.0003498321  -0.0000000134
       -0.0056127421  -0.0008528293   0.0000002743  -0.0114720852  -0.0279559032
        0.0000015798  -0.0738962177  -0.0839947130   0.0000048679   0.0000635482
       -0.0000809141   0.0000637503   0.0000635360  -0.0000809397  -0.0000637669
       -0.0000249697  -0.0000160106   0.0000000423   0.0001853450   0.0011070233
       -0.0000001022   0.0000138799   0.0000233937  -0.0000000455  -0.0005702264
       -0.0014162097   0.0000000806   0.0008311052  -0.0008178252  -0.0000000287
        0.0851087891   0.0936317584  -0.0000056592
       -0.0002326683   0.0001428414   0.0000000633  -0.0004545607   0.0018788474
       -0.0000003125  -0.0078364278  -0.0270591837   0.0000015410   0.0035850132
       -0.0030978633   0.0000003794   0.0007166323   0.0007272830  -0.0000000595
       -0.0014776704   0.0014040859   0.0000003352  -0.0046130439  -0.0076934946
        0.0000004071  -0.0831970230  -0.2747389116   0.0000130785  -0.0001819677
        0.0001592422  -0.0001352664  -0.0001819465   0.0001592364   0.0001353067
       -0.0000402428   0.0001482379   0.0000000088  -0.0004702686  -0.0012512265
        0.0000000713   0.0000440902   0.0001485922  -0.0000000866  -0.0000308380
       -0.0003560634   0.0000000399   0.0007391637   0.0010531491  -0.0000001816
        0.0936317584   0.3083752278  -0.0000153245
        0.0000000849  -0.0000000315   0.0000305623  -0.0000001311  -0.0000000199
       -0.0029307464  -0.0000001608   0.0000011400   0.0020314107  -0.0000000686
        0.0000003287   0.0070238377   0.0000002087  -0.0000000387  -0.0001901393
        0.0000002982   0.0000004449   0.0082357680   0.0000002423   0.0000009037
       -0.0000979445   0.0000052536   0.0000128841  -0.0329159506  -0.0000250396
        0.0000353905  -0.0000174064   0.0000250604  -0.0000354015  -0.0000173952
        0.0000000451  -0.0000000380   0.0000218265  -0.0000000159  -0.0000000169
       -0.0003572336  -0.0000000358  -0.0000001047  -0.0017099144   0.0000000197
        0.0000000585   0.0002219860  -0.0000001017  -0.0000001748  -0.0029148609
       -0.0000056592  -0.0000153245   0.0235862002
