           1           2  0.987244164225453     
           2           3   1.05756257097476     
           3           4   1.37971362783612     
           4           5   1.43459479719088     
           5           6   1.44918089418657     
           4           7  0.104085573226429     
           6           7   1.41799611110303     
           3           8   1.34958856998764     
           5           8  0.110713163226538     
           7           8   1.47116982442960     
           1           9  0.976636256033805     
           1          10  0.976636751068608     
           1          11  0.979831581973535     
           4          12  0.966680144222094     
           5          13  0.971426865027100     
           6          14  0.971564438745753     
           7          15  0.970828872373589     
           8          16  0.968600548761283     
