           1           2  0.949140180105284     
           2           3   1.14924644998040     
           2           4  0.179176218883824     
           3           4   1.77118484105529     
           3           5  0.927277036701253     
           5           6   1.04036814150160     
           6           7   2.85166791022206     
           1           8  0.976890630256623     
           1           9  0.976775941020070     
           1          10  0.980933819573263     
           5          11  0.934406423787356     
           5          12  0.940521862157410     
