           1           2   1.00852460059042     
           2           3   1.00858054733005     
           2           4  0.985159572540296     
           4           5   1.00852628759093     
           4           6   1.00857758377108     
           1           7  0.987170346005482     
           1           8  0.985639016845280     
           1           9  0.984764010049302     
           2          10  0.968698289773410     
           3          11  0.984577274839807     
           3          12  0.985672021411428     
           3          13  0.987145794377806     
           4          14  0.968700044158916     
           5          15  0.987170975872393     
           5          16  0.985639170873067     
           5          17  0.984761998242841     
           6          18  0.987145365436911     
           6          19  0.985669077855589     
           6          20  0.984581392204075     
