           1           2   1.00761550034296     
           2           3  0.962633802560596     
           2           4  0.981114636171066     
           4           5   1.00626825660944     
           5           6  0.982868858607755     
           6           7  0.965165318238860     
           2           8  0.972111135622750     
           6           8  0.977813155712234     
           6           9  0.998651948303115     
           1          10  0.985971635599259     
           1          11  0.984384735697364     
           1          12  0.985104075053714     
           4          13  0.983973135101983     
           4          14  0.980940658535912     
           5          15  0.980877515718741     
           5          16  0.982778222006389     
           9          17  0.985457013285540     
           9          18  0.986464568586052     
           9          19  0.986045485321599     
