$hessian                                                                        
        0.5256305107  -0.0196295560   0.0057417944  -0.0908363327  -0.0606643506
       -0.0033060079   0.0053803257   0.0121123479  -0.0001225016  -0.0203614331
       -0.0264764470  -0.0018852615  -0.0042736267   0.0003064763  -0.0015422261
       -0.2789410762   0.0176934297  -0.0369268971  -0.0856548676   0.0545753904
        0.0720273620  -0.0505328727   0.0191570425  -0.0351894230  -0.0007064974
        0.0031591921  -0.0014849288   0.0011332873   0.0018954441   0.0008094945
        0.0004739229  -0.0015837825   0.0006410842  -0.0012369363  -0.0004283781
        0.0014999114  -0.0000744039  -0.0001168088  -0.0002624004
       -0.0196295560   0.4699260995  -0.0010223763  -0.0544301756  -0.1857657368
       -0.0024580072  -0.0065325860  -0.0386633455   0.0003261567  -0.0085362852
       -0.0055832324  -0.0001237654   0.0005591133   0.0009863837  -0.0005926038
        0.0176765341  -0.0444174643   0.0022606889   0.0521880792  -0.1067691678
       -0.0931066245   0.0173167577  -0.0885270987   0.0943429155   0.0021391623
       -0.0029476609   0.0009928445  -0.0017626054   0.0011493375  -0.0004498835
        0.0009872038   0.0005580474   0.0000771614  -0.0001038374  -0.0000188644
        0.0000692138   0.0001281952   0.0000727026  -0.0003157203
        0.0057417944  -0.0010223763   0.4905391106  -0.0056123166  -0.0020990424
       -0.0625584203   0.0014951753   0.0010791088   0.0021464583   0.0005871693
       -0.0018768196   0.0009247898  -0.0014484793  -0.0006777525   0.0013668999
       -0.0370976441   0.0025602627  -0.0510593052   0.0714033535  -0.0956492373
       -0.1687280030  -0.0340669042   0.0979421429  -0.2204976785  -0.0016480208
        0.0004239646   0.0122504202   0.0008355998   0.0001659934  -0.0046612901
       -0.0000975108  -0.0006708652   0.0001060024  -0.0000647825  -0.0001232193
        0.0001280110  -0.0000274341  -0.0000521601   0.0000430048
       -0.0908363327  -0.0544301756  -0.0056123166   0.5933657771  -0.1332352623
        0.0569740666  -0.2063046549   0.1932667717  -0.0209382058  -0.2134204870
        0.0150443423  -0.0304376330  -0.0423372891  -0.0256490283   0.0052474205
       -0.0180820556  -0.0272216824  -0.0015164752   0.0058691268   0.0090205005
       -0.0000817186   0.0028078986   0.0029770249   0.0006870451   0.0069922252
       -0.0103112965  -0.0008704460  -0.0234323943   0.0257272241  -0.0028982015
       -0.0150576926   0.0052320180  -0.0003836905  -0.0001474535  -0.0026577415
       -0.0012533157   0.0005833321   0.0022373051   0.0010834708
       -0.0606643506  -0.1857657368  -0.0020990424  -0.1332352623   0.7238923164
       -0.0387810406   0.2087292672  -0.3901260154   0.0296747608  -0.0184963115
       -0.0704552192   0.0022329239  -0.0172099603   0.0052843964  -0.0036687632
       -0.0037498849  -0.0004263929   0.0001125305  -0.0048254367  -0.0241754041
       -0.0038459502  -0.0051266376  -0.0226691434   0.0049795740   0.0128502999
       -0.0298951566   0.0019260813   0.0020162145  -0.0007732306   0.0014120219
        0.0233624240  -0.0040085250   0.0040181315  -0.0036120213   0.0004492778
        0.0067029780  -0.0000383405  -0.0013311667  -0.0026642055
       -0.0033060079  -0.0024580072  -0.0625584203   0.0569740666  -0.0387810406
        0.1554754246  -0.0236303487   0.0294083473  -0.0366697260  -0.0214793338
        0.0071040811  -0.0619798816   0.0067751482  -0.0033986431   0.0021657103
       -0.0028539568  -0.0045498388   0.0002671217  -0.0085917504  -0.0211679232
       -0.0002822788   0.0100994060   0.0252590841   0.0000738634   0.0012391309
       -0.0008145952  -0.0017467781  -0.0027904429   0.0028702338  -0.0003509912
       -0.0134170749   0.0028488307   0.0002177180   0.0001582374   0.0062483655
        0.0093609339   0.0008229263  -0.0025688943  -0.0039726961
        0.0053803257  -0.0065325860   0.0014951753  -0.2063046549   0.2087292672
       -0.0236303487   0.6377385406  -0.1083916620   0.0699932912  -0.0397609687
        0.0227531516  -0.0033845564   0.0021669954   0.0061851046  -0.0010408968
        0.0011618321  -0.0019374776   0.0002309634  -0.0003233142  -0.0024527840
       -0.0003028233  -0.0004830756  -0.0028322893   0.0005220625  -0.0909910627
       -0.1008300664  -0.0078742721  -0.3027646629  -0.0145738336  -0.0337622078
       -0.0053769434  -0.0002111701  -0.0018230794   0.0003393360  -0.0004879717
       -0.0010212303  -0.0007823476   0.0005823174   0.0005979225
        0.0121123479  -0.0386633455   0.0010791088   0.1932667717  -0.3901260154
        0.0294083473  -0.1083916620   0.7416198279  -0.0186947912   0.0266813430
        0.0034704743   0.0008624447  -0.0065572546  -0.0066332603   0.0013808288
        0.0019100392   0.0009946246   0.0001609690  -0.0012583931  -0.0033233607
        0.0000838498  -0.0008441572  -0.0024443809  -0.0003704279  -0.1021806228
       -0.2615777774  -0.0138025077  -0.0126374202  -0.0445875192  -0.0015016626
       -0.0008139098   0.0011647822   0.0012050927  -0.0002796904  -0.0002696794
       -0.0002866992  -0.0010073916   0.0003756299   0.0004754475
       -0.0001225016   0.0003261567   0.0021464583  -0.0209382058   0.0296747608
       -0.0366697260   0.0699932912  -0.0186947912   0.0989675790  -0.0077597139
        0.0017144495   0.0002262720   0.0021074152   0.0019399880  -0.0003499544
        0.0000913096  -0.0002960495  -0.0002528283  -0.0002088440  -0.0009946623
       -0.0000605060   0.0002345196   0.0005575789  -0.0000333175  -0.0084089712
       -0.0127157200  -0.0310839904  -0.0337355973  -0.0017004415  -0.0339142901
       -0.0015066124   0.0008146213   0.0008505644   0.0001313016  -0.0002769270
        0.0000261721   0.0001226090  -0.0003489638   0.0001475667
       -0.0203614331  -0.0085362852   0.0005871693  -0.2134204870  -0.0184963115
       -0.0214793338  -0.0397609687   0.0266813430  -0.0077597139   0.6187527525
        0.1402644524  -0.0086643490  -0.2465024431  -0.1964968374   0.0796300372
       -0.0013830345  -0.0022586216  -0.0004401240  -0.0002836593   0.0011414407
        0.0004271274  -0.0000104392   0.0006250511  -0.0006821110   0.0003287788
       -0.0013171238   0.0016698789  -0.0007503954   0.0018028958  -0.0019713770
       -0.0795141784   0.0748350511  -0.0469866234  -0.0247525611  -0.0234082265
        0.0099659428   0.0076580684   0.0051631720  -0.0042965235
       -0.0264764470  -0.0055832324  -0.0018768196   0.0150443423  -0.0704552192
        0.0071040811   0.0227531516   0.0034704743   0.0017144495   0.1402644524
        0.6283135895  -0.2311271135  -0.2126236786  -0.3182893355   0.1242649370
       -0.0032590479  -0.0048962312  -0.0001614703  -0.0011813627   0.0003779139
       -0.0000066700  -0.0011638254  -0.0000948808  -0.0002183861   0.0002889747
        0.0004418223   0.0007245823   0.0032373342  -0.0036423245  -0.0001383670
        0.0779369284  -0.2045924835   0.0895036164  -0.0011491198  -0.0009358209
       -0.0009061452  -0.0136717021  -0.0241142720   0.0111233052
       -0.0018852615  -0.0001237654   0.0009247898  -0.0304376330   0.0022329239
       -0.0619798816  -0.0033845564   0.0008624447   0.0002262720  -0.0086643490
       -0.2311271135   0.2289427951   0.0847123915   0.1244666653  -0.0867446645
       -0.0003539440  -0.0000843766   0.0013585750  -0.0000208629   0.0002454812
        0.0006862148   0.0002926599   0.0001349691   0.0001348019   0.0006967257
        0.0002205910  -0.0048916834  -0.0017887358   0.0005478406   0.0120024137
       -0.0453721656   0.0916509453  -0.0861583245  -0.0022704721  -0.0023512909
        0.0013920991   0.0084762034   0.0133246851  -0.0058934075
       -0.0042736267   0.0005591133  -0.0014484793  -0.0423372891  -0.0172099603
        0.0067751482   0.0021669954  -0.0065572546   0.0021074152  -0.2465024431
       -0.2126236786   0.0847123915   0.6628477111   0.1391878763  -0.0007890069
       -0.0005742914  -0.0013672343  -0.0001463634   0.0000771886  -0.0000629067
       -0.0001173551   0.0000952546   0.0002155629   0.0000130645  -0.0009074554
       -0.0002059061   0.0006931856   0.0003892234  -0.0001868937  -0.0011554984
        0.0054132411   0.0066943471  -0.0012501042  -0.3003631633   0.0189916196
       -0.0445699242  -0.0760313450   0.0725653152  -0.0448244735
        0.0003064763   0.0009863837  -0.0006777525  -0.0256490283   0.0052843964
       -0.0033986431   0.0061851046  -0.0066332603   0.0019399880  -0.1964968374
       -0.3182893355   0.1244666653   0.1391878763   0.5978676507  -0.2505844409
        0.0000363470   0.0000298117  -0.0000994103   0.0001854328  -0.0001274939
        0.0000571704   0.0002748638   0.0001244430  -0.0000899088   0.0010856676
        0.0002190105  -0.0005868891   0.0003902222   0.0000664429   0.0002629239
       -0.0155222144  -0.0246683192   0.0128892669   0.0168724629  -0.0422934757
        0.0084339439   0.0731436265  -0.2125662544   0.1073870862
       -0.0015422261  -0.0005926038   0.0013668999   0.0052474205  -0.0036687632
        0.0021657103  -0.0010408968   0.0013808288  -0.0003499544   0.0796300372
        0.1242649370  -0.0867446645  -0.0007890069  -0.2505844409   0.2261161318
       -0.0002465646  -0.0002066351   0.0001096571  -0.0000065889   0.0003588927
        0.0000145068  -0.0000786529  -0.0001917791   0.0001088846  -0.0003806820
        0.0002548999   0.0003957263  -0.0000491211   0.0002072707  -0.0003054034
        0.0084403681   0.0135855295  -0.0059653833  -0.0432998080   0.0087214064
       -0.0405314667  -0.0458842786   0.1064704569  -0.0963806444
       -0.2789410762   0.0176765341  -0.0370976441  -0.0180820556  -0.0037498849
       -0.0028539568   0.0011618321   0.0019100392   0.0000913096  -0.0013830345
       -0.0032590479  -0.0003539440  -0.0005742914   0.0000363470  -0.0002465646
        0.3234555856  -0.0184938562   0.0436837345  -0.0180053775   0.0036864321
       -0.0004404242  -0.0089093319   0.0022856650  -0.0034814887   0.0001589219
        0.0006514461   0.0000582267   0.0008623505  -0.0003090508   0.0001249706
        0.0004330076  -0.0002969909   0.0002189794  -0.0001347347  -0.0000801191
        0.0002717389  -0.0000417959  -0.0000575137   0.0000250627
        0.0176934297  -0.0444174643   0.0025602627  -0.0272216824  -0.0004263929
       -0.0045498388  -0.0019374776   0.0009946246  -0.0002960495  -0.0022586216
       -0.0048962312  -0.0000843766  -0.0013672343   0.0000298117  -0.0002066351
       -0.0184938562   0.0523628234  -0.0029421883   0.0179704460  -0.0017071749
        0.0015911712   0.0151100291  -0.0012166333   0.0035429434   0.0001525673
        0.0004617322   0.0000247884   0.0006093204  -0.0010327801   0.0000902498
        0.0000489257  -0.0001997664   0.0000334268  -0.0003075114  -0.0000530145
        0.0003700960   0.0000016653   0.0001004658  -0.0001338500
       -0.0369268971   0.0022606889  -0.0510593052  -0.0015164752   0.0001125305
        0.0002671217   0.0002309634   0.0001609690  -0.0002528283  -0.0004401240
       -0.0001614703   0.0013585750  -0.0001463634  -0.0000994103   0.0001096571
        0.0436837345  -0.0029421883   0.0539174299   0.0244499268  -0.0033444838
        0.0026323775  -0.0296369644   0.0041852059  -0.0069055935   0.0000239261
        0.0000648428  -0.0000015656   0.0001161735  -0.0000515691  -0.0000091136
        0.0001642590  -0.0000704759  -0.0000232112  -0.0000048734  -0.0001024999
       -0.0000991925   0.0000027143  -0.0000121394   0.0000656486
       -0.0856548676   0.0521880792   0.0714033535   0.0058691268  -0.0048254367
       -0.0085917504  -0.0003233142  -0.0012583931  -0.0002088440  -0.0002836593
       -0.0011813627  -0.0000208629   0.0000771886   0.0001854328  -0.0000065889
       -0.0180053775   0.0179704460   0.0244499268   0.0955062995  -0.0608653938
       -0.0843408228   0.0026491974  -0.0019499413  -0.0030614430   0.0002281181
       -0.0002194418   0.0007442645   0.0000194640  -0.0000783672  -0.0000630486
       -0.0001250767  -0.0000191709  -0.0002101741  -0.0000179274  -0.0000004463
       -0.0000059448   0.0000608282   0.0000539959  -0.0000880653
        0.0545753904  -0.1067691678  -0.0956492373   0.0090205005  -0.0241754041
       -0.0211679232  -0.0024527840  -0.0033233607  -0.0009946623   0.0011414407
        0.0003779139   0.0002454812  -0.0000629067  -0.0001274939   0.0003588927
        0.0036864321  -0.0017071749  -0.0033444838  -0.0608653938   0.1285967787
        0.1093584265  -0.0049235504   0.0077219595   0.0099241032   0.0001144757
       -0.0009068386   0.0025729052  -0.0002497302   0.0000546901  -0.0009333946
       -0.0001299674   0.0002073729  -0.0001607324   0.0000673946   0.0000401733
       -0.0001050426   0.0000786985   0.0000105518  -0.0001043325
        0.0720273620  -0.0931066245  -0.1687280030  -0.0000817186  -0.0038459502
       -0.0002822788  -0.0003028233   0.0000838498  -0.0000605060   0.0004271274
       -0.0000066700   0.0006862148  -0.0001173551   0.0000571704   0.0000145068
       -0.0004404242   0.0015911712   0.0026323775  -0.0843408228   0.1093584265
        0.1946874135   0.0133263113  -0.0144709057  -0.0285571112   0.0000466847
        0.0001580520   0.0001984670  -0.0001316276   0.0000815991  -0.0001006253
       -0.0004678820  -0.0000238519  -0.0003374847   0.0000056491   0.0000146159
       -0.0000615768   0.0000495191   0.0001091173  -0.0000913940
       -0.0505328727   0.0173167577  -0.0340669042   0.0028078986  -0.0051266376
        0.0100994060  -0.0004830756  -0.0008441572   0.0002345196  -0.0000104392
       -0.0011638254   0.0002926599   0.0000952546   0.0002748638  -0.0000786529
       -0.0089093319   0.0151100291  -0.0296369644   0.0026491974  -0.0049235504
        0.0133263113   0.0549841928  -0.0203001923   0.0405261395   0.0003352474
       -0.0001504067  -0.0006922306  -0.0000822948  -0.0000384018   0.0001542618
       -0.0008678821  -0.0002725693  -0.0000535712  -0.0000017846   0.0000292522
        0.0000348023   0.0000158900   0.0000888378  -0.0001397770
        0.0191570425  -0.0885270987   0.0979421429   0.0029770249  -0.0226691434
        0.0252590841  -0.0028322893  -0.0024443809   0.0005575789   0.0006250511
       -0.0000948808   0.0001349691   0.0002155629   0.0001244430  -0.0001917791
        0.0022856650  -0.0012166333   0.0041852059  -0.0019499413   0.0077219595
       -0.0144709057  -0.0203001923   0.1072637373  -0.1115092699   0.0006914164
       -0.0008225189  -0.0025548080  -0.0004402519   0.0000447613   0.0008603518
       -0.0005269098   0.0003550146  -0.0000602922   0.0000189006   0.0000922119
       -0.0000692997   0.0000789213   0.0001725284  -0.0000829783
       -0.0351894230   0.0943429155  -0.2204976785   0.0006870451   0.0049795740
        0.0000738634   0.0005220625  -0.0003704279  -0.0000333175  -0.0006821110
       -0.0002183861   0.0001348019   0.0000130645  -0.0000899088   0.0001088846
       -0.0034814887   0.0035429434  -0.0069055935  -0.0030614430   0.0099241032
       -0.0285571112   0.0405261395  -0.1115092699   0.2552281913  -0.0000496072
       -0.0001546608   0.0002045073   0.0001619156  -0.0000916919  -0.0000673992
        0.0006174060  -0.0001628989   0.0002027853   0.0000099437  -0.0000467703
        0.0000324170  -0.0000735039  -0.0001455214   0.0000756490
       -0.0007064974   0.0021391623  -0.0016480208   0.0069922252   0.0128502999
        0.0012391309  -0.0909910627  -0.1021806228  -0.0084089712   0.0003287788
        0.0002889747   0.0006967257  -0.0009074554   0.0010856676  -0.0003806820
        0.0001589219   0.0001525673   0.0000239261   0.0002281181   0.0001144757
        0.0000466847   0.0003352474   0.0006914164  -0.0000496072   0.0999270354
        0.1111850415   0.0093338629  -0.0140663810  -0.0259659368  -0.0017723000
        0.0000889403  -0.0001541933   0.0001181847   0.0001666683  -0.0002070310
       -0.0000206348  -0.0015545389   0.0000001785   0.0008217010
        0.0031591921  -0.0029476609   0.0004239646  -0.0103112965  -0.0298951566
       -0.0008145952  -0.1008300664  -0.2615777774  -0.0127157200  -0.0013171238
        0.0004418223   0.0002205910  -0.0002059061   0.0002190105   0.0002548999
        0.0006514461   0.0004617322   0.0000648428  -0.0002194418  -0.0009068386
        0.0001580520  -0.0001504067  -0.0008225189  -0.0001546608   0.1111850415
        0.2966186941   0.0135816124  -0.0018579565  -0.0028765967  -0.0002046766
       -0.0004167077   0.0002642183  -0.0001608193  -0.0002295629   0.0001198884
       -0.0002222611   0.0005427887   0.0009011833  -0.0004312297
       -0.0014849288   0.0009928445   0.0122504202  -0.0008704460   0.0019260813
       -0.0017467781  -0.0078742721  -0.0138025077  -0.0310839904   0.0016698789
        0.0007245823  -0.0048916834   0.0006931856  -0.0005868891   0.0003957263
        0.0000582267   0.0000247884  -0.0000015656   0.0007442645   0.0025729052
        0.0001984670  -0.0006922306  -0.0025548080   0.0002045073   0.0093338629
        0.0135816124   0.0223302511  -0.0019509398  -0.0031887656   0.0021882650
       -0.0002903674   0.0000801094  -0.0000295603  -0.0000734670   0.0003862276
        0.0002851776   0.0007372330  -0.0001561808  -0.0000992369
        0.0011332873  -0.0017626054   0.0008355998  -0.0234323943   0.0020162145
       -0.0027904429  -0.3027646629  -0.0126374202  -0.0337355973  -0.0007503954
        0.0032373342  -0.0017887358   0.0003892234   0.0003902222  -0.0000491211
        0.0008623505   0.0006093204   0.0001161735   0.0000194640  -0.0002497302
       -0.0001316276  -0.0000822948  -0.0004402519   0.0001619156  -0.0140663810
       -0.0018579565  -0.0019509398   0.3395564593   0.0103758505   0.0395523970
       -0.0011429970   0.0001414049  -0.0000795386   0.0000222469   0.0000336706
        0.0000437068   0.0002560939   0.0001439468  -0.0001837896
        0.0018954441   0.0011493375   0.0001659934   0.0257272241  -0.0007732306
        0.0028702338  -0.0145738336  -0.0445875192  -0.0017004415   0.0018028958
       -0.0036423245   0.0005478406  -0.0001868937   0.0000664429   0.0002072707
       -0.0003090508  -0.0010327801  -0.0000515691  -0.0000783672   0.0000546901
        0.0000815991  -0.0000384018   0.0000447613  -0.0000916919  -0.0259659368
       -0.0028765967  -0.0031887656   0.0103758505   0.0513127377   0.0011341748
        0.0012279230  -0.0000045601   0.0002487407  -0.0000593637   0.0002347143
        0.0000671177   0.0001825101   0.0000543272  -0.0002905028
        0.0008094945  -0.0004498835  -0.0046612901  -0.0028982015   0.0014120219
       -0.0003509912  -0.0337622078  -0.0015016626  -0.0339142901  -0.0019713770
       -0.0001383670   0.0120024137  -0.0011554984   0.0002629239  -0.0003054034
        0.0001249706   0.0000902498  -0.0000091136  -0.0000630486  -0.0009333946
       -0.0001006253   0.0001542618   0.0008603518  -0.0000673992  -0.0017723000
       -0.0002046766   0.0021882650   0.0395523970   0.0011341748   0.0257488198
        0.0010894633  -0.0002450815   0.0000558677   0.0000295332  -0.0006965597
       -0.0009907904  -0.0001374870   0.0004099034   0.0004045371
        0.0004739229   0.0009872038  -0.0000975108  -0.0150576926   0.0233624240
       -0.0134170749  -0.0053769434  -0.0008139098  -0.0015066124  -0.0795141784
        0.0779369284  -0.0453721656   0.0054132411  -0.0155222144   0.0084403681
        0.0004330076   0.0000489257   0.0001642590  -0.0001250767  -0.0001299674
       -0.0004678820  -0.0008678821  -0.0005269098   0.0006174060   0.0000889403
       -0.0004167077  -0.0002903674  -0.0011429970   0.0012279230   0.0010894633
        0.0956261475  -0.0817621405   0.0492572908   0.0011158987  -0.0007888842
        0.0013050638  -0.0010663880  -0.0036026712   0.0002777619
       -0.0015837825   0.0005580474  -0.0006708652   0.0052320180  -0.0040085250
        0.0028488307  -0.0002111701   0.0011647822   0.0008146213   0.0748350511
       -0.2045924835   0.0916509453   0.0066943471  -0.0246683192   0.0135855295
       -0.0002969909  -0.0001997664  -0.0000704759  -0.0000191709   0.0002073729
       -0.0000238519  -0.0002725693   0.0003550146  -0.0001628989  -0.0001541933
        0.0002642183   0.0000801094   0.0001414049  -0.0000045601  -0.0002450815
       -0.0817621405   0.2312974131  -0.1113431363   0.0009888800  -0.0003117090
       -0.0024904265  -0.0035916836  -0.0000614853   0.0060267000
        0.0006410842   0.0000771614   0.0001060024  -0.0003836905   0.0040181315
        0.0002177180  -0.0018230794   0.0012050927   0.0008505644  -0.0469866234
        0.0895036164  -0.0861583245  -0.0012501042   0.0128892669  -0.0059653833
        0.0002189794   0.0000334268  -0.0000232112  -0.0002101741  -0.0001607324
       -0.0003374847  -0.0000535712  -0.0000602922   0.0002027853   0.0001181847
       -0.0001608193  -0.0000295603  -0.0000795386   0.0002487407   0.0000558677
        0.0492572908  -0.1113431363   0.0853684955   0.0004122471  -0.0029165430
       -0.0041401242   0.0001389953   0.0066660868   0.0098526548
       -0.0012369363  -0.0001038374  -0.0000647825  -0.0001474535  -0.0036120213
        0.0001582374   0.0003393360  -0.0002796904   0.0001313016  -0.0247525611
       -0.0011491198  -0.0022704721  -0.3003631633   0.0168724629  -0.0432998080
       -0.0001347347  -0.0003075114  -0.0000048734  -0.0000179274   0.0000673946
        0.0000056491  -0.0000017846   0.0000189006   0.0000099437   0.0001666683
       -0.0002295629  -0.0000734670   0.0000222469  -0.0000593637   0.0000295332
        0.0011158987   0.0009888800   0.0004122471   0.3367435539  -0.0139028414
        0.0476255583  -0.0117331431   0.0016963100  -0.0026590673
       -0.0004283781  -0.0000188644  -0.0001232193  -0.0026577415   0.0004492778
        0.0062483655  -0.0004879717  -0.0002696794  -0.0002769270  -0.0234082265
       -0.0009358209  -0.0023512909   0.0189916196  -0.0422934757   0.0087214064
       -0.0000801191  -0.0000530145  -0.0001024999  -0.0000004463   0.0000401733
        0.0000146159   0.0000292522   0.0000922119  -0.0000467703  -0.0002070310
        0.0001198884   0.0003862276   0.0000336706   0.0002347143  -0.0006965597
       -0.0007888842  -0.0003117090  -0.0029165430  -0.0139028414   0.0452419541
       -0.0144748635   0.0229070974  -0.0022956559   0.0056180582
        0.0014999114   0.0000692138   0.0001280110  -0.0012533157   0.0067029780
        0.0093609339  -0.0010212303  -0.0002866992   0.0000261721   0.0099659428
       -0.0009061452   0.0013920991  -0.0445699242   0.0084339439  -0.0405314667
        0.0002717389   0.0003700960  -0.0000991925  -0.0000059448  -0.0001050426
       -0.0000615768   0.0000348023  -0.0000692997   0.0000324170  -0.0000206348
       -0.0002222611   0.0002851776   0.0000437068   0.0000671177  -0.0009907904
        0.0013050638  -0.0024904265  -0.0041401242   0.0476255583  -0.0144748635
        0.0351434603  -0.0138756745   0.0029113885  -0.0005451205
       -0.0000744039   0.0001281952  -0.0000274341   0.0005833321  -0.0000383405
        0.0008229263  -0.0007823476  -0.0010073916   0.0001226090   0.0076580684
       -0.0136717021   0.0084762034  -0.0760313450   0.0731436265  -0.0458842786
       -0.0000417959   0.0000016653   0.0000027143   0.0000608282   0.0000786985
        0.0000495191   0.0000158900   0.0000789213  -0.0000735039  -0.0015545389
        0.0005427887   0.0007372330   0.0002560939   0.0001825101  -0.0001374870
       -0.0010663880  -0.0035916836   0.0001389953  -0.0117331431   0.0229070974
       -0.0138756745   0.0827097498  -0.0787543851   0.0496481777
       -0.0001168088   0.0000727026  -0.0000521601   0.0022373051  -0.0013311667
       -0.0025688943   0.0005823174   0.0003756299  -0.0003489638   0.0051631720
       -0.0241142720   0.0133246851   0.0725653152  -0.2125662544   0.1064704569
       -0.0000575137   0.0001004658  -0.0000121394   0.0000539959   0.0000105518
        0.0001091173   0.0000888378   0.0001725284  -0.0001455214   0.0000001785
        0.0009011833  -0.0001561808   0.0001439468   0.0000543272   0.0004099034
       -0.0036026712  -0.0000614853   0.0066660868   0.0016963100  -0.0022956559
        0.0029113885  -0.0787543851   0.2386814454  -0.1266077781
       -0.0002624004  -0.0003157203   0.0000430048   0.0010834708  -0.0026642055
       -0.0039726961   0.0005979225   0.0004754475   0.0001475667  -0.0042965235
        0.0111233052  -0.0058934075  -0.0448244735   0.1073870862  -0.0963806444
        0.0000250627  -0.0001338500   0.0000656486  -0.0000880653  -0.0001043325
       -0.0000913940  -0.0001397770  -0.0000829783   0.0000756490   0.0008217010
       -0.0004312297  -0.0000992369  -0.0001837896  -0.0002905028   0.0004045371
        0.0002777619   0.0060267000   0.0098526548  -0.0026590673   0.0056180582
       -0.0005451205   0.0496481777  -0.1266077781   0.0963934381
