$hessian                                                                        
        0.5160028087  -0.0261805348   0.0092818973  -0.1006973904  -0.0598279247
        0.0276620363   0.0059029112   0.0073212328  -0.0028033080  -0.0202045300
       -0.0220576531   0.0087326191  -0.0038551941   0.0011390298   0.0010585625
       -0.0011725069  -0.0006333656  -0.0011264887  -0.0000332211  -0.0004188390
       -0.0001047246   0.0004338675  -0.0003208389  -0.0005558703  -0.0005467873
       -0.0006123031   0.0002289320  -0.0894717871   0.0345034594  -0.0871533024
       -0.2637405540   0.0558732150   0.0407950485  -0.0418583991   0.0071614312
        0.0050655224  -0.0003984216   0.0030821762  -0.0007980523   0.0012383441
        0.0013888973  -0.0011895968   0.0000181373   0.0000415901   0.0002275644
       -0.0004247643  -0.0000089486  -0.0000627203  -0.0000630921  -0.0000772008
        0.0001482624  -0.0000440697   0.0000208648   0.0000295957  -0.0010853512
       -0.0003942881   0.0005640228
       -0.0261805348   0.4749639210   0.0016743718  -0.0528839570  -0.1564114381
        0.0408621296  -0.0092860613  -0.0327426600   0.0148290858  -0.0078075928
       -0.0001127274   0.0017307372   0.0008960274   0.0006904177   0.0007655040
       -0.0003252432   0.0001757026  -0.0000814106   0.0002324374   0.0000541278
       -0.0000026032  -0.0005763072  -0.0000358365  -0.0003241869   0.0011054008
       -0.0012022494  -0.0004581622   0.0330680206  -0.0631180181   0.0631650226
        0.0562197285  -0.0555977607  -0.0093140831   0.0043644189  -0.1665499206
       -0.1167396585   0.0019993924  -0.0006863475   0.0055945160  -0.0017258112
        0.0000121304  -0.0022375335   0.0000841898   0.0001517517   0.0001694399
        0.0000167794   0.0000893476  -0.0000189989   0.0000205845   0.0000306327
        0.0000907985  -0.0000218179  -0.0000000253   0.0000084426   0.0008003458
        0.0002889523   0.0002865890
        0.0092818973   0.0016743718   0.4910592971   0.0292820399   0.0430637039
       -0.0793137628   0.0036747650   0.0159733256  -0.0050159864   0.0004087969
        0.0025235125   0.0005555113   0.0000101804   0.0001175776   0.0006451831
       -0.0002037435   0.0003263262   0.0000009151   0.0001256725   0.0000091495
        0.0000098695  -0.0003545419  -0.0000223442  -0.0000534947  -0.0002070402
       -0.0007039574  -0.0001103958  -0.0866460881   0.0644973478  -0.2128030974
        0.0404899469  -0.0099863583  -0.0528671610   0.0032770691  -0.1214286922
       -0.1480506587  -0.0005639228   0.0062257479   0.0095658998   0.0005932756
       -0.0023182521  -0.0036586566   0.0000246694   0.0000153355  -0.0000055055
        0.0000420949  -0.0000187859  -0.0000334753   0.0000092556  -0.0000027365
        0.0000425060   0.0000138512  -0.0000021406  -0.0000003718   0.0007418220
        0.0000568690   0.0000333842
       -0.1006973904  -0.0528839570   0.0292820399   0.5782363950  -0.1164305677
        0.0486606642  -0.1829490621   0.1677141976  -0.0778378500  -0.2115432400
        0.0038987537  -0.0008879931  -0.0322628796  -0.0162985405  -0.0007223471
        0.0029454252  -0.0039949080  -0.0001546853  -0.0025128992   0.0000026570
        0.0000354572   0.0036443625   0.0034298486   0.0007272857  -0.0279874058
        0.0174947024  -0.0009852009   0.0064361190   0.0079639042  -0.0031680611
       -0.0208271585  -0.0234576286   0.0108220760   0.0014234061  -0.0017943672
       -0.0009833577   0.0067030271  -0.0109629214   0.0066792614  -0.0217462426
        0.0252462368  -0.0109811542   0.0007035799   0.0015342960  -0.0003582353
       -0.0003970353   0.0002285892  -0.0001407768   0.0002997585   0.0000355887
       -0.0001723006  -0.0003115672  -0.0002077373   0.0000942611   0.0008428073
       -0.0015181465   0.0000909167
       -0.0598279247  -0.1564114381   0.0430637039  -0.1164305677   0.6562103551
       -0.2079103904   0.1811176836  -0.3569383862   0.1458117414  -0.0067509281
       -0.0656361071   0.0007737774  -0.0204245538   0.0032482472  -0.0014189845
       -0.0043124431  -0.0027444657  -0.0028952294   0.0006743217  -0.0008748769
       -0.0002246241   0.0016331394  -0.0042574587  -0.0022400963   0.0285858609
       -0.0043542934   0.0012880584  -0.0031486006  -0.0135699834   0.0081249630
       -0.0012559078   0.0031412063  -0.0022820863  -0.0123668349  -0.0284208457
        0.0059652212   0.0092012295  -0.0251321098   0.0100454297   0.0035398219
       -0.0028794927   0.0000937443  -0.0010224899  -0.0002870687   0.0010031115
       -0.0012593313  -0.0002491874   0.0001070224  -0.0000042083  -0.0001342818
        0.0004020517   0.0014274638  -0.0002924014  -0.0001585490   0.0006242692
       -0.0004174116   0.0004511351
        0.0276620363   0.0408621296  -0.0793137628   0.0486606642  -0.2079103904
        0.2357152856  -0.0803345473   0.1426282521  -0.0980175862   0.0054488889
       -0.0013179264  -0.0562951714  -0.0075586427  -0.0014819644   0.0013993497
        0.0003036609  -0.0028832522   0.0069153311  -0.0004543487   0.0003366999
       -0.0001771404   0.0006581296  -0.0024833149   0.0068566090   0.0040580750
        0.0009860996  -0.0000038581   0.0112573572   0.0238054495  -0.0109445460
        0.0050954477   0.0056031545  -0.0015110200  -0.0088496629  -0.0125084358
        0.0079187126  -0.0047107020   0.0107457228  -0.0062940176  -0.0014631238
        0.0012821224  -0.0001257435  -0.0001194302   0.0009449838  -0.0022937972
       -0.0003050945   0.0000320048  -0.0000717679   0.0000320822   0.0004225522
       -0.0017380291   0.0002910330  -0.0000067267   0.0000470622   0.0003281772
        0.0009428396  -0.0020659099
        0.0059029112  -0.0092860613   0.0036747650  -0.1829490621   0.1811176836
       -0.0803345473   0.6307437330  -0.0977449976   0.0356480566  -0.0338980350
        0.0264463841  -0.0116591188   0.0002692562   0.0035895032  -0.0009374816
       -0.0003886635   0.0002335959   0.0010318966   0.0004758478   0.0003847591
        0.0001413846  -0.0020358598   0.0003710914   0.0011075233  -0.0028994192
       -0.0028055783  -0.0001118967  -0.0007726051  -0.0026174407   0.0012722955
        0.0011380245  -0.0019801460   0.0005511782  -0.0006050301  -0.0027347001
        0.0004110484  -0.1068953572  -0.1004376382   0.0492606483  -0.3067067314
        0.0053189457   0.0015609426  -0.0008726802   0.0001517957  -0.0009339109
       -0.0000271400  -0.0000101211   0.0000348276   0.0000236189   0.0000640157
       -0.0002563367  -0.0004045530   0.0000428101  -0.0000405880  -0.0000982546
       -0.0001039010  -0.0004206865
        0.0073212328  -0.0327426600   0.0159733256   0.1677141976  -0.3569383862
        0.1426282521  -0.0977449976   0.6422192201  -0.2545494635   0.0245661687
       -0.0036873676   0.0015763648  -0.0050845391  -0.0039203892   0.0005778183
        0.0015464167  -0.0006687369   0.0002596112  -0.0009392759   0.0001361435
        0.0000147683   0.0015127670   0.0003246315  -0.0000656084  -0.0029585596
        0.0034027770  -0.0005014433  -0.0018317033  -0.0028422540   0.0014786426
        0.0017101056   0.0005588536  -0.0002635026  -0.0004560697  -0.0009738561
        0.0013848273  -0.1015637971  -0.2039691819   0.0862538103   0.0069415285
       -0.0413665055   0.0056462843  -0.0006027461   0.0003470545  -0.0006290744
       -0.0000485175  -0.0000100133  -0.0001016521  -0.0000630364   0.0000548367
       -0.0000655700  -0.0000283915   0.0000480078   0.0000748958   0.0000092169
        0.0000278260   0.0003077139
       -0.0028033080   0.0148290858  -0.0050159864  -0.0778378500   0.1458117414
       -0.0980175862   0.0356480566  -0.2545494635   0.2081912039  -0.0071016074
        0.0018314109   0.0001130390   0.0001975438   0.0002900784  -0.0008434256
        0.0001559404   0.0002512907   0.0001014473   0.0000501667   0.0004201610
        0.0001633764  -0.0007262757  -0.0002552319   0.0001530070   0.0017829202
       -0.0014474900   0.0012183097   0.0008859486   0.0021636806  -0.0009212622
       -0.0009649596  -0.0003693579   0.0000919385  -0.0003188711  -0.0001481193
       -0.0002289565   0.0505962632   0.0849681542  -0.0718945562   0.0006136516
        0.0054311085  -0.0330118735  -0.0001916276   0.0005141946   0.0001577529
        0.0000550441   0.0000319088  -0.0000015269  -0.0000161845   0.0000567144
       -0.0000152665   0.0000345402   0.0000160459  -0.0001257060  -0.0000593916
        0.0001540874  -0.0001139288
       -0.0202045300  -0.0078075928   0.0004087969  -0.2115432400  -0.0067509281
        0.0054488889  -0.0338980350   0.0245661687  -0.0071016074   0.6157391739
       -0.0042319503   0.0078677130  -0.1466662983  -0.1232451450  -0.0333391311
       -0.0401290173  -0.0212183967  -0.0061450246   0.0064280246  -0.0019795653
       -0.0003652803  -0.0343193498   0.0252718669   0.0049494724  -0.1367323972
        0.1181647143   0.0287384730   0.0001601226   0.0007661166  -0.0006977074
       -0.0013607007  -0.0016397199   0.0006994250  -0.0000652400  -0.0001093720
        0.0000602374   0.0006028101  -0.0015494073  -0.0002831278  -0.0004629907
        0.0013351549  -0.0005131046   0.0065896096   0.0104494516   0.0039427541
       -0.0059339731  -0.0000241493  -0.0000271240   0.0009040081  -0.0000728532
        0.0001693961  -0.0059374889   0.0005304000  -0.0002577301   0.0068295122
       -0.0124547932  -0.0035553195
       -0.0220576531  -0.0001127274   0.0025235125   0.0038987537  -0.0656361071
       -0.0013179264   0.0264463841  -0.0036873676   0.0018314109  -0.0042319503
        0.6244817154   0.0918949379  -0.0608881251  -0.2388957243  -0.0436521226
       -0.0773405113   0.0291287631   0.0061321362  -0.0021448234  -0.0625284868
       -0.0127124577   0.0814719978   0.0227795511   0.0072042938   0.0555827566
       -0.2525598468  -0.0420943993  -0.0008629967   0.0003303674   0.0000872244
       -0.0027275391  -0.0035455338   0.0017047747   0.0003536292  -0.0001845016
       -0.0001489016   0.0005883931  -0.0005211951  -0.0024566724   0.0029843239
       -0.0011431629   0.0061086674  -0.0107253474  -0.0254941461  -0.0058742866
        0.0006225815   0.0016837699  -0.0014919942  -0.0000342862  -0.0006207680
       -0.0003690809  -0.0001306952   0.0016999294  -0.0015957908   0.0091951079
       -0.0251745289  -0.0057733253
        0.0087326191   0.0017307372   0.0005555113  -0.0008879931   0.0007737774
       -0.0562951714  -0.0116591188   0.0015763648   0.0001130390   0.0078677130
        0.0918949379   0.1583759291  -0.0169803974  -0.0440403590  -0.0605027838
       -0.0174293254   0.0052168088   0.0014719080  -0.0000988161  -0.0120284800
       -0.0088750034   0.0171666458   0.0046487161   0.0020330899   0.0121914038
       -0.0408985428  -0.0581677361   0.0008683419  -0.0000073369   0.0003971342
        0.0015874557   0.0020750492   0.0002060866   0.0007309137  -0.0000017656
       -0.0000284782  -0.0003826502  -0.0021352998  -0.0035335584  -0.0009953446
        0.0058967169   0.0093819408  -0.0026457464  -0.0057785548  -0.0003110733
       -0.0003178187  -0.0014720152   0.0079248609  -0.0000009867  -0.0000919203
       -0.0001521974  -0.0000308850  -0.0014182791   0.0078538312   0.0022839893
       -0.0059405550  -0.0004473290
       -0.0038551941   0.0008960274   0.0000101804  -0.0322628796  -0.0204245538
       -0.0075586427   0.0002692562  -0.0050845391   0.0001975438  -0.1466662983
       -0.0608881251  -0.0169803974   0.6674979340  -0.0162978757   0.0046765119
       -0.3369089750  -0.0310997636  -0.0117345849  -0.0335614782   0.0850374256
        0.0187110232  -0.0502466155  -0.0286300010  -0.0069882211   0.0566247796
       -0.0285431502  -0.0063350819   0.0001735767   0.0001170921   0.0001801177
       -0.0006174356  -0.0010640223   0.0005105378  -0.0000773020  -0.0001201357
        0.0000001946  -0.0007986450  -0.0006383347  -0.0010368731   0.0000902024
        0.0005361022   0.0013770988  -0.0992741610   0.1032121693   0.0249760689
       -0.0190555942  -0.0022641294  -0.0010939118  -0.0004698910   0.0027633543
        0.0004145612  -0.0002277557  -0.0006945972  -0.0001243838  -0.0006335239
        0.0031870570   0.0007982585
        0.0011390298   0.0006904177   0.0001175776  -0.0162985405   0.0032482472
       -0.0014819644   0.0035895032  -0.0039203892   0.0002900784  -0.1232451450
       -0.2388957243  -0.0440403590  -0.0162978757   0.6223085583   0.1177554208
        0.0455515447  -0.0930379576  -0.0100102151   0.0264981988   0.0224960522
        0.0053875614  -0.0266470682  -0.0112577917  -0.0016469502   0.0215496492
       -0.0599875750  -0.0140533003   0.0000313182  -0.0001815701   0.0002072097
        0.0003167126   0.0000199439  -0.0000524319   0.0000670293  -0.0002143010
       -0.0000070693   0.0007720817  -0.0000219154   0.0007019615   0.0003256270
       -0.0001334942   0.0001646319   0.1029379759  -0.2325162658  -0.0476195604
       -0.0255832499  -0.0012415844  -0.0009400858   0.0032735276  -0.0038302694
       -0.0025037908  -0.0006554518   0.0005978198   0.0002507853   0.0026751330
       -0.0041222010  -0.0025194994
        0.0010585625   0.0007655040   0.0006451831  -0.0007223471  -0.0014189845
        0.0013993497  -0.0009374816   0.0005778183  -0.0008434256  -0.0333391311
       -0.0436521226  -0.0605027838   0.0046765119   0.1177554208   0.1435192069
        0.0044337998  -0.0105182672  -0.0491744034   0.0057360667   0.0055614773
        0.0025512670  -0.0064460298  -0.0016912232  -0.0061071708   0.0058112542
       -0.0142341543  -0.0018254106  -0.0000459821  -0.0002163570   0.0000970913
        0.0001629292  -0.0000350253   0.0000522317   0.0000575338   0.0000406796
       -0.0000338289  -0.0003065688  -0.0003595390   0.0002431168  -0.0000435676
       -0.0002788562   0.0001396973   0.0251373429  -0.0468478881  -0.0451096771
       -0.0061705887  -0.0005361163   0.0006041324   0.0006334306  -0.0025780469
        0.0073464420  -0.0001324243   0.0001564545  -0.0001204308   0.0004366895
       -0.0024907736   0.0071194127
       -0.0011725069  -0.0003252432  -0.0002037435   0.0029454252  -0.0043124431
        0.0003036609  -0.0003886635   0.0015464167   0.0001559404  -0.0401290173
       -0.0773405113  -0.0174293254  -0.3369089750   0.0455515447   0.0044337998
        0.6605402375   0.0059643604   0.0107667379  -0.1490586646   0.0580975374
        0.0107838337   0.0602081872   0.0251548824   0.0065336238  -0.0468205026
        0.0287193624   0.0060139219  -0.0000594518   0.0001298246  -0.0003058903
       -0.0000896555  -0.0000780780   0.0000052661   0.0000335849   0.0001688405
        0.0001790149  -0.0000987544   0.0002793138   0.0000349987   0.0002379431
       -0.0000645410  -0.0001460660  -0.0172629513   0.0032482590   0.0001652464
       -0.1131155380  -0.1100665907  -0.0259483352  -0.0179279199   0.0260774452
        0.0054716290  -0.0007435159  -0.0034635544  -0.0008210391  -0.0001892610
        0.0007131747   0.0000067261
       -0.0006333656   0.0001757026   0.0003263262  -0.0039949080  -0.0027444657
       -0.0028832522   0.0002335959  -0.0006687369   0.0002512907  -0.0212183967
        0.0291287631   0.0052168088  -0.0310997636  -0.0930379576  -0.0105182672
        0.0059643604   0.6414906857   0.1186385191   0.1357532124  -0.2676280658
       -0.0466089873  -0.0326794987  -0.0648091688  -0.0149511653   0.0309039174
       -0.0146721887  -0.0018295569   0.0000172252   0.0000070880   0.0000156217
       -0.0000579822  -0.0001208141   0.0001300380   0.0000942505   0.0000640560
       -0.0000293511  -0.0000209149  -0.0000899303  -0.0003556043   0.0000582422
        0.0002360947   0.0003582336   0.0265874667  -0.0031487488  -0.0004688918
       -0.1100973751  -0.2192449704  -0.0442637925   0.0024719956  -0.0018480227
       -0.0006361553  -0.0028912996  -0.0035980929  -0.0025763560   0.0006092381
        0.0005087727   0.0001845420
       -0.0011264887  -0.0000814106   0.0000009151  -0.0001546853  -0.0028952294
        0.0069153311   0.0010318966   0.0002596112   0.0001014473  -0.0061450246
        0.0061321362   0.0014719080  -0.0117345849  -0.0100102151  -0.0491744034
        0.0107667379   0.1186385191   0.1433170434   0.0285498722  -0.0482063338
       -0.0580883346  -0.0064906874  -0.0141862510  -0.0019316797   0.0063307959
       -0.0018099320  -0.0058447960  -0.0000444085   0.0000367791  -0.0000590603
       -0.0001956101  -0.0002840283   0.0000438068  -0.0000406129   0.0000077341
        0.0000232557   0.0000978718   0.0000984443   0.0000487417   0.0000543256
       -0.0003542805  -0.0004115250   0.0057564402  -0.0008661435   0.0007726949
       -0.0262446571  -0.0439430309  -0.0450883370   0.0002191215  -0.0000997440
        0.0006570520  -0.0007585372  -0.0025991219   0.0074120163   0.0001282351
        0.0001624970  -0.0001660762
       -0.0000332211   0.0002324374   0.0001256725  -0.0025128992   0.0006743217
       -0.0004543487   0.0004758478  -0.0009392759   0.0000501667   0.0064280246
       -0.0021448234  -0.0000988161  -0.0335614782   0.0264981988   0.0057360667
       -0.1490586646   0.1357532124   0.0285498722   0.6773580101  -0.0019933361
        0.0079460822  -0.1613147261  -0.1422156685  -0.0329611794  -0.0397991939
       -0.0226126829  -0.0058851897  -0.0000213095  -0.0000216443  -0.0000950920
        0.0000889704   0.0000357648   0.0000132138   0.0000830944   0.0001211020
        0.0000884619   0.0000088952  -0.0000425427   0.0000994978   0.0001476399
       -0.0000417657   0.0001023517  -0.0059111978   0.0005717388  -0.0001201450
        0.0066593356  -0.0131994029  -0.0029834447  -0.2997856455   0.0081238541
       -0.0025723804   0.0067123863   0.0113178846   0.0026477712  -0.0059638685
       -0.0001173721  -0.0001885605
       -0.0004188390   0.0000541278   0.0000091495   0.0000026570  -0.0008748769
        0.0003366999   0.0003847591   0.0001361435   0.0004201610  -0.0019795653
       -0.0625284868  -0.0120284800   0.0850374256   0.0224960522   0.0055614773
        0.0580975374  -0.2676280658  -0.0482063338  -0.0019933361   0.6263230309
        0.1125134642  -0.0645115585  -0.2560356109  -0.0466991819  -0.0812323084
        0.0290419235   0.0049983288  -0.0000061498   0.0000580999  -0.0001934122
       -0.0001136891  -0.0000226683  -0.0000062150   0.0000876688   0.0002024811
        0.0001038198   0.0000042604   0.0003350995   0.0000059141   0.0000890326
       -0.0000354202  -0.0002343425  -0.0000626025   0.0017312008  -0.0016083405
        0.0103900357  -0.0254405389  -0.0054199998   0.0080912655  -0.0439492536
       -0.0021139990  -0.0123755675  -0.0255541283  -0.0058546452   0.0005089742
        0.0016908907  -0.0015840648
       -0.0001047246  -0.0000026032   0.0000098695   0.0000354572  -0.0002246241
       -0.0001771404   0.0001413846   0.0000147683   0.0001633764  -0.0003652803
       -0.0127124577  -0.0088750034   0.0187110232   0.0053875614   0.0025512670
        0.0107838337  -0.0466089873  -0.0580883346   0.0079460822   0.1125134642
        0.1404420899  -0.0154607440  -0.0476916744  -0.0585546644  -0.0186966752
        0.0060628850   0.0022790224  -0.0000270115   0.0000014327  -0.0000599709
       -0.0000251588   0.0000150364  -0.0000054321   0.0000045995   0.0000517992
        0.0000518639   0.0000266896   0.0000820666  -0.0000145770   0.0000233058
        0.0000214723  -0.0000447731  -0.0002450396  -0.0015592409   0.0078305505
        0.0024594969  -0.0061786655  -0.0004552705  -0.0025003008  -0.0020969989
       -0.0344630070  -0.0026377766  -0.0056398311  -0.0004406930  -0.0000691612
       -0.0014354030   0.0078508267
        0.0004338675  -0.0005763072  -0.0003545419   0.0036443625   0.0016331394
        0.0006581296  -0.0020358598   0.0015127670  -0.0007262757  -0.0343193498
        0.0814719978   0.0171666458  -0.0502466155  -0.0266470682  -0.0064460298
        0.0602081872  -0.0326794987  -0.0064906874  -0.1613147261  -0.0645115585
       -0.0154607440   0.6591054348  -0.0077030736   0.0052673505  -0.3354189835
       -0.0309235173  -0.0097210979  -0.0001895032   0.0000029900   0.0000948849
        0.0002940891   0.0001183302   0.0000253376  -0.0000640955  -0.0001547637
        0.0000093224  -0.0000537488  -0.0003840709   0.0000474328  -0.0001218608
        0.0001050764   0.0000524056  -0.0002289537  -0.0006536232  -0.0000363145
       -0.0003582943   0.0033303711   0.0004749489  -0.0195687423  -0.0250160763
       -0.0056765477  -0.1006154222   0.1033827388   0.0216518334  -0.0191497856
       -0.0023078530  -0.0005360526
       -0.0003208389  -0.0000358365  -0.0000223442   0.0034298486  -0.0042574587
       -0.0024833149   0.0003710914   0.0003246315  -0.0002552319   0.0252718669
        0.0227795511   0.0046487161  -0.0286300010  -0.0112577917  -0.0016912232
        0.0251548824  -0.0648091688  -0.0141862510  -0.1422156685  -0.2560356109
       -0.0476916744  -0.0077030736   0.6441538275   0.1164908073   0.0460008614
       -0.0929110503  -0.0095518123  -0.0000067647  -0.0000364056  -0.0000621654
       -0.0000626590   0.0001589270   0.0000757103   0.0001698863  -0.0000084651
        0.0001111536  -0.0000299662  -0.0001141070  -0.0002631629   0.0001127411
        0.0001643225   0.0007702177  -0.0005354810   0.0005658318   0.0002234790
        0.0027536230  -0.0039417786  -0.0026521222  -0.0013204446  -0.0001510726
       -0.0001747983   0.1034046899  -0.2331061131  -0.0424486285  -0.0258445935
       -0.0014822326  -0.0008373548
       -0.0005558703  -0.0003241869  -0.0000534947   0.0007272857  -0.0022400963
        0.0068566090   0.0011075233  -0.0000656084   0.0001530070   0.0049494724
        0.0072042938   0.0020330899  -0.0069882211  -0.0016469502  -0.0061071708
        0.0065336238  -0.0149511653  -0.0019316797  -0.0329611794  -0.0466991819
       -0.0585546644   0.0052673505   0.1164908073   0.1421330150   0.0065141265
       -0.0111876380  -0.0491036864  -0.0000649426   0.0000244203  -0.0000320081
       -0.0000488164  -0.0000912857   0.0000200257  -0.0000713406  -0.0000210263
        0.0000409592   0.0000217632   0.0001163188   0.0002231668   0.0001827256
       -0.0005450788  -0.0006138532  -0.0001085277   0.0001379901  -0.0001639869
        0.0004640995  -0.0026344673   0.0074101796  -0.0006130051  -0.0005767368
        0.0005581883   0.0218279943  -0.0423768242  -0.0435832871  -0.0061840615
       -0.0006135842   0.0007155910
       -0.0005467873   0.0011054008  -0.0002070402  -0.0279874058   0.0285858609
        0.0040580750  -0.0028994192  -0.0029585596   0.0017829202  -0.1367323972
        0.0555827566   0.0121914038   0.0566247796   0.0215496492   0.0058112542
       -0.0468205026   0.0309039174   0.0063307959  -0.0397991939  -0.0812323084
       -0.0186966752  -0.3354189835   0.0460008614   0.0065141265   0.6649879389
        0.0109168802   0.0109067213  -0.0001292268   0.0000768639   0.0001510572
       -0.0000184733   0.0000610016  -0.0000198826  -0.0010015566   0.0004320406
        0.0002830080   0.0000306962   0.0003406145   0.0006816457  -0.0008445253
        0.0004705165  -0.0021384704  -0.0010710396  -0.0032800321  -0.0011346306
       -0.0001511851   0.0006817988   0.0002728215  -0.0008390481  -0.0028699914
       -0.0007907788  -0.0173890588   0.0032693127   0.0005103559  -0.1099946117
       -0.1096365836  -0.0265067075
       -0.0006123031  -0.0012022494  -0.0007039574   0.0174947024  -0.0043542934
        0.0009860996  -0.0028055783   0.0034027770  -0.0014474900   0.1181647143
       -0.2525598468  -0.0408985428  -0.0285431502  -0.0599875750  -0.0142341543
        0.0287193624  -0.0146721887  -0.0018099320  -0.0226126829   0.0290419235
        0.0060628850  -0.0309235173  -0.0929110503  -0.0111876380   0.0109168802
        0.6269047825   0.1135819693  -0.0001168241   0.0002674755   0.0001770477
       -0.0001272814  -0.0002251854   0.0001155078  -0.0010508545  -0.0003645974
       -0.0002252068  -0.0000442892  -0.0003607759  -0.0001012755  -0.0002983794
        0.0000209986   0.0001086637  -0.0027041643  -0.0037927116  -0.0023814435
        0.0006813434   0.0005384038   0.0001649159  -0.0034026249  -0.0034604388
       -0.0024081326   0.0266118725  -0.0030724006  -0.0004866705  -0.1093472257
       -0.2232130478  -0.0453126455
        0.0002289320  -0.0004581622  -0.0001103958  -0.0009852009   0.0012880584
       -0.0000038581  -0.0001118967  -0.0005014433   0.0012183097   0.0287384730
       -0.0420943993  -0.0581677361  -0.0063350819  -0.0140533003  -0.0018254106
        0.0060139219  -0.0018295569  -0.0058447960  -0.0058851897   0.0049983288
        0.0022790224  -0.0097210979  -0.0095518123  -0.0491036864   0.0109067213
        0.1135819693   0.1408551416   0.0001517945   0.0000176856   0.0004332899
        0.0000336334  -0.0002236765   0.0001415931  -0.0001370039  -0.0000479818
       -0.0002556105  -0.0000523127  -0.0001462014   0.0000485997  -0.0002766868
        0.0000057500   0.0000431779  -0.0007806893  -0.0026631615   0.0069858982
        0.0001465009   0.0001660378  -0.0001767480  -0.0009345917  -0.0025447828
        0.0073211329   0.0056215404  -0.0008296696   0.0006840206  -0.0266217660
       -0.0451136819  -0.0445219444
       -0.0894717871   0.0330680206  -0.0866460881   0.0064361190  -0.0031486006
        0.0112573572  -0.0007726051  -0.0018317033   0.0008859486   0.0001601226
       -0.0008629967   0.0008683419   0.0001735767   0.0000313182  -0.0000459821
       -0.0000594518   0.0000172252  -0.0000444085  -0.0000213095  -0.0000061498
       -0.0000270115  -0.0001895032  -0.0000067647  -0.0000649426  -0.0001292268
       -0.0001168241   0.0001517945   0.1002099204  -0.0371197195   0.1011983070
       -0.0175327553   0.0107014993  -0.0268251751   0.0007115866  -0.0001520096
       -0.0007609595   0.0003883674  -0.0007231570  -0.0005005108   0.0000529562
       -0.0000886311   0.0001822865   0.0000347047   0.0000928211   0.0000489082
        0.0000243707   0.0000287284   0.0000047185   0.0000279653   0.0000172601
        0.0000116480   0.0000288796  -0.0000012978   0.0000048182  -0.0000719305
        0.0001009813   0.0003009496
        0.0345034594  -0.0631180181   0.0644973478   0.0079639042  -0.0135699834
        0.0238054495  -0.0026174407  -0.0028422540   0.0021636806   0.0007661166
        0.0003303674  -0.0000073369   0.0001170921  -0.0001815701  -0.0002163570
        0.0001298246   0.0000070880   0.0000367791  -0.0000216443   0.0000580999
        0.0000014327   0.0000029900  -0.0000364056   0.0000244203   0.0000768639
        0.0002674755   0.0000176856  -0.0371197195   0.0765898717  -0.0758632581
        0.0058966559  -0.0025335396   0.0076314094  -0.0098624150   0.0063939105
       -0.0212094353   0.0002724125  -0.0017937385  -0.0011884136  -0.0003460187
        0.0003598960   0.0005031871   0.0000420030  -0.0000078946   0.0000266926
        0.0000447879  -0.0000041812   0.0000112435   0.0000100239  -0.0000059042
       -0.0000069195   0.0000536926  -0.0000143401  -0.0000004366   0.0000874115
        0.0001011205  -0.0002271713
       -0.0871533024   0.0631650226  -0.2128030974  -0.0031680611   0.0081249630
       -0.0109445460   0.0012722955   0.0014786426  -0.0009212622  -0.0006977074
        0.0000872244   0.0003971342   0.0001801177   0.0002072097   0.0000970913
       -0.0003058903   0.0000156217  -0.0000590603  -0.0000950920  -0.0001934122
       -0.0000599709   0.0000948849  -0.0000621654  -0.0000320081   0.0001510572
        0.0001770477   0.0004332899   0.1011983070  -0.0758632581   0.2457615561
        0.0003841720  -0.0010105397   0.0033786047  -0.0120949115   0.0041059196
       -0.0251223228  -0.0002065306   0.0006993061   0.0007877719   0.0003088150
       -0.0002870679  -0.0002656698  -0.0000583112  -0.0000881276  -0.0000425484
       -0.0000384377  -0.0000156896  -0.0000036759  -0.0000348585  -0.0000432648
       -0.0000070534  -0.0000424192  -0.0000274636  -0.0000161785   0.0003058728
       -0.0004699684  -0.0005780546
       -0.2637405540   0.0562197285   0.0404899469  -0.0208271585  -0.0012559078
        0.0050954477   0.0011380245   0.0017101056  -0.0009649596  -0.0013607007
       -0.0027275391   0.0015874557  -0.0006174356   0.0003167126   0.0001629292
       -0.0000896555  -0.0000579822  -0.0001956101   0.0000889704  -0.0001136891
       -0.0000251588   0.0002940891  -0.0000626590  -0.0000488164  -0.0000184733
       -0.0001272814   0.0000336334  -0.0175327553   0.0058966559   0.0003841720
        0.3059658141  -0.0629263291  -0.0484422034  -0.0042123780   0.0032981384
        0.0022100489   0.0002123002   0.0004268767  -0.0006282134   0.0008699069
       -0.0002540814   0.0003859907  -0.0000031681  -0.0000554871   0.0000358901
       -0.0000774250  -0.0000458292  -0.0000285982  -0.0000406324  -0.0000189273
        0.0000098583   0.0000057719   0.0000063910   0.0000152834  -0.0000545407
       -0.0002288962  -0.0000770965
        0.0558732150  -0.0555977607  -0.0099863583  -0.0234576286   0.0031412063
        0.0056031545  -0.0019801460   0.0005588536  -0.0003693579  -0.0016397199
       -0.0035455338   0.0020750492  -0.0010640223   0.0000199439  -0.0000350253
       -0.0000780780  -0.0001208141  -0.0002840283   0.0000357648  -0.0000226683
        0.0000150364   0.0001183302   0.0001589270  -0.0000912857   0.0000610016
       -0.0002251854  -0.0002236765   0.0107014993  -0.0025335396  -0.0010105397
       -0.0629263291   0.0660895792   0.0105090445   0.0239863603  -0.0078204222
       -0.0065664500   0.0001082841   0.0002348925  -0.0002919177   0.0003773877
       -0.0006536158   0.0004338053  -0.0000033599   0.0000916445   0.0000831732
       -0.0000701658   0.0000065916   0.0000040307   0.0000213288   0.0000169704
        0.0000426027  -0.0000012476   0.0000110813   0.0000015094  -0.0000624744
        0.0001898496   0.0000912337
        0.0407950485  -0.0093140831  -0.0528671610   0.0108220760  -0.0022820863
       -0.0015110200   0.0005511782  -0.0002635026   0.0000919385   0.0006994250
        0.0017047747   0.0002060866   0.0005105378  -0.0000524319   0.0000522317
        0.0000052661   0.0001300380   0.0000438068   0.0000132138  -0.0000062150
       -0.0000054321   0.0000253376   0.0000757103   0.0000200257  -0.0000198826
        0.0001155078   0.0001415931  -0.0268251751   0.0076314094   0.0033786047
       -0.0484422034   0.0105090445   0.0560807139   0.0226099596  -0.0086393443
       -0.0054360345  -0.0001955188  -0.0002062777   0.0001847972  -0.0003540840
        0.0006206170  -0.0003252781  -0.0000127995  -0.0000307559  -0.0000015493
        0.0000419501   0.0000080868  -0.0000045479   0.0000075766  -0.0000004030
       -0.0000000287  -0.0000053261  -0.0000094183   0.0000060936  -0.0002265798
        0.0000093299  -0.0000548401
       -0.0418583991   0.0043644189   0.0032770691   0.0014234061  -0.0123668349
       -0.0088496629  -0.0006050301  -0.0004560697  -0.0003188711  -0.0000652400
        0.0003536292   0.0007309137  -0.0000773020   0.0000670293   0.0000575338
        0.0000335849   0.0000942505  -0.0000406129   0.0000830944   0.0000876688
        0.0000045995  -0.0000640955   0.0001698863  -0.0000713406  -0.0010015566
       -0.0010508545  -0.0001370039   0.0007115866  -0.0098624150  -0.0120949115
       -0.0042123780   0.0239863603   0.0226099596   0.0474880825  -0.0063032062
       -0.0065027818   0.0001882487   0.0002865607   0.0010018817  -0.0001273541
       -0.0000977327  -0.0003091595   0.0000442189   0.0001460677   0.0000657430
        0.0000280334   0.0000388720   0.0000088621   0.0000477261   0.0000419330
        0.0000444055   0.0000038016   0.0000179960   0.0000076938  -0.0020404277
        0.0004824401   0.0005156824
        0.0071614312  -0.1665499206  -0.1214286922  -0.0017943672  -0.0284208457
       -0.0125084358  -0.0027347001  -0.0009738561  -0.0001481193  -0.0001093720
       -0.0001845016  -0.0000017656  -0.0001201357  -0.0002143010   0.0000406796
        0.0001688405   0.0000640560   0.0000077341   0.0001211020   0.0002024811
        0.0000517992  -0.0001547637  -0.0000084651  -0.0000210263   0.0004320406
       -0.0003645974  -0.0000479818  -0.0001520096   0.0063939105   0.0041059196
        0.0032981384  -0.0078204222  -0.0086393443  -0.0063032062   0.1963120423
        0.1368468017   0.0003081828   0.0007002401   0.0024488274  -0.0002165828
       -0.0003439125  -0.0008673129   0.0000549403   0.0001702878   0.0000620146
        0.0000425185   0.0000204474   0.0000018724   0.0000222538   0.0000373522
        0.0000150905   0.0000640023   0.0000313366   0.0000016405  -0.0000883128
        0.0009486681   0.0000802986
        0.0050655224  -0.1167396585  -0.1480506587  -0.0009833577   0.0059652212
        0.0079187126   0.0004110484   0.0013848273  -0.0002289565   0.0000602374
       -0.0001489016  -0.0000284782   0.0000001946  -0.0000070693  -0.0000338289
        0.0001790149  -0.0000293511   0.0000232557   0.0000884619   0.0001038198
        0.0000518639   0.0000093224   0.0001111536   0.0000409592   0.0002830080
       -0.0002252068  -0.0002556105  -0.0007609595  -0.0212094353  -0.0251223228
        0.0022100489  -0.0065664500  -0.0054360345  -0.0065027818   0.1368468017
        0.1713505472  -0.0000839792  -0.0000673221  -0.0009516662   0.0000007825
        0.0001211955   0.0002261973  -0.0000040540   0.0000491856  -0.0000009563
       -0.0000001995   0.0000016161  -0.0000018255   0.0000141975   0.0000327729
       -0.0000055817  -0.0000000536   0.0000276641  -0.0000026633   0.0000135466
        0.0003491369   0.0005070473
       -0.0003984216   0.0019993924  -0.0005639228   0.0067030271   0.0092012295
       -0.0047107020  -0.1068953572  -0.1015637971   0.0505962632   0.0006028101
        0.0005883931  -0.0003826502  -0.0007986450   0.0007720817  -0.0003065688
       -0.0000987544  -0.0000209149   0.0000978718   0.0000088952   0.0000042604
        0.0000266896  -0.0000537488  -0.0000299662   0.0000217632   0.0000306962
       -0.0000442892  -0.0000523127   0.0003883674   0.0002724125  -0.0002065306
        0.0002123002   0.0001082841  -0.0001955188   0.0001882487   0.0003081828
       -0.0000839792   0.1173095606   0.1114109633  -0.0539171695  -0.0162116131
       -0.0227178327   0.0109178440  -0.0010378699  -0.0001310401  -0.0011604976
       -0.0000035784  -0.0000286318  -0.0000295182   0.0000228362  -0.0000263488
       -0.0000179674   0.0000177606  -0.0000240238   0.0000149457   0.0000134859
       -0.0000783551  -0.0000480400
        0.0030821762  -0.0006863475   0.0062257479  -0.0109629214  -0.0251321098
        0.0107457228  -0.1004376382  -0.2039691819   0.0849681542  -0.0015494073
       -0.0005211951  -0.0021352998  -0.0006383347  -0.0000219154  -0.0003595390
        0.0002793138  -0.0000899303   0.0000984443  -0.0000425427   0.0003350995
        0.0000820666  -0.0003840709  -0.0001141070   0.0001163188   0.0003406145
       -0.0003607759  -0.0001462014  -0.0007231570  -0.0017937385   0.0006993061
        0.0004268767   0.0002348925  -0.0002062777   0.0002865607   0.0007002401
       -0.0000673221   0.1114109633   0.2303816397  -0.1013458512  -0.0007938147
       -0.0001672056   0.0012462200  -0.0000214500   0.0008919626   0.0000771907
       -0.0001159891   0.0000236383  -0.0000115469  -0.0000324068   0.0000492958
       -0.0000079267  -0.0000331497   0.0000301279   0.0000111795  -0.0000916226
        0.0002096105   0.0000096138
       -0.0007980523   0.0055945160   0.0095658998   0.0066792614   0.0100454297
       -0.0062940176   0.0492606483   0.0862538103  -0.0718945562  -0.0002831278
       -0.0024566724  -0.0035335584  -0.0010368731   0.0007019615   0.0002431168
        0.0000349987  -0.0003556043   0.0000487417   0.0000994978   0.0000059141
       -0.0000145770   0.0000474328  -0.0002631629   0.0002231668   0.0006816457
       -0.0001012755   0.0000485997  -0.0005005108  -0.0011884136   0.0007877719
       -0.0006282134  -0.0002919177   0.0001847972   0.0010018817   0.0024488274
       -0.0009516662  -0.0539171695  -0.1013458512   0.0708736189   0.0005100440
        0.0014746106   0.0016879441  -0.0012738747  -0.0003452157  -0.0007628285
       -0.0000254610  -0.0000221884  -0.0000236540   0.0000361040  -0.0000360408
       -0.0000462086   0.0000605237  -0.0000284375  -0.0000121319   0.0000512443
       -0.0000902895  -0.0001304585
        0.0012383441  -0.0017258112   0.0005932756  -0.0217462426   0.0035398219
       -0.0014631238  -0.3067067314   0.0069415285   0.0006136516  -0.0004629907
        0.0029843239  -0.0009953446   0.0000902024   0.0003256270  -0.0000435676
        0.0002379431   0.0000582422   0.0000543256   0.0001476399   0.0000890326
        0.0000233058  -0.0001218608   0.0001127411   0.0001827256  -0.0008445253
       -0.0002983794  -0.0002766868   0.0000529562  -0.0003460187   0.0003088150
        0.0008699069   0.0003773877  -0.0003540840  -0.0001273541  -0.0002165828
        0.0000007825  -0.0162116131  -0.0007938147   0.0005100440   0.3437117106
       -0.0113399379   0.0006957546   0.0000613229   0.0002181046   0.0001653847
       -0.0000217507  -0.0000168326  -0.0000181425  -0.0000538916   0.0000154805
       -0.0000129811  -0.0001123788   0.0000483894   0.0000371571  -0.0000006872
        0.0000266979  -0.0000212916
        0.0013888973   0.0000121304  -0.0023182521   0.0252462368  -0.0028794927
        0.0012821224   0.0053189457  -0.0413665055   0.0054311085   0.0013351549
       -0.0011431629   0.0058967169   0.0005361022  -0.0001334942  -0.0002788562
       -0.0000645410   0.0002360947  -0.0003542805  -0.0000417657  -0.0000354202
        0.0000214723   0.0001050764   0.0001643225  -0.0005450788   0.0004705165
        0.0000209986   0.0000057500  -0.0000886311   0.0003598960  -0.0002870679
       -0.0002540814  -0.0006536158   0.0006206170  -0.0000977327  -0.0003439125
        0.0001211955  -0.0227178327  -0.0001672056   0.0014746106  -0.0113399379
        0.0458071785  -0.0116684784   0.0001155311   0.0000634250   0.0002919436
        0.0000491038   0.0000307580   0.0000116605   0.0000022863  -0.0000136067
        0.0001105104   0.0000214885  -0.0000135801   0.0000146314   0.0000151829
        0.0000551925   0.0001696749
       -0.0011895968  -0.0022375335  -0.0036586566  -0.0109811542   0.0000937443
       -0.0001257435   0.0015609426   0.0056462843  -0.0330118735  -0.0005131046
        0.0061086674   0.0093819408   0.0013770988   0.0001646319   0.0001396973
       -0.0001460660   0.0003582336  -0.0004115250   0.0001023517  -0.0002343425
       -0.0000447731   0.0000524056   0.0007702177  -0.0006138532  -0.0021384704
        0.0001086637   0.0000431779   0.0001822865   0.0005031871  -0.0002656698
        0.0003859907   0.0004338053  -0.0003252781  -0.0003091595  -0.0008673129
        0.0002261973   0.0109178440   0.0012462200   0.0016879441   0.0006957546
       -0.0116684784   0.0265431336   0.0001192442  -0.0002172285   0.0000461801
        0.0000591592  -0.0000166373   0.0000361009  -0.0000035972  -0.0000478925
        0.0001287645  -0.0001682608   0.0000130966   0.0000164626  -0.0000036683
       -0.0001573264   0.0002077735
        0.0000181373   0.0000841898   0.0000246694   0.0007035799  -0.0010224899
       -0.0001194302  -0.0008726802  -0.0006027461  -0.0001916276   0.0065896096
       -0.0107253474  -0.0026457464  -0.0992741610   0.1029379759   0.0251373429
       -0.0172629513   0.0265874667   0.0057564402  -0.0059111978  -0.0000626025
       -0.0002450396  -0.0002289537  -0.0005354810  -0.0001085277  -0.0010710396
       -0.0027041643  -0.0007806893   0.0000347047   0.0000420030  -0.0000583112
       -0.0000031681  -0.0000033599  -0.0000127995   0.0000442189   0.0000549403
       -0.0000040540  -0.0010378699  -0.0000214500  -0.0012738747   0.0000613229
        0.0001155311   0.0001192442   0.1180670017  -0.1154205029  -0.0259197716
        0.0007377730   0.0007763865   0.0002139784  -0.0008499153   0.0013179958
        0.0003318946   0.0000196398  -0.0000378710   0.0000315647   0.0002359490
       -0.0007804743  -0.0002552624
        0.0000415901   0.0001517517   0.0000153355   0.0015342960  -0.0002870687
        0.0009449838   0.0001517957   0.0003470545   0.0005141946   0.0104494516
       -0.0254941461  -0.0057785548   0.1032121693  -0.2325162658  -0.0468478881
        0.0032482590  -0.0031487488  -0.0008661435   0.0005717388   0.0017312008
       -0.0015592409  -0.0006536232   0.0005658318   0.0001379901  -0.0032800321
       -0.0037927116  -0.0026631615   0.0000928211  -0.0000078946  -0.0000881276
       -0.0000554871   0.0000916445  -0.0000307559   0.0001460677   0.0001702878
        0.0000491856  -0.0001310401   0.0008919626  -0.0003452157   0.0002181046
        0.0000634250  -0.0002172285  -0.1154205029   0.2617493292   0.0557153217
       -0.0007831253   0.0009185725   0.0008780897   0.0000007095  -0.0001831715
       -0.0000467363  -0.0000579890   0.0000400978   0.0004370066   0.0007147961
       -0.0012911510  -0.0002490547
        0.0002275644   0.0001694399  -0.0000055055  -0.0003582353   0.0010031115
       -0.0022937972  -0.0009339109  -0.0006290744   0.0001577529   0.0039427541
       -0.0058742866  -0.0003110733   0.0249760689  -0.0476195604  -0.0451096771
        0.0001652464  -0.0004688918   0.0007726949  -0.0001201450  -0.0016083405
        0.0078305505  -0.0000363145   0.0002234790  -0.0001639869  -0.0011346306
       -0.0023814435   0.0069858982   0.0000489082   0.0000266926  -0.0000425484
        0.0000358901   0.0000831732  -0.0000015493   0.0000657430   0.0000620146
       -0.0000009563  -0.0011604976   0.0000771907  -0.0007628285   0.0001653847
        0.0002919436   0.0000461801  -0.0259197716   0.0557153217   0.0373466724
       -0.0001167220   0.0008637848  -0.0025777042  -0.0000129617  -0.0000293169
       -0.0000081386   0.0000033364   0.0004079853  -0.0017284717   0.0001622930
       -0.0003132227  -0.0001335121
       -0.0004247643   0.0000167794   0.0000420949  -0.0003970353  -0.0012593313
       -0.0003050945  -0.0000271400  -0.0000485175   0.0000550441  -0.0059339731
        0.0006225815  -0.0003178187  -0.0190555942  -0.0255832499  -0.0061705887
       -0.1131155380  -0.1100973751  -0.0262446571   0.0066593356   0.0103900357
        0.0024594969  -0.0003582943   0.0027536230   0.0004640995  -0.0001511851
        0.0006813434   0.0001465009   0.0000243707   0.0000447879  -0.0000384377
       -0.0000774250  -0.0000701658   0.0000419501   0.0000280334   0.0000425185
       -0.0000001995  -0.0000035784  -0.0001159891  -0.0000254610  -0.0000217507
        0.0000491038   0.0000591592   0.0007377730  -0.0007831253  -0.0001167220
        0.1308348676   0.1218606896   0.0295325181   0.0009775521   0.0008167702
        0.0002354961   0.0002606099   0.0006358851   0.0001379614   0.0000437361
        0.0000436360   0.0000446579
       -0.0000089486   0.0000893476  -0.0000187859   0.0002285892  -0.0002491874
        0.0000320048  -0.0000101211  -0.0000100133   0.0000319088  -0.0000241493
        0.0016837699  -0.0014720152  -0.0022641294  -0.0012415844  -0.0005361163
       -0.1100665907  -0.2192449704  -0.0439430309  -0.0131994029  -0.0254405389
       -0.0061786655   0.0033303711  -0.0039417786  -0.0026344673   0.0006817988
        0.0005384038   0.0001660378   0.0000287284  -0.0000041812  -0.0000156896
       -0.0000458292   0.0000065916   0.0000080868   0.0000388720   0.0000204474
        0.0000016161  -0.0000286318   0.0000236383  -0.0000221884  -0.0000168326
        0.0000307580  -0.0000166373   0.0007763865   0.0009185725   0.0008637848
        0.1218606896   0.2474002568   0.0528522170  -0.0005946533   0.0006653545
        0.0007238287  -0.0007264539  -0.0012819057  -0.0002677648   0.0000403072
        0.0000370195   0.0004258763
       -0.0000627203  -0.0000189989  -0.0000334753  -0.0001407768   0.0001070224
       -0.0000717679   0.0000348276  -0.0001016521  -0.0000015269  -0.0000271240
       -0.0014919942   0.0079248609  -0.0010939118  -0.0009400858   0.0006041324
       -0.0259483352  -0.0442637925  -0.0450883370  -0.0029834447  -0.0054199998
       -0.0004552705   0.0004749489  -0.0026521222   0.0074101796   0.0002728215
        0.0001649159  -0.0001767480   0.0000047185   0.0000112435  -0.0000036759
       -0.0000285982   0.0000040307  -0.0000045479   0.0000088621   0.0000018724
       -0.0000018255  -0.0000295182  -0.0000115469  -0.0000236540  -0.0000181425
        0.0000116605   0.0000361009   0.0002139784   0.0008780897  -0.0025777042
        0.0295325181   0.0528522170   0.0367051511  -0.0000851413   0.0007370349
       -0.0024051733  -0.0001619804  -0.0002784080  -0.0000840905   0.0000370183
        0.0004105134  -0.0017526280
       -0.0000630921   0.0000205845   0.0000092556   0.0002997585  -0.0000042083
        0.0000320822   0.0000236189  -0.0000630364  -0.0000161845   0.0009040081
       -0.0000342862  -0.0000009867  -0.0004698910   0.0032735276   0.0006334306
       -0.0179279199   0.0024719956   0.0002191215  -0.2997856455   0.0080912655
       -0.0025003008  -0.0195687423  -0.0013204446  -0.0006130051  -0.0008390481
       -0.0034026249  -0.0009345917   0.0000279653   0.0000100239  -0.0000348585
       -0.0000406324   0.0000213288   0.0000075766   0.0000477261   0.0000222538
        0.0000141975   0.0000228362  -0.0000324068   0.0000361040  -0.0000538916
        0.0000022863  -0.0000035972  -0.0008499153   0.0000007095  -0.0000129617
        0.0009775521  -0.0005946533  -0.0000851413   0.3372605808  -0.0090538561
        0.0030599953   0.0009589041   0.0005614209   0.0001836842  -0.0009241719
        0.0000301202   0.0000061801
       -0.0000772008   0.0000306327  -0.0000027365   0.0000355887  -0.0001342818
        0.0004225522   0.0000640157   0.0000548367   0.0000567144  -0.0000728532
       -0.0006207680  -0.0000919203   0.0027633543  -0.0038302694  -0.0025780469
        0.0260774452  -0.0018480227  -0.0000997440   0.0081238541  -0.0439492536
       -0.0020969989  -0.0250160763  -0.0001510726  -0.0005767368  -0.0028699914
       -0.0034604388  -0.0025447828   0.0000172601  -0.0000059042  -0.0000432648
       -0.0000189273   0.0000169704  -0.0000004030   0.0000419330   0.0000373522
        0.0000327729  -0.0000263488   0.0000492958  -0.0000360408   0.0000154805
       -0.0000136067  -0.0000478925   0.0013179958  -0.0001831715  -0.0000293169
        0.0008167702   0.0006653545   0.0007370349  -0.0090538561   0.0527709945
        0.0062334945  -0.0008486521   0.0006859992   0.0007034803  -0.0012897916
       -0.0001146470  -0.0000381650
        0.0001482624   0.0000907985   0.0000425060  -0.0001723006   0.0004020517
       -0.0017380291  -0.0002563367  -0.0000655700  -0.0000152665   0.0001693961
       -0.0003690809  -0.0001521974   0.0004145612  -0.0025037908   0.0073464420
        0.0054716290  -0.0006361553   0.0006570520  -0.0025723804  -0.0021139990
       -0.0344630070  -0.0056765477  -0.0001747983   0.0005581883  -0.0007907788
       -0.0024081326   0.0073211329   0.0000116480  -0.0000069195  -0.0000070534
        0.0000098583   0.0000426027  -0.0000000287   0.0000444055   0.0000150905
       -0.0000055817  -0.0000179674  -0.0000079267  -0.0000462086  -0.0000129811
        0.0001105104   0.0001287645   0.0003318946  -0.0000467363  -0.0000081386
        0.0002354961   0.0007238287  -0.0024051733   0.0030599953   0.0062334945
        0.0252178337  -0.0001284579   0.0007303608  -0.0024191558  -0.0002693960
       -0.0000156283  -0.0000120795
       -0.0000440697  -0.0000218179   0.0000138512  -0.0003115672   0.0014274638
        0.0002910330  -0.0004045530  -0.0000283915   0.0000345402  -0.0059374889
       -0.0001306952  -0.0000308850  -0.0002277557  -0.0006554518  -0.0001324243
       -0.0007435159  -0.0028912996  -0.0007585372   0.0067123863  -0.0123755675
       -0.0026377766  -0.1006154222   0.1034046899   0.0218279943  -0.0173890588
        0.0266118725   0.0056215404   0.0000288796   0.0000536926  -0.0000424192
        0.0000057719  -0.0000012476  -0.0000053261   0.0000038016   0.0000640023
       -0.0000000536   0.0000177606  -0.0000331497   0.0000605237  -0.0001123788
        0.0000214885  -0.0001682608   0.0000196398  -0.0000579890   0.0000033364
        0.0002606099  -0.0007264539  -0.0001619804   0.0009589041  -0.0008486521
       -0.0001284579   0.1170513298  -0.1146070228  -0.0239989268   0.0007267267
        0.0007945289   0.0002122288
        0.0000208648  -0.0000000253  -0.0000021406  -0.0002077373  -0.0002924014
       -0.0000067267   0.0000428101   0.0000480078   0.0000160459   0.0005304000
        0.0016999294  -0.0014182791  -0.0006945972   0.0005978198   0.0001564545
       -0.0034635544  -0.0035980929  -0.0025991219   0.0113178846  -0.0255541283
       -0.0056398311   0.1033827388  -0.2331061131  -0.0423768242   0.0032693127
       -0.0030724006  -0.0008296696  -0.0000012978  -0.0000143401  -0.0000274636
        0.0000063910   0.0000110813  -0.0000094183   0.0000179960   0.0000313366
        0.0000276641  -0.0000240238   0.0000301279  -0.0000284375   0.0000483894
       -0.0000135801   0.0000130966  -0.0000378710   0.0000400978   0.0004079853
        0.0006358851  -0.0012819057  -0.0002784080   0.0005614209   0.0006859992
        0.0007303608  -0.1146070228   0.2628191818   0.0510439466  -0.0007979892
        0.0009694059   0.0008207668
        0.0000295957   0.0000084426  -0.0000003718   0.0000942611  -0.0001585490
        0.0000470622  -0.0000405880   0.0000748958  -0.0001257060  -0.0002577301
       -0.0015957908   0.0078538312  -0.0001243838   0.0002507853  -0.0001204308
       -0.0008210391  -0.0025763560   0.0074120163   0.0026477712  -0.0058546452
       -0.0004406930   0.0216518334  -0.0424486285  -0.0435832871   0.0005103559
       -0.0004866705   0.0006840206   0.0000048182  -0.0000004366  -0.0000161785
        0.0000152834   0.0000015094   0.0000060936   0.0000076938   0.0000016405
       -0.0000026633   0.0000149457   0.0000111795  -0.0000121319   0.0000371571
        0.0000146314   0.0000164626   0.0000315647   0.0004370066  -0.0017284717
        0.0001379614  -0.0002677648  -0.0000840905   0.0001836842   0.0007034803
       -0.0024191558  -0.0239989268   0.0510439466   0.0351028154  -0.0001242579
        0.0008413233  -0.0025891213
       -0.0010853512   0.0008003458   0.0007418220   0.0008428073   0.0006242692
        0.0003281772  -0.0000982546   0.0000092169  -0.0000593916   0.0068295122
        0.0091951079   0.0022839893  -0.0006335239   0.0026751330   0.0004366895
       -0.0001892610   0.0006092381   0.0001282351  -0.0059638685   0.0005089742
       -0.0000691612  -0.0191497856  -0.0258445935  -0.0061840615  -0.1099946117
       -0.1093472257  -0.0266217660  -0.0000719305   0.0000874115   0.0003058728
       -0.0000545407  -0.0000624744  -0.0002265798  -0.0020404277  -0.0000883128
        0.0000135466   0.0000134859  -0.0000916226   0.0000512443  -0.0000006872
        0.0000151829  -0.0000036683   0.0002359490   0.0007147961   0.0001622930
        0.0000437361   0.0000403072   0.0000370183  -0.0009241719  -0.0012897916
       -0.0002693960   0.0007267267  -0.0007979892  -0.0001242579   0.1315141972
        0.1222420269   0.0290693943
       -0.0003942881   0.0002889523   0.0000568690  -0.0015181465  -0.0004174116
        0.0009428396  -0.0001039010   0.0000278260   0.0001540874  -0.0124547932
       -0.0251745289  -0.0059405550   0.0031870570  -0.0041222010  -0.0024907736
        0.0007131747   0.0005087727   0.0001624970  -0.0001173721   0.0016908907
       -0.0014354030  -0.0023078530  -0.0014822326  -0.0006135842  -0.1096365836
       -0.2232130478  -0.0451136819   0.0001009813   0.0001011205  -0.0004699684
       -0.0002288962   0.0001898496   0.0000093299   0.0004824401   0.0009486681
        0.0003491369  -0.0000783551   0.0002096105  -0.0000902895   0.0000266979
        0.0000551925  -0.0001573264  -0.0007804743  -0.0012911510  -0.0003132227
        0.0000436360   0.0000370195   0.0004105134   0.0000301202  -0.0001146470
       -0.0000156283   0.0007945289   0.0009694059   0.0008413233   0.1222420269
        0.2507879115   0.0537138366
        0.0005640228   0.0002865890   0.0000333842   0.0000909167   0.0004511351
       -0.0020659099  -0.0004206865   0.0003077139  -0.0001139288  -0.0035553195
       -0.0057733253  -0.0004473290   0.0007982585  -0.0025194994   0.0071194127
        0.0000067261   0.0001845420  -0.0001660762  -0.0001885605  -0.0015840648
        0.0078508267  -0.0005360526  -0.0008373548   0.0007155910  -0.0265067075
       -0.0453126455  -0.0445219444   0.0003009496  -0.0002271713  -0.0005780546
       -0.0000770965   0.0000912337  -0.0000548401   0.0005156824   0.0000802986
        0.0005070473  -0.0000480400   0.0000096138  -0.0001304585  -0.0000212916
        0.0001696749   0.0002077735  -0.0002552624  -0.0002490547  -0.0001335121
        0.0000446579   0.0004258763  -0.0017526280   0.0000061801  -0.0000381650
       -0.0000120795   0.0002122288   0.0008207668  -0.0025891213   0.0290693943
        0.0537138366   0.0361318471
