$hessian                                                                        
        0.6762387685   0.0287212494  -0.0211896306  -0.1657229243   0.0861486102
        0.1195336702  -0.0420195163   0.0111704385   0.0190535900   0.0053906715
        0.0032035962   0.0025155306  -0.0300560961  -0.0193012939  -0.0213139091
       -0.1438251999  -0.0886805525  -0.1012263664  -0.0017127820  -0.0000123574
       -0.0000692293   0.0004073270  -0.0004266058  -0.0002879290  -0.0001836644
        0.0000114544   0.0000374740  -0.0000222363   0.0000125948   0.0000122375
       -0.0000991061  -0.0000637860  -0.0000253955   0.0005118694   0.0004254047
        0.0002042817  -0.0000914698   0.0001340284  -0.0000010359   0.0000603341
        0.0000757307  -0.0000186572   0.0000828524   0.0000238945  -0.0000048207
        0.0000770200  -0.0001155004   0.0000166609  -0.3003974307  -0.0219695982
       -0.0002101461   0.0066725231  -0.0062163917  -0.0084407086  -0.0059555331
       -0.0007538433   0.0004650351  -0.0059176637  -0.0011896697   0.0000820824
        0.0065744892   0.0089081566   0.0108219086  -0.0000122325  -0.0001055596
        0.0000453574
        0.0287212494   0.3272740944   0.2591505260   0.0369587718  -0.1254581445
       -0.0997656908   0.0484716723   0.0168884846   0.0143973435   0.0029282243
       -0.0292948791  -0.0288073058  -0.0564055580   0.0052521248   0.0110599887
       -0.0395448538  -0.1458083532  -0.1185066576  -0.0000778837  -0.0003751010
       -0.0001003940   0.0002559257  -0.0001158469   0.0000932759   0.0000080211
       -0.0000358050  -0.0000389772   0.0000010817   0.0000490762   0.0000041670
        0.0000594984  -0.0000833075   0.0000615129  -0.0000379640  -0.0001544154
        0.0001566171  -0.0002216426   0.0000835085  -0.0001177878   0.0000063070
        0.0000390561  -0.0000126554   0.0000286010   0.0000123200   0.0000073406
       -0.0000108000   0.0000367640  -0.0000121867  -0.0219926936  -0.0400989550
       -0.0045437520   0.0086328527  -0.0096690058  -0.0140334776  -0.0011450441
        0.0054977262  -0.0034439893  -0.0008569942   0.0054155782  -0.0033408462
       -0.0057582581  -0.0095585421  -0.0122347658  -0.0000205133   0.0001036224
        0.0000277146
       -0.0211896306   0.2591505260   0.4434058440   0.0574210576  -0.1047090968
       -0.1849122944   0.0654158478   0.0186346152   0.0175919474   0.0025860343
       -0.0293505978  -0.0428031794  -0.0676074794   0.0073042133   0.0176230363
       -0.0391420154  -0.1127159571  -0.1866475614   0.0000174369  -0.0002218087
       -0.0005465021   0.0002848574  -0.0001259459   0.0002264602  -0.0000263303
       -0.0000014124  -0.0000402360   0.0000111076   0.0000948299   0.0000000010
        0.0001275313  -0.0000894179   0.0001000711  -0.0000403052  -0.0002419837
        0.0001910031  -0.0004723144  -0.0000453497  -0.0000174417   0.0000020477
        0.0000296297  -0.0000106670   0.0000186464   0.0000169036   0.0000042432
       -0.0000032201   0.0000224118  -0.0000119096  -0.0001719540  -0.0045216101
       -0.0403512879   0.0101772805  -0.0125359666  -0.0157213837   0.0000314416
       -0.0032840253   0.0038327606   0.0004715287  -0.0033790197   0.0038114802
       -0.0079032985  -0.0141900186  -0.0157238479  -0.0000082698   0.0001590806
       -0.0000005361
       -0.1657229243   0.0369587718   0.0574210576   0.6562179211   0.0332089385
       -0.0135762682  -0.3338508029   0.0025404758   0.0310298294  -0.0312399981
       -0.0555897787  -0.0656826077  -0.0514713410   0.0147107719   0.0237826022
        0.0601143272   0.0258162669   0.0258341528   0.0025696798  -0.0021057029
       -0.0016744480  -0.0002514181   0.0004995901   0.0006494866   0.0003800492
        0.0001726970  -0.0000037719  -0.0001666969  -0.0000017576  -0.0000166911
        0.0002447684  -0.0003013826   0.0001261334  -0.0012485756  -0.0009460308
       -0.0002293853  -0.0005234894   0.0000487155  -0.0000581488  -0.0000080633
        0.0000658322   0.0000163375   0.0000640173   0.0000007868   0.0000109532
        0.0000358065  -0.0000067360  -0.0000235939  -0.0197207539   0.0145380882
        0.0202558842  -0.0956493044  -0.0677988510  -0.0781605639  -0.0190712476
        0.0002313309   0.0019048051  -0.0002861248   0.0002710482   0.0004111520
       -0.0002030975  -0.0024720176  -0.0020211679  -0.0002127318   0.0001589434
        0.0000042526
        0.0861486102  -0.1254581445  -0.1047090968   0.0332089385   0.3357452088
        0.2697964689  -0.0470560517  -0.0677090446  -0.0204962323  -0.0186205923
        0.0044294447   0.0064041951   0.0152431268  -0.0055153301  -0.0019025971
       -0.0109049844  -0.0249848168  -0.0316471449  -0.0025824701   0.0024790524
       -0.0057168933  -0.0007306128  -0.0001144918  -0.0000290946  -0.0000931072
        0.0001764906   0.0003706777   0.0000308034  -0.0000690343   0.0000209715
       -0.0002112642   0.0001446663   0.0004680506   0.0004879567   0.0003113648
        0.0001110779   0.0001304373   0.0000003329  -0.0000777040   0.0001063207
        0.0000910197  -0.0000458187   0.0000527598   0.0000091946  -0.0000648624
       -0.0000137737  -0.0000108726  -0.0000098806  -0.0003749247   0.0014381283
        0.0006888695  -0.0676951841  -0.1251655740  -0.1061603870   0.0147370287
        0.0011649691  -0.0010595892   0.0003408099   0.0001474968   0.0004576792
       -0.0021032853   0.0028979395  -0.0061949700  -0.0001005415  -0.0000079997
       -0.0002037196
        0.1195336702  -0.0997656908  -0.1849122944  -0.0135762682   0.2697964689
        0.4554825709  -0.0295330107  -0.0263556860  -0.0767610852  -0.0202077839
        0.0121670688   0.0168651930   0.0239124647  -0.0016348968  -0.0105888657
       -0.0199618404  -0.0356251450  -0.0406641172  -0.0024325794  -0.0059035165
        0.0003779844   0.0008338334  -0.0001690663  -0.0000050730  -0.0002412270
       -0.0000494525  -0.0000789387  -0.0000564954   0.0000155990   0.0000094185
       -0.0002330116  -0.0002981632   0.0000626069  -0.0012516578  -0.0000860975
        0.0000431885   0.0000518460   0.0002244415   0.0000459187  -0.0000525608
       -0.0000074536  -0.0000140562   0.0001998697   0.0000268259  -0.0000109041
        0.0001150311  -0.0001070374   0.0000367947   0.0016491802  -0.0007727188
       -0.0003584560  -0.0781962865  -0.1061081477  -0.1592698234   0.0207098284
        0.0003111435  -0.0007845935   0.0004262925   0.0004609587   0.0002474487
       -0.0017481147  -0.0061544991   0.0003801276   0.0000588201   0.0000350648
       -0.0001030445
       -0.0420195163   0.0484716723   0.0654158478  -0.3338508029  -0.0470560517
       -0.0295330107   0.6646541961   0.0197781489  -0.0346650993  -0.1292093038
       -0.0373424967  -0.0383460985   0.0561361137  -0.0093769783  -0.0186929305
       -0.0451426411  -0.0222301276  -0.0233308921  -0.0280655354  -0.0190000352
       -0.0198807729  -0.0001597177  -0.0024408550  -0.0012848784  -0.0003335709
       -0.0002241948   0.0009282692   0.0005140536  -0.0002436375   0.0001264568
       -0.0013002858  -0.0002724970   0.0011817842  -0.0028600353   0.0025708090
       -0.0005296229   0.0006693698   0.0000436760  -0.0002359160  -0.0002679756
       -0.0001570158   0.0000096475  -0.0001298323  -0.0000184032  -0.0001643315
       -0.0000095914   0.0000113134   0.0000221692  -0.0010872679   0.0015889258
        0.0027986405  -0.0164205706  -0.0030883526  -0.0020527551  -0.1196611706
        0.0677685456   0.0964554553  -0.0010692834   0.0016413774   0.0030971912
       -0.0001167378  -0.0003648699  -0.0006434925  -0.0002698947  -0.0000589529
       -0.0006756614
        0.0111704385   0.0168884846   0.0186346152   0.0025404758  -0.0677090446
       -0.0263556860   0.0197781489   0.3251024270   0.2598385867  -0.0753746918
       -0.1426148893  -0.1061247255   0.0228157664  -0.0228338135  -0.0340758305
       -0.0214266442  -0.0120673173  -0.0056587536  -0.0155604997  -0.0021548359
       -0.0026338901   0.0033280275  -0.0022616305  -0.0010071711  -0.0010688818
        0.0001581704  -0.0001072766   0.0001801269   0.0000139865  -0.0000211541
       -0.0010254694  -0.0001385050   0.0000738157   0.0014355429   0.0014191602
        0.0000907282   0.0001278750   0.0003588288  -0.0000839243   0.0000790996
        0.0001379108   0.0000134393   0.0002894668   0.0000062438   0.0000208828
        0.0001140440  -0.0001803064   0.0000609687   0.0017156864   0.0035121384
       -0.0056700969  -0.0178732064  -0.0020086301  -0.0015482152   0.0676366294
       -0.0989803001  -0.0904848091   0.0013574403   0.0032476769  -0.0055171604
       -0.0004388676  -0.0000137174   0.0003455842   0.0001994925   0.0001179627
        0.0002100726
        0.0190535900   0.0143973435   0.0175919474   0.0310298294  -0.0204962323
       -0.0767610852  -0.0346650993   0.2598385867   0.4441818326  -0.0921196187
       -0.1116075134  -0.1747436123   0.0243771014  -0.0304541973  -0.0396181041
       -0.0229513076  -0.0059334628  -0.0107055854  -0.0089378979  -0.0020059755
       -0.0003169722   0.0011037473  -0.0005024820  -0.0009402080  -0.0000784575
        0.0000815182   0.0000152566  -0.0001466253  -0.0002395376   0.0000450947
       -0.0005614878   0.0000923587   0.0000351979   0.0017408498   0.0014567933
        0.0002479474   0.0004453930  -0.0002500877   0.0000732729   0.0001564975
        0.0000864940  -0.0000103641   0.0002059696  -0.0000347088   0.0000002261
        0.0001772947  -0.0002280488  -0.0000072466   0.0031081018  -0.0057466114
        0.0006135754  -0.0205073625  -0.0031299240  -0.0009987494   0.0962612357
       -0.0898638017  -0.1595966722   0.0027466988  -0.0055520033   0.0002643243
       -0.0005555859   0.0003082552   0.0002693669   0.0001171335  -0.0002167628
        0.0003605573
        0.0053906715   0.0029282243   0.0025860343  -0.0312399981  -0.0186205923
       -0.0202077839  -0.1292093038  -0.0753746918  -0.0921196187   0.6132122447
        0.0198139803  -0.0236856100  -0.1483117923   0.0728677835   0.1111385579
       -0.0429646241   0.0102658944   0.0179180885  -0.2154371733  -0.0106278811
        0.0008916850  -0.0314278385   0.0135148881   0.0034105548   0.0017520288
        0.0029731595   0.0004006719  -0.0020194433   0.0000093211   0.0000198422
        0.0021996559  -0.0018494599  -0.0000135649  -0.0246187772  -0.0166005447
       -0.0031093184   0.0003458401   0.0000832948   0.0002761343  -0.0000327538
        0.0003167793   0.0000876658   0.0001297024  -0.0000065114  -0.0000720872
       -0.0002419781  -0.0001165391  -0.0001376735   0.0009169947   0.0000405456
        0.0000860216  -0.0057873817  -0.0012467815   0.0002805774   0.0061217246
        0.0079779416   0.0107498325   0.0063999660  -0.0047401181  -0.0085376630
       -0.0058051913  -0.0006633300   0.0002518519   0.0006274269  -0.0009453626
       -0.0002141986
        0.0032035962  -0.0292948791  -0.0293505978  -0.0555897787   0.0044294447
        0.0121670688  -0.0373424967  -0.1426148893  -0.1116075134   0.0198139803
        0.3539966971   0.2443975097   0.0354887015  -0.1203346186  -0.0944007004
        0.0470785614   0.0161582821   0.0154398803  -0.0109897566  -0.0623393213
       -0.0041856285   0.0237846055   0.0010417471   0.0003388319   0.0026078876
       -0.0031102986   0.0005622131  -0.0000587102  -0.0004182866   0.0000848093
       -0.0013329762  -0.0033863501   0.0005720975  -0.0265093525  -0.0045958536
        0.0000858793  -0.0024544049  -0.0007442541   0.0000986861  -0.0011802948
       -0.0005685500  -0.0000003118  -0.0000297794   0.0000629944  -0.0000372047
        0.0011492609  -0.0003917632  -0.0000097394   0.0001068861  -0.0001309762
       -0.0004676587  -0.0006883420   0.0055424055  -0.0033974312  -0.0050416194
       -0.0096817458  -0.0125638521   0.0080063159  -0.0094472636  -0.0140348777
       -0.0012150266   0.0054518299  -0.0033242761   0.0011927425   0.0003756493
       -0.0003671842
        0.0025155306  -0.0288073058  -0.0428031794  -0.0656826077   0.0064041951
        0.0168651930  -0.0383460985  -0.1061247255  -0.1747436123  -0.0236856100
        0.2443975097   0.4316975335   0.0573803523  -0.0980628493  -0.1782904744
        0.0637004009   0.0178351461   0.0170030167   0.0009530906  -0.0024500186
       -0.0557903566  -0.0011234916  -0.0000036728   0.0015269752   0.0004961451
        0.0004681988   0.0065854510  -0.0000560630  -0.0003268132   0.0002835840
       -0.0004228977   0.0005596671   0.0061873312   0.0008127178   0.0002391696
        0.0008278410   0.0001003458  -0.0006201286  -0.0014497866   0.0000238892
       -0.0000004289  -0.0001479409  -0.0000221074  -0.0000392073  -0.0009546646
       -0.0000335716   0.0000126725  -0.0000993138   0.0000124742  -0.0001704427
       -0.0005315499   0.0002489533  -0.0031345409   0.0038985553  -0.0071767516
       -0.0141387321  -0.0157809510   0.0098871045  -0.0125007157  -0.0158529086
        0.0003321928  -0.0032711302   0.0039506161   0.0000860019  -0.0002658473
       -0.0023813590
       -0.0300560961  -0.0564055580  -0.0676074794  -0.0514713410   0.0152431268
        0.0239124647   0.0561361137   0.0228157664   0.0243771014  -0.1483117923
        0.0354887015   0.0573803523   0.6588410110   0.0403179017  -0.0097041222
       -0.3333481606   0.0006712410   0.0326196099  -0.0316521725   0.0136975746
        0.0197533759  -0.0016591733  -0.0026258423   0.0001503111  -0.0015471159
        0.0002937801  -0.0014083055   0.0005639780   0.0003572084  -0.0000945359
       -0.0001874741   0.0000189894  -0.0006696266   0.0006693489   0.0028042664
        0.0012274010  -0.0012522503  -0.0014757377   0.0007308649  -0.0000682452
       -0.0000468345   0.0000041051  -0.0000319357  -0.0000353766   0.0001686673
       -0.0002452745   0.0000572916   0.0000132621  -0.0004455314  -0.0022186404
       -0.0018499075  -0.0002691952   0.0004913016   0.0004124917  -0.0004521553
       -0.0022511438  -0.0021921435  -0.0956661704  -0.0669575500  -0.0801849322
       -0.0195555220  -0.0003175932   0.0024912357   0.0000091543   0.0000771272
        0.0004698096
       -0.0193012939   0.0052521248   0.0073042133   0.0147107719  -0.0055153301
       -0.0016348968  -0.0093769783  -0.0228338135  -0.0304541973   0.0728677835
       -0.1203346186  -0.0980628493   0.0403179017   0.3261285584   0.2624403004
       -0.0491430172  -0.0679590407  -0.0209479420   0.0104591572   0.0023246157
        0.0007879739  -0.0018262359   0.0013911352   0.0000142266   0.0007483458
       -0.0002290823   0.0000519664  -0.0000620262   0.0002284714  -0.0000078970
        0.0012197737   0.0000658849  -0.0000821163  -0.0026336776  -0.0019133258
       -0.0007431379  -0.0016570550  -0.0013914553   0.0007621597  -0.0001703166
       -0.0002396508   0.0000903777  -0.0002927822  -0.0000272966  -0.0000249547
       -0.0001362079   0.0001596470   0.0000033533  -0.0023096517   0.0028752492
       -0.0060376165   0.0003824970   0.0000888756   0.0004585736  -0.0019627576
        0.0023843892  -0.0059981803  -0.0665197471  -0.1214014280  -0.1067965756
        0.0145974773   0.0011603561  -0.0011281937   0.0000880389  -0.0002142658
        0.0000054124
       -0.0213139091   0.0110599887   0.0176230363   0.0237826022  -0.0019025971
       -0.0105888657  -0.0186929305  -0.0340758305  -0.0396181041   0.1111385579
       -0.0944007004  -0.1782904744  -0.0097041222   0.2624403004   0.4521857103
       -0.0283236039  -0.0256430137  -0.0771236468   0.0083179145  -0.0005726137
       -0.0003161876  -0.0020432935   0.0009929119   0.0003549610   0.0003892411
       -0.0001550990   0.0000979269   0.0000789305  -0.0000708442   0.0000037709
        0.0003501769   0.0000444415  -0.0000735525  -0.0020569578   0.0005510265
       -0.0004992423   0.0016374741   0.0003033221  -0.0006843022  -0.0002360423
       -0.0002976562   0.0000419745  -0.0002274550  -0.0000300566  -0.0000008979
       -0.0001432525   0.0000971863  -0.0000134765  -0.0021340205  -0.0061542380
        0.0005310118   0.0004831509   0.0003589233   0.0003117289  -0.0016632230
       -0.0060557548   0.0004034495  -0.0803969575  -0.1066769616  -0.1633030821
        0.0207523508   0.0004899772  -0.0009716141   0.0000053687  -0.0003027121
       -0.0000701239
       -0.1438251999  -0.0395448538  -0.0391420154   0.0601143272  -0.0109049844
       -0.0199618404  -0.0451426411  -0.0214266442  -0.0229513076  -0.0429646241
        0.0470785614   0.0637004009  -0.3333481606  -0.0491430172  -0.0283236039
        0.6580436187   0.0225556348  -0.0317610241   0.0019480920   0.0016448649
        0.0026817687  -0.0014760496   0.0007188195   0.0001394079   0.0001334675
        0.0002143240  -0.0000611389  -0.0001955330  -0.0000452844   0.0000030083
        0.0002001874  -0.0000212248  -0.0002616749  -0.0006643966  -0.0001933508
       -0.0005866133   0.0003853875   0.0000202886   0.0001828298   0.0000188210
       -0.0000613038   0.0000177419   0.0000378155  -0.0000064548   0.0000112974
        0.0000215998  -0.0000941535  -0.0000138513  -0.0166791133  -0.0176622965
       -0.0201132996  -0.0008798949   0.0018021114   0.0031336047  -0.0001353759
       -0.0004982415  -0.0003745034  -0.0159403800  -0.0030742397  -0.0017872655
       -0.1196052272   0.0688493811   0.0954080607  -0.0000467204  -0.0002079365
        0.0000600180
       -0.0886805525  -0.1458083532  -0.1127159571   0.0258162669  -0.0249848168
       -0.0356251450  -0.0222301276  -0.0120673173  -0.0059334628   0.0102658944
        0.0161582821   0.0178351461   0.0006712410  -0.0679590407  -0.0256430137
        0.0225556348   0.3312466497   0.2676666655   0.0024064938   0.0035263892
       -0.0054913401  -0.0008911828   0.0001708364   0.0001441443   0.0001720516
        0.0001838401   0.0005249515  -0.0000720331  -0.0000516279   0.0000330360
        0.0001384633   0.0001240264   0.0003276628   0.0008765376  -0.0003414943
       -0.0001951532  -0.0001652173  -0.0000288074   0.0000482742   0.0000329979
        0.0000129707  -0.0000100924  -0.0000326403  -0.0000222816  -0.0000701605
       -0.0001300741   0.0001106058  -0.0000361463  -0.0027181163  -0.0014963620
       -0.0027249871   0.0014844909   0.0034820513  -0.0057473381  -0.0003953517
       -0.0000038104   0.0004157239  -0.0175221477  -0.0016452598  -0.0015772927
        0.0684581917  -0.1005716111  -0.0910472537  -0.0000408205  -0.0000348692
       -0.0001782616
       -0.1012263664  -0.1185066576  -0.1866475614   0.0258341528  -0.0316471449
       -0.0406641172  -0.0233308921  -0.0056587536  -0.0107055854   0.0179180885
        0.0154398803   0.0170030167   0.0326196099  -0.0209479420  -0.0771236468
       -0.0317610241   0.2676666655   0.4586088501   0.0034399622  -0.0054128984
        0.0002120499   0.0011421176   0.0001445117   0.0000889905   0.0002988078
       -0.0002621172   0.0001458372   0.0000531637  -0.0000336054   0.0000094293
        0.0001123346  -0.0000350051  -0.0001658518  -0.0007554617  -0.0003789658
       -0.0000802657   0.0000223441   0.0003512757   0.0000466729  -0.0000854378
       -0.0000977134   0.0000244150  -0.0001891317  -0.0000263412  -0.0000029949
        0.0000550510   0.0000097872  -0.0000117401  -0.0015445761  -0.0011436307
       -0.0003927348   0.0027808824  -0.0058496310   0.0005294554  -0.0004790128
        0.0003585544   0.0002772783  -0.0205602636  -0.0031921708  -0.0008096746
        0.0956272227  -0.0908157373  -0.1603131947   0.0000284290   0.0000376395
       -0.0000286277
       -0.0017127820  -0.0000778837   0.0000174369   0.0025696798  -0.0025824701
       -0.0024325794  -0.0280655354  -0.0155604997  -0.0089378979  -0.2154371733
       -0.0109897566   0.0009530906  -0.0316521725   0.0104591572   0.0083179145
        0.0019480920   0.0024064938   0.0034399622   0.6143712850  -0.0050863732
       -0.0014513922  -0.1492185097   0.1360767364  -0.0096455396  -0.0433457430
        0.0213587068  -0.0011948740   0.0050746107   0.0031132957  -0.0001035807
       -0.0308493817  -0.0248323302   0.0012389116  -0.1271780498  -0.1197795882
        0.0102467785   0.0043472863   0.0136475690  -0.0010642329  -0.0037000871
       -0.0001739876  -0.0001509681  -0.0009637933   0.0000843016   0.0000645138
       -0.0038963629   0.0001746856   0.0001259431   0.0002307613   0.0001512633
       -0.0000956767  -0.0004198385   0.0002025100  -0.0000455065   0.0007749167
        0.0013669706   0.0005704675   0.0009283287  -0.0008561041  -0.0007879463
       -0.0005005216  -0.0003080705   0.0000965130   0.0066949903  -0.0087946259
        0.0008386625
       -0.0000123574  -0.0003751010  -0.0002218087  -0.0021057029   0.0024790524
       -0.0059035165  -0.0190000352  -0.0021548359  -0.0020059755  -0.0106278811
       -0.0623393213  -0.0024500186   0.0136975746   0.0023246157  -0.0005726137
        0.0016448649   0.0035263892  -0.0054128984  -0.0050863732   0.6149033668
       -0.0079061928   0.0669486553  -0.2461208017   0.0069942664   0.0782529050
        0.0273955980  -0.0020264038   0.0014582464  -0.0567460063   0.0029272454
       -0.0773853499   0.0142832107  -0.0016364079  -0.0634397670  -0.2339969204
        0.0103404009   0.0028641716  -0.0380461985   0.0024778566   0.0024384135
        0.0021974482  -0.0000139538   0.0003490037   0.0006223322   0.0001017635
       -0.0023006434   0.0014268334   0.0002755749   0.0000831048  -0.0010985537
        0.0009209252  -0.0009365969  -0.0001589271  -0.0000845352  -0.0005980182
       -0.0015353341   0.0015701861   0.0008399713  -0.0016656412   0.0015041428
        0.0007205150  -0.0000395648  -0.0000467399   0.0121952990  -0.0248816407
        0.0011687028
       -0.0000692293  -0.0001003940  -0.0005465021  -0.0016744480  -0.0057168933
        0.0003779844  -0.0198807729  -0.0026338901  -0.0003169722   0.0008916850
       -0.0041856285  -0.0557903566   0.0197533759   0.0007879739  -0.0003161876
        0.0026817687  -0.0054913401   0.0002120499  -0.0014513922  -0.0079061928
        0.1379964880  -0.0037764693   0.0072382683  -0.0440738683  -0.0034365393
       -0.0008156999   0.0006633063  -0.0001286584   0.0024884969  -0.0015802791
        0.0037219216  -0.0001458275  -0.0007663003   0.0046990512   0.0090456674
       -0.0455142685  -0.0000108503   0.0028109177   0.0016020866  -0.0001066412
        0.0000085626   0.0044725017  -0.0000018083  -0.0000527031  -0.0000990693
       -0.0000677432   0.0001637384   0.0046896213  -0.0000756207   0.0008966059
       -0.0006479079  -0.0010277495  -0.0001896714  -0.0000170075  -0.0011353670
        0.0013024630  -0.0004368380   0.0006402572   0.0015068798  -0.0003958133
        0.0010982519  -0.0000076444  -0.0000179536  -0.0006430218   0.0009963113
        0.0005052860
        0.0004073270   0.0002559257   0.0002848574  -0.0002514181  -0.0007306128
        0.0008338334  -0.0001597177   0.0033280275   0.0011037473  -0.0314278385
        0.0237846055  -0.0011234916  -0.0016591733  -0.0018262359  -0.0020432935
       -0.0014760496  -0.0008911828   0.0011421176  -0.1492185097   0.0669486553
       -0.0037764693   0.6493710295   0.0138394619  -0.0000990395  -0.3184650572
        0.0101825892  -0.0017083362  -0.0331454373  -0.0776237150   0.0036049029
       -0.0442061979   0.0240013347  -0.0011905143   0.0516044193   0.0337675720
       -0.0019135550  -0.0005027595  -0.0042523198   0.0002495868   0.0003501569
       -0.0005733582  -0.0001160940   0.0012752413  -0.0002917708   0.0000288071
       -0.0256587757   0.0171393947  -0.0007499442   0.0000002297   0.0002586305
       -0.0001830506  -0.0000818365  -0.0000575447   0.0000720208  -0.0001439764
        0.0004987023  -0.0003630129  -0.0000514941   0.0004171343  -0.0001583312
       -0.0003544190   0.0000119947   0.0000070436  -0.0962057430  -0.1081872885
        0.0060982154
       -0.0004266058  -0.0001158469  -0.0001259459   0.0004995901  -0.0001144918
       -0.0001690663  -0.0024408550  -0.0022616305  -0.0005024820   0.0135148881
        0.0010417471  -0.0000036728  -0.0026258423   0.0013911352   0.0009929119
        0.0007188195   0.0001708364   0.0001445117   0.1360767364  -0.2461208017
        0.0072382683   0.0138394619   0.6551755049  -0.0248878256  -0.0562812376
       -0.0826763816   0.0019584525  -0.0239771497   0.0168120465  -0.0011317466
        0.0239500306  -0.0082567733   0.0004047149  -0.0193415235  -0.0656587292
        0.0038098861  -0.0016139112  -0.0021415169   0.0002579826  -0.0009902946
       -0.0015792208   0.0000926322  -0.0024126487  -0.0036038780   0.0002928334
        0.0289761890  -0.0092660540   0.0006104104  -0.0000646340  -0.0000186105
       -0.0000170404  -0.0000401669  -0.0000150896  -0.0000793494  -0.0001607539
        0.0002112026  -0.0002738001   0.0001065677  -0.0003103680  -0.0001352945
       -0.0000554767  -0.0000078823   0.0000766853  -0.1072511835  -0.2526551977
        0.0114469345
       -0.0002879290   0.0000932759   0.0002264602   0.0006494866  -0.0000290946
       -0.0000050730  -0.0012848784  -0.0010071711  -0.0009402080   0.0034105548
        0.0003388319   0.0015269752   0.0001503111   0.0000142266   0.0003549610
        0.0001394079   0.0001441443   0.0000889905  -0.0096455396   0.0069942664
       -0.0440738683  -0.0000990395  -0.0248878256   0.1064410965   0.0008115750
        0.0015999347  -0.0431728997   0.0013310687  -0.0009099180   0.0003888398
       -0.0014525815   0.0006317594  -0.0013564146   0.0017590439   0.0038933760
        0.0016888219   0.0001209127   0.0006407163   0.0044258665   0.0000154245
       -0.0000216851  -0.0001889118   0.0000589593   0.0003329050   0.0043577943
       -0.0013964900   0.0006625499   0.0023191471  -0.0000315000   0.0000314428
        0.0000307181   0.0000226591   0.0000638962  -0.0000215857  -0.0001982031
        0.0002707019   0.0002690607  -0.0000142057   0.0000716311   0.0001288909
       -0.0000029956   0.0000292616  -0.0000135460   0.0059439589   0.0110427746
       -0.0324751158
       -0.0001836644   0.0000080211  -0.0000263303   0.0003800492  -0.0000931072
       -0.0002412270  -0.0003335709  -0.0010688818  -0.0000784575   0.0017520288
        0.0026078876   0.0004961451  -0.0015471159   0.0007483458   0.0003892411
        0.0001334675   0.0001720516   0.0002988078  -0.0433457430   0.0782529050
       -0.0034365393  -0.3184650572  -0.0562812376   0.0008115750   0.5837251992
        0.0574424328  -0.0002765122  -0.1156741018  -0.0655505778   0.0020071645
        0.0495163490  -0.0214022645   0.0010862764  -0.0408054577  -0.0284142293
        0.0013775729   0.0003825779   0.0003647353   0.0000684476  -0.0013589274
        0.0032295569  -0.0000680215  -0.0352261540  -0.0230013605   0.0007528158
       -0.0621086555   0.0563050464  -0.0025691859   0.0000649730  -0.0000190493
        0.0000070757   0.0000402119   0.0000724938   0.0000019077  -0.0001904240
       -0.0001705666  -0.0001595158  -0.0000104357  -0.0001154420  -0.0001835272
       -0.0000113823  -0.0000772368  -0.0000212919  -0.0167341668  -0.0030095227
       -0.0002364211
        0.0000114544  -0.0000358050  -0.0000014124   0.0001726970   0.0001764906
       -0.0000494525  -0.0002241948   0.0001581704   0.0000815182   0.0029731595
       -0.0031102986   0.0004681988   0.0002937801  -0.0002290823  -0.0001550990
        0.0002143240   0.0001838401  -0.0002621172   0.0213587068   0.0273955980
       -0.0008156999   0.0101825892  -0.0826763816   0.0015999347   0.0574424328
        0.5035662059  -0.0171777359  -0.1227789905  -0.2437347520   0.0076194254
        0.0321534786  -0.0649085761   0.0028783358  -0.0269319899  -0.0157849893
        0.0008870645  -0.0000351349   0.0008718599  -0.0001370556   0.0019184307
        0.0004156242   0.0002798287  -0.0089174443  -0.0037038763   0.0001767312
        0.0587039541  -0.1154108866   0.0044213583  -0.0000646575  -0.0000635521
        0.0000467008  -0.0000963311  -0.0000273593  -0.0000826589  -0.0000040249
       -0.0000989396   0.0000925471   0.0000746032  -0.0000347131   0.0000247622
       -0.0000538860   0.0000019247   0.0000465637  -0.0263929563  -0.0029505021
        0.0000582621
        0.0000374740  -0.0000389772  -0.0000402360  -0.0000037719   0.0003706777
       -0.0000789387   0.0009282692  -0.0001072766   0.0000152566   0.0004006719
        0.0005622131   0.0065854510  -0.0014083055   0.0000519664   0.0000979269
       -0.0000611389   0.0005249515   0.0001458372  -0.0011948740  -0.0020264038
        0.0006633063  -0.0017083362   0.0019584525  -0.0431728997  -0.0002765122
       -0.0171777359   0.0952564179   0.0048216271   0.0077479358  -0.0434550341
       -0.0015670797   0.0028176475  -0.0007578631   0.0013043448   0.0007466349
       -0.0021423182   0.0000125811  -0.0000465445   0.0000285412  -0.0000682213
        0.0003597983   0.0046931806   0.0001999952   0.0001148327   0.0018477766
       -0.0026575492   0.0043018919  -0.0200205614   0.0000002499  -0.0000692280
        0.0000434356   0.0000674722  -0.0000006172   0.0000061893   0.0001332845
       -0.0000970478  -0.0000201444  -0.0000392941  -0.0001457069   0.0000313116
       -0.0001062133  -0.0000222450   0.0000125874   0.0011853265   0.0001747806
        0.0002607774
       -0.0000222363   0.0000010817   0.0000111076  -0.0001666969   0.0000308034
       -0.0000564954   0.0005140536   0.0001801269  -0.0001466253  -0.0020194433
       -0.0000587102  -0.0000560630   0.0005639780  -0.0000620262   0.0000789305
       -0.0001955330  -0.0000720331   0.0000531637   0.0050746107   0.0014582464
       -0.0001286584  -0.0331454373  -0.0239771497   0.0013310687  -0.1156741018
       -0.1227789905   0.0048216271   0.4749625164  -0.0022077173   0.0026555377
       -0.1336413653   0.1319522081  -0.0067637384  -0.0402490491   0.0198182373
       -0.0015659090  -0.0022916409  -0.0010801540   0.0001420706   0.0021568512
       -0.0119658947   0.0007633535  -0.1525751076  -0.0067719343  -0.0004542143
        0.0011035122   0.0159966291  -0.0007088088   0.0000557779  -0.0000036057
       -0.0000025887   0.0000710263   0.0000421575   0.0000756099  -0.0000671310
        0.0000577087   0.0001046435  -0.0000752020  -0.0000311363  -0.0000749488
        0.0000678988  -0.0000421814  -0.0000725434  -0.0044472809  -0.0004856654
       -0.0000065192
        0.0000125948   0.0000490762   0.0000948299  -0.0000017576  -0.0000690343
        0.0000155990  -0.0002436375   0.0000139865  -0.0002395376   0.0000093211
       -0.0004182866  -0.0003268132   0.0003572084   0.0002284714  -0.0000708442
       -0.0000452844  -0.0000516279  -0.0000336054   0.0031132957  -0.0567460063
        0.0024884969  -0.0776237150   0.0168120465  -0.0009099180  -0.0655505778
       -0.2437347520   0.0077479358  -0.0022077173   0.5914002275  -0.0223480070
        0.0756280490  -0.2252803271   0.0097050124   0.0726423731   0.0251839303
       -0.0011038880  -0.0023532819   0.0004214919   0.0002055553   0.0013889625
       -0.0425056043   0.0020808746  -0.0067871948  -0.0252332650   0.0002394495
        0.0016337566  -0.0407831928   0.0017687445   0.0000182294   0.0000477178
       -0.0000019808   0.0000106294   0.0000172557   0.0000394914   0.0000193502
        0.0001553334   0.0001299622  -0.0000665395   0.0000794048   0.0000877968
        0.0000507011  -0.0000052103  -0.0000068024  -0.0000047655   0.0004183645
        0.0004376483
        0.0000122375   0.0000041670   0.0000000010  -0.0000166911   0.0000209715
        0.0000094185   0.0001264568  -0.0000211541   0.0000450947   0.0000198422
        0.0000848093   0.0002835840  -0.0000945359  -0.0000078970   0.0000037709
        0.0000030083   0.0000330360   0.0000094293  -0.0001035807   0.0029272454
       -0.0015802791   0.0036049029  -0.0011317466   0.0003888398   0.0020071645
        0.0076194254  -0.0434550341   0.0026555377  -0.0223480070   0.0910162583
       -0.0037015014   0.0092256988  -0.0414198373  -0.0038983573  -0.0013932169
       -0.0005209419  -0.0000030005   0.0002940279   0.0044597879  -0.0000719464
        0.0023673560   0.0018648306  -0.0004051606   0.0002051400  -0.0192929196
       -0.0001027993   0.0019067854   0.0017060067   0.0000014687  -0.0000084122
        0.0000057748   0.0000058305  -0.0000037186   0.0000023766   0.0000388926
       -0.0000191300  -0.0000233842  -0.0000226271  -0.0000029464  -0.0000090159
       -0.0000038663  -0.0000035930   0.0000039487  -0.0000512750   0.0002511591
        0.0065022903
       -0.0000991061   0.0000594984   0.0001275313   0.0002447684  -0.0002112642
       -0.0002330116  -0.0013002858  -0.0010254694  -0.0005614878   0.0021996559
       -0.0013329762  -0.0004228977  -0.0001874741   0.0012197737   0.0003501769
        0.0002001874   0.0001384633   0.0001123346  -0.0308493817  -0.0773853499
        0.0037219216  -0.0442061979   0.0239500306  -0.0014525815   0.0495163490
        0.0321534786  -0.0015670797  -0.1336413653   0.0756280490  -0.0037015014
        0.5682145240  -0.0519161125   0.0038043964  -0.2914389781   0.0171734531
       -0.0005599061  -0.0270479649   0.0153693475  -0.0011974574  -0.0516987736
       -0.0513541839   0.0023821337  -0.0380182658   0.0198718418  -0.0010651971
       -0.0013477161  -0.0030077768   0.0001027803   0.0000754451   0.0000314027
       -0.0000314530   0.0000184160   0.0000825796   0.0000307082  -0.0000541420
        0.0001765266   0.0001044177  -0.0002598988   0.0000967143   0.0000288692
        0.0001114509  -0.0000624487  -0.0000663304  -0.0004312469   0.0003444224
        0.0000936337
       -0.0000637860  -0.0000833075  -0.0000894179  -0.0003013826   0.0001446663
       -0.0002981632  -0.0002724970  -0.0001385050   0.0000923587  -0.0018494599
       -0.0033863501   0.0005596671   0.0000189894   0.0000658849   0.0000444415
       -0.0000212248   0.0001240264  -0.0000350051  -0.0248323302   0.0142832107
       -0.0001458275   0.0240013347  -0.0082567733   0.0006317594  -0.0214022645
       -0.0649085761   0.0028176475   0.1319522081  -0.2252803271   0.0092256988
       -0.0519161125   0.4936763761  -0.0213670225  -0.0383735415  -0.0658547044
        0.0008647905   0.0291747406  -0.0138067117   0.0013623561  -0.0514104573
       -0.1241149690   0.0059190604   0.0065048860  -0.0015492025   0.0002526789
       -0.0015267177  -0.0004690411   0.0002051150   0.0000311645  -0.0000656086
        0.0000390670  -0.0000151415  -0.0000087369   0.0000407497  -0.0000894339
       -0.0000812155   0.0000720618   0.0000586983  -0.0003041259  -0.0000993545
       -0.0000100163  -0.0000302300  -0.0000262260   0.0003423442   0.0000442202
       -0.0000664358
       -0.0000253955   0.0000615129   0.0001000711   0.0001261334   0.0004680506
        0.0000626069   0.0011817842   0.0000738157   0.0000351979  -0.0000135649
        0.0005720975   0.0061873312  -0.0006696266  -0.0000821163  -0.0000735525
       -0.0002616749   0.0003276628  -0.0001658518   0.0012389116  -0.0016364079
       -0.0007663003  -0.0011905143   0.0004047149  -0.0013564146   0.0010862764
        0.0028783358  -0.0007578631  -0.0067637384   0.0097050124  -0.0414198373
        0.0038043964  -0.0213670225   0.0926474277   0.0015886880   0.0016349741
       -0.0425014437  -0.0023259579   0.0011956404   0.0017984563   0.0026765071
        0.0055454350  -0.0202870124  -0.0004581579   0.0002499462   0.0017188330
        0.0000004010   0.0002462980   0.0044402688   0.0000117982  -0.0000810880
        0.0000516220   0.0001073748   0.0000158150   0.0000023076   0.0000611277
       -0.0001182342   0.0000271884  -0.0000866789  -0.0001218661  -0.0000129487
       -0.0000658281   0.0000039008  -0.0000096895  -0.0000222614   0.0000235229
        0.0002796030
        0.0005118694  -0.0000379640  -0.0000403052  -0.0012485756   0.0004879567
       -0.0012516578  -0.0028600353   0.0014355429   0.0017408498  -0.0246187772
       -0.0265093525   0.0008127178   0.0006693489  -0.0026336776  -0.0020569578
       -0.0006643966   0.0008765376  -0.0007554617  -0.1271780498  -0.0634397670
        0.0046990512   0.0516044193  -0.0193415235   0.0017590439  -0.0408054577
       -0.0269319899   0.0013043448  -0.0402490491   0.0726423731  -0.0038983573
       -0.2914389781  -0.0383735415   0.0015886880   0.5558919927   0.0606539984
       -0.0012114814  -0.0583974377   0.0551199067  -0.0050335979  -0.0220846571
       -0.0160761458   0.0011196587   0.0015995172   0.0002280084  -0.0000970290
        0.0007050654   0.0000550897  -0.0000542471   0.0000685632  -0.0002262180
        0.0002408990  -0.0003758440  -0.0000550381   0.0000008526   0.0001425308
       -0.0003658096   0.0004203647  -0.0000998588  -0.0002244724   0.0009242027
       -0.0001130295   0.0000380702   0.0000060740  -0.0010591603   0.0026780160
       -0.0002176520
        0.0004254047  -0.0001544154  -0.0002419837  -0.0009460308   0.0003113648
       -0.0000860975   0.0025708090   0.0014191602   0.0014567933  -0.0166005447
       -0.0045958536   0.0002391696   0.0028042664  -0.0019133258   0.0005510265
       -0.0001933508  -0.0003414943  -0.0003789658  -0.1197795882  -0.2339969204
        0.0090456674   0.0337675720  -0.0656587292   0.0038933760  -0.0284142293
       -0.0157849893   0.0007466349   0.0198182373   0.0251839303  -0.0013932169
        0.0171734531  -0.0658547044   0.0016349741   0.0606539984   0.5011692294
       -0.0247006675   0.0539716628  -0.1157852111   0.0089828386  -0.0292217469
       -0.0179700193   0.0011539828   0.0012853218  -0.0029536020   0.0003079338
        0.0000024408   0.0007062306  -0.0001133405   0.0000668897  -0.0000666599
       -0.0000355692   0.0001004697   0.0000339655   0.0000170919  -0.0000776998
       -0.0003711210  -0.0003348302   0.0003250502   0.0001184347  -0.0008633590
        0.0001816097   0.0000375302  -0.0002034671   0.0020860048  -0.0035327998
        0.0003220084
        0.0002042817   0.0001566171   0.0001910031  -0.0002293853   0.0001110779
        0.0000431885  -0.0005296229   0.0000907282   0.0002479474  -0.0031093184
        0.0000858793   0.0008278410   0.0012274010  -0.0007431379  -0.0004992423
       -0.0005866133  -0.0001951532  -0.0000802657   0.0102467785   0.0103404009
       -0.0455142685  -0.0019135550   0.0038098861   0.0016888219   0.0013775729
        0.0008870645  -0.0021423182  -0.0015659090  -0.0011038880  -0.0005209419
       -0.0005599061   0.0008647905  -0.0425014437  -0.0012114814  -0.0247006675
        0.0950164939  -0.0048259274   0.0083452327  -0.0203605442   0.0016167484
        0.0013797593   0.0020595469  -0.0001605743   0.0003917966   0.0045848588
        0.0001135445  -0.0002253314  -0.0000185505   0.0000090260   0.0000040256
        0.0000258098  -0.0000110010  -0.0000123390  -0.0000031187   0.0000016684
       -0.0000020230   0.0000743223   0.0000752241   0.0000330006   0.0000616974
       -0.0000307591   0.0000321824  -0.0000172770  -0.0001381923   0.0004500983
        0.0068364396
       -0.0000914698  -0.0002216426  -0.0004723144  -0.0005234894   0.0001304373
        0.0000518460   0.0006693698   0.0001278750   0.0004453930   0.0003458401
       -0.0024544049   0.0001003458  -0.0012522503  -0.0016570550   0.0016374741
        0.0003853875  -0.0001652173   0.0000223441   0.0043472863   0.0028641716
       -0.0000108503  -0.0005027595  -0.0016139112   0.0001209127   0.0003825779
       -0.0000351349   0.0000125811  -0.0022916409  -0.0023532819  -0.0000030005
       -0.0270479649   0.0291747406  -0.0023259579  -0.0583974377   0.0539716628
       -0.0048259274   0.0897298815  -0.0777493559   0.0050513497  -0.0039461059
        0.0001657374  -0.0001095363  -0.0010243942   0.0008837220  -0.0000085722
       -0.0002810458   0.0005852920  -0.0000315395  -0.0000484805  -0.0000004485
       -0.0000321794  -0.0000174676  -0.0000077367  -0.0000070413  -0.0000344773
        0.0000497289  -0.0000195842  -0.0003800573  -0.0013681342   0.0003792379
       -0.0000399547   0.0000127907   0.0000071764   0.0000186528  -0.0003398352
        0.0000178427
        0.0001340284   0.0000835085  -0.0000453497   0.0000487155   0.0000003329
        0.0002244415   0.0000436760   0.0003588288  -0.0002500877   0.0000832948
       -0.0007442541  -0.0006201286  -0.0014757377  -0.0013914553   0.0003033221
        0.0000202886  -0.0000288074   0.0003512757   0.0136475690  -0.0380461985
        0.0028109177  -0.0042523198  -0.0021415169   0.0006407163   0.0003647353
        0.0008718599  -0.0000465445  -0.0010801540   0.0004214919   0.0002940279
        0.0153693475  -0.0138067117   0.0011956404   0.0551199067  -0.1157852111
        0.0083452327  -0.0777493559   0.1658861686  -0.0146963892  -0.0010712246
        0.0062544811  -0.0003891596   0.0002777228  -0.0001606105   0.0000084440
        0.0004464589  -0.0007366570  -0.0000413859   0.0000381369   0.0000974213
        0.0000014906   0.0000866626  -0.0000001639   0.0000363354   0.0001624538
        0.0000629037   0.0001127178  -0.0012711260  -0.0002770595   0.0017210342
        0.0001539434   0.0000337246   0.0000501197   0.0009029777  -0.0009520756
       -0.0000066708
       -0.0000010359  -0.0001177878  -0.0000174417  -0.0000581488  -0.0000777040
        0.0000459187  -0.0002359160  -0.0000839243   0.0000732729   0.0002761343
        0.0000986861  -0.0014497866   0.0007308649   0.0007621597  -0.0006843022
        0.0001828298   0.0000482742   0.0000466729  -0.0010642329   0.0024778566
        0.0016020866   0.0002495868   0.0002579826   0.0044258665   0.0000684476
       -0.0001370556   0.0000285412   0.0001420706   0.0002055553   0.0044597879
       -0.0011974574   0.0013623561   0.0017984563  -0.0050335979   0.0089828386
       -0.0203605442   0.0050513497  -0.0146963892   0.0127960663   0.0000259350
       -0.0005058551  -0.0010521817  -0.0000221320   0.0000047647  -0.0000393071
       -0.0000540530   0.0000629453  -0.0007406102   0.0000107022   0.0000148436
       -0.0000009420  -0.0000201275   0.0000155015  -0.0000139570  -0.0000402081
        0.0000603166  -0.0000333938   0.0010817031   0.0012316083  -0.0007471074
        0.0000053551   0.0000080932  -0.0000174051  -0.0000980698   0.0000249336
       -0.0001196903
        0.0000603341   0.0000063070   0.0000020477  -0.0000080633   0.0001063207
       -0.0000525608  -0.0002679756   0.0000790996   0.0001564975  -0.0000327538
       -0.0011802948   0.0000238892  -0.0000682452  -0.0001703166  -0.0002360423
        0.0000188210   0.0000329979  -0.0000854378  -0.0037000871   0.0024384135
       -0.0001066412   0.0003501569  -0.0009902946   0.0000154245  -0.0013589274
        0.0019184307  -0.0000682213   0.0021568512   0.0013889625  -0.0000719464
       -0.0516987736  -0.0514104573   0.0026765071  -0.0220846571  -0.0292217469
        0.0016167484  -0.0039461059  -0.0010712246   0.0000259350   0.0769245708
        0.0727171546  -0.0038286222   0.0034382804   0.0047648795  -0.0002336577
        0.0001399903   0.0003776029  -0.0000205845  -0.0000283836  -0.0000132419
        0.0000192183  -0.0000228971  -0.0000107913  -0.0000273869   0.0000432851
        0.0000163796   0.0000773971   0.0000232078  -0.0000353680   0.0000793989
       -0.0000233618   0.0000260146   0.0000333194   0.0000847340   0.0002311727
        0.0000047178
        0.0000757307   0.0000390561   0.0000296297   0.0000658322   0.0000910197
       -0.0000074536  -0.0001570158   0.0001379108   0.0000864940   0.0003167793
       -0.0005685500  -0.0000004289  -0.0000468345  -0.0002396508  -0.0002976562
       -0.0000613038   0.0000129707  -0.0000977134  -0.0001739876   0.0021974482
        0.0000085626  -0.0005733582  -0.0015792208  -0.0000216851   0.0032295569
        0.0004156242   0.0003597983  -0.0119658947  -0.0425056043   0.0023673560
       -0.0513541839  -0.1241149690   0.0055454350  -0.0160761458  -0.0179700193
        0.0013797593   0.0001657374   0.0062544811  -0.0005058551   0.0727171546
        0.1791414206  -0.0091425483   0.0039754454  -0.0004321477  -0.0000369589
       -0.0003281459  -0.0013217013   0.0000161349  -0.0000358701  -0.0000026084
        0.0000186145  -0.0000014788  -0.0000148267  -0.0000369040   0.0000807811
        0.0000082222   0.0000754250   0.0000350381   0.0000323239   0.0002234134
       -0.0000327248   0.0000501545   0.0000597958   0.0001448883   0.0003686662
       -0.0000232149
       -0.0000186572  -0.0000126554  -0.0000106670   0.0000163375  -0.0000458187
       -0.0000140562   0.0000096475   0.0000134393  -0.0000103641   0.0000876658
       -0.0000003118  -0.0001479409   0.0000041051   0.0000903777   0.0000419745
        0.0000177419  -0.0000100924   0.0000244150  -0.0001509681  -0.0000139538
        0.0044725017  -0.0001160940   0.0000926322  -0.0001889118  -0.0000680215
        0.0002798287   0.0046931806   0.0007633535   0.0020808746   0.0018648306
        0.0023821337   0.0059190604  -0.0202870124   0.0011196587   0.0011539828
        0.0020595469  -0.0001095363  -0.0003891596  -0.0010521817  -0.0038286222
       -0.0091425483   0.0107570110  -0.0001468415  -0.0000157124  -0.0011386189
        0.0000328189   0.0000548797  -0.0000767556  -0.0000029384   0.0000073361
       -0.0000072621  -0.0000092458  -0.0000008095  -0.0000025682   0.0000035974
        0.0000007047  -0.0000178482   0.0000178445   0.0000020729  -0.0000058093
        0.0000023299  -0.0000018773   0.0000038944  -0.0000063093  -0.0000622500
       -0.0009573585
        0.0000828524   0.0000286010   0.0000186464   0.0000640173   0.0000527598
        0.0001998697  -0.0001298323   0.0002894668   0.0002059696   0.0001297024
       -0.0000297794  -0.0000221074  -0.0000319357  -0.0002927822  -0.0002274550
        0.0000378155  -0.0000326403  -0.0001891317  -0.0009637933   0.0003490037
       -0.0000018083   0.0012752413  -0.0024126487   0.0000589593  -0.0352261540
       -0.0089174443   0.0001999952  -0.1525751076  -0.0067871948  -0.0004051606
       -0.0380182658   0.0065048860  -0.0004581579   0.0015995172   0.0012853218
       -0.0001605743  -0.0010243942   0.0002777228  -0.0000221320   0.0034382804
        0.0039754454  -0.0001468415   0.2179058934   0.0090383104   0.0008301858
        0.0044413816  -0.0036338524   0.0001233665  -0.0000764244   0.0000072158
        0.0000056150  -0.0000308641  -0.0000652968  -0.0000639513   0.0000801242
       -0.0000360718   0.0000464654   0.0000751344   0.0000448413  -0.0000193938
       -0.0000122359   0.0000718923   0.0000612276  -0.0010409527   0.0002822438
       -0.0000335867
        0.0000238945   0.0000123200   0.0000169036   0.0000007868   0.0000091946
        0.0000268259  -0.0000184032   0.0000062438  -0.0000347088  -0.0000065114
        0.0000629944  -0.0000392073  -0.0000353766  -0.0000272966  -0.0000300566
       -0.0000064548  -0.0000222816  -0.0000263412   0.0000843016   0.0006223322
       -0.0000527031  -0.0002917708  -0.0036038780   0.0003329050  -0.0230013605
       -0.0037038763   0.0001148327  -0.0067719343  -0.0252332650   0.0002051400
        0.0198718418  -0.0015492025   0.0002499462   0.0002280084  -0.0029536020
        0.0003917966   0.0008837220  -0.0001606105   0.0000047647   0.0047648795
       -0.0004321477  -0.0000157124   0.0090383104   0.0377872887  -0.0011932126
       -0.0037945257  -0.0008327094  -0.0000288983   0.0000006550  -0.0000056546
        0.0000011984   0.0000104251   0.0000013673   0.0000063030   0.0000058823
        0.0000198896   0.0000559356  -0.0000034237  -0.0000098996   0.0000116013
       -0.0000064908  -0.0000009872   0.0000056287  -0.0009764555   0.0000137803
       -0.0000029413
       -0.0000048207   0.0000073406   0.0000042432   0.0000109532  -0.0000648624
       -0.0000109041  -0.0001643315   0.0000208828   0.0000002261  -0.0000720872
       -0.0000372047  -0.0009546646   0.0001686673  -0.0000249547  -0.0000008979
        0.0000112974  -0.0000701605  -0.0000029949   0.0000645138   0.0001017635
       -0.0000990693   0.0000288071   0.0002928334   0.0043577943   0.0007528158
        0.0001767312   0.0018477766  -0.0004542143   0.0002394495  -0.0192929196
       -0.0010651971   0.0002526789   0.0017188330  -0.0000970290   0.0003079338
        0.0045848588  -0.0000085722   0.0000084440  -0.0000393071  -0.0002336577
       -0.0000369589  -0.0011386189   0.0008301858  -0.0011932126   0.0101218491
        0.0001874597  -0.0000306562  -0.0010585313   0.0000003753   0.0000100447
       -0.0000118908  -0.0000117524   0.0000009575  -0.0000054677  -0.0000173885
        0.0000103045  -0.0000050830   0.0000097943   0.0000213148  -0.0000060863
        0.0000109744   0.0000023132  -0.0000069928   0.0000532067   0.0000050176
       -0.0000021529
        0.0000770200  -0.0000108000  -0.0000032201   0.0000358065  -0.0000137737
        0.0001150311  -0.0000095914   0.0001140440   0.0001772947  -0.0002419781
        0.0011492609  -0.0000335716  -0.0002452745  -0.0001362079  -0.0001432525
        0.0000215998  -0.0001300741   0.0000550510  -0.0038963629  -0.0023006434
       -0.0000677432  -0.0256587757   0.0289761890  -0.0013964900  -0.0621086555
        0.0587039541  -0.0026575492   0.0011035122   0.0016337566  -0.0001027993
       -0.0013477161  -0.0015267177   0.0000004010   0.0007050654   0.0000024408
        0.0001135445  -0.0002810458   0.0004464589  -0.0000540530   0.0001399903
       -0.0003281459   0.0000328189   0.0044413816  -0.0037945257   0.0001874597
        0.0868565627  -0.0832286197   0.0038998883  -0.0000383317  -0.0000026586
       -0.0000153615  -0.0000085146  -0.0000440028  -0.0000396412   0.0000005351
        0.0000460336  -0.0000373181   0.0000434156  -0.0000082576  -0.0000594852
       -0.0000172271   0.0000030988   0.0000307837   0.0004285841   0.0004491905
       -0.0000017880
       -0.0001155004   0.0000367640   0.0000224118  -0.0000067360  -0.0000108726
       -0.0001070374   0.0000113134  -0.0001803064  -0.0002280488  -0.0001165391
       -0.0003917632   0.0000126725   0.0000572916   0.0001596470   0.0000971863
       -0.0000941535   0.0001106058   0.0000097872   0.0001746856   0.0014268334
        0.0001637384   0.0171393947  -0.0092660540   0.0006625499   0.0563050464
       -0.1154108866   0.0043018919   0.0159966291  -0.0407831928   0.0019067854
       -0.0030077768  -0.0004690411   0.0002462980   0.0000550897   0.0007062306
       -0.0002253314   0.0005852920  -0.0007366570   0.0000629453   0.0003776029
       -0.0013217013   0.0000548797  -0.0036338524  -0.0008327094  -0.0000306562
       -0.0832286197   0.1657234524  -0.0070261086   0.0000307463   0.0000176971
        0.0000123679  -0.0000020354   0.0000562212   0.0000581036   0.0000114761
        0.0000269487   0.0001299320  -0.0000627143  -0.0000013270   0.0000688100
       -0.0000169834   0.0000024660  -0.0000277129  -0.0004596567   0.0011376451
       -0.0001654647
        0.0000166609  -0.0000121867  -0.0000119096  -0.0000235939  -0.0000098806
        0.0000367947   0.0000221692   0.0000609687  -0.0000072466  -0.0001376735
       -0.0000097394  -0.0000993138   0.0000132621   0.0000033533  -0.0000134765
       -0.0000138513  -0.0000361463  -0.0000117401   0.0001259431   0.0002755749
        0.0046896213  -0.0007499442   0.0006104104   0.0023191471  -0.0025691859
        0.0044213583  -0.0200205614  -0.0007088088   0.0017687445   0.0017060067
        0.0001027803   0.0002051150   0.0044402688  -0.0000542471  -0.0001133405
       -0.0000185505  -0.0000315395  -0.0000413859  -0.0007406102  -0.0000205845
        0.0000161349  -0.0000767556   0.0001233665  -0.0000288983  -0.0010585313
        0.0038998883  -0.0070261086   0.0107224056  -0.0000016357   0.0000084384
       -0.0000058846  -0.0000005676  -0.0000044487   0.0000029759  -0.0000249855
        0.0000138999   0.0000017677   0.0000039764   0.0000081253  -0.0000147614
        0.0000057275   0.0000024436  -0.0000014186   0.0000228430  -0.0001124322
       -0.0018382275
       -0.3003974307  -0.0219926936  -0.0001719540  -0.0197207539  -0.0003749247
        0.0016491802  -0.0010872679   0.0017156864   0.0031081018   0.0009169947
        0.0001068861   0.0000124742  -0.0004455314  -0.0023096517  -0.0021340205
       -0.0166791133  -0.0027181163  -0.0015445761   0.0002307613   0.0000831048
       -0.0000756207   0.0000002297  -0.0000646340  -0.0000315000   0.0000649730
       -0.0000646575   0.0000002499   0.0000557779   0.0000182294   0.0000014687
        0.0000754451   0.0000311645   0.0000117982   0.0000685632   0.0000668897
        0.0000090260  -0.0000484805   0.0000381369   0.0000107022  -0.0000283836
       -0.0000358701  -0.0000029384  -0.0000764244   0.0000006550   0.0000003753
       -0.0000383317   0.0000307463  -0.0000016357   0.3369749173   0.0252639453
       -0.0005913611   0.0008774589  -0.0002185501  -0.0006413076  -0.0009146896
       -0.0000962003  -0.0000473318  -0.0007629498  -0.0000145853   0.0000345129
        0.0009023273   0.0005685284   0.0003820346   0.0000319084  -0.0000340893
        0.0000223219
       -0.0219695982  -0.0400989550  -0.0045216101   0.0145380882   0.0014381283
       -0.0007727188   0.0015889258   0.0035121384  -0.0057466114   0.0000405456
       -0.0001309762  -0.0001704427  -0.0022186404   0.0028752492  -0.0061542380
       -0.0176622965  -0.0014963620  -0.0011436307   0.0001512633  -0.0010985537
        0.0008966059   0.0002586305  -0.0000186105   0.0000314428  -0.0000190493
       -0.0000635521  -0.0000692280  -0.0000036057   0.0000477178  -0.0000084122
        0.0000314027  -0.0000656086  -0.0000810880  -0.0002262180  -0.0000666599
        0.0000040256  -0.0000004485   0.0000974213   0.0000148436  -0.0000132419
       -0.0000026084   0.0000073361   0.0000072158  -0.0000056546   0.0000100447
       -0.0000026586   0.0000176971   0.0000084384   0.0252639453   0.0377589110
        0.0145360025   0.0007459255  -0.0012248916   0.0015761934   0.0007693995
       -0.0000339517  -0.0000427160  -0.0008931808  -0.0001989416  -0.0000235262
       -0.0003789434  -0.0012651073   0.0016438035  -0.0000074609   0.0000231702
        0.0000054855
       -0.0002101461  -0.0045437520  -0.0403512879   0.0202558842   0.0006888695
       -0.0003584560   0.0027986405  -0.0056700969   0.0006135754   0.0000860216
       -0.0004676587  -0.0005315499  -0.0018499075  -0.0060376165   0.0005310118
       -0.0201132996  -0.0027249871  -0.0003927348  -0.0000956767   0.0009209252
       -0.0006479079  -0.0001830506  -0.0000170404   0.0000307181   0.0000070757
        0.0000467008   0.0000434356  -0.0000025887  -0.0000019808   0.0000057748
       -0.0000314530   0.0000390670   0.0000516220   0.0002408990  -0.0000355692
        0.0000258098  -0.0000321794   0.0000014906  -0.0000009420   0.0000192183
        0.0000186145  -0.0000072621   0.0000056150   0.0000011984  -0.0000118908
       -0.0000153615   0.0000123679  -0.0000058846  -0.0005913611   0.0145360025
        0.0422525491   0.0005554614   0.0016777388  -0.0005088496   0.0010428319
        0.0000548948  -0.0000930151  -0.0010199146  -0.0000800748  -0.0001130111
       -0.0008336925   0.0015576394  -0.0004948141  -0.0000330165   0.0000232670
       -0.0000368909
        0.0066725231   0.0086328527   0.0101772805  -0.0956493044  -0.0676951841
       -0.0781962865  -0.0164205706  -0.0178732064  -0.0205073625  -0.0057873817
       -0.0006883420   0.0002489533  -0.0002691952   0.0003824970   0.0004831509
       -0.0008798949   0.0014844909   0.0027808824  -0.0004198385  -0.0009365969
       -0.0010277495  -0.0000818365  -0.0000401669   0.0000226591   0.0000402119
       -0.0000963311   0.0000674722   0.0000710263   0.0000106294   0.0000058305
        0.0000184160  -0.0000151415   0.0001073748  -0.0003758440   0.0001004697
       -0.0000110010  -0.0000174676   0.0000866626  -0.0000201275  -0.0000228971
       -0.0000014788  -0.0000092458  -0.0000308641   0.0000104251  -0.0000117524
       -0.0000085146  -0.0000020354  -0.0000005676   0.0008774589   0.0007459255
        0.0005554614   0.1112788813   0.0756997973   0.0855881523   0.0006980383
       -0.0003350343  -0.0007689169   0.0000366649   0.0001354377  -0.0000307371
        0.0002543335   0.0005002379   0.0005989463   0.0000160551  -0.0001059086
       -0.0000524166
       -0.0062163917  -0.0096690058  -0.0125359666  -0.0677988510  -0.1251655740
       -0.1061081477  -0.0030883526  -0.0020086301  -0.0031299240  -0.0012467815
        0.0055424055  -0.0031345409   0.0004913016   0.0000888756   0.0003589233
        0.0018021114   0.0034820513  -0.0058496310   0.0002025100  -0.0001589271
       -0.0001896714  -0.0000575447  -0.0000150896   0.0000638962   0.0000724938
       -0.0000273593  -0.0000006172   0.0000421575   0.0000172557  -0.0000037186
        0.0000825796  -0.0000087369   0.0000158150  -0.0000550381   0.0000339655
       -0.0000123390  -0.0000077367  -0.0000001639   0.0000155015  -0.0000107913
       -0.0000148267  -0.0000008095  -0.0000652968   0.0000013673   0.0000009575
       -0.0000440028   0.0000562212  -0.0000044487  -0.0002185501  -0.0012248916
        0.0016777388   0.0756997973   0.1318637969   0.1266984436   0.0006528054
       -0.0012223417   0.0017623953   0.0001413626  -0.0010475735   0.0009317821
       -0.0003774419  -0.0005318485  -0.0005409864  -0.0000003400   0.0000090295
       -0.0000146523
       -0.0084407086  -0.0140334776  -0.0157213837  -0.0781605639  -0.1061603870
       -0.1592698234  -0.0020527551  -0.0015482152  -0.0009987494   0.0002805774
       -0.0033974312   0.0038985553   0.0004124917   0.0004585736   0.0003117289
        0.0031336047  -0.0057473381   0.0005294554  -0.0000455065  -0.0000845352
       -0.0000170075   0.0000720208  -0.0000793494  -0.0000215857   0.0000019077
       -0.0000826589   0.0000061893   0.0000756099   0.0000394914   0.0000023766
        0.0000307082   0.0000407497   0.0000023076   0.0000008526   0.0000170919
       -0.0000031187  -0.0000070413   0.0000363354  -0.0000139570  -0.0000273869
       -0.0000369040  -0.0000025682  -0.0000639513   0.0000063030  -0.0000054677
       -0.0000396412   0.0000581036   0.0000029759  -0.0006413076   0.0015761934
       -0.0005088496   0.0855881523   0.1266984436   0.1736557519   0.0004485578
        0.0018661836  -0.0004112341  -0.0000460929   0.0009672959  -0.0006228549
       -0.0004936580  -0.0005909670  -0.0007953656  -0.0000258698  -0.0000035016
       -0.0000173750
       -0.0059555331  -0.0011450441   0.0000314416  -0.0190712476   0.0147370287
        0.0207098284  -0.1196611706   0.0676366294   0.0962612357   0.0061217246
       -0.0050416194  -0.0071767516  -0.0004521553  -0.0019627576  -0.0016632230
       -0.0001353759  -0.0003953517  -0.0004790128   0.0007749167  -0.0005980182
       -0.0011353670  -0.0001439764  -0.0001607539  -0.0001982031  -0.0001904240
       -0.0000040249   0.0001332845  -0.0000671310   0.0000193502   0.0000388926
       -0.0000541420  -0.0000894339   0.0000611277   0.0001425308  -0.0000776998
        0.0000016684  -0.0000344773   0.0001624538  -0.0000402081   0.0000432851
        0.0000807811   0.0000035974   0.0000801242   0.0000058823  -0.0000173885
        0.0000005351   0.0000114761  -0.0000249855  -0.0009146896   0.0007693995
        0.0010428319   0.0006980383   0.0006528054   0.0004485578   0.1386720717
       -0.0744499431  -0.1068949297   0.0002613661  -0.0003718347  -0.0005196314
        0.0000372259   0.0000570671  -0.0001164795  -0.0001514957   0.0001636074
       -0.0004662856
       -0.0007538433   0.0054977262  -0.0032840253   0.0002313309   0.0011649691
        0.0003111435   0.0677685456  -0.0989803001  -0.0898638017   0.0079779416
       -0.0096817458  -0.0141387321  -0.0022511438   0.0023843892  -0.0060557548
       -0.0004982415  -0.0000038104   0.0003585544   0.0013669706  -0.0015353341
        0.0013024630   0.0004987023   0.0002112026   0.0002707019  -0.0001705666
       -0.0000989396  -0.0000970478   0.0000577087   0.0001553334  -0.0000191300
        0.0001765266  -0.0000812155  -0.0001182342  -0.0003658096  -0.0003711210
       -0.0000020230   0.0000497289   0.0000629037   0.0000603166   0.0000163796
        0.0000082222   0.0000007047  -0.0000360718   0.0000198896   0.0000103045
        0.0000460336   0.0000269487   0.0000138999  -0.0000962003  -0.0000339517
        0.0000548948  -0.0003350343  -0.0012223417   0.0018661836  -0.0744499431
        0.1036501930   0.1089087053   0.0005525021  -0.0004055550  -0.0007259330
        0.0000542892  -0.0010520781   0.0009324766   0.0001601947   0.0002846152
        0.0002143331
        0.0004650351  -0.0034439893   0.0038327606   0.0019048051  -0.0010595892
       -0.0007845935   0.0964554553  -0.0904848091  -0.1595966722   0.0107498325
       -0.0125638521  -0.0157809510  -0.0021921435  -0.0059981803   0.0004034495
       -0.0003745034   0.0004157239   0.0002772783   0.0005704675   0.0015701861
       -0.0004368380  -0.0003630129  -0.0002738001   0.0002690607  -0.0001595158
        0.0000925471  -0.0000201444   0.0001046435   0.0001299622  -0.0000233842
        0.0001044177   0.0000720618   0.0000271884   0.0004203647  -0.0003348302
        0.0000743223  -0.0000195842   0.0001127178  -0.0000333938   0.0000773971
        0.0000754250  -0.0000178482   0.0000464654   0.0000559356  -0.0000050830
       -0.0000373181   0.0001299320   0.0000017677  -0.0000473318  -0.0000427160
       -0.0000930151  -0.0007689169   0.0017623953  -0.0004112341  -0.1068949297
        0.1089087053   0.1742724273   0.0006288404  -0.0005539443  -0.0007582012
       -0.0001406751   0.0009550883  -0.0006194224  -0.0005297929   0.0004750302
       -0.0005774738
       -0.0059176637  -0.0008569942   0.0004715287  -0.0002861248   0.0003408099
        0.0004262925  -0.0010692834   0.0013574403   0.0027466988   0.0063999660
        0.0080063159   0.0098871045  -0.0956661704  -0.0665197471  -0.0803969575
       -0.0159403800  -0.0175221477  -0.0205602636   0.0009283287   0.0008399713
        0.0006402572  -0.0000514941   0.0001065677  -0.0000142057  -0.0000104357
        0.0000746032  -0.0000392941  -0.0000752020  -0.0000665395  -0.0000226271
       -0.0002598988   0.0000586983  -0.0000866789  -0.0000998588   0.0003250502
        0.0000752241  -0.0003800573  -0.0012711260   0.0010817031   0.0000232078
        0.0000350381   0.0000178445   0.0000751344  -0.0000034237   0.0000097943
        0.0000434156  -0.0000627143   0.0000039764  -0.0007629498  -0.0008931808
       -0.0010199146   0.0000366649   0.0001413626  -0.0000460929   0.0002613661
        0.0005525021   0.0006288404   0.1120555223   0.0757697657   0.0869669162
        0.0006662041  -0.0003266849  -0.0007803573   0.0000297088  -0.0000855670
        0.0000102111
       -0.0011896697   0.0054155782  -0.0033790197   0.0002710482   0.0001474968
        0.0004609587   0.0016413774   0.0032476769  -0.0055520033  -0.0047401181
       -0.0094472636  -0.0125007157  -0.0669575500  -0.1214014280  -0.1066769616
       -0.0030742397  -0.0016452598  -0.0031921708  -0.0008561041  -0.0016656412
        0.0015068798   0.0004171343  -0.0003103680   0.0000716311  -0.0001154420
       -0.0000347131  -0.0001457069  -0.0000311363   0.0000794048  -0.0000029464
        0.0000967143  -0.0003041259  -0.0001218661  -0.0002244724   0.0001184347
        0.0000330006  -0.0013681342  -0.0002770595   0.0012316083  -0.0000353680
        0.0000323239   0.0000020729   0.0000448413  -0.0000098996   0.0000213148
       -0.0000082576  -0.0000013270   0.0000081253  -0.0000145853  -0.0001989416
       -0.0000800748   0.0001354377  -0.0010475735   0.0009672959  -0.0003718347
       -0.0004055550  -0.0005539443   0.0757697657   0.1288967604   0.1261462531
        0.0006744210  -0.0012502244   0.0017413291  -0.0000638280   0.0000617044
        0.0000149401
        0.0000820824  -0.0033408462   0.0038114802   0.0004111520   0.0004576792
        0.0002474487   0.0030971912  -0.0055171604   0.0002643243  -0.0085376630
       -0.0140348777  -0.0158529086  -0.0801849322  -0.1067965756  -0.1633030821
       -0.0017872655  -0.0015772927  -0.0008096746  -0.0007879463   0.0015041428
       -0.0003958133  -0.0001583312  -0.0001352945   0.0001288909  -0.0001835272
        0.0000247622   0.0000313116  -0.0000749488   0.0000877968  -0.0000090159
        0.0000288692  -0.0000993545  -0.0000129487   0.0009242027  -0.0008633590
        0.0000616974   0.0003792379   0.0017210342  -0.0007471074   0.0000793989
        0.0002234134  -0.0000058093  -0.0000193938   0.0000116013  -0.0000060863
       -0.0000594852   0.0000688100  -0.0000147614   0.0000345129  -0.0000235262
       -0.0001130111  -0.0000307371   0.0009317821  -0.0006228549  -0.0005196314
       -0.0007259330  -0.0007582012   0.0869669162   0.1261462531   0.1784991703
        0.0004756030   0.0018259913  -0.0003470697  -0.0001353047   0.0001109533
       -0.0000459789
        0.0065744892  -0.0057582581  -0.0079032985  -0.0002030975  -0.0021032853
       -0.0017481147  -0.0001167378  -0.0004388676  -0.0005555859  -0.0058051913
       -0.0012150266   0.0003321928  -0.0195555220   0.0145974773   0.0207523508
       -0.1196052272   0.0684581917   0.0956272227  -0.0005005216   0.0007205150
        0.0010982519  -0.0003544190  -0.0000554767  -0.0000029956  -0.0000113823
       -0.0000538860  -0.0001062133   0.0000678988   0.0000507011  -0.0000038663
        0.0001114509  -0.0000100163  -0.0000658281  -0.0001130295   0.0001816097
       -0.0000307591  -0.0000399547   0.0001539434   0.0000053551  -0.0000233618
       -0.0000327248   0.0000023299  -0.0000122359  -0.0000064908   0.0000109744
       -0.0000172271  -0.0000169834   0.0000057275   0.0009023273  -0.0003789434
       -0.0008336925   0.0002543335  -0.0003774419  -0.0004936580   0.0000372259
        0.0000542892  -0.0001406751   0.0006662041   0.0006744210   0.0004756030
        0.1377153501  -0.0743741132  -0.1064647341   0.0000286279  -0.0000696341
        0.0000394132
        0.0089081566  -0.0095585421  -0.0141900186  -0.0024720176   0.0028979395
       -0.0061544991  -0.0003648699  -0.0000137174   0.0003082552  -0.0006633300
        0.0054518299  -0.0032711302  -0.0003175932   0.0011603561   0.0004899772
        0.0688493811  -0.1005716111  -0.0908157373  -0.0003080705  -0.0000395648
       -0.0000076444   0.0000119947  -0.0000078823   0.0000292616  -0.0000772368
        0.0000019247  -0.0000222450  -0.0000421814  -0.0000052103  -0.0000035930
       -0.0000624487  -0.0000302300   0.0000039008   0.0000380702   0.0000375302
        0.0000321824   0.0000127907   0.0000337246   0.0000080932   0.0000260146
        0.0000501545  -0.0000018773   0.0000718923  -0.0000009872   0.0000023132
        0.0000030988   0.0000024660   0.0000024436   0.0005685284  -0.0012651073
        0.0015576394   0.0005002379  -0.0005318485  -0.0005909670   0.0000570671
       -0.0010520781   0.0009550883  -0.0003266849  -0.0012502244   0.0018259913
       -0.0743741132   0.1046927577   0.1098593107  -0.0000386861  -0.0000016796
       -0.0000167450
        0.0108219086  -0.0122347658  -0.0157238479  -0.0020211679  -0.0061949700
        0.0003801276  -0.0006434925   0.0003455842   0.0002693669   0.0002518519
       -0.0033242761   0.0039506161   0.0024912357  -0.0011281937  -0.0009716141
        0.0954080607  -0.0910472537  -0.1603131947   0.0000965130  -0.0000467399
       -0.0000179536   0.0000070436   0.0000766853  -0.0000135460  -0.0000212919
        0.0000465637   0.0000125874  -0.0000725434  -0.0000068024   0.0000039487
       -0.0000663304  -0.0000262260  -0.0000096895   0.0000060740  -0.0002034671
       -0.0000172770   0.0000071764   0.0000501197  -0.0000174051   0.0000333194
        0.0000597958   0.0000038944   0.0000612276   0.0000056287  -0.0000069928
        0.0000307837  -0.0000277129  -0.0000014186   0.0003820346   0.0016438035
       -0.0004948141   0.0005989463  -0.0005409864  -0.0007953656  -0.0001164795
        0.0009324766  -0.0006194224  -0.0007803573   0.0017413291  -0.0003470697
       -0.1064647341   0.1098593107   0.1747371248  -0.0000097784   0.0000200968
       -0.0000080548
       -0.0000122325  -0.0000205133  -0.0000082698  -0.0002127318  -0.0001005415
        0.0000588201  -0.0002698947   0.0001994925   0.0001171335   0.0006274269
        0.0011927425   0.0000860019   0.0000091543   0.0000880389   0.0000053687
       -0.0000467204  -0.0000408205   0.0000284290   0.0066949903   0.0121952990
       -0.0006430218  -0.0962057430  -0.1072511835   0.0059439589  -0.0167341668
       -0.0263929563   0.0011853265  -0.0044472809  -0.0000047655  -0.0000512750
       -0.0004312469   0.0003423442  -0.0000222614  -0.0010591603   0.0020860048
       -0.0001381923   0.0000186528   0.0009029777  -0.0000980698   0.0000847340
        0.0001448883  -0.0000063093  -0.0010409527  -0.0009764555   0.0000532067
        0.0004285841  -0.0004596567   0.0000228430   0.0000319084  -0.0000074609
       -0.0000330165   0.0000160551  -0.0000003400  -0.0000258698  -0.0001514957
        0.0001601947  -0.0005297929   0.0000297088  -0.0000638280  -0.0001353047
        0.0000286279  -0.0000386861  -0.0000097784   0.1126417832   0.1180452252
       -0.0057999267
       -0.0001055596   0.0001036224   0.0001590806   0.0001589434  -0.0000079997
        0.0000350648  -0.0000589529   0.0001179627  -0.0002167628  -0.0009453626
        0.0003756493  -0.0002658473   0.0000771272  -0.0002142658  -0.0003027121
       -0.0002079365  -0.0000348692   0.0000376395  -0.0087946259  -0.0248816407
        0.0009963113  -0.1081872885  -0.2526551977   0.0110427746  -0.0030095227
       -0.0029505021   0.0001747806  -0.0004856654   0.0004183645   0.0002511591
        0.0003444224   0.0000442202   0.0000235229   0.0026780160  -0.0035327998
        0.0004500983  -0.0003398352  -0.0009520756   0.0000249336   0.0002311727
        0.0003686662  -0.0000622500   0.0002822438   0.0000137803   0.0000050176
        0.0004491905   0.0011376451  -0.0001124322  -0.0000340893   0.0000231702
        0.0000232670  -0.0001059086   0.0000090295  -0.0000035016   0.0001636074
        0.0002846152   0.0004750302  -0.0000855670   0.0000617044   0.0001109533
       -0.0000696341  -0.0000016796   0.0000200968   0.1180452252   0.2822726002
       -0.0128662243
        0.0000453574   0.0000277146  -0.0000005361   0.0000042526  -0.0002037196
       -0.0001030445  -0.0006756614   0.0002100726   0.0003605573  -0.0002141986
       -0.0003671842  -0.0023813590   0.0004698096   0.0000054124  -0.0000701239
        0.0000600180  -0.0001782616  -0.0000286277   0.0008386625   0.0011687028
        0.0005052860   0.0060982154   0.0114469345  -0.0324751158  -0.0002364211
        0.0000582621   0.0002607774  -0.0000065192   0.0004376483   0.0065022903
        0.0000936337  -0.0000664358   0.0002796030  -0.0002176520   0.0003220084
        0.0068364396   0.0000178427  -0.0000066708  -0.0001196903   0.0000047178
       -0.0000232149  -0.0009573585  -0.0000335867  -0.0000029413  -0.0000021529
       -0.0000017880  -0.0001654647  -0.0018382275   0.0000223219   0.0000054855
       -0.0000368909  -0.0000524166  -0.0000146523  -0.0000173750  -0.0004662856
        0.0002143331  -0.0005774738   0.0000102111   0.0000149401  -0.0000459789
        0.0000394132  -0.0000167450  -0.0000080548  -0.0057999267  -0.0128662243
        0.0239170561
