$hessian                                                                        
        0.4348019624   0.0542030613  -0.0000638240  -0.1615749252   0.0569749459
       -0.0000661936  -0.0492013022  -0.0017044835   0.0000126425   0.0012266497
        0.0030733071   0.0000034517  -0.0016555477  -0.0031802459  -0.0000005519
       -0.0017096868  -0.0000361038  -0.0002575458  -0.0017112519  -0.0000350511
        0.0002573313  -0.1388865650  -0.1254366955   0.0006351686  -0.0406091225
        0.0082719925  -0.0159991314  -0.0405217886   0.0081230638   0.0154788102
       -0.0000383227  -0.0004072108   0.0000002724  -0.0001376080  -0.0001333871
       -0.0001255971   0.0000775802   0.0002098547  -0.0000624186  -0.0001378375
       -0.0001332252   0.0001257071   0.0000777658   0.0002101776   0.0000618786
        0.0542030613   0.5136994670  -0.0000831991   0.0735879281  -0.1151391673
        0.0000565100  -0.0143749624   0.0164565416  -0.0000097188  -0.0039025292
        0.0013018527   0.0000018494  -0.0025519281  -0.0017533118   0.0000068729
       -0.0003959961   0.0002472600  -0.0002231367  -0.0003955000   0.0002475503
        0.0002225871  -0.1191276952  -0.1860356596   0.0007456472   0.0065209087
       -0.1137060615   0.1056054341   0.0063351972  -0.1154137014  -0.1063226987
        0.0001621025   0.0001643123   0.0000002699  -0.0000782543   0.0000092262
        0.0000015789   0.0000481113  -0.0000439452   0.0000513041  -0.0000781001
        0.0000097593  -0.0000016513   0.0000476563  -0.0000441227  -0.0000516492
       -0.0000638240  -0.0000831991   0.4961271160  -0.0000771368   0.0000483955
       -0.0554896188   0.0000329980   0.0000089361   0.0003326649   0.0000112564
       -0.0000185223  -0.0035734094   0.0000048617   0.0000083100   0.0056817158
       -0.0007947664   0.0005942043   0.0001591732   0.0007967306  -0.0005941829
        0.0001588912   0.0006099297   0.0007481462  -0.0436884371  -0.0127993363
        0.1053027603  -0.2005829223   0.0122795386  -0.1060146923  -0.1989752063
       -0.0000004839   0.0000000531   0.0000878267  -0.0002366914  -0.0001874603
       -0.0000546199   0.0001291495   0.0001242055  -0.0000641466   0.0002369062
        0.0001872372  -0.0000551756  -0.0001291320  -0.0001241914  -0.0000638517
       -0.1615749252   0.0735879281  -0.0000771368   0.4645451943   0.0202830855
       -0.0000001925  -0.1643125935  -0.0808029194   0.0000624514  -0.0048351826
       -0.0430369180   0.0000528945  -0.0575594119  -0.0150958353   0.0000226244
       -0.0013802573   0.0035383504   0.0014075961  -0.0013805666   0.0035352829
       -0.0014141127  -0.0320886880   0.0086413017   0.0000171812  -0.0199155560
        0.0152083638  -0.0084844951  -0.0198251852   0.0152287355   0.0084128452
        0.0002912407   0.0000174984   0.0000001439  -0.0014518828  -0.0005395420
       -0.0000365053   0.0004697603  -0.0000133005  -0.0002983754  -0.0014516633
       -0.0005391523   0.0000372152   0.0004697171  -0.0000128787   0.0002978658
        0.0569749459  -0.1151391673   0.0000483955   0.0202830855   0.3641166392
       -0.0002581926  -0.0575375233  -0.1519394082   0.0000735996  -0.0522350014
       -0.0919584440   0.0001155192  -0.0038970287   0.0077887697  -0.0000006253
        0.0036125355   0.0013207487   0.0014468104   0.0036111084   0.0013168478
       -0.0014496068  -0.0194946503   0.0107665223  -0.0000174804   0.0242868219
       -0.0136806919   0.0030094658   0.0244757787  -0.0138336291  -0.0029659074
        0.0001159019   0.0015792033  -0.0000016575  -0.0003363288   0.0000023691
        0.0000777329   0.0002381010  -0.0001724139  -0.0004869538  -0.0003357237
        0.0000032892  -0.0000774707   0.0002379776  -0.0001706349   0.0004863711
       -0.0000661936   0.0000565100  -0.0554896188  -0.0000001925  -0.0002581926
        0.0729458362   0.0000526233   0.0000759933  -0.0548373424   0.0000543724
        0.0001253225   0.0249400121   0.0000116363   0.0000007184   0.0087621042
        0.0004324295   0.0011125047  -0.0000815328  -0.0004408091  -0.0011164071
       -0.0000749011   0.0000985275  -0.0000531794   0.0007287657  -0.0263214120
        0.0119817610   0.0021327465   0.0261784942  -0.0119229971   0.0021441224
       -0.0000002472  -0.0000022565  -0.0009508186  -0.0003779924  -0.0001625860
       -0.0000499095   0.0001332995  -0.0000188854  -0.0000590274   0.0003791769
        0.0001626593  -0.0000502010  -0.0001337128   0.0000190347  -0.0000602357
       -0.0492013022  -0.0143749624   0.0000329980  -0.1643125935  -0.0575375233
        0.0000526233   0.4959683110  -0.0745940771   0.0000344751  -0.0873777932
        0.0822163168  -0.0000816423  -0.1436116885   0.0710168976  -0.0000434854
       -0.0262062921  -0.0035487385  -0.0024097330  -0.0262152054  -0.0035436953
        0.0024195007  -0.0069125589   0.0021755345  -0.0000097329   0.0006466222
       -0.0009945575   0.0007113938   0.0006489829  -0.0009984102  -0.0007071104
        0.0046451340  -0.0017466440   0.0000005685   0.0003543026   0.0004476695
       -0.0007168219   0.0006113421   0.0005177793   0.0009683489   0.0003528293
        0.0004483906   0.0007169926   0.0006099098   0.0005160201  -0.0009683751
       -0.0017044835   0.0164565416   0.0000089361  -0.0808029194  -0.1519394082
        0.0000759933  -0.0745940771   0.9262469051  -0.0007168372   0.0718769258
       -0.6812966786   0.0006253648   0.0600497152  -0.1004216244   0.0000229420
        0.0024409001   0.0073719136   0.0035277962   0.0024056268   0.0073873749
       -0.0035471587   0.0024599538  -0.0028742649  -0.0000016158   0.0038592500
        0.0014918490   0.0025068099   0.0038669197   0.0014918245  -0.0025195319
        0.0208683807  -0.0187946721   0.0000110919  -0.0018322455  -0.0021899907
       -0.0000390144  -0.0035260783  -0.0003629808   0.0023403767  -0.0018421582
       -0.0021977754   0.0000409915  -0.0035257101  -0.0003690137  -0.0023361443
        0.0000126425  -0.0000097188   0.0003326649   0.0000624514   0.0000735996
       -0.0548373424   0.0000344751  -0.0007168372   0.1873165062  -0.0000654092
        0.0006230726  -0.0661516963  -0.0000386892   0.0000238093  -0.0614631280
        0.0186732889  -0.0129584246  -0.0027900900  -0.0186767801   0.0129396697
       -0.0028053987   0.0000215386   0.0000037286   0.0005255476  -0.0015530615
       -0.0003000994   0.0006814073   0.0015400899   0.0003007763   0.0006991407
       -0.0000192154   0.0000161136  -0.0008287026   0.0051784746   0.0024362769
       -0.0004741067  -0.0006871285  -0.0009713032   0.0001306666  -0.0051755969
       -0.0024330004  -0.0004690505   0.0006929198   0.0009723370   0.0001335817
        0.0012266497  -0.0039025292   0.0000112564  -0.0048351826  -0.0522350014
        0.0000543724  -0.0873777932   0.0718769258  -0.0000654092   0.0975108657
       -0.0639452641   0.0000448850  -0.0061485545   0.0399749791  -0.0000346350
        0.0004234487   0.0018674616  -0.0008378471   0.0004246533   0.0018683265
        0.0008342409   0.0014698156  -0.0011141961  -0.0000051847   0.0010343985
        0.0004801461   0.0008386096   0.0010265593   0.0004659115  -0.0008358346
       -0.0062139524   0.0047407856  -0.0000035391  -0.0002203940   0.0000772565
       -0.0001080604   0.0009494640  -0.0001168815  -0.0008265284  -0.0002198887
        0.0000775448   0.0001074626   0.0009499107  -0.0001154652   0.0008262117
        0.0030733071   0.0013018527  -0.0000185223  -0.0430369180  -0.0919584440
        0.0001253225   0.0822163168  -0.6812966786   0.0006230726  -0.0639452641
        0.8244060498  -0.0008093759   0.0249630804  -0.0468288052   0.0000598594
       -0.0061470118  -0.0036170201  -0.0019010120  -0.0061418140  -0.0036164938
        0.0019097454   0.0011418864   0.0013900050  -0.0000030330  -0.0011151855
       -0.0000656714  -0.0013119324  -0.0011191649  -0.0000616055   0.0013238046
        0.0067606756  -0.0040573555   0.0000059463   0.0006245874   0.0013435401
        0.0000024049   0.0010488083   0.0008556709  -0.0011962925   0.0006267473
        0.0013458599  -0.0000037693   0.0010499491   0.0008590956   0.0011937815
        0.0000034517   0.0000018494  -0.0035734094   0.0000528945   0.0001155192
        0.0249400121  -0.0000816423   0.0006253648  -0.0661516963   0.0000448850
       -0.0008093759   0.0281316067  -0.0000184306   0.0000523153   0.0127731211
       -0.0016710667   0.0009606093   0.0006792075   0.0016833458  -0.0009536290
        0.0006770062  -0.0000013521  -0.0000022855   0.0000778865   0.0004088044
        0.0003639439  -0.0003058428  -0.0004123327  -0.0003563154  -0.0003186784
       -0.0000057590   0.0000054210   0.0021754935  -0.0006833085  -0.0004594270
        0.0003363186  -0.0006442446  -0.0000316976   0.0001128647   0.0006826546
        0.0004573726   0.0003356301   0.0006421007   0.0000303349   0.0001104799
       -0.0016555477  -0.0025519281   0.0000048617  -0.0575594119  -0.0038970287
        0.0000116363  -0.1436116885   0.0600497152  -0.0000386892  -0.0061485545
        0.0249630804  -0.0000184306   0.5655992872   0.0550684721  -0.0000850711
       -0.1390139568  -0.0443036932   0.0999698765  -0.1390536121  -0.0444911744
       -0.0998841933  -0.0009379936   0.0005663249  -0.0000005058  -0.0002286498
        0.0001395054   0.0000584614  -0.0002210564   0.0001374173  -0.0000614045
       -0.0411161644  -0.0241283351   0.0000247375  -0.0187136382  -0.0101169285
        0.0040303931   0.0006909931  -0.0006521063   0.0023399423  -0.0187196316
       -0.0101257758  -0.0040115871   0.0006896253  -0.0006575452  -0.0023400271
       -0.0031802459  -0.0017533118   0.0000083100  -0.0150958353   0.0077887697
        0.0000007184   0.0710168976  -0.1004216244   0.0000238093   0.0399749791
       -0.0468288052   0.0000523153   0.0550684721   0.6182818231  -0.0003616883
       -0.0538086018  -0.0838483468   0.0481506220  -0.0539409512  -0.0839888104
       -0.0481163378  -0.0009699810   0.0003960291  -0.0000001722  -0.0000287686
       -0.0002006488  -0.0000409475  -0.0000302919  -0.0002022500   0.0000421633
       -0.0250628503  -0.2983177093   0.0002448223   0.0147386913   0.0074337134
       -0.0001870961  -0.0216889036  -0.0128724335   0.0030908417   0.0147153690
        0.0074241215   0.0001648607  -0.0217079794  -0.0128905166  -0.0030722211
       -0.0000005519   0.0000068729   0.0056817158   0.0000226244  -0.0000006253
        0.0087621042  -0.0000434854   0.0000229420  -0.0614631280  -0.0000346350
        0.0000598594   0.0127731211  -0.0000850711  -0.0003616883   0.2192874766
        0.0669758139   0.0312490571  -0.0689007280  -0.0668708566  -0.0312144273
       -0.0687346269  -0.0000048499   0.0000021202   0.0001306239   0.0010130200
       -0.0002024283   0.0000204412  -0.0010076272   0.0001992067   0.0000202593
        0.0000251996   0.0002425843  -0.0317434267   0.0131405489   0.0059395059
       -0.0041471373   0.0101747097   0.0074051528  -0.0037864460  -0.0131676083
       -0.0059592553  -0.0041346245  -0.0101372313  -0.0073888767  -0.0037656247
       -0.0017096868  -0.0003959961  -0.0007947664  -0.0013802573   0.0036125355
        0.0004324295  -0.0262062921   0.0024409001   0.0186732889   0.0004234487
       -0.0061470118  -0.0016710667  -0.1390139568  -0.0538086018   0.0669758139
        0.3768694195  -0.1127499444  -0.1490562386  -0.0290756106   0.0160021296
        0.0152719581  -0.0002575453   0.0001480773  -0.0000603898  -0.0000841355
       -0.0000995513   0.0000969687   0.0002128710  -0.0001275318  -0.0001075941
       -0.0041407141  -0.0030635549   0.0008993567  -0.1329077567   0.1073772544
        0.0778606178  -0.0447659075   0.0457678608  -0.0185441267   0.0048527442
        0.0033097799  -0.0152548187  -0.0028166207  -0.0022663456   0.0052785673
       -0.0000361038   0.0002472600   0.0005942043   0.0035383504   0.0013207487
        0.0011125047  -0.0035487385   0.0073719136  -0.0129584246   0.0018674616
       -0.0036170201   0.0009606093  -0.0443036932  -0.0838483468   0.0312490571
       -0.1127499444   0.5281512200  -0.0727079470   0.0159753234  -0.0495734549
        0.0083174969   0.0000709898  -0.0000112627   0.0000314667   0.0000893823
       -0.0000205502   0.0000239849  -0.0001205247   0.0000081746  -0.0000115730
       -0.0148354549  -0.0082592504   0.0208455475   0.1062171944  -0.1480131091
       -0.0768781218   0.0463459913  -0.2436087673   0.1045487795  -0.0080799013
       -0.0041044945   0.0170445029   0.0095696677   0.0039569390  -0.0221720875
       -0.0002575458  -0.0002231367   0.0001591732   0.0014075961   0.0014468104
       -0.0000815328  -0.0024097330   0.0035277962  -0.0027900900  -0.0008378471
       -0.0019010120   0.0006792075   0.0999698765   0.0481506220  -0.0689007280
       -0.1490562386  -0.0727079470   0.5586547589  -0.0153390336  -0.0087055339
       -0.2645180821  -0.0000981571   0.0000220021   0.0000217856   0.0000916131
       -0.0000076048   0.0000205141   0.0000055414   0.0000067660  -0.0000222180
        0.0011685511   0.0002586152  -0.0017681787   0.0782115042  -0.0785235804
       -0.0971274424  -0.0193759823   0.1056456075  -0.0921582903   0.0024851155
        0.0030677084  -0.0160321478   0.0040347396  -0.0000571129  -0.0161367291
       -0.0017112519  -0.0003955000   0.0007967306  -0.0013805666   0.0036111084
       -0.0004408091  -0.0262152054   0.0024056268  -0.0186767801   0.0004246533
       -0.0061418140   0.0016833458  -0.1390536121  -0.0539409512  -0.0668708566
       -0.0290756106   0.0159753234  -0.0153390336   0.3769234779  -0.1124683086
        0.1492867522  -0.0002589412   0.0001490697   0.0000604409   0.0002138020
       -0.0001273162   0.0001086075  -0.0000835601  -0.0001006396  -0.0000957512
       -0.0041409130  -0.0030655726  -0.0008944655   0.0048549865   0.0033371127
        0.0152455887  -0.0028175496  -0.0022755933  -0.0052763986  -0.1329193331
        0.1072507966  -0.0780449484  -0.0447603759   0.0457866579   0.0184575776
       -0.0000350511   0.0002475503  -0.0005941829   0.0035352829   0.0013168478
       -0.0011164071  -0.0035436953   0.0073873749   0.0129396697   0.0018683265
       -0.0036164938  -0.0009536290  -0.0444911744  -0.0839888104  -0.0312144273
        0.0160021296  -0.0495734549  -0.0087055339  -0.1124683086   0.5284132485
        0.0727774731   0.0000727449  -0.0000118986  -0.0000313183  -0.0001203151
        0.0000075315   0.0000114887   0.0000873311  -0.0000202424  -0.0000230836
       -0.0148428937  -0.0082963143  -0.0208315334  -0.0080864193  -0.0041407483
       -0.0170647112   0.0095661213   0.0039962899   0.0221352804   0.1060888258
       -0.1477434917   0.0769582073   0.0463670955  -0.2439773884  -0.1042872926
        0.0002573313   0.0002225871   0.0001588912  -0.0014141127  -0.0014496068
       -0.0000749011   0.0024195007  -0.0035471587  -0.0028053987   0.0008342409
        0.0019097454   0.0006770062  -0.0998841933  -0.0481163378  -0.0687346269
        0.0152719581   0.0083174969  -0.2645180821   0.1492867522   0.0727774731
        0.5583607504   0.0000976769  -0.0000215888   0.0000218758  -0.0000052147
       -0.0000066050  -0.0000227011  -0.0000913080   0.0000074257   0.0000201802
       -0.0011413504  -0.0002462633  -0.0017285404  -0.0024737538  -0.0030899889
       -0.0159984382  -0.0040541597   0.0000213268  -0.0161762380  -0.0783921717
        0.0786039750  -0.0973855523   0.0192888042  -0.1053824809  -0.0917942251
       -0.1388865650  -0.1191276952   0.0006099297  -0.0320886880  -0.0194946503
        0.0000985275  -0.0069125589   0.0024599538   0.0000215386   0.0014698156
        0.0011418864  -0.0000013521  -0.0009379936  -0.0009699810  -0.0000048499
       -0.0002575453   0.0000709898  -0.0000981571  -0.0002589412   0.0000727449
        0.0000976769   0.1745448158   0.1384980398  -0.0007262840   0.0016704658
       -0.0012676284   0.0009346620   0.0016225513  -0.0013306206  -0.0009322524
        0.0000331839  -0.0001360632   0.0000004010  -0.0000440389  -0.0000010386
       -0.0000174756   0.0000450701   0.0000426827  -0.0000196313  -0.0000447864
       -0.0000013315   0.0000175692   0.0000452150   0.0000427115   0.0000196976
       -0.1254366955  -0.1860356596   0.0007481462   0.0086413017   0.0107665223
       -0.0000531794   0.0021755345  -0.0028742649   0.0000037286  -0.0011141961
        0.0013900050  -0.0000022855   0.0005663249   0.0003960291   0.0000021202
        0.0001480773  -0.0000112627   0.0000220021   0.0001490697  -0.0000118986
       -0.0000215888   0.1384980398   0.2075004539  -0.0008543273  -0.0117140408
       -0.0155503006   0.0016379851  -0.0118464434  -0.0157256675  -0.0014823263
       -0.0000873491   0.0001214327  -0.0000000598  -0.0000056063   0.0000227923
        0.0000068041   0.0000157256  -0.0000053548  -0.0000159148  -0.0000053478
        0.0000227728  -0.0000069636   0.0000156055  -0.0000055992   0.0000158591
        0.0006351686   0.0007456472  -0.0436884371   0.0000171812  -0.0000174804
        0.0007287657  -0.0000097329  -0.0000016158   0.0005255476  -0.0000051847
       -0.0000030330   0.0000778865  -0.0000005058  -0.0000001722   0.0001306239
       -0.0000603898   0.0000314667   0.0000217856   0.0000604409  -0.0000313183
        0.0000218758  -0.0007262840  -0.0008543273   0.0446649170   0.0163634114
        0.0215602452  -0.0013713856  -0.0162742413  -0.0214290634  -0.0011291482
        0.0000003745  -0.0000000226   0.0000234308  -0.0000088154  -0.0000059125
        0.0000033404  -0.0000055429   0.0000001810  -0.0000061102   0.0000088271
        0.0000059286   0.0000031158   0.0000052932  -0.0000005231  -0.0000062079
       -0.0406091225   0.0065209087  -0.0127993363  -0.0199155560   0.0242868219
       -0.0263214120   0.0006466222   0.0038592500  -0.0015530615   0.0010343985
       -0.0011151855   0.0004088044  -0.0002286498  -0.0000287686   0.0010130200
       -0.0000841355   0.0000893823   0.0000916131   0.0002138020  -0.0001203151
       -0.0000052147   0.0016704658  -0.0117140408   0.0163634114   0.0552739125
       -0.0201245762   0.0222841686   0.0018516518  -0.0013938074   0.0005381540
        0.0001711279  -0.0002052887  -0.0000073705  -0.0000275730  -0.0000451382
       -0.0000072650  -0.0000434263  -0.0000170929  -0.0000119755   0.0000743153
        0.0000120135   0.0000113737  -0.0000278329  -0.0000041628  -0.0000049096
        0.0082719925  -0.1137060615   0.1053027603   0.0152083638  -0.0136806919
        0.0119817610  -0.0009945575   0.0014918490  -0.0003000994   0.0004801461
       -0.0000656714   0.0003639439   0.0001395054  -0.0002006488  -0.0002024283
       -0.0000995513  -0.0000205502  -0.0000076048  -0.0001273162   0.0000075315
       -0.0000066050  -0.0012676284  -0.0155503006   0.0215602452  -0.0201245762
        0.1328210614  -0.1248632457  -0.0014360801   0.0088094040  -0.0138595422
       -0.0000673381   0.0000569779   0.0000359170   0.0000256805  -0.0000044136
       -0.0000040562   0.0000085150   0.0000432207   0.0000058494  -0.0000158015
       -0.0000112675   0.0000033134  -0.0000013541   0.0000095610  -0.0000102085
       -0.0159991314   0.1056054341  -0.2005829223  -0.0084844951   0.0030094658
        0.0021327465   0.0007113938   0.0025068099   0.0006814073   0.0008386096
       -0.0013119324  -0.0003058428   0.0000584614  -0.0000409475   0.0000204412
        0.0000969687   0.0000239849   0.0000205141   0.0001086075   0.0000114887
       -0.0000227011   0.0009346620   0.0016379851  -0.0013713856   0.0222841686
       -0.1248632457   0.2279388507  -0.0006145741   0.0135660810  -0.0285055272
        0.0000839307  -0.0000847288  -0.0000283664   0.0000041492  -0.0000104608
        0.0000095436  -0.0000358997  -0.0000277070   0.0000347789   0.0000255550
       -0.0000187847  -0.0000041682  -0.0000124062  -0.0000034427  -0.0000173687
       -0.0405217886   0.0063351972   0.0122795386  -0.0198251852   0.0244757787
        0.0261784942   0.0006489829   0.0038669197   0.0015400899   0.0010265593
       -0.0011191649  -0.0004123327  -0.0002210564  -0.0000302919  -0.0010076272
        0.0002128710  -0.0001205247   0.0000055414  -0.0000835601   0.0000873311
       -0.0000913080   0.0016225513  -0.0118464434  -0.0162742413   0.0018516518
       -0.0014360801  -0.0006145741   0.0551412221  -0.0199526614  -0.0216237860
        0.0001717417  -0.0002057377   0.0000073832   0.0000744811   0.0000118764
       -0.0000114114  -0.0000280952  -0.0000041392   0.0000051554  -0.0000265619
       -0.0000450663   0.0000073469  -0.0000438140  -0.0000169935   0.0000117311
        0.0081230638  -0.1154137014  -0.1060146923   0.0152287355  -0.0138336291
       -0.0119229971  -0.0009984102   0.0014918245   0.0003007763   0.0004659115
       -0.0000616055  -0.0003563154   0.0001374173  -0.0002022500   0.0001992067
       -0.0001275318   0.0000081746   0.0000067660  -0.0001006396  -0.0000202424
        0.0000074257  -0.0013306206  -0.0157256675  -0.0214290634  -0.0013938074
        0.0088094040   0.0135660810  -0.0199526614   0.1348524233   0.1256735275
       -0.0000684152   0.0000576154  -0.0000361014  -0.0000160846  -0.0000111252
       -0.0000031924  -0.0000013900   0.0000097387   0.0000100582   0.0000254406
       -0.0000047091   0.0000041983   0.0000089921   0.0000437497  -0.0000056776
        0.0154788102  -0.1063226987  -0.1989752063   0.0084128452  -0.0029659074
        0.0021441224  -0.0007071104  -0.0025195319   0.0006991407  -0.0008358346
        0.0013238046  -0.0003186784  -0.0000614045   0.0000421633   0.0000202593
       -0.0001075941  -0.0000115730  -0.0000222180  -0.0000957512  -0.0000230836
        0.0000201802  -0.0009322524  -0.0014823263  -0.0011291482   0.0005381540
       -0.0138595422  -0.0285055272  -0.0216237860   0.1256735275   0.2260732277
       -0.0000840764   0.0000847188  -0.0000283934  -0.0000256622   0.0000189173
       -0.0000042750   0.0000126321   0.0000036908  -0.0000174118  -0.0000045806
        0.0000104115   0.0000091400   0.0000356108   0.0000274292   0.0000347879
       -0.0000383227   0.0001621025  -0.0000004839   0.0002912407   0.0001159019
       -0.0000002472   0.0046451340   0.0208683807  -0.0000192154  -0.0062139524
        0.0067606756  -0.0000057590  -0.0411161644  -0.0250628503   0.0000251996
       -0.0041407141  -0.0148354549   0.0011685511  -0.0041409130  -0.0148428937
       -0.0011413504   0.0000331839  -0.0000873491   0.0000003745   0.0001711279
       -0.0000673381   0.0000839307   0.0001717417  -0.0000684152  -0.0000840764
        0.0533173870   0.0297490557  -0.0000294803   0.0007376175  -0.0004151189
        0.0005443191  -0.0022272426  -0.0009305261  -0.0006453911   0.0007379768
       -0.0004161442  -0.0005436948  -0.0022281003  -0.0009300257   0.0006473234
       -0.0004072108   0.0001643123   0.0000000531   0.0000174984   0.0015792033
       -0.0000022565  -0.0017466440  -0.0187946721   0.0000161136   0.0047407856
       -0.0040573555   0.0000054210  -0.0241283351  -0.2983177093   0.0002425843
       -0.0030635549  -0.0082592504   0.0002586152  -0.0030655726  -0.0082963143
       -0.0002462633  -0.0001360632   0.0001214327  -0.0000000226  -0.0002052887
        0.0000569779  -0.0000847288  -0.0002057377   0.0000576154   0.0000847188
        0.0297490557   0.3345201293  -0.0002731806   0.0005696662   0.0009164720
        0.0001985360  -0.0013417630  -0.0003019924  -0.0006139865   0.0005722446
        0.0009164861  -0.0001999233  -0.0013490803  -0.0003053351   0.0006143197
        0.0000002724   0.0000002699   0.0000878267   0.0000001439  -0.0000016575
       -0.0009508186   0.0000005685   0.0000110919  -0.0008287026  -0.0000035391
        0.0000059463   0.0021754935   0.0000247375   0.0002448223  -0.0317434267
        0.0008993567   0.0208455475  -0.0017681787  -0.0008944655  -0.0208315334
       -0.0017285404   0.0000004010  -0.0000000598   0.0000234308  -0.0000073705
        0.0000359170  -0.0000283664   0.0000073832  -0.0000361014  -0.0000283934
       -0.0000294803  -0.0002731806   0.0348279519  -0.0015723071  -0.0001966163
        0.0002478275   0.0042343104   0.0024827737  -0.0002688135   0.0015713481
        0.0001954337   0.0002476649  -0.0042313591  -0.0024826533  -0.0002649551
       -0.0001376080  -0.0000782543  -0.0002366914  -0.0014518828  -0.0003363288
       -0.0003779924   0.0003543026  -0.0018322455   0.0051784746  -0.0002203940
        0.0006245874  -0.0006833085  -0.0187136382   0.0147386913   0.0131405489
       -0.1329077567   0.1062171944   0.0782115042   0.0048549865  -0.0080864193
       -0.0024737538  -0.0000440389  -0.0000056063  -0.0000088154  -0.0000275730
        0.0000256805   0.0000041492   0.0000744811  -0.0000160846  -0.0000256622
        0.0007376175   0.0005696662  -0.0015723071   0.1494409071  -0.1165227203
       -0.0913009200  -0.0034288758   0.0055020557   0.0022670443   0.0002837946
       -0.0007248025   0.0007167803   0.0011856779  -0.0000754138  -0.0028390509
       -0.0001333871   0.0000092262  -0.0001874603  -0.0005395420   0.0000023691
       -0.0001625860   0.0004476695  -0.0021899907   0.0024362769   0.0000772565
        0.0013435401  -0.0004594270  -0.0101169285   0.0074337134   0.0059395059
        0.1073772544  -0.1480131091  -0.0785235804   0.0033371127  -0.0041407483
       -0.0030899889  -0.0000010386   0.0000227923  -0.0000059125  -0.0000451382
       -0.0000044136  -0.0000104608   0.0000118764  -0.0000111252   0.0000189173
       -0.0004151189   0.0009164720  -0.0001966163  -0.1165227203   0.1619734997
        0.0859077467   0.0166564725  -0.0186345665  -0.0112711415  -0.0007260240
        0.0004761039   0.0011490122   0.0005922557   0.0008162367  -0.0015442854
       -0.0001255971   0.0000015789  -0.0000546199  -0.0000365053   0.0000777329
       -0.0000499095  -0.0007168219  -0.0000390144  -0.0004741067  -0.0001080604
        0.0000024049   0.0003363186   0.0040303931  -0.0001870961  -0.0041471373
        0.0778606178  -0.0768781218  -0.0971274424   0.0152455887  -0.0170647112
       -0.0159984382  -0.0000174756   0.0000068041   0.0000033404  -0.0000072650
       -0.0000040562   0.0000095436  -0.0000114114  -0.0000031924  -0.0000042750
        0.0005443191   0.0001985360   0.0002478275  -0.0913009200   0.0859077467
        0.1141596820  -0.0073393757   0.0075126383   0.0062204579  -0.0007153419
       -0.0011473185   0.0013006101   0.0026978555   0.0016160687  -0.0044218513
        0.0000775802   0.0000481113   0.0001291495   0.0004697603   0.0002381010
        0.0001332995   0.0006113421  -0.0035260783  -0.0006871285   0.0009494640
        0.0010488083  -0.0006442446   0.0006909931  -0.0216889036   0.0101747097
       -0.0447659075   0.0463459913  -0.0193759823  -0.0028175496   0.0095661213
       -0.0040541597   0.0000450701   0.0000157256  -0.0000055429  -0.0000434263
        0.0000085150  -0.0000358997  -0.0000280952  -0.0000013900   0.0000126321
       -0.0022272426  -0.0013417630   0.0042343104  -0.0034288758   0.0166564725
       -0.0073393757   0.0496297216  -0.0476592275   0.0187115216   0.0011857230
        0.0005876406  -0.0026995968  -0.0003485574  -0.0002981244   0.0014463074
        0.0002098547  -0.0000439452   0.0001242055  -0.0000133005  -0.0001724139
       -0.0000188854   0.0005177793  -0.0003629808  -0.0009713032  -0.0001168815
        0.0008556709  -0.0000316976  -0.0006521063  -0.0128724335   0.0074051528
        0.0457678608  -0.2436087673   0.1056456075  -0.0022755933   0.0039962899
        0.0000213268   0.0000426827  -0.0000053548   0.0000001810  -0.0000170929
        0.0000432207  -0.0000277070  -0.0000041392   0.0000097387   0.0000036908
       -0.0009305261  -0.0003019924   0.0024827737   0.0055020557  -0.0186345665
        0.0075126383  -0.0476592275   0.2692834016  -0.1203268214  -0.0000706623
        0.0008161273  -0.0016255202  -0.0003007036   0.0009980053  -0.0001936416
       -0.0000624186   0.0000513041  -0.0000641466  -0.0002983754  -0.0004869538
       -0.0000590274   0.0009683489   0.0023403767   0.0001306666  -0.0008265284
       -0.0011962925   0.0001128647   0.0023399423   0.0030908417  -0.0037864460
       -0.0185441267   0.1045487795  -0.0921582903  -0.0052763986   0.0221352804
       -0.0161762380  -0.0000196313  -0.0000159148  -0.0000061102  -0.0000119755
        0.0000058494   0.0000347789   0.0000051554   0.0000100582  -0.0000174118
       -0.0006453911  -0.0006139865  -0.0002688135   0.0022670443  -0.0112711415
        0.0062204579   0.0187115216  -0.1203268214   0.1093997272   0.0028383803
        0.0015348623  -0.0044216113  -0.0014455471   0.0001937581   0.0010595997
       -0.0001378375  -0.0000781001   0.0002369062  -0.0014516633  -0.0003357237
        0.0003791769   0.0003528293  -0.0018421582  -0.0051755969  -0.0002198887
        0.0006267473   0.0006826546  -0.0187196316   0.0147153690  -0.0131676083
        0.0048527442  -0.0080799013   0.0024851155  -0.1329193331   0.1060888258
       -0.0783921717  -0.0000447864  -0.0000053478   0.0000088271   0.0000743153
       -0.0000158015   0.0000255550  -0.0000265619   0.0000254406  -0.0000045806
        0.0007379768   0.0005722446   0.0015713481   0.0002837946  -0.0007260240
       -0.0007153419   0.0011857230  -0.0000706623   0.0028383803   0.1494607920
       -0.1163719297   0.0915029096  -0.0034284727   0.0054970214  -0.0022755738
       -0.0001332252   0.0000097593   0.0001872372  -0.0005391523   0.0000032892
        0.0001626593   0.0004483906  -0.0021977754  -0.0024330004   0.0000775448
        0.0013458599   0.0004573726  -0.0101257758   0.0074241215  -0.0059592553
        0.0033097799  -0.0041044945   0.0030677084   0.1072507966  -0.1477434917
        0.0786039750  -0.0000013315   0.0000227728   0.0000059286   0.0000120135
       -0.0000112675  -0.0000187847  -0.0000450663  -0.0000047091   0.0000104115
       -0.0004161442   0.0009164861   0.0001954337  -0.0007248025   0.0004761039
       -0.0011473185   0.0005876406   0.0008161273   0.0015348623  -0.1163719297
        0.1616753421  -0.0859802871   0.0166712616  -0.0186281240   0.0113130573
        0.0001257071  -0.0000016513  -0.0000551756   0.0000372152  -0.0000774707
       -0.0000502010   0.0007169926   0.0000409915  -0.0004690505   0.0001074626
       -0.0000037693   0.0003356301  -0.0040115871   0.0001648607  -0.0041346245
       -0.0152548187   0.0170445029  -0.0160321478  -0.0780449484   0.0769582073
       -0.0973855523   0.0000175692  -0.0000069636   0.0000031158   0.0000113737
        0.0000033134  -0.0000041682   0.0000073469   0.0000041983   0.0000091400
       -0.0005436948  -0.0001999233   0.0002476649   0.0007167803   0.0011490122
        0.0013006101  -0.0026995968  -0.0016255202  -0.0044216113   0.0915029096
       -0.0859802871   0.1144431817   0.0073112887  -0.0074695007   0.0062131887
        0.0000777658   0.0000476563  -0.0001291320   0.0004697171   0.0002379776
       -0.0001337128   0.0006099098  -0.0035257101   0.0006929198   0.0009499107
        0.0010499491   0.0006421007   0.0006896253  -0.0217079794  -0.0101372313
       -0.0028166207   0.0095696677   0.0040347396  -0.0447603759   0.0463670955
        0.0192888042   0.0000452150   0.0000156055   0.0000052932  -0.0000278329
       -0.0000013541  -0.0000124062  -0.0000438140   0.0000089921   0.0000356108
       -0.0022281003  -0.0013490803  -0.0042313591   0.0011856779   0.0005922557
        0.0026978555  -0.0003485574  -0.0003007036  -0.0014455471  -0.0034284727
        0.0166712616   0.0073112887   0.0496259522  -0.0476756334  -0.0186192239
        0.0002101776  -0.0000441227  -0.0001241914  -0.0000128787  -0.0001706349
        0.0000190347   0.0005160201  -0.0003690137   0.0009723370  -0.0001154652
        0.0008590956   0.0000303349  -0.0006575452  -0.0128905166  -0.0073888767
       -0.0022663456   0.0039569390  -0.0000571129   0.0457866579  -0.2439773884
       -0.1053824809   0.0000427115  -0.0000055992  -0.0000005231  -0.0000041628
        0.0000095610  -0.0000034427  -0.0000169935   0.0000437497   0.0000274292
       -0.0009300257  -0.0003053351  -0.0024826533  -0.0000754138   0.0008162367
        0.0016160687  -0.0002981244   0.0009980053   0.0001937581   0.0054970214
       -0.0186281240  -0.0074695007  -0.0476756334   0.2697071473   0.1200498191
        0.0000618786  -0.0000516492  -0.0000638517   0.0002978658   0.0004863711
       -0.0000602357  -0.0009683751  -0.0023361443   0.0001335817   0.0008262117
        0.0011937815   0.0001104799  -0.0023400271  -0.0030722211  -0.0037656247
        0.0052785673  -0.0221720875  -0.0161367291   0.0184575776  -0.1042872926
       -0.0917942251   0.0000196976   0.0000158591  -0.0000062079  -0.0000049096
       -0.0000102085  -0.0000173687   0.0000117311  -0.0000056776   0.0000347879
        0.0006473234   0.0006143197  -0.0002649551  -0.0028390509  -0.0015442854
       -0.0044218513   0.0014463074  -0.0001936416   0.0010595997  -0.0022755738
        0.0113130573   0.0062131887  -0.0186192239   0.1200498191   0.1089794113
