$hessian                                                                        
        0.4779487300  -0.0044622350  -0.0352952295  -0.1398450025  -0.0134967706
       -0.0661575187  -0.0284106131   0.0076997254  -0.0102288444   0.0005065004
        0.0023224417  -0.0014276125  -0.0001862923  -0.0000305295  -0.0002202606
       -0.0654982028  -0.0089401341   0.0703542490  -0.1484242751   0.1127509971
        0.0388567612  -0.0864032018  -0.0907618676   0.0114431207  -0.0145861606
       -0.0044760746  -0.0104608404   0.0040872311   0.0001143172   0.0009382280
        0.0007717887  -0.0008218668   0.0003608038  -0.0000364146   0.0000976458
        0.0019808521   0.0000095542  -0.0000443686  -0.0001653388   0.0000426378
        0.0000021381  -0.0000522350   0.0000237207   0.0000465816   0.0000738651
       -0.0044622350   0.5227632548  -0.0025687051  -0.0085946570  -0.0658560666
       -0.0031953247   0.0183458112  -0.0001478607   0.0111786834   0.0010409603
       -0.0022741325   0.0004192175   0.0000821221   0.0000252012   0.0004241614
       -0.0090730970  -0.0495695379   0.0280168228   0.1131364335  -0.1650275120
       -0.0390241952  -0.0913074531  -0.2381785878   0.0207580676  -0.0226295985
       -0.0042506281  -0.0165373861   0.0024686615   0.0014829940   0.0025591610
        0.0008389987   0.0005590596   0.0000571503  -0.0000059350  -0.0000567538
       -0.0019872767   0.0001688418   0.0001645703  -0.0000999802   0.0000410670
        0.0001074525  -0.0000560089  -0.0000499206   0.0002585470   0.0000556127
       -0.0352952295  -0.0025687051   0.4954138200  -0.0612434006  -0.0068632498
       -0.1138441488  -0.0006571429   0.0030358877   0.0044542416   0.0012740008
       -0.0007248392  -0.0006153532   0.0001195368  -0.0000618066  -0.0000386268
        0.0703538276   0.0280475069  -0.2573985203   0.0390670266  -0.0389836146
       -0.0566719608   0.0112968514   0.0210472687  -0.0467706959  -0.0011096092
       -0.0010704493   0.0006663091  -0.0243355317  -0.0017999097  -0.0251533968
        0.0004383761  -0.0001365635   0.0003900884   0.0000831097  -0.0000422804
       -0.0004606821  -0.0000688246   0.0000264371   0.0000947991   0.0000379532
        0.0000773865  -0.0000538495   0.0000390563   0.0000169314  -0.0000120241
       -0.1398450025  -0.0085946570  -0.0612434006   0.4611971017   0.0262829565
       -0.0296149921  -0.1233481447   0.0688220366   0.0227874226  -0.0271396517
        0.0207539688   0.0091598810   0.0008634831   0.0000179733  -0.0013660414
        0.0049820841   0.0007151206   0.0008935339  -0.0208214538   0.0006798392
       -0.0139905328  -0.0144459170  -0.0050791564  -0.0099846091  -0.0809353713
       -0.0876172447   0.0113396057  -0.0610817279  -0.0107156519   0.0683096407
        0.0046969819  -0.0050235233  -0.0011262743  -0.0021752175  -0.0005531468
        0.0043395573  -0.0016700845   0.0000684068   0.0004952070  -0.0000983032
        0.0002651341  -0.0001618906  -0.0001787767  -0.0000220556   0.0001628928
       -0.0134967706  -0.0658560666  -0.0068632498   0.0262829565   0.5263161936
       -0.0106967620   0.0689510312  -0.1518568502  -0.0221521903   0.0071344508
        0.0032845355  -0.0027157860   0.0002004353  -0.0001446981   0.0000196364
        0.0031041436   0.0007310863   0.0026536737   0.0177069484   0.0006528984
        0.0125934857  -0.0228642748  -0.0044498664  -0.0169416034  -0.0870901305
       -0.2349755327   0.0205696025  -0.0123781888  -0.0485772931   0.0273739555
        0.0161866395  -0.0263809037  -0.0055986578  -0.0015422244   0.0014652335
        0.0009092829  -0.0018801385  -0.0000656779   0.0007390318  -0.0001999511
       -0.0000863048   0.0000487749  -0.0001149265  -0.0000567538   0.0000608059
       -0.0661575187  -0.0031953247  -0.1138441488  -0.0296149921  -0.0106967620
        0.4804694817   0.0248509422  -0.0234540548  -0.0668821738   0.0089133173
       -0.0070851092  -0.0027221448  -0.0011951017  -0.0000084667  -0.0029196586
       -0.0235588551  -0.0015622332  -0.0232390003   0.0016546352   0.0006932393
        0.0026206193  -0.0006412076  -0.0019653761   0.0007450493   0.0109014694
        0.0208335452  -0.0474552282   0.0708820332   0.0248185849  -0.2389955749
       -0.0015910220   0.0017449807   0.0015060125   0.0051212226   0.0002499899
        0.0112265136   0.0003581208  -0.0000241610  -0.0004060646   0.0003289164
        0.0001210139  -0.0000617060  -0.0002519599  -0.0004698663  -0.0000419766
       -0.0284106131   0.0183458112  -0.0006571429  -0.1233481447   0.0689510312
        0.0248509422   0.7708060169   0.0427603710  -0.2097475154  -0.4955679907
       -0.0455860339   0.1542035653  -0.0195682889  -0.0120986591   0.0068155115
        0.0011142199   0.0000590315   0.0009625954  -0.0048255356   0.0007490454
       -0.0032038175   0.0003014953   0.0005962070   0.0004886774   0.0081994492
       -0.0059478577  -0.0027607439  -0.0135042981   0.0108047070   0.0086571671
       -0.0721889780  -0.0819830967   0.0129853298  -0.0247128941   0.0025401569
        0.0079824907   0.0005732555   0.0016390359  -0.0001989466   0.0005043790
       -0.0002915803  -0.0011411678   0.0006279272  -0.0005381695   0.0007630547
        0.0076997254  -0.0001478607   0.0030358877   0.0688220366  -0.1518568502
       -0.0234540548   0.0427603710   0.5319175995  -0.0186704466  -0.0514897306
       -0.0857818480   0.0181112710  -0.0268885361  -0.0052460216   0.0086249347
       -0.0002130141   0.0001313667  -0.0001243835  -0.0006903477   0.0005002387
       -0.0003571330  -0.0015416963   0.0008998108  -0.0003165912   0.0169225394
       -0.0275528811  -0.0053210396   0.0027036437   0.0007639328  -0.0021927941
       -0.0790530392  -0.2568024218   0.0275517504   0.0255396324  -0.0013459809
       -0.0083745778   0.0000280678   0.0010520156  -0.0000624042  -0.0022113833
       -0.0033218904   0.0009407145  -0.0023882689  -0.0032092094   0.0006088666
       -0.0102288444   0.0111786834   0.0044542416   0.0227874226  -0.0221521903
       -0.0668821738  -0.2097475154  -0.0186704466   0.1957432337   0.1540978648
        0.0157271484  -0.0808349276   0.0068134760   0.0041877033  -0.0020089845
       -0.0007057546   0.0006393188   0.0005288656  -0.0036942549   0.0003822626
       -0.0017399783   0.0005548306   0.0004851509   0.0003836088  -0.0020138331
        0.0017225076   0.0013996497   0.0219456161  -0.0210024254  -0.0085627307
        0.0134749191   0.0285982847  -0.0381245180   0.0073778764  -0.0008054926
       -0.0036156934  -0.0001386908  -0.0006163979  -0.0000768572   0.0007207121
        0.0013151554  -0.0003373866  -0.0012438244  -0.0009892623  -0.0003263493
        0.0005065004   0.0010409603   0.0012740008  -0.0271396517   0.0071344508
        0.0089133173  -0.4955679907  -0.0514897306   0.1540978648   0.7739129850
        0.0241606429  -0.2141779537  -0.1010542987  -0.0624007748   0.0145647459
       -0.0000085284   0.0001076808  -0.0000752930  -0.0001291316  -0.0001103601
       -0.0005275639  -0.0000129426  -0.0000041035   0.0001222036   0.0007786130
       -0.0016757147  -0.0004113234  -0.0001081179   0.0009116109  -0.0005370626
       -0.0175058254  -0.0060480532   0.0057246963  -0.1138869014   0.1116978721
        0.0242982921   0.0099454520   0.0140606162  -0.0033908434  -0.0100760421
       -0.0125725632   0.0071735942  -0.0196541199  -0.0248125339   0.0029513250
        0.0023224417  -0.0022741325  -0.0007248392   0.0207539688   0.0032845355
       -0.0070851092  -0.0455860339  -0.0857818480   0.0157271484   0.0241606429
        0.5306573073  -0.0131110710  -0.0622440563  -0.1863038558   0.0224801198
       -0.0001003833   0.0000916527   0.0000121500   0.0009913990  -0.0000027983
        0.0006229257  -0.0001465454  -0.0002944866  -0.0000161937  -0.0000477828
        0.0003811019  -0.0001102233   0.0029537850  -0.0026242714  -0.0014829749
       -0.0292361730  -0.0087752656   0.0097787972   0.1091857190  -0.2114609115
       -0.0335535986  -0.0085739551  -0.0279943175   0.0031803399  -0.0058173703
       -0.0036734537   0.0048009780  -0.0086156564  -0.0052292563  -0.0005184491
       -0.0014276125   0.0004192175  -0.0006153532   0.0091598810  -0.0027157860
       -0.0027221448   0.1542035653   0.0181112710  -0.0808349276  -0.2141779537
       -0.0131110710   0.1953715395   0.0142318041   0.0219421051  -0.0647317958
        0.0000427249  -0.0000513287   0.0000709625  -0.0002366233   0.0001725797
        0.0001210890  -0.0000249816  -0.0000087199  -0.0000667300  -0.0003354067
        0.0005765181   0.0000168057   0.0010901927  -0.0012052430  -0.0006098450
        0.0056597830   0.0020737520  -0.0031851110   0.0245561974  -0.0342338664
       -0.0419082462  -0.0024482264  -0.0033653177   0.0012616781   0.0171721423
        0.0256226336  -0.0066510422  -0.0074654865  -0.0142267444   0.0044831209
       -0.0001862923   0.0000821221   0.0001195368   0.0008634831   0.0002004353
       -0.0011951017  -0.0195682889  -0.0268885361   0.0068134760  -0.1010542987
       -0.0622440563   0.0142318041   0.4983708615  -0.0309380517  -0.0040892783
       -0.0000010566  -0.0000248488   0.0000398854  -0.0000999161   0.0000101903
       -0.0000290380   0.0000895056   0.0001275963  -0.0000623795  -0.0020390835
       -0.0007088670   0.0005762498  -0.0001770630  -0.0003372688  -0.0000901802
       -0.0024178175  -0.0006780327   0.0050703497   0.0059949102   0.0117409684
       -0.0013890246  -0.1268070527   0.1148283599   0.0200289444  -0.0662706377
        0.0028259745   0.0733630400  -0.1866972534  -0.0079959854  -0.1133882838
       -0.0000305295   0.0000252012  -0.0000618066   0.0000179733  -0.0001446981
       -0.0000084667  -0.0120986591  -0.0052460216   0.0041877033  -0.0624007748
       -0.1863038558   0.0219421051  -0.0309380517   0.4987332182   0.0088929357
       -0.0000618719   0.0000544675   0.0000230933  -0.0000014608  -0.0000015317
       -0.0000423178   0.0000898294   0.0000124533   0.0000057195   0.0012978037
        0.0004253455  -0.0005144017   0.0000770147   0.0000820720  -0.0000264713
        0.0001972828   0.0016355035   0.0000846452  -0.0099740287  -0.0270609331
        0.0036003813   0.1139238547  -0.1982629440  -0.0278321899   0.0044456762
       -0.0418275331  -0.0026689182  -0.0045440582  -0.0421207438  -0.0075820112
       -0.0002202606   0.0004241614  -0.0000386268  -0.0013660414   0.0000196364
       -0.0029196586   0.0068155115   0.0086249347  -0.0020089845   0.0145647459
        0.0224801198  -0.0647317958  -0.0040892783   0.0088929357   0.4867453934
        0.0000629713   0.0000376789   0.0000971421  -0.0000819123  -0.0000751694
       -0.0000199698  -0.0000005732  -0.0000571283   0.0000972465   0.0005550795
        0.0002464198  -0.0004758049   0.0002553947  -0.0000889645  -0.0000548672
        0.0050123871   0.0002992405   0.0110817631  -0.0012806498  -0.0032682503
        0.0017992906   0.0201129430  -0.0283025901  -0.0497789488   0.0751811920
        0.0005477929  -0.2509367395  -0.1155215094  -0.0097808176  -0.1288554399
       -0.0654982028  -0.0090730970   0.0703538276   0.0049820841   0.0031041436
       -0.0235588551   0.0011142199  -0.0002130141  -0.0007057546  -0.0000085284
       -0.0001003833   0.0000427249  -0.0000010566  -0.0000618719   0.0000629713
        0.0754821624   0.0108231685  -0.0783766449  -0.0085536909  -0.0011162648
        0.0223739658  -0.0049543991  -0.0034598852   0.0142588977   0.0008124312
        0.0003677302  -0.0000912244  -0.0034109762  -0.0001020249  -0.0043991278
       -0.0000316703  -0.0000631545   0.0000316297   0.0000865396  -0.0000228091
        0.0000027310  -0.0000136758  -0.0000681479  -0.0001019572  -0.0000928566
       -0.0000065836   0.0000691685   0.0000876195  -0.0000078061   0.0000376474
       -0.0089401341  -0.0495695379   0.0280475069   0.0007151206   0.0007310863
       -0.0015622332   0.0000590315   0.0001313667   0.0006393188   0.0001076808
        0.0000916527  -0.0000513287  -0.0000248488   0.0000544675   0.0000376789
        0.0108231685   0.0526823933  -0.0325432652   0.0092914533   0.0018253639
       -0.0228839082  -0.0116796890  -0.0066751275   0.0295723196   0.0001138434
        0.0001782891  -0.0007257358  -0.0002808401   0.0008262243  -0.0004707659
       -0.0001266697  -0.0001309932   0.0000565431  -0.0000165581  -0.0000510839
       -0.0000638730  -0.0000423082  -0.0000409125  -0.0000529539   0.0000025333
        0.0000123004   0.0000034388  -0.0000017836  -0.0000654891  -0.0000027422
        0.0703542490   0.0280168228  -0.2573985203   0.0008935339   0.0026536737
       -0.0232390003   0.0009625954  -0.0001243835   0.0005288656  -0.0000752930
        0.0000121500   0.0000709625   0.0000398854   0.0000230933   0.0000971421
       -0.0783766449  -0.0325432652   0.2995335046   0.0060453643  -0.0002934740
       -0.0109027996   0.0037717397   0.0029615928  -0.0062154677   0.0006354893
       -0.0000245026   0.0005528084  -0.0043053560  -0.0004405961  -0.0028068207
        0.0000692981  -0.0000211397  -0.0000625359   0.0000286843  -0.0000088022
       -0.0001495866  -0.0000908893  -0.0001399516  -0.0001209071  -0.0000814422
       -0.0000328092   0.0001088583   0.0001287858  -0.0000384085   0.0000034967
       -0.1484242751   0.1131364335   0.0390670266  -0.0208214538   0.0177069484
        0.0016546352  -0.0048255356  -0.0006903477  -0.0036942549  -0.0001291316
        0.0009913990  -0.0002366233  -0.0000999161  -0.0000014608  -0.0000819123
       -0.0085536909   0.0092914533   0.0060453643   0.1734662053  -0.1318999913
       -0.0418763317   0.0083253294  -0.0083597331  -0.0025178337   0.0002067809
        0.0002178643   0.0004631637   0.0008648379  -0.0000261859   0.0004411307
        0.0000258435  -0.0002345658   0.0000490105  -0.0000021208  -0.0000320640
        0.0007082727  -0.0000742461   0.0000145967  -0.0000167678   0.0000320574
       -0.0000499405   0.0000172705   0.0000093158  -0.0000644061  -0.0000221507
        0.1127509971  -0.1650275120  -0.0389836146   0.0006798392   0.0006528984
        0.0006932393   0.0007490454   0.0005002387   0.0003822626  -0.0001103601
       -0.0000027983   0.0001725797   0.0000101903  -0.0000015317  -0.0000751694
       -0.0011162648   0.0018253639  -0.0002934740  -0.1318999913   0.1883203325
        0.0459936168   0.0196009178  -0.0273268839  -0.0079486912  -0.0004173366
        0.0006071256  -0.0000696032  -0.0000802481  -0.0000413048   0.0001830260
       -0.0001698489   0.0003631030  -0.0000232001  -0.0000495893   0.0000247633
       -0.0000249954   0.0000317260   0.0000462678  -0.0000073488   0.0000056034
        0.0000328806  -0.0000203688   0.0000153199   0.0000270568   0.0000217411
        0.0388567612  -0.0390241952  -0.0566719608  -0.0139905328   0.0125934857
        0.0026206193  -0.0032038175  -0.0003571330  -0.0017399783  -0.0005275639
        0.0006229257   0.0001210890  -0.0000290380  -0.0000423178  -0.0000199698
        0.0223739658  -0.0228839082  -0.0109027996  -0.0418763317   0.0459936168
        0.0639830685  -0.0017008210   0.0023801914   0.0012978976   0.0003676105
        0.0002330717   0.0003062098  -0.0002468789   0.0004511577   0.0005997910
        0.0000499424   0.0000116393  -0.0000183601  -0.0000778270   0.0000329834
        0.0004236249   0.0000119620   0.0000011999  -0.0000288470  -0.0000366190
       -0.0000231209   0.0000158873   0.0000291879   0.0000104034   0.0000137281
       -0.0864032018  -0.0913074531   0.0112968514  -0.0144459170  -0.0228642748
       -0.0006412076   0.0003014953  -0.0015416963   0.0005548306  -0.0000129426
       -0.0001465454  -0.0000249816   0.0000895056   0.0000898294  -0.0000005732
       -0.0049543991  -0.0116796890   0.0037717397   0.0083253294   0.0196009178
       -0.0017008210   0.1006479252   0.1072922043  -0.0097459893  -0.0042028791
       -0.0007568102  -0.0037987360   0.0007946873   0.0001341091   0.0006211634
       -0.0002919126   0.0007628253  -0.0002113387   0.0000347221   0.0000729654
       -0.0000731774   0.0000551441   0.0001709861  -0.0000382930   0.0000291305
        0.0000713545  -0.0000123011   0.0000333127   0.0001012768   0.0000028338
       -0.0907618676  -0.2381785878   0.0210472687  -0.0050791564  -0.0044498664
       -0.0019653761   0.0005962070   0.0008998108   0.0004851509  -0.0000041035
       -0.0002944866  -0.0000087199   0.0001275963   0.0000124533  -0.0000571283
       -0.0034598852  -0.0066751275   0.0029615928  -0.0083597331  -0.0273268839
        0.0023801914   0.1072922043   0.2743106139  -0.0237577787  -0.0007520910
        0.0008271079  -0.0010871029   0.0003426952   0.0002282943  -0.0000556303
       -0.0000317062   0.0004086493   0.0000981641   0.0000289212   0.0000854603
       -0.0000324018   0.0000471429   0.0000745248   0.0000031364   0.0000227053
        0.0000289021   0.0000048725  -0.0000089291   0.0000491356  -0.0000162388
        0.0114431207   0.0207580676  -0.0467706959  -0.0099846091  -0.0169416034
        0.0007450493   0.0004886774  -0.0003165912   0.0003836088   0.0001222036
       -0.0000161937  -0.0000667300  -0.0000623795   0.0000057195   0.0000972465
        0.0142588977   0.0295723196  -0.0062154677  -0.0025178337  -0.0079486912
        0.0012978976  -0.0097459893  -0.0237577787   0.0519699053  -0.0038302719
       -0.0008334756  -0.0018930690  -0.0001167342  -0.0007504599   0.0005560576
       -0.0000813089   0.0001527141   0.0000413606   0.0000257633  -0.0000114522
       -0.0000870186   0.0000049098   0.0000453288  -0.0000816764  -0.0000189099
        0.0000292631   0.0000062644   0.0000144639   0.0000128333   0.0000172677
       -0.0145861606  -0.0226295985  -0.0011096092  -0.0809353713  -0.0870901305
        0.0109014694   0.0081994492   0.0169225394  -0.0020138331   0.0007786130
       -0.0000477828  -0.0003354067  -0.0020390835   0.0012978037   0.0005550795
        0.0008124312   0.0001138434   0.0006354893   0.0002067809  -0.0004173366
        0.0003676105  -0.0042028791  -0.0007520910  -0.0038302719   0.1005983281
        0.1020903240  -0.0109823470  -0.0047666984  -0.0115097511   0.0036814490
       -0.0020704563   0.0035962378   0.0010586343   0.0000965189  -0.0002735587
       -0.0000788256  -0.0023434283  -0.0009662991   0.0012972920   0.0002491512
       -0.0001954559   0.0000153071   0.0000028050  -0.0001387440  -0.0001620375
       -0.0044760746  -0.0042506281  -0.0010704493  -0.0876172447  -0.2349755327
        0.0208335452  -0.0059478577  -0.0275528811   0.0017225076  -0.0016757147
        0.0003811019   0.0005765181  -0.0007088670   0.0004253455   0.0002464198
        0.0003677302   0.0001782891  -0.0000245026   0.0002178643   0.0006071256
        0.0002330717  -0.0007568102   0.0008271079  -0.0008334756   0.1020903240
        0.2727326998  -0.0238611122  -0.0044796720  -0.0069680653   0.0034126346
        0.0032950855  -0.0036007243  -0.0012937008  -0.0004190551   0.0003364634
        0.0001370773   0.0001129560   0.0015825172  -0.0001212667  -0.0000227571
        0.0001481332   0.0000858135   0.0000200932   0.0001290480  -0.0000430806
       -0.0104608404  -0.0165373861   0.0006663091   0.0113396057   0.0205696025
       -0.0474552282  -0.0027607439  -0.0053210396   0.0013996497  -0.0004113234
       -0.0001102233   0.0000168057   0.0005762498  -0.0005144017  -0.0004758049
       -0.0000912244  -0.0007257358   0.0005528084   0.0004631637  -0.0000696032
        0.0003062098  -0.0037987360  -0.0010871029  -0.0018930690  -0.0109823470
       -0.0238611122   0.0520611538   0.0143135955   0.0282326923  -0.0065078420
        0.0007996735  -0.0012558802   0.0010482756  -0.0000253043   0.0001211877
        0.0000284868   0.0012628477   0.0004197611   0.0003977928   0.0000782961
        0.0000329729  -0.0001547946  -0.0003029127   0.0001062687   0.0000092471
        0.0040872311   0.0024686615  -0.0243355317  -0.0610817279  -0.0123781888
        0.0708820332  -0.0135042981   0.0027036437   0.0219456161  -0.0001081179
        0.0029537850   0.0010901927  -0.0001770630   0.0000770147   0.0002553947
       -0.0034109762  -0.0002808401  -0.0043053560   0.0008648379  -0.0000802481
       -0.0002468789   0.0007946873   0.0003426952  -0.0001167342  -0.0047666984
       -0.0044796720   0.0143135955   0.0777308809   0.0090902579  -0.0777048147
        0.0004674789  -0.0005087295  -0.0003123879  -0.0011906599   0.0000282697
       -0.0014499980   0.0002563915   0.0000406198   0.0000921946  -0.0000097210
        0.0000991800  -0.0000885860   0.0000477546  -0.0000764490  -0.0000187395
        0.0001143172   0.0014829940  -0.0017999097  -0.0107156519  -0.0485772931
        0.0248185849   0.0108047070   0.0007639328  -0.0210024254   0.0009116109
       -0.0026242714  -0.0012052430  -0.0003372688   0.0000820720  -0.0000889645
       -0.0001020249   0.0008262243  -0.0004405961  -0.0000261859  -0.0000413048
        0.0004511577   0.0001341091   0.0002282943  -0.0007504599  -0.0115097511
       -0.0069680653   0.0282326923   0.0090902579   0.0539046888  -0.0294293337
        0.0002640663   0.0005030259  -0.0002607468   0.0011888209  -0.0000205564
        0.0015133337   0.0002554071   0.0001824043  -0.0000535104  -0.0001352010
        0.0001562412   0.0000110676   0.0000627873   0.0001016135   0.0000043532
        0.0009382280   0.0025591610  -0.0251533968   0.0683096407   0.0273739555
       -0.2389955749   0.0086571671  -0.0021927941  -0.0085627307  -0.0005370626
       -0.0014829749  -0.0006098450  -0.0000901802  -0.0000264713  -0.0000548672
       -0.0043991278  -0.0004707659  -0.0028068207   0.0004411307   0.0001830260
        0.0005997910   0.0006211634  -0.0000556303   0.0005560576   0.0036814490
        0.0034126346  -0.0065078420  -0.0777048147  -0.0294293337   0.2804489065
       -0.0002007136   0.0001261090   0.0004724873   0.0004031860   0.0000286651
        0.0006479034  -0.0000224816  -0.0000234802  -0.0001658281  -0.0000967452
       -0.0000256982   0.0000888420  -0.0000008392   0.0000235974   0.0000429176
        0.0007717887   0.0008389987   0.0004383761   0.0046969819   0.0161866395
       -0.0015910220  -0.0721889780  -0.0790530392   0.0134749191  -0.0175058254
       -0.0292361730   0.0056597830  -0.0024178175   0.0001972828   0.0050123871
       -0.0000316703  -0.0001266697   0.0000692981   0.0000258435  -0.0001698489
        0.0000499424  -0.0002919126  -0.0000317062  -0.0000813089  -0.0020704563
        0.0032950855   0.0007996735   0.0004674789   0.0002640663  -0.0002007136
        0.0895409825   0.0900172844  -0.0222454943  -0.0001564469  -0.0013314622
       -0.0018133468  -0.0000428715   0.0003787083   0.0000161353  -0.0008962879
       -0.0013518022   0.0002462023   0.0000991909   0.0001226358   0.0001651686
       -0.0008218668   0.0005590596  -0.0001365635  -0.0050235233  -0.0263809037
        0.0017449807  -0.0819830967  -0.2568024218   0.0285982847  -0.0060480532
       -0.0087752656   0.0020737520  -0.0006780327   0.0016355035   0.0002992405
       -0.0000631545  -0.0001309932  -0.0000211397  -0.0002345658   0.0003631030
        0.0000116393   0.0007628253   0.0004086493   0.0001527141   0.0035962378
       -0.0036007243  -0.0012558802  -0.0005087295   0.0005030259   0.0001261090
        0.0900172844   0.2904188340  -0.0311955182   0.0009924494   0.0016643635
       -0.0003951557   0.0002319227   0.0004809896  -0.0000998885  -0.0001624747
       -0.0001991276  -0.0000199075  -0.0000772224  -0.0001440923   0.0001173331
        0.0003608038   0.0000571503   0.0003900884  -0.0011262743  -0.0055986578
        0.0015060125   0.0129853298   0.0275517504  -0.0381245180   0.0057246963
        0.0097787972  -0.0031851110   0.0050703497   0.0000846452   0.0110817631
        0.0000316297   0.0000565431  -0.0000625359   0.0000490105  -0.0000232001
       -0.0000183601  -0.0002113387   0.0000981641   0.0000413606   0.0010586343
       -0.0012937008   0.0010482756  -0.0003123879  -0.0002607468   0.0004724873
       -0.0222454943  -0.0311955182   0.0316060970  -0.0018426160   0.0003534993
       -0.0050456671  -0.0000382719  -0.0001754970   0.0000559826  -0.0010864608
       -0.0018572600   0.0006190770   0.0015823899   0.0024240309  -0.0003849520
       -0.0000364146  -0.0000059350   0.0000831097  -0.0021752175  -0.0015422244
        0.0051212226  -0.0247128941   0.0255396324   0.0073778764  -0.1138869014
        0.1091857190   0.0245561974   0.0059949102  -0.0099740287  -0.0012806498
        0.0000865396  -0.0000165581   0.0000286843  -0.0000021208  -0.0000495893
       -0.0000778270   0.0000347221   0.0000289212   0.0000257633   0.0000965189
       -0.0004190551  -0.0000253043  -0.0011906599   0.0011888209   0.0004031860
       -0.0001564469   0.0009924494  -0.0018426160   0.1355800558  -0.1215717238
       -0.0350222735  -0.0005025905  -0.0029500134   0.0007096438   0.0003688810
       -0.0002723156  -0.0001795101   0.0005016183  -0.0001340996   0.0001224972
        0.0000976458  -0.0000567538  -0.0000422804  -0.0005531468   0.0014652335
        0.0002499899   0.0025401569  -0.0013459809  -0.0008054926   0.1116978721
       -0.2114609115  -0.0342338664   0.0117409684  -0.0270609331  -0.0032682503
       -0.0000228091  -0.0000510839  -0.0000088022  -0.0000320640   0.0000247633
        0.0000329834   0.0000729654   0.0000854603  -0.0000114522  -0.0002735587
        0.0003364634   0.0001211877   0.0000282697  -0.0000205564   0.0000286651
       -0.0013314622   0.0016643635   0.0003534993  -0.1215717238   0.2405463109
        0.0368183866  -0.0032700949  -0.0050233468   0.0010578661   0.0004752082
        0.0005086704  -0.0001309156   0.0004017731   0.0003883010  -0.0001615184
        0.0019808521  -0.0019872767  -0.0004606821   0.0043395573   0.0009092829
        0.0112265136   0.0079824907  -0.0083745778  -0.0036156934   0.0242982921
       -0.0335535986  -0.0419082462  -0.0013890246   0.0036003813   0.0017992906
        0.0000027310  -0.0000638730  -0.0001495866   0.0007082727  -0.0000249954
        0.0004236249  -0.0000731774  -0.0000324018  -0.0000870186  -0.0000788256
        0.0001370773   0.0000284868  -0.0014499980   0.0015133337   0.0006479034
       -0.0018133468  -0.0003951557  -0.0050456671  -0.0350222735   0.0368183866
        0.0350712083   0.0006785752   0.0011431100   0.0013494918  -0.0002901092
        0.0001431459   0.0005105464   0.0001259840   0.0001671612   0.0002098283
        0.0000095542   0.0001688418  -0.0000688246  -0.0016700845  -0.0018801385
        0.0003581208   0.0005732555   0.0000280678  -0.0001386908   0.0099454520
       -0.0085739551  -0.0024482264  -0.1268070527   0.1139238547   0.0201129430
       -0.0000136758  -0.0000423082  -0.0000908893  -0.0000742461   0.0000317260
        0.0000119620   0.0000551441   0.0000471429   0.0000049098  -0.0023434283
        0.0001129560   0.0012628477   0.0002563915   0.0002554071  -0.0000224816
       -0.0000428715   0.0002319227  -0.0000382719  -0.0005025905  -0.0032700949
        0.0006785752   0.1478494826  -0.1327172112  -0.0254799575  -0.0079164024
        0.0099585609   0.0036904193  -0.0193189280   0.0217252283   0.0021675643
       -0.0000443686   0.0001645703   0.0000264371   0.0000684068  -0.0000656779
       -0.0000241610   0.0016390359   0.0010520156  -0.0006163979   0.0140606162
       -0.0279943175  -0.0033653177   0.1148283599  -0.1982629440  -0.0283025901
       -0.0000681479  -0.0000409125  -0.0001399516   0.0000145967   0.0000462678
        0.0000011999   0.0001709861   0.0000745248   0.0000453288  -0.0009662991
        0.0015825172   0.0004197611   0.0000406198   0.0001824043  -0.0000234802
        0.0003787083   0.0004809896  -0.0001754970  -0.0029500134  -0.0050233468
        0.0011431100  -0.1327172112   0.2302594399   0.0326538479   0.0030145972
       -0.0019628475  -0.0021336057   0.0025301133  -0.0004926833   0.0004913163
       -0.0001653388  -0.0000999802   0.0000947991   0.0004952070   0.0007390318
       -0.0004060646  -0.0001989466  -0.0000624042  -0.0000768572  -0.0033908434
        0.0031803399   0.0012616781   0.0200289444  -0.0278321899  -0.0497789488
       -0.0001019572  -0.0000529539  -0.0001209071  -0.0000167678  -0.0000073488
       -0.0000288470  -0.0000382930   0.0000031364  -0.0000816764   0.0012972920
       -0.0001212667   0.0003977928   0.0000921946  -0.0000535104  -0.0001658281
        0.0000161353  -0.0000998885   0.0000559826   0.0007096438   0.0010578661
        0.0013494918  -0.0254799575   0.0326538479   0.0525568699   0.0205639258
       -0.0249164073  -0.0074656663  -0.0138112386   0.0156117278   0.0024081814
        0.0000426378   0.0000410670   0.0000379532  -0.0000983032  -0.0001999511
        0.0003289164   0.0005043790  -0.0022113833   0.0007207121  -0.0100760421
       -0.0058173703   0.0171721423  -0.0662706377   0.0044456762   0.0751811920
       -0.0000928566   0.0000025333  -0.0000814422   0.0000320574   0.0000056034
       -0.0000366190   0.0000291305   0.0000227053  -0.0000189099   0.0002491512
       -0.0000227571   0.0000782961  -0.0000097210  -0.0001352010  -0.0000967452
       -0.0008962879  -0.0001624747  -0.0010864608   0.0003688810   0.0004752082
       -0.0002901092  -0.0079164024   0.0030145972   0.0205639258   0.0774347353
        0.0008539328  -0.0870076024   0.0066992787  -0.0003121860  -0.0254652494
        0.0000021381   0.0001074525   0.0000773865   0.0002651341  -0.0000863048
        0.0001210139  -0.0002915803  -0.0033218904   0.0013151554  -0.0125725632
       -0.0036734537   0.0256226336   0.0028259745  -0.0418275331   0.0005477929
       -0.0000065836   0.0000123004  -0.0000328092  -0.0000499405   0.0000328806
       -0.0000231209   0.0000713545   0.0000289021   0.0000292631  -0.0001954559
        0.0001481332   0.0000329729   0.0000991800   0.0001562412  -0.0000256982
       -0.0013518022  -0.0001991276  -0.0018572600  -0.0002723156   0.0005086704
        0.0001431459   0.0099585609  -0.0019628475  -0.0249164073   0.0008539328
        0.0487291276   0.0001827249   0.0006639664   0.0013474490  -0.0012167936
       -0.0000522350  -0.0000560089  -0.0000538495  -0.0001618906   0.0000487749
       -0.0000617060  -0.0011411678   0.0009407145  -0.0003373866   0.0071735942
        0.0048009780  -0.0066510422   0.0733630400  -0.0026689182  -0.2509367395
        0.0000691685   0.0000034388   0.0001088583   0.0000172705  -0.0000203688
        0.0000158873  -0.0000123011   0.0000048725   0.0000062644   0.0000153071
        0.0000858135  -0.0001547946  -0.0000885860   0.0000110676   0.0000888420
        0.0002462023  -0.0000199075   0.0006190770  -0.0001795101  -0.0001309156
        0.0005105464   0.0036904193  -0.0021336057  -0.0074656663  -0.0870076024
        0.0001827249   0.2909358593   0.0040682911  -0.0010486600  -0.0266241498
        0.0000237207  -0.0000499206   0.0000390563  -0.0001787767  -0.0001149265
       -0.0002519599   0.0006279272  -0.0023882689  -0.0012438244  -0.0196541199
       -0.0086156564  -0.0074654865  -0.1866972534  -0.0045440582  -0.1155215094
        0.0000876195  -0.0000017836   0.0001287858   0.0000093158   0.0000153199
        0.0000291879   0.0000333127  -0.0000089291   0.0000144639   0.0000028050
        0.0000200932  -0.0003029127   0.0000477546   0.0000627873  -0.0000008392
        0.0000991909  -0.0000772224   0.0015823899   0.0005016183   0.0004017731
        0.0001259840  -0.0193189280   0.0025301133  -0.0138112386   0.0066992787
        0.0006639664   0.0040682911   0.2177165346   0.0121067126   0.1326096120
        0.0000465816   0.0002585470   0.0000169314  -0.0000220556  -0.0000567538
       -0.0004698663  -0.0005381695  -0.0032092094  -0.0009892623  -0.0248125339
       -0.0052292563  -0.0142267444  -0.0079959854  -0.0421207438  -0.0097808176
       -0.0000078061  -0.0000654891  -0.0000384085  -0.0000644061   0.0000270568
        0.0000104034   0.0001012768   0.0000491356   0.0000128333  -0.0001387440
        0.0001290480   0.0001062687  -0.0000764490   0.0001016135   0.0000235974
        0.0001226358  -0.0001440923   0.0024240309  -0.0001340996   0.0003883010
        0.0001671612   0.0217252283  -0.0004926833   0.0156117278  -0.0003121860
        0.0013474490  -0.0010486600   0.0121067126   0.0490170773   0.0081808051
        0.0000738651   0.0000556127  -0.0000120241   0.0001628928   0.0000608059
       -0.0000419766   0.0007630547   0.0006088666  -0.0003263493   0.0029513250
       -0.0005184491   0.0044831209  -0.1133882838  -0.0075820112  -0.1288554399
        0.0000376474  -0.0000027422   0.0000034967  -0.0000221507   0.0000217411
        0.0000137281   0.0000028338  -0.0000162388   0.0000172677  -0.0001620375
       -0.0000430806   0.0000092471  -0.0000187395   0.0000043532   0.0000429176
        0.0001651686   0.0001173331  -0.0003849520   0.0001224972  -0.0001615184
        0.0002098283   0.0021675643   0.0004913163   0.0024081814  -0.0254652494
       -0.0012167936  -0.0266241498   0.1326096120   0.0081808051   0.1490571041
