           1           2   1.00372558774472     
           2           3   1.02498991158194     
           3           4   1.92737297703492     
           4           5   1.03781595109673     
           1           6  0.989059882894039     
           1           7  0.987045286855340     
           1           8  0.988141308627609     
           2           9  0.971670098700757     
           2          10  0.965121636956662     
           3          11  0.966635803473247     
           4          12  0.967322708804194     
           5          13  0.980268728811099     
           5          14  0.972202953335459     
           5          15  0.970879995646739     
