$hessian                                                                        
        0.6649587727  -0.0277653704  -0.0145053953  -0.3353258290   0.0089776173
       -0.0616761913  -0.0472428843   0.0101894672   0.0779943828  -0.0401351570
       -0.0015189189  -0.0317555645   0.0528776247  -0.0033148792  -0.0158242559
       -0.1229284363  -0.0014345785  -0.0491558890  -0.0269338759  -0.0019025863
       -0.0276196175   0.0000572067  -0.0013233330  -0.0025909521  -0.0005648577
       -0.0007137891   0.0005575244   0.0005618892  -0.0002813184   0.0000143919
       -0.0013900490  -0.0006987473   0.0006943164  -0.0026305512   0.0028132714
        0.0009573294   0.0007378993   0.0001359060  -0.0001003409  -0.0002666158
       -0.0000907534  -0.0000792422  -0.0001334021   0.0001105800  -0.0001604183
        0.0000130630  -0.0000429102   0.0000108062  -0.0001298039   0.0002055117
        0.0017140930   0.0009296828   0.0002970423   0.0008550205  -0.1261619052
        0.0149698467   0.1216689245  -0.0147016172   0.0003709951  -0.0036404723
       -0.0013492319   0.0006983049   0.0032448954  -0.0002419221   0.0003186420
       -0.0006033452
       -0.0277653704   0.1197561145   0.0544711001   0.0176512424  -0.0452543758
       -0.0021179114   0.0036023651   0.0006304893  -0.0004969973  -0.0012286697
       -0.0037840420   0.0006543932   0.0001148100   0.0019271448  -0.0053893738
       -0.0041530433  -0.0509680912  -0.0216037090  -0.0048626308   0.0015632575
        0.0006218902   0.0020856649  -0.0012421210  -0.0007903228  -0.0007767840
        0.0002488965  -0.0001462892   0.0001990680   0.0001576315   0.0000688631
       -0.0003933394   0.0000204477  -0.0001460551   0.0004901306   0.0000682423
        0.0000412869  -0.0001254078   0.0003796252   0.0001397341   0.0000282215
        0.0000606036   0.0000700900   0.0001560344  -0.0000132597   0.0000474903
       -0.0000089499  -0.0000344241   0.0000347527   0.0001770236  -0.0002416241
       -0.0002407671   0.0007874927   0.0050603160  -0.0008701809   0.0150932364
       -0.0360231890  -0.0231010740  -0.0018422388   0.0006746365  -0.0002526916
        0.0006405338   0.0068645637  -0.0011794966   0.0001306108   0.0001491579
        0.0001852681
       -0.0145053953   0.0544711001   0.6457421306   0.0167026620  -0.0053819011
       -0.0946063598   0.0177931981   0.0022601236   0.0344101882  -0.0314160979
        0.0000736833  -0.0178080933   0.0359794732  -0.0078687306  -0.0643813710
       -0.1159959204  -0.0197520464  -0.2685259548  -0.0163687700   0.0002579195
       -0.0044771279   0.0025800203  -0.0008723836  -0.0019327752  -0.0006437589
        0.0001111028   0.0000261338  -0.0000042254  -0.0001920930  -0.0000613489
       -0.0010195828   0.0000811262   0.0000276266   0.0020785719   0.0013524627
        0.0014942995   0.0005807231  -0.0000950711   0.0000120103   0.0001638212
        0.0001014487   0.0000887544   0.0002748490  -0.0000125226  -0.0000141469
        0.0001925934  -0.0002579679  -0.0001333014   0.0010578663  -0.0000754050
       -0.0003976812   0.0038054985  -0.0011103705  -0.0031150467   0.1215210252
       -0.0225073111  -0.2193083276  -0.0259190730   0.0008717728  -0.0037007132
        0.0030026132  -0.0011318775  -0.0035706046   0.0001399084  -0.0003230591
        0.0002317092
       -0.3353258290   0.0176512424   0.0167026620   0.6581676655  -0.0260444041
        0.0250404851  -0.1463866910   0.0127454900   0.0688876881   0.0507255084
        0.0015878307   0.0394210414  -0.0477464065   0.0043717104   0.0245706136
       -0.0300004393  -0.0071542196  -0.0853646727   0.0027472065  -0.0004606527
       -0.0024920498  -0.0005785579   0.0000797007   0.0008277403   0.0004676871
       -0.0000106450   0.0000723821  -0.0000703208   0.0000288486   0.0000237657
        0.0002328881  -0.0002994672   0.0000140954  -0.0012887453  -0.0005390239
       -0.0008361103  -0.0005724751   0.0001286487  -0.0000823836  -0.0000481688
        0.0000181799   0.0000296773  -0.0000554805   0.0000093792  -0.0000079279
       -0.0000265661   0.0000837395  -0.0000013344  -0.0003209701  -0.0003312280
       -0.0047238255  -0.0377128198   0.0041460417   0.0197209814  -0.0199545247
        0.0014060151   0.0008342625  -0.0916867988  -0.0075480867  -0.1031155524
       -0.0003570084  -0.0000257706   0.0003943945  -0.0002091536   0.0001566711
        0.0000840671
        0.0089776173  -0.0452543758  -0.0053819011  -0.0260444041   0.1177755622
        0.0542063772   0.0191513633  -0.0491868251  -0.0246119976  -0.0039549823
       -0.0007069054  -0.0083670275   0.0044769277  -0.0027338473  -0.0017062555
       -0.0012506089   0.0016698181   0.0046294299  -0.0003699553   0.0063337984
       -0.0010099117  -0.0008355467   0.0001023553  -0.0001645036  -0.0000319837
       -0.0001022443   0.0002996255   0.0001021629  -0.0000528158  -0.0000142566
       -0.0000747018   0.0000926427   0.0004138821   0.0010723113   0.0001889028
        0.0003142758   0.0001496742  -0.0000618808  -0.0001142215   0.0001215900
        0.0000661333   0.0000290975  -0.0000804954   0.0000252171  -0.0000405632
       -0.0000552283   0.0000472922   0.0000094687   0.0000076592   0.0046731578
       -0.0002678565   0.0029240868   0.0021765443  -0.0009574463   0.0033137669
        0.0000970815   0.0000364677  -0.0075391268  -0.0349448867  -0.0172678384
        0.0000300237  -0.0002266842   0.0000781810  -0.0000901500   0.0000219596
       -0.0001130257
       -0.0616761913  -0.0021179114  -0.0946063598   0.0250404851   0.0542063772
        0.6564412884   0.1359349532  -0.0280738642  -0.2488659597  -0.0155967264
       -0.0056212047  -0.0618755329   0.0226002693  -0.0014197941  -0.0080429708
       -0.0286938108   0.0033564049   0.0155895817  -0.0030828876  -0.0010902777
       -0.0044014543   0.0003568981  -0.0002406006  -0.0001166993  -0.0001551500
        0.0000178080   0.0001451525  -0.0000204159  -0.0000161420  -0.0000108500
       -0.0002318543  -0.0003405269   0.0000795865  -0.0007511723   0.0001643023
        0.0000821009   0.0000318189   0.0001930925   0.0001480759  -0.0000191468
        0.0000374035  -0.0000115086   0.0000781123  -0.0000074698  -0.0000033121
        0.0000117315  -0.0000214565   0.0000075928  -0.0016723172  -0.0005175947
       -0.0017683802   0.0075795826  -0.0003206524   0.0028783562   0.0238292967
       -0.0012334991   0.0006698302  -0.1039018023  -0.0171744483  -0.2567695134
        0.0003411130   0.0000855558   0.0005792101  -0.0000027858   0.0001344984
       -0.0001482340
       -0.0472428843   0.0036023651   0.0177931981  -0.1463866910   0.0191513633
        0.1359349532   0.4799690955  -0.0215750460  -0.0163117564  -0.1080128635
       -0.0085915660  -0.1156255382  -0.0292181347  -0.0005900570  -0.0251269743
        0.0061857037   0.0001422944   0.0054273764  -0.0028463958   0.0003087835
        0.0001096201   0.0008822523  -0.0001329030  -0.0002973761  -0.0005006601
        0.0006161722   0.0001398191  -0.0006313161  -0.0000315090  -0.0001026098
       -0.0006228898  -0.0002978231  -0.0001375686   0.0011510264  -0.0002921359
        0.0001715101  -0.0000925939   0.0002401728   0.0001414850   0.0002103440
        0.0002377302   0.0001290847   0.0004357261  -0.0000218475   0.0000292497
        0.0001842544  -0.0002614215  -0.0001396169   0.0001470545   0.0017360901
        0.0181908142  -0.1502032611   0.0058393642  -0.0101801269  -0.0049985881
        0.0006050398  -0.0003486133   0.0061983790  -0.0011533553  -0.0091959205
       -0.0044830512   0.0004826443  -0.0005717293  -0.0001245060  -0.0000143555
       -0.0000292804
        0.0101894672   0.0006304893   0.0022601236   0.0127454900  -0.0491868251
       -0.0280738642  -0.0215750460   0.1051684543   0.0520161503  -0.0031674481
       -0.0487559078  -0.0142922487  -0.0065091131   0.0002848490   0.0026508525
       -0.0000834589  -0.0050161874  -0.0059207141   0.0000736137   0.0001674191
        0.0000097935  -0.0001079125   0.0000341216  -0.0000010805   0.0000416435
        0.0000018380   0.0000065763   0.0000184394  -0.0000056280  -0.0000066346
        0.0000127649  -0.0000229173   0.0000135340  -0.0000328613   0.0000638830
        0.0000223488   0.0001560839   0.0000594965  -0.0000527938   0.0000138698
        0.0000231326   0.0000106084  -0.0000069456   0.0000017702  -0.0000014266
       -0.0000070668   0.0000123900   0.0000039238   0.0005567867   0.0016688708
       -0.0049946385   0.0053759927  -0.0207093512  -0.0001190090   0.0005920502
        0.0077702108  -0.0006719288   0.0012034898   0.0004235547  -0.0022946366
        0.0005341514   0.0073914642  -0.0005605249  -0.0000239908  -0.0000051273
       -0.0000044110
        0.0779943828  -0.0004969973   0.0344101882   0.0688876881  -0.0246119976
       -0.2488659597  -0.0163117564   0.0520161503   0.6033550779  -0.0595635126
       -0.0167387984  -0.2510065113  -0.0804061796   0.0055692813   0.0156192008
        0.0043950883  -0.0060505996  -0.0618734859  -0.0003840391  -0.0001262313
       -0.0006221429   0.0005190222  -0.0002629103   0.0002065620  -0.0000983821
        0.0002625094   0.0000437823  -0.0002502323   0.0000964966  -0.0000036928
       -0.0001410625  -0.0003134696  -0.0000104303   0.0001315658  -0.0006119361
       -0.0001403903  -0.0004648430   0.0000424993  -0.0001424627   0.0001137116
        0.0001320987   0.0000681499   0.0002571439  -0.0000045100   0.0000329184
        0.0000680465  -0.0000318695  -0.0000130097   0.0037059748  -0.0044616343
       -0.0399315398  -0.0123045750   0.0000695106  -0.0267288457  -0.0006698797
       -0.0004376823   0.0010534957   0.0146908696  -0.0035530395  -0.0261099585
       -0.0001109312  -0.0007220328   0.0005193768  -0.0000581001   0.0002351625
        0.0001396777
       -0.0401351570  -0.0012286697  -0.0314160979   0.0507255084  -0.0039549823
       -0.0155967264  -0.1080128635  -0.0031674481  -0.0595635126   0.5771909609
       -0.0161389947   0.0634485546  -0.3157920076   0.0051930807  -0.0657351222
       -0.0463789783   0.0097253860   0.0765438923   0.0018642875   0.0007421549
        0.0025924979  -0.0016503390   0.0007725744   0.0006728117   0.0000578897
        0.0002676555   0.0002369522  -0.0004028512  -0.0000388966  -0.0000779391
        0.0000289995   0.0001052407  -0.0001959854  -0.0005652902   0.0000669594
       -0.0007412477   0.0004812844  -0.0002059842   0.0001452819   0.0000006920
       -0.0000470838   0.0000407401   0.0000944728   0.0000086152  -0.0000018655
        0.0000094761  -0.0000620902  -0.0000983184  -0.0649113678   0.0079879913
        0.0562047472  -0.0350241940  -0.0006979532  -0.0249294642  -0.0004293466
       -0.0001330160  -0.0006106709  -0.0012138675   0.0007332734   0.0027120915
       -0.0158593243   0.0002281258  -0.0035249010  -0.0000779842  -0.0001559384
       -0.0001057181
       -0.0015189189  -0.0037840420   0.0000736833   0.0015878307  -0.0007069054
       -0.0056212047  -0.0085915660  -0.0487559078  -0.0167387984  -0.0161389947
        0.1029526355   0.0365821793   0.0126448122  -0.0450537331  -0.0006629317
        0.0037717080  -0.0001271927  -0.0010905376   0.0009782434   0.0069987062
       -0.0009798763  -0.0012219743   0.0000867722  -0.0000621266  -0.0000006926
        0.0000105713   0.0004363888  -0.0000050489   0.0000248219   0.0000375609
        0.0001539155  -0.0001491133   0.0003528916   0.0010122521   0.0000019269
       -0.0000285363  -0.0002180462  -0.0002007663  -0.0001206561   0.0000517446
        0.0000258078   0.0000059638   0.0000139872   0.0000208006  -0.0000543464
       -0.0001257372   0.0000754939   0.0000245984   0.0077633700  -0.0220134115
       -0.0110952746   0.0008416055   0.0021416344   0.0004981703  -0.0000092415
        0.0002413157   0.0000334986   0.0006560419   0.0072125993  -0.0011930230
       -0.0016310268   0.0009665181  -0.0002495297  -0.0000142640   0.0000314682
       -0.0001480937
       -0.0317555645   0.0006543932  -0.0178080933   0.0394210414  -0.0083670275
       -0.0618755329  -0.1156255382  -0.0142922487  -0.2510065113   0.0634485546
        0.0365821793   0.5097452878  -0.0003254991  -0.0042085834  -0.0871978909
        0.0177451809   0.0029167122   0.0326911803   0.0044587949  -0.0013367753
       -0.0029586585  -0.0000058063   0.0000112223   0.0000425278   0.0004069451
       -0.0007938021   0.0000320246   0.0004858138  -0.0000569814   0.0000686771
        0.0006067917   0.0001311715   0.0000599290  -0.0005997239   0.0001339435
       -0.0001505290  -0.0002959962   0.0003929585   0.0003093061  -0.0001518582
       -0.0001581972  -0.0001533231  -0.0003879391   0.0000346892  -0.0000852596
       -0.0001136855   0.0001508349   0.0000772830   0.0585330741  -0.0112502415
       -0.1094454687  -0.0105829255  -0.0001764706  -0.0054390081  -0.0003751606
       -0.0000965098   0.0002445532   0.0021477363  -0.0011882208  -0.0026667909
       -0.0271596982   0.0010304627  -0.0044085376   0.0001254625  -0.0001135090
       -0.0000751650
        0.0528776247   0.0001148100   0.0359794732  -0.0477464065   0.0044769277
        0.0226002693  -0.0292181347  -0.0065091131  -0.0804061796  -0.3157920076
        0.0126448122  -0.0003254991   0.6432892171  -0.0230163870   0.0152462404
       -0.1535446173   0.0109898716   0.0697446692  -0.0320081593   0.0044181854
        0.0229821900  -0.0016995524  -0.0021789801  -0.0015418508  -0.0014240807
        0.0011015266  -0.0011025025   0.0006955191   0.0003527115   0.0002601656
        0.0000784545   0.0003592868  -0.0004604680   0.0009556474   0.0012476751
        0.0025480895  -0.0020078102  -0.0016593848  -0.0001167880  -0.0000737290
       -0.0000241603  -0.0000046779  -0.0001937588  -0.0000637493   0.0000867942
       -0.0002346186   0.0000671819   0.0000284607  -0.0281251787   0.0027707811
        0.0170537277   0.0020322986   0.0001347876   0.0001065978  -0.0004094895
        0.0001653708  -0.0025540698  -0.0001945243   0.0002076142   0.0005607677
       -0.0872239782  -0.0054348007  -0.1011320949  -0.0000327158  -0.0001649671
        0.0004466857
       -0.0033148792   0.0019271448  -0.0078687306   0.0043717104  -0.0027338473
       -0.0014197941  -0.0005900570   0.0002848490   0.0055692813   0.0051930807
       -0.0450537331  -0.0042085834  -0.0230163870   0.1158633131   0.0497986175
        0.0132128660  -0.0481006422  -0.0222951026   0.0076986512   0.0002528705
       -0.0004966556  -0.0000328689   0.0008392610   0.0002889544   0.0005394397
       -0.0002214530   0.0000636169  -0.0001703334   0.0001501917   0.0000831175
        0.0007782442  -0.0001289124   0.0000863748  -0.0011532628  -0.0016134466
       -0.0017086754  -0.0025202737  -0.0011977373   0.0001147846  -0.0000001076
       -0.0000304914   0.0000340677  -0.0000967853   0.0000325945  -0.0000323645
       -0.0000221092   0.0000783347   0.0000647598   0.0042123439   0.0021230343
       -0.0018728791  -0.0003014526   0.0045903077  -0.0008439973   0.0001232744
        0.0064631040  -0.0011426783   0.0000502111  -0.0002127477   0.0000380003
       -0.0050230378  -0.0333099381  -0.0142376728   0.0000617328  -0.0000020561
       -0.0000144411
       -0.0158242559  -0.0053893738  -0.0643813710   0.0245706136  -0.0017062555
       -0.0080429708  -0.0251269743   0.0026508525   0.0156192008  -0.0657351222
       -0.0006629317  -0.0871978909   0.0152462404   0.0497986175   0.6627643933
        0.1359526269  -0.0260936686  -0.2415152777   0.0112853141  -0.0005754103
        0.0016024656  -0.0024544865   0.0012062485   0.0010363020   0.0006156325
       -0.0002239366   0.0000039526  -0.0000332149   0.0000523545   0.0000274338
        0.0008879205  -0.0000853104  -0.0000327021  -0.0027059394   0.0001621559
       -0.0011556665   0.0002004151  -0.0002580901  -0.0002820692  -0.0002708046
       -0.0002689083  -0.0001446251  -0.0002345218  -0.0000275405  -0.0000209716
       -0.0001640909   0.0001492437   0.0000798178   0.0285042258  -0.0023283769
       -0.0075275547  -0.0026433516  -0.0007221397  -0.0039139137  -0.0023612590
       -0.0012366473  -0.0049028086   0.0005661700  -0.0000774067   0.0004079549
       -0.1002938569  -0.0141285263  -0.2621584483   0.0000187191  -0.0002349500
       -0.0002652507
       -0.1229284363  -0.0041530433  -0.1159959204  -0.0300004393  -0.0012506089
       -0.0286938108   0.0061857037  -0.0000834589   0.0043950883  -0.0463789783
        0.0037717080   0.0177451809  -0.1535446173   0.0132128660   0.1359526269
        0.6152251592  -0.0235172689  -0.0015886549  -0.2162380781   0.0075514294
       -0.0123366605  -0.0292551871   0.0124093536   0.0093801144   0.0020917137
        0.0024202139   0.0016073955  -0.0021574808   0.0001104461  -0.0001217022
        0.0017993030  -0.0019261028  -0.0016663950  -0.0271704051  -0.0093789023
       -0.0135170416  -0.0000165587   0.0000103613   0.0004867992  -0.0001930599
        0.0001600068   0.0002245324   0.0003692844   0.0000021646   0.0000249342
       -0.0002131546   0.0000063252  -0.0002042064  -0.0036488343   0.0005650761
       -0.0002714836  -0.0016651576  -0.0000108441  -0.0001517909   0.0060325808
        0.0005093610   0.0138970544  -0.0055725940   0.0003545692  -0.0006037306
        0.0066082555   0.0000190690  -0.0080663923   0.0006709813  -0.0007827210
       -0.0004959369
       -0.0014345785  -0.0509680912  -0.0197520464  -0.0071542196   0.0016698181
        0.0033564049   0.0001422944  -0.0050161874  -0.0060505996   0.0097253860
       -0.0001271927   0.0029167122   0.0109898716  -0.0481006422  -0.0260936686
       -0.0235172689   0.1513093495   0.0655077804   0.0073234723  -0.0567357518
       -0.0046298499   0.0235629516  -0.0026082089  -0.0000966520   0.0018327263
       -0.0009956913  -0.0043722429   0.0001698803  -0.0001827262  -0.0001942330
       -0.0011323904  -0.0006184501  -0.0041406489  -0.0197495055   0.0003535792
       -0.0018257075  -0.0022874168  -0.0006375814   0.0003671593  -0.0010010714
       -0.0003306236  -0.0002711152  -0.0000281838  -0.0002250752   0.0004627152
        0.0009497834  -0.0003558087  -0.0000976751  -0.0000294780   0.0052589501
       -0.0003828568   0.0001063128  -0.0000557666   0.0000927734  -0.0008614575
        0.0004660188  -0.0033062846   0.0007976980   0.0075735438  -0.0006233262
        0.0007739913   0.0005278573  -0.0020753653   0.0008212023  -0.0002013195
        0.0012087267
       -0.0491558890  -0.0216037090  -0.2685259548  -0.0853646727   0.0046294299
        0.0155895817   0.0054273764  -0.0059207141  -0.0618734859   0.0765438923
       -0.0010905376   0.0326911803   0.0697446692  -0.0222951026  -0.2415152777
       -0.0015886549   0.0655077804   0.6266195628  -0.0125512457  -0.0029625646
       -0.0614874765   0.0112699621  -0.0011521837   0.0022278742   0.0012818800
       -0.0044265648   0.0040661761  -0.0002193680  -0.0004926956  -0.0000561537
       -0.0016218988  -0.0042109176   0.0035350651  -0.0155324286  -0.0010992080
       -0.0020258771  -0.0013458809  -0.0001714944  -0.0015447695  -0.0006415770
       -0.0001248314  -0.0002456888   0.0000674541   0.0004553360  -0.0006780871
        0.0005810687  -0.0001915231  -0.0001367897  -0.0030741562  -0.0001612780
        0.0018210689   0.0003957881   0.0002297814   0.0010194840  -0.0079255493
       -0.0024230065  -0.0247792249  -0.0004341717  -0.0004403186   0.0012479631
        0.0131645900  -0.0031523545  -0.0241569963   0.0009788119   0.0010966765
       -0.0017921744
       -0.0269338759  -0.0048626308  -0.0163687700   0.0027472065  -0.0003699553
       -0.0030828876  -0.0028463958   0.0000736137  -0.0003840391   0.0018642875
        0.0009782434   0.0044587949  -0.0320081593   0.0076986512   0.0112853141
       -0.2162380781   0.0073234723  -0.0125512457   0.6094829272  -0.0270788926
        0.0322003926  -0.1336644664   0.1154416319   0.0564589438  -0.0360139659
        0.0235137435   0.0101996567   0.0053297827  -0.0011866640   0.0000371940
       -0.0374614837  -0.0161728886  -0.0137479544  -0.1399111859  -0.1052193030
       -0.0681046722   0.0055478432   0.0084227880   0.0051594290  -0.0033102751
        0.0007439591  -0.0005757694  -0.0013147659   0.0000938405   0.0001034296
       -0.0038601264   0.0007386142  -0.0002511866  -0.0003384027  -0.0002055980
       -0.0002430177   0.0010621318  -0.0000713053   0.0001377574   0.0008227099
        0.0003353919   0.0010624314  -0.0003890638   0.0002084440  -0.0001051719
        0.0008610127  -0.0005377444  -0.0008789175   0.0065723435  -0.0098674117
       -0.0048097115
       -0.0019025863   0.0015632575   0.0002579195  -0.0004606527   0.0063337984
       -0.0010902777   0.0003087835   0.0001674191  -0.0001262313   0.0007421549
        0.0069987062  -0.0013367753   0.0044181854   0.0002528705  -0.0005754103
        0.0075514294  -0.0567357518  -0.0029625646  -0.0270788926   0.4751576317
        0.2177808411   0.0551847561  -0.2074413368  -0.0958746347   0.0717100929
        0.0107130607   0.0127709123  -0.0028096585  -0.0414807154  -0.0243268634
       -0.0607101273   0.0190462331   0.0047290834  -0.0559607768  -0.1667809629
       -0.0790472318  -0.0006673483  -0.0288470352  -0.0180757902   0.0026915205
        0.0024755093  -0.0009475678   0.0004619933   0.0003275063   0.0004057846
       -0.0011222675   0.0022186808  -0.0014764822   0.0000095559  -0.0000030615
        0.0001155474  -0.0001623748  -0.0011462275   0.0000932869  -0.0002836046
       -0.0022657614   0.0000587710  -0.0001819430  -0.0000279031  -0.0000557270
        0.0000028607  -0.0026043680   0.0001323370   0.0082588998  -0.0179215502
       -0.0104489272
       -0.0276196175   0.0006218902  -0.0044771279  -0.0024920498  -0.0010099117
       -0.0044014543   0.0001096201   0.0000097935  -0.0006221429   0.0025924979
       -0.0009798763  -0.0029586585   0.0229821900  -0.0004966556   0.0016024656
       -0.0123366605  -0.0046298499  -0.0614874765   0.0322003926   0.2177808411
        0.2814743586   0.0233146357  -0.0899151693  -0.0975650648   0.0401381804
        0.0090646283   0.0097926181  -0.0010808649  -0.0246274854  -0.0163741742
       -0.0406615916   0.0109862960   0.0010546481  -0.0418809481  -0.0852012742
       -0.0998235532   0.0002827014  -0.0169376434  -0.0081890358   0.0008785018
       -0.0011650637   0.0037855468   0.0001404228   0.0002430444   0.0001675939
       -0.0017874963  -0.0014009084   0.0037448168   0.0011440136  -0.0001265156
       -0.0002676932   0.0000363567   0.0001208976   0.0000812224  -0.0010945712
        0.0001174263   0.0005165963  -0.0012692397   0.0000056606  -0.0001988971
        0.0008903583  -0.0000691198   0.0005943894   0.0055131681  -0.0123910047
       -0.0064489775
        0.0000572067   0.0020856649   0.0025800203  -0.0005785579  -0.0008355467
        0.0003568981   0.0008822523  -0.0001079125   0.0005190222  -0.0016503390
       -0.0012219743  -0.0000058063  -0.0016995524  -0.0000328689  -0.0024544865
       -0.0292551871   0.0235629516   0.0112699621  -0.1336644664   0.0551847561
        0.0233146357   0.6467786015  -0.0130125898   0.0488397049  -0.3177742341
        0.0363518431  -0.0080082066  -0.0399411873  -0.0605369101  -0.0410210898
       -0.0399350902   0.0239624804   0.0104996530   0.0514162813   0.0191005493
        0.0163706901  -0.0011995652  -0.0030484521  -0.0024603354   0.0001240201
       -0.0007110088  -0.0005462538   0.0012970638  -0.0004841314  -0.0005418574
       -0.0223191503   0.0165976639   0.0075829092  -0.0002682532   0.0000435900
        0.0001059876  -0.0003583188   0.0002184625  -0.0000279304  -0.0001614765
        0.0006304169  -0.0000163418  -0.0000726548  -0.0000712597   0.0000122553
       -0.0000516606   0.0003980806  -0.0000655660  -0.1116257317  -0.0980738050
       -0.0663038646
       -0.0013233330  -0.0012421210  -0.0008723836   0.0000797007   0.0001023553
       -0.0002406006  -0.0001329030   0.0000341216  -0.0002629103   0.0007725744
        0.0000867722   0.0000112223  -0.0021789801   0.0008392610   0.0012062485
        0.0124093536  -0.0026082089  -0.0011521837   0.1154416319  -0.2074413368
       -0.0899151693  -0.0130125898   0.5066755845   0.2430609996  -0.0197854430
       -0.0708551951  -0.0184694132  -0.0152740163   0.0211570210   0.0107505330
        0.0244534289  -0.0112664978  -0.0034258470  -0.0266049540  -0.0481018174
       -0.0326059236  -0.0010223060  -0.0002694012  -0.0029730081  -0.0009584799
       -0.0010032628  -0.0005379465  -0.0023200270  -0.0010739984  -0.0037029715
        0.0267574156  -0.0107080112  -0.0051579272  -0.0000911458  -0.0000227025
        0.0000773659   0.0000051872  -0.0000333734  -0.0000579295  -0.0000401226
        0.0001605012  -0.0002744612  -0.0000357457   0.0000154256  -0.0000179421
        0.0000948750  -0.0001963098  -0.0002722505  -0.0972341212  -0.1742488059
       -0.0951675014
       -0.0025909521  -0.0007903228  -0.0019327752   0.0008277403  -0.0001645036
       -0.0001166993  -0.0002973761  -0.0000010805   0.0002065620   0.0006728117
       -0.0000621266   0.0000425278  -0.0015418508   0.0002889544   0.0010363020
        0.0093801144  -0.0000966520   0.0022278742   0.0564589438  -0.0958746347
       -0.0975650648   0.0488397049   0.2430609996   0.2585669351  -0.0427839103
       -0.0130696551  -0.0555408507  -0.0131793363   0.0062224817   0.0025392768
        0.0104998765  -0.0031649163  -0.0021238730  -0.0099945665  -0.0278493097
       -0.0156564020  -0.0010815717  -0.0028452693   0.0025158969  -0.0005850358
       -0.0006481202  -0.0006167118  -0.0019372059  -0.0033855074   0.0020350279
        0.0137704092  -0.0061961553  -0.0000049724  -0.0001469664   0.0000279861
        0.0001558985  -0.0001515417   0.0000251611  -0.0000280047  -0.0002128977
        0.0002601321   0.0002008920   0.0000034832   0.0000766995   0.0000078413
        0.0000233577  -0.0000741443  -0.0000607019  -0.0659732304  -0.0957400168
       -0.0958889786
       -0.0005648577  -0.0007767840  -0.0006437589   0.0004676871  -0.0000319837
       -0.0001551500  -0.0005006601   0.0000416435  -0.0000983821   0.0000578897
       -0.0000006926   0.0004069451  -0.0014240807   0.0005394397   0.0006156325
        0.0020917137   0.0018327263   0.0012818800  -0.0360139659   0.0717100929
        0.0401381804  -0.3177742341  -0.0197854430  -0.0427839103   0.5866372945
        0.0184269126   0.0653221879  -0.1276788076  -0.0577757927  -0.0453866853
        0.0489497846  -0.0272417083  -0.0113585547  -0.0440397211  -0.0203011205
       -0.0166049774   0.0006623478  -0.0000392621   0.0001628781  -0.0008283457
        0.0032903033   0.0015951487  -0.0373741693  -0.0155453853  -0.0139594683
       -0.0543304671   0.0462096413   0.0247157423   0.0000334635  -0.0000307295
       -0.0000955558   0.0002320015  -0.0000047767   0.0000449674  -0.0001799387
       -0.0000348039  -0.0002158305   0.0000187064   0.0000609224  -0.0000296474
       -0.0000101878   0.0000093574  -0.0001825779  -0.0184314530  -0.0005525569
       -0.0027690641
       -0.0007137891   0.0002488965   0.0001111028  -0.0000106450  -0.0001022443
        0.0000178080   0.0006161722   0.0000018380   0.0002625094   0.0002676555
        0.0000105713  -0.0007938021   0.0011015266  -0.0002214530  -0.0002239366
        0.0024202139  -0.0009956913  -0.0044265648   0.0235137435   0.0107130607
        0.0090646283   0.0363518431  -0.0708551951  -0.0130696551   0.0184269126
        0.3833004789   0.1790284642  -0.1060389960  -0.1697931240  -0.0893249844
        0.0180958860  -0.0472858843  -0.0267319253  -0.0191698635  -0.0074152531
       -0.0050382239   0.0000227708   0.0005248049   0.0002604456   0.0019918881
        0.0009853819  -0.0019974992  -0.0038385922   0.0003926465  -0.0014153554
        0.0481047709  -0.0999651423  -0.0438426921  -0.0000606586   0.0000089397
        0.0001774093  -0.0003785439  -0.0000107756  -0.0000593207  -0.0000575256
       -0.0000742361   0.0001227761  -0.0000915278   0.0000196808  -0.0000331318
        0.0000937764   0.0000160412  -0.0000041705  -0.0206470179   0.0004966589
       -0.0020838819
        0.0005575244  -0.0001462892   0.0000261338   0.0000723821   0.0002996255
        0.0001451525   0.0001398191   0.0000065763   0.0000437823   0.0002369522
        0.0004363888   0.0000320246  -0.0011025025   0.0000636169   0.0000039526
        0.0016073955  -0.0043722429   0.0040661761   0.0101996567   0.0127709123
        0.0097926181  -0.0080082066  -0.0184694132  -0.0555408507   0.0653221879
        0.1790284642   0.2118593692  -0.0744038560  -0.0842232624  -0.1035048266
        0.0160898118  -0.0314738846  -0.0181112095  -0.0159542437  -0.0053251350
       -0.0068363787   0.0000811939   0.0003505159   0.0001943627   0.0006680903
       -0.0017928126   0.0037469748  -0.0067895468  -0.0026844747  -0.0004495517
        0.0258834028  -0.0442060863  -0.0442481380  -0.0001436632  -0.0000025671
        0.0000846426  -0.0000468308  -0.0000699950  -0.0000212193   0.0000596388
       -0.0001433846   0.0000048167   0.0000110209   0.0000024540  -0.0000189556
        0.0000196864  -0.0001432666  -0.0000670604  -0.0144999133   0.0000942603
       -0.0012018153
        0.0005618892   0.0001990680  -0.0000042254  -0.0000703208   0.0001021629
       -0.0000204159  -0.0006313161   0.0000184394  -0.0002502323  -0.0004028512
       -0.0000050489   0.0004858138   0.0006955191  -0.0001703334  -0.0000332149
       -0.0021574808   0.0001698803  -0.0002193680   0.0053297827  -0.0028096585
       -0.0010808649  -0.0399411873  -0.0152740163  -0.0131793363  -0.1276788076
       -0.1060389960  -0.0744038560   0.4710804361  -0.0140870390   0.0340237183
       -0.1181637836   0.1090545093   0.0578551520  -0.0333380105   0.0223117822
        0.0093272249  -0.0024693401  -0.0005383799  -0.0008511534   0.0012476102
       -0.0129888183  -0.0077072058  -0.1522541598   0.0087246362  -0.0096748620
        0.0020741143   0.0109725365   0.0068310241   0.0002020627  -0.0000186124
       -0.0003052497   0.0004117239   0.0000169457   0.0000603540  -0.0000527048
       -0.0000091426   0.0001025871   0.0000497642  -0.0000022452   0.0000123144
       -0.0000866599   0.0000152447  -0.0000423474  -0.0044062800   0.0003570851
       -0.0009258565
       -0.0002813184   0.0001576315  -0.0001920930   0.0000288486  -0.0000528158
       -0.0000161420  -0.0000315090  -0.0000056280   0.0000964966  -0.0000388966
        0.0000248219  -0.0000569814   0.0003527115   0.0001501917   0.0000523545
        0.0001104461  -0.0001827262  -0.0004926956  -0.0011866640  -0.0414807154
       -0.0246274854  -0.0605369101   0.0211570210   0.0062224817  -0.0577757927
       -0.1697931240  -0.0842232624  -0.0140870390   0.4553619431   0.2210732160
        0.0615104461  -0.1939334974  -0.0852639015   0.0669371167   0.0089083893
        0.0128695481  -0.0016740388   0.0019289621  -0.0017006289  -0.0015038560
       -0.0295912245  -0.0194916123   0.0083880877  -0.0240878026  -0.0017850440
       -0.0010762820  -0.0305629790  -0.0201450904   0.0000406801  -0.0000038424
       -0.0000093972   0.0000530947   0.0000153153   0.0000099694  -0.0000040886
        0.0000469695   0.0001359924   0.0000005060  -0.0000047299   0.0000136203
       -0.0000227943   0.0000142477   0.0001018539   0.0007972521   0.0019335922
       -0.0025711990
        0.0000143919   0.0000688631  -0.0000613489   0.0000237657  -0.0000142566
       -0.0000108500  -0.0001026098  -0.0000066346  -0.0000036928  -0.0000779391
        0.0000375609   0.0000686771   0.0002601656   0.0000831175   0.0000274338
       -0.0001217022  -0.0001942330  -0.0000561537   0.0000371940  -0.0243268634
       -0.0163741742  -0.0410210898   0.0107505330   0.0025392768  -0.0453866853
       -0.0893249844  -0.1035048266   0.0340237183   0.2210732160   0.2295405978
        0.0294338714  -0.0808328792  -0.0866461063   0.0367180901   0.0078674833
        0.0080187763  -0.0019359532  -0.0013662668   0.0035024276  -0.0010787555
       -0.0204236562  -0.0104909180  -0.0095727021  -0.0018033750  -0.0217644043
       -0.0005572299  -0.0188247361  -0.0098051760   0.0000142214  -0.0000001420
       -0.0000064368   0.0000649381   0.0000117740   0.0000104184   0.0000333002
        0.0000226209   0.0000619553   0.0000003276  -0.0000100702   0.0000040147
       -0.0000478009   0.0000230465   0.0000747136  -0.0007215162  -0.0028101178
        0.0048757961
       -0.0013900490  -0.0003933394  -0.0010195828   0.0002328881  -0.0000747018
       -0.0002318543  -0.0006228898   0.0000127649  -0.0001410625   0.0000289995
        0.0001539155   0.0006067917   0.0000784545   0.0007782442   0.0008879205
        0.0017993030  -0.0011323904  -0.0016218988  -0.0374614837  -0.0607101273
       -0.0406615916  -0.0399350902   0.0244534289   0.0104998765   0.0489497846
        0.0180958860   0.0160898118  -0.1181637836   0.0615104461   0.0294338714
        0.5554954575  -0.0694430395   0.0073305875  -0.2885201674   0.0386720288
       -0.0016349984  -0.0237110366   0.0152519822   0.0061686388  -0.0590974074
       -0.0461674935  -0.0321974916  -0.0361250873   0.0209063991   0.0085921345
       -0.0014851858  -0.0023866935  -0.0021601036   0.0002410578  -0.0000792595
       -0.0003199024   0.0004184470   0.0000085162   0.0000908615  -0.0000692383
        0.0000967204   0.0001327704  -0.0000157373   0.0000387637  -0.0000412320
       -0.0002356142   0.0001579297   0.0000222543  -0.0004116214   0.0002500193
        0.0001741993
       -0.0006987473   0.0000204477   0.0000811262  -0.0002994672   0.0000926427
       -0.0003405269  -0.0002978231  -0.0000229173  -0.0003134696   0.0001052407
       -0.0001491133   0.0001311715   0.0003592868  -0.0001289124  -0.0000853104
       -0.0019261028  -0.0006184501  -0.0042109176  -0.0161728886   0.0190462331
        0.0109862960   0.0239624804  -0.0112664978  -0.0031649163  -0.0272417083
       -0.0472858843  -0.0314738846   0.1090545093  -0.1939334974  -0.0808328792
       -0.0694430395   0.3989656994   0.1768229519  -0.0076727137  -0.0604597019
       -0.0116738173   0.0273276651  -0.0144144757  -0.0065344267  -0.0463168482
       -0.0874698423  -0.0448602892   0.0097992013  -0.0035839237  -0.0021893697
       -0.0009681032   0.0013740689  -0.0020221456   0.0000105633  -0.0000082738
       -0.0000125095   0.0001524344  -0.0000332858   0.0000229351  -0.0001067377
       -0.0000244644  -0.0000090795  -0.0000893619  -0.0000235783   0.0000158207
        0.0001063918  -0.0001629864  -0.0001519771   0.0003557685   0.0000867131
       -0.0001847824
        0.0006943164  -0.0001460551   0.0000276266   0.0000140954   0.0004138821
        0.0000795865  -0.0001375686   0.0000135340  -0.0000104303  -0.0001959854
        0.0003528916   0.0000599290  -0.0004604680   0.0000863748  -0.0000327021
       -0.0016663950  -0.0041406489   0.0035350651  -0.0137479544   0.0047290834
        0.0010546481   0.0104996530  -0.0034258470  -0.0021238730  -0.0113585547
       -0.0267319253  -0.0181112095   0.0578551520  -0.0852639015  -0.0866461063
        0.0073305875   0.1768229519   0.1987024431  -0.0303971102  -0.0060635553
       -0.0494741979   0.0128542558  -0.0078483544  -0.0011137412  -0.0318806744
       -0.0451516787  -0.0503688616   0.0018050297  -0.0010183387   0.0014587673
       -0.0012670612  -0.0021323401   0.0029706396  -0.0000571131   0.0000054520
        0.0000105260   0.0000064846  -0.0000873634  -0.0000075498  -0.0000319934
       -0.0001316703  -0.0000368013   0.0000497849  -0.0000143994   0.0000155809
       -0.0000356548  -0.0001916145  -0.0001618586   0.0001271740  -0.0000764772
        0.0001725195
       -0.0026305512   0.0004901306   0.0020785719  -0.0012887453   0.0010723113
       -0.0007511723   0.0011510264  -0.0000328613   0.0001315658  -0.0005652902
        0.0010122521  -0.0005997239   0.0009556474  -0.0011532628  -0.0027059394
       -0.0271704051  -0.0197495055  -0.0155324286  -0.1399111859  -0.0559607768
       -0.0418809481   0.0514162813  -0.0266049540  -0.0099945665  -0.0440397211
       -0.0191698635  -0.0159542437  -0.0333380105   0.0669371167   0.0367180901
       -0.2885201674  -0.0076727137  -0.0303971102   0.5590194819   0.0261600940
        0.0655122950  -0.0505269023   0.0455154670   0.0221294195  -0.0253020912
       -0.0123674199  -0.0099416793   0.0019471068   0.0000125342  -0.0002940330
        0.0006095165   0.0002767527   0.0001548507  -0.0000103900   0.0000816907
        0.0000687603  -0.0004184713  -0.0001599962   0.0000295179   0.0000349766
       -0.0004863387   0.0001717445  -0.0003280354  -0.0000248872  -0.0000394007
       -0.0004522051  -0.0007460550   0.0003837204  -0.0006318650   0.0025702852
        0.0007127095
        0.0028132714   0.0000682423   0.0013524627  -0.0005390239   0.0001889028
        0.0001643023  -0.0002921359   0.0000638830  -0.0006119361   0.0000669594
        0.0000019269   0.0001339435   0.0012476751  -0.0016134466   0.0001621559
       -0.0093789023   0.0003535792  -0.0010992080  -0.1052193030  -0.1667809629
       -0.0852012742   0.0191005493  -0.0481018174  -0.0278493097  -0.0203011205
       -0.0074152531  -0.0053251350   0.0223117822   0.0089083893   0.0078674833
        0.0386720288  -0.0604597019  -0.0060635553   0.0261600940   0.3884584035
        0.1763762405   0.0443420715  -0.1040057222  -0.0418349224  -0.0233387607
       -0.0087842693  -0.0089866320   0.0011620970  -0.0010659613  -0.0033860390
       -0.0001100705   0.0006858278   0.0003715216   0.0003204995  -0.0000915394
       -0.0004085585   0.0003621594  -0.0000609053   0.0000077023  -0.0000627711
        0.0000005367  -0.0004512576   0.0001192471   0.0000171373   0.0000076625
        0.0005479721   0.0006987503  -0.0005225451   0.0020156811  -0.0010659998
       -0.0047031018
        0.0009573294   0.0000412869   0.0014942995  -0.0008361103   0.0003142758
        0.0000821009   0.0001715101   0.0000223488  -0.0001403903  -0.0007412477
       -0.0000285363  -0.0001505290   0.0025480895  -0.0017086754  -0.0011556665
       -0.0135170416  -0.0018257075  -0.0020258771  -0.0681046722  -0.0790472318
       -0.0998235532   0.0163706901  -0.0326059236  -0.0156564020  -0.0166049774
       -0.0050382239  -0.0068363787   0.0093272249   0.0128695481   0.0080187763
       -0.0016349984  -0.0116738173  -0.0494741979   0.0655122950   0.1763762405
        0.2047009896   0.0215680255  -0.0425927035  -0.0408769815  -0.0167841041
       -0.0075909868  -0.0041189156   0.0005686976  -0.0034201019   0.0025790461
        0.0001203108   0.0002446235   0.0000869227   0.0001473326   0.0000135453
       -0.0001813065   0.0001912579  -0.0000456217   0.0000293078  -0.0000349517
       -0.0000857967  -0.0002542621   0.0000066567   0.0000097533  -0.0000349728
        0.0003832629   0.0003132644  -0.0001876054   0.0003854204  -0.0045415603
        0.0039255956
        0.0007378993  -0.0001254078   0.0005807231  -0.0005724751   0.0001496742
        0.0000318189  -0.0000925939   0.0001560839  -0.0004648430   0.0004812844
       -0.0002180462  -0.0002959962  -0.0020078102  -0.0025202737   0.0002004151
       -0.0000165587  -0.0022874168  -0.0013458809   0.0055478432  -0.0006673483
        0.0002827014  -0.0011995652  -0.0010223060  -0.0010815717   0.0006623478
        0.0000227708   0.0000811939  -0.0024693401  -0.0016740388  -0.0019359532
       -0.0237110366   0.0273276651   0.0128542558  -0.0505269023   0.0443420715
        0.0215680255   0.0789790344  -0.0637778878  -0.0311296990  -0.0039371624
        0.0009822599   0.0002368208  -0.0008762686   0.0008030771   0.0004218526
       -0.0002037655   0.0004223174   0.0002695596  -0.0001481382   0.0000259670
        0.0002226873   0.0000045041  -0.0000065977  -0.0000268015  -0.0000044215
        0.0000447412  -0.0000088155  -0.0000254460   0.0000006139   0.0000068543
       -0.0006686457  -0.0015947965  -0.0002419916   0.0000472170  -0.0003831224
       -0.0002253558
        0.0001359060   0.0003796252  -0.0000950711   0.0001286487  -0.0000618808
        0.0001930925   0.0002401728   0.0000594965   0.0000424993  -0.0002059842
       -0.0002007663   0.0003929585  -0.0016593848  -0.0011977373  -0.0002580901
        0.0000103613  -0.0006375814  -0.0001714944   0.0084227880  -0.0288470352
       -0.0169376434  -0.0030484521  -0.0002694012  -0.0028452693  -0.0000392621
        0.0005248049   0.0003505159  -0.0005383799   0.0019289621  -0.0013662668
        0.0152519822  -0.0144144757  -0.0078483544   0.0455154670  -0.1040057222
       -0.0425927035  -0.0637778878   0.1456409868   0.0672029280  -0.0000690787
        0.0044594674   0.0032177067   0.0003324195  -0.0002305162  -0.0000260349
        0.0003275413  -0.0007937610  -0.0000092632   0.0001302853  -0.0000099563
       -0.0000260353  -0.0000410216   0.0000846906   0.0000460090   0.0001605736
       -0.0000811324   0.0001182769   0.0001020641  -0.0000447340  -0.0000053979
       -0.0020960811  -0.0015938870   0.0009602832   0.0007173224  -0.0006894463
       -0.0003426458
       -0.0001003409   0.0001397341   0.0000120103  -0.0000823836  -0.0001142215
        0.0001480759   0.0001414850  -0.0000527938  -0.0001424627   0.0001452819
       -0.0001206561   0.0003093061  -0.0001167880   0.0001147846  -0.0002820692
        0.0004867992   0.0003671593  -0.0015447695   0.0051594290  -0.0180757902
       -0.0081890358  -0.0024603354  -0.0029730081   0.0025158969   0.0001628781
        0.0002604456   0.0001943627  -0.0008511534  -0.0017006289   0.0035024276
        0.0061686388  -0.0065344267  -0.0011137412   0.0221294195  -0.0418349224
       -0.0408769815  -0.0311296990   0.0672029280   0.0449689595  -0.0004882257
        0.0031656879   0.0007041802  -0.0000172403  -0.0000038741  -0.0000598288
        0.0002132468   0.0000784931  -0.0006652850   0.0000276299  -0.0000015263
        0.0000276953   0.0000575783   0.0000489942   0.0000483310   0.0000575931
        0.0000374577   0.0001002840   0.0000519084  -0.0000025724   0.0000009084
        0.0000327199   0.0004113919   0.0006421814   0.0004115582  -0.0004126559
       -0.0003004456
       -0.0002666158   0.0000282215   0.0001638212  -0.0000481688   0.0001215900
       -0.0000191468   0.0002103440   0.0000138698   0.0001137116   0.0000006920
        0.0000517446  -0.0001518582  -0.0000737290  -0.0000001076  -0.0002708046
       -0.0001930599  -0.0010010714  -0.0006415770  -0.0033102751   0.0026915205
        0.0008785018   0.0001240201  -0.0009584799  -0.0005850358  -0.0008283457
        0.0019918881   0.0006680903   0.0012476102  -0.0015038560  -0.0010787555
       -0.0590974074  -0.0463168482  -0.0318806744  -0.0253020912  -0.0233387607
       -0.0167841041  -0.0039371624  -0.0000690787  -0.0004882257   0.0873319930
        0.0644429285   0.0467699292   0.0040470967   0.0036529315   0.0026804914
        0.0001227831   0.0001814778   0.0001748387  -0.0000715307   0.0000036807
        0.0000823906  -0.0000674213  -0.0000084782  -0.0000134311   0.0000504211
       -0.0000387825   0.0000803665  -0.0000146034   0.0000132292  -0.0000170272
       -0.0000088787  -0.0000870419   0.0000882600   0.0000843294   0.0001294230
        0.0002302391
       -0.0000907534   0.0000606036   0.0001014487   0.0000181799   0.0000661333
        0.0000374035   0.0002377302   0.0000231326   0.0001320987  -0.0000470838
        0.0000258078  -0.0001581972  -0.0000241603  -0.0000304914  -0.0002689083
        0.0001600068  -0.0003306236  -0.0001248314   0.0007439591   0.0024755093
       -0.0011650637  -0.0007110088  -0.0010032628  -0.0006481202   0.0032903033
        0.0009853819  -0.0017928126  -0.0129888183  -0.0295912245  -0.0204236562
       -0.0461674935  -0.0874698423  -0.0451516787  -0.0123674199  -0.0087842693
       -0.0075909868   0.0009822599   0.0044594674   0.0031656879   0.0644429285
        0.1214127092   0.0732889462   0.0030280483  -0.0012434149   0.0001677435
       -0.0004623751  -0.0009158474  -0.0005136855  -0.0000823084   0.0000106489
        0.0001150385  -0.0001102491   0.0000056874  -0.0000131499   0.0000639468
       -0.0000370244   0.0000685632   0.0000211353   0.0000133891  -0.0000119351
       -0.0000217446  -0.0000841337   0.0001721751   0.0000849172  -0.0000483362
        0.0006139204
       -0.0000792422   0.0000700900   0.0000887544   0.0000296773   0.0000290975
       -0.0000115086   0.0001290847   0.0000106084   0.0000681499   0.0000407401
        0.0000059638  -0.0001533231  -0.0000046779   0.0000340677  -0.0001446251
        0.0002245324  -0.0002711152  -0.0002456888  -0.0005757694  -0.0009475678
        0.0037855468  -0.0005462538  -0.0005379465  -0.0006167118   0.0015951487
       -0.0019974992   0.0037469748  -0.0077072058  -0.0194916123  -0.0104909180
       -0.0321974916  -0.0448602892  -0.0503688616  -0.0099416793  -0.0089866320
       -0.0041189156   0.0002368208   0.0032177067   0.0007041802   0.0467699292
        0.0732889462   0.0591411985   0.0021945149   0.0003455027  -0.0007705826
       -0.0002657123  -0.0004295858  -0.0003591594  -0.0000968075   0.0000070792
        0.0001419994  -0.0000239653   0.0000046160  -0.0000073619   0.0000400726
       -0.0000201250   0.0000548158   0.0000103822   0.0000102631  -0.0000014168
       -0.0000114160  -0.0000619669   0.0000933110   0.0001793182   0.0005803984
       -0.0005358575
       -0.0001334021   0.0001560344   0.0002748490  -0.0000554805  -0.0000804954
        0.0000781123   0.0004357261  -0.0000069456   0.0002571439   0.0000944728
        0.0000139872  -0.0003879391  -0.0001937588  -0.0000967853  -0.0002345218
        0.0003692844  -0.0000281838   0.0000674541  -0.0013147659   0.0004619933
        0.0001404228   0.0012970638  -0.0023200270  -0.0019372059  -0.0373741693
       -0.0038385922  -0.0067895468  -0.1522541598   0.0083880877  -0.0095727021
       -0.0361250873   0.0097992013   0.0018050297   0.0019471068   0.0011620970
        0.0005686976  -0.0008762686   0.0003324195  -0.0000172403   0.0040470967
        0.0030280483   0.0021945149   0.2173756822  -0.0137292781   0.0150048000
        0.0039122406  -0.0035530520  -0.0016805764  -0.0000578515  -0.0000443855
        0.0001269207  -0.0001782005  -0.0000584893  -0.0000431800   0.0000554062
       -0.0000352285   0.0000246993  -0.0000276690  -0.0000095952   0.0000003103
        0.0000957347   0.0000485797   0.0000657628  -0.0010390009   0.0004106095
        0.0000541949
        0.0001105800  -0.0000132597  -0.0000125226   0.0000093792   0.0000252171
       -0.0000074698  -0.0000218475   0.0000017702  -0.0000045100   0.0000086152
        0.0000208006   0.0000346892  -0.0000637493   0.0000325945  -0.0000275405
        0.0000021646  -0.0002250752   0.0004553360   0.0000938405   0.0003275063
        0.0002430444  -0.0004841314  -0.0010739984  -0.0033855074  -0.0155453853
        0.0003926465  -0.0026844747   0.0087246362  -0.0240878026  -0.0018033750
        0.0209063991  -0.0035839237  -0.0010183387   0.0000125342  -0.0010659613
       -0.0034201019   0.0008030771  -0.0002305162  -0.0000038741   0.0036529315
       -0.0012434149   0.0003455027  -0.0137292781   0.0309963229   0.0111588034
       -0.0036651560  -0.0002384285   0.0001095149  -0.0000390255   0.0000067443
        0.0000296817  -0.0000366620  -0.0000041444  -0.0000010391   0.0000160742
       -0.0000179602   0.0000126307   0.0000043893  -0.0000036877   0.0000007355
       -0.0000214731  -0.0000281975   0.0000208972  -0.0007379129   0.0000127677
       -0.0000420815
       -0.0001604183   0.0000474903  -0.0000141469  -0.0000079279  -0.0000405632
       -0.0000033121   0.0000292497  -0.0000014266   0.0000329184  -0.0000018655
       -0.0000543464  -0.0000852596   0.0000867942  -0.0000323645  -0.0000209716
        0.0000249342   0.0004627152  -0.0006780871   0.0001034296   0.0004057846
        0.0001675939  -0.0005418574  -0.0037029715   0.0020350279  -0.0139594683
       -0.0014153554  -0.0004495517  -0.0096748620  -0.0017850440  -0.0217644043
        0.0085921345  -0.0021893697   0.0014587673  -0.0002940330  -0.0033860390
        0.0025790461   0.0004218526  -0.0000260349  -0.0000598288   0.0026804914
        0.0001677435  -0.0007705826   0.0150048000   0.0111588034   0.0186625988
       -0.0018085833   0.0002675172  -0.0011010639   0.0000120030  -0.0000034738
        0.0000052608   0.0000292486  -0.0000019262  -0.0000057828  -0.0000115213
        0.0000012869   0.0000446191   0.0000002254   0.0000008133   0.0000080819
        0.0000099684   0.0000096328  -0.0000046627  -0.0005345946   0.0001171281
       -0.0000362604
        0.0000130630  -0.0000089499   0.0001925934  -0.0000265661  -0.0000552283
        0.0000117315   0.0001842544  -0.0000070668   0.0000680465   0.0000094761
       -0.0001257372  -0.0001136855  -0.0002346186  -0.0000221092  -0.0001640909
       -0.0002131546   0.0009497834   0.0005810687  -0.0038601264  -0.0011222675
       -0.0017874963  -0.0223191503   0.0267574156   0.0137704092  -0.0543304671
        0.0481047709   0.0258834028   0.0020741143  -0.0010762820  -0.0005572299
       -0.0014851858  -0.0009681032  -0.0012670612   0.0006095165  -0.0001100705
        0.0001203108  -0.0002037655   0.0003275413   0.0002132468   0.0001227831
       -0.0004623751  -0.0002657123   0.0039122406  -0.0036651560  -0.0018085833
        0.0753925260  -0.0688716398  -0.0352402742  -0.0000178255  -0.0000148050
       -0.0000028640  -0.0000279181  -0.0000004808  -0.0000428476  -0.0000245573
        0.0000351949   0.0000091834  -0.0000133263  -0.0000071072  -0.0000200393
        0.0000472779   0.0000229860  -0.0000380695   0.0003914097   0.0003196865
        0.0004579610
       -0.0000429102  -0.0000344241  -0.0002579679   0.0000837395   0.0000472922
       -0.0000214565  -0.0002614215   0.0000123900  -0.0000318695  -0.0000620902
        0.0000754939   0.0001508349   0.0000671819   0.0000783347   0.0001492437
        0.0000063252  -0.0003558087  -0.0001915231   0.0007386142   0.0022186808
       -0.0014009084   0.0165976639  -0.0107080112  -0.0061961553   0.0462096413
       -0.0999651423  -0.0442060863   0.0109725365  -0.0305629790  -0.0188247361
       -0.0023866935   0.0013740689  -0.0021323401   0.0002767527   0.0006858278
        0.0002446235   0.0004223174  -0.0007937610   0.0000784931   0.0001814778
       -0.0009158474  -0.0004295858  -0.0035530520  -0.0002384285   0.0002675172
       -0.0688716398   0.1387351854   0.0712811840  -0.0000181742   0.0000324595
        0.0000316726   0.0000710691   0.0000074360   0.0000608069   0.0000456763
       -0.0000280173   0.0001047280   0.0000065751   0.0000106767   0.0000466722
       -0.0000872101  -0.0000340324   0.0000284796  -0.0003963792   0.0003586059
        0.0012483735
        0.0000108062   0.0000347527  -0.0001333014  -0.0000013344   0.0000094687
        0.0000075928  -0.0001396169   0.0000039238  -0.0000130097  -0.0000983184
        0.0000245984   0.0000772830   0.0000284607   0.0000647598   0.0000798178
       -0.0002042064  -0.0000976751  -0.0001367897  -0.0002511866  -0.0014764822
        0.0037448168   0.0075829092  -0.0051579272  -0.0000049724   0.0247157423
       -0.0438426921  -0.0442481380   0.0068310241  -0.0201450904  -0.0098051760
       -0.0021601036  -0.0020221456   0.0029706396   0.0001548507   0.0003715216
        0.0000869227   0.0002695596  -0.0000092632  -0.0006652850   0.0001748387
       -0.0005136855  -0.0003591594  -0.0016805764   0.0001095149  -0.0011010639
       -0.0352402742   0.0712811840   0.0504145502   0.0000187494   0.0000143092
       -0.0000098665   0.0000399635   0.0000090063   0.0000296673   0.0000189776
       -0.0000058631   0.0000592087   0.0000001492   0.0000013524   0.0000176980
       -0.0000340804  -0.0000117696   0.0000251894  -0.0000363337   0.0013582022
       -0.0010366243
       -0.0001298039   0.0001770236   0.0010578663  -0.0003209701   0.0000076592
       -0.0016723172   0.0001470545   0.0005567867   0.0037059748  -0.0649113678
        0.0077633700   0.0585330741  -0.0281251787   0.0042123439   0.0285042258
       -0.0036488343  -0.0000294780  -0.0030741562  -0.0003384027   0.0000095559
        0.0011440136  -0.0002682532  -0.0000911458  -0.0001469664   0.0000334635
       -0.0000606586  -0.0001436632   0.0002020627   0.0000406801   0.0000142214
        0.0002410578   0.0000105633  -0.0000571131  -0.0000103900   0.0003204995
        0.0001473326  -0.0001481382   0.0001302853   0.0000276299  -0.0000715307
       -0.0000823084  -0.0000968075  -0.0000578515  -0.0000390255   0.0000120030
       -0.0000178255  -0.0000181742   0.0000187494   0.0919151085  -0.0120661244
       -0.0844405564   0.0048191138  -0.0005520607  -0.0034204961   0.0001780415
       -0.0001079249  -0.0001882041   0.0000101472  -0.0000527782  -0.0003287526
        0.0004302259  -0.0000275142   0.0003816928   0.0000722712  -0.0001015746
        0.0000222492
        0.0002055117  -0.0002416241  -0.0000754050  -0.0003312280   0.0046731578
       -0.0005175947   0.0017360901   0.0016688708  -0.0044616343   0.0079879913
       -0.0220134115  -0.0112502415   0.0027707811   0.0021230343  -0.0023283769
        0.0005650761   0.0052589501  -0.0001612780  -0.0002055980  -0.0000030615
       -0.0001265156   0.0000435900  -0.0000227025   0.0000279861  -0.0000307295
        0.0000089397  -0.0000025671  -0.0000186124  -0.0000038424  -0.0000001420
       -0.0000792595  -0.0000082738   0.0000054520   0.0000816907  -0.0000915394
        0.0000135453   0.0000259670  -0.0000099563  -0.0000015263   0.0000036807
        0.0000106489   0.0000070792  -0.0000443855   0.0000067443  -0.0000034738
       -0.0000148050   0.0000324595   0.0000143092  -0.0120661244   0.0129123035
        0.0182396520  -0.0004313821  -0.0010491322   0.0002161805  -0.0001067553
       -0.0011546577   0.0001961474   0.0001091086  -0.0001599337  -0.0000293881
       -0.0001852710  -0.0019745509   0.0002253651  -0.0000153366   0.0000375772
        0.0000124265
        0.0017140930  -0.0002407671  -0.0003976812  -0.0047238255  -0.0002678565
       -0.0017683802   0.0181908142  -0.0049946385  -0.0399315398   0.0562047472
       -0.0110952746  -0.1094454687   0.0170537277  -0.0018728791  -0.0075275547
       -0.0002714836  -0.0003828568   0.0018210689  -0.0002430177   0.0001155474
       -0.0002676932   0.0001059876   0.0000773659   0.0001558985  -0.0000955558
        0.0001774093   0.0000846426  -0.0003052497  -0.0000093972  -0.0000064368
       -0.0003199024  -0.0000125095   0.0000105260   0.0000687603  -0.0004085585
       -0.0001813065   0.0002226873  -0.0000260353   0.0000276953   0.0000823906
        0.0001150385   0.0001419994   0.0001269207   0.0000296817   0.0000052608
       -0.0000028640   0.0000316726  -0.0000098665  -0.0844405564   0.0182396520
        0.1574253415  -0.0036639220   0.0000976835  -0.0008097671  -0.0001935221
        0.0002118904   0.0003668277   0.0010384778  -0.0001514815  -0.0010069890
       -0.0004440410   0.0002481923   0.0013448450  -0.0001046665   0.0001181209
       -0.0000314221
        0.0009296828   0.0007874927   0.0038054985  -0.0377128198   0.0029240868
        0.0075795826  -0.1502032611   0.0053759927  -0.0123045750  -0.0350241940
        0.0008416055  -0.0105829255   0.0020322986  -0.0003014526  -0.0026433516
       -0.0016651576   0.0001063128   0.0003957881   0.0010621318  -0.0001623748
        0.0000363567  -0.0003583188   0.0000051872  -0.0001515417   0.0002320015
       -0.0003785439  -0.0000468308   0.0004117239   0.0000530947   0.0000649381
        0.0004184470   0.0001524344   0.0000064846  -0.0004184713   0.0003621594
        0.0001912579   0.0000045041  -0.0000410216   0.0000575783  -0.0000674213
       -0.0001102491  -0.0000239653  -0.0001782005  -0.0000366620   0.0000292486
       -0.0000279181   0.0000710691   0.0000399635   0.0048191138  -0.0004313821
       -0.0036639220   0.2164973736  -0.0090917445   0.0172169686  -0.0009115019
        0.0000700356  -0.0002563765   0.0009899502  -0.0001615932   0.0000291939
       -0.0009519696   0.0000585371   0.0001979035   0.0001220066  -0.0000929843
        0.0000227255
        0.0002970423   0.0050603160  -0.0011103705   0.0041460417   0.0021765443
       -0.0003206524   0.0058393642  -0.0207093512   0.0000695106  -0.0006979532
        0.0021416344  -0.0001764706   0.0001347876   0.0045903077  -0.0007221397
       -0.0000108441  -0.0000557666   0.0002297814  -0.0000713053  -0.0011462275
        0.0001208976   0.0002184625  -0.0000333734   0.0000251611  -0.0000047767
       -0.0000107756  -0.0000699950   0.0000169457   0.0000153153   0.0000117740
        0.0000085162  -0.0000332858  -0.0000873634  -0.0001599962  -0.0000609053
       -0.0000456217  -0.0000065977   0.0000846906   0.0000489942  -0.0000084782
        0.0000056874   0.0000046160  -0.0000584893  -0.0000041444  -0.0000019262
       -0.0000004808   0.0000074360   0.0000090063  -0.0005520607  -0.0010491322
        0.0000976835  -0.0090917445   0.0111290014   0.0015825149   0.0001251377
       -0.0000766079   0.0000317977  -0.0000562670  -0.0018849633   0.0003050751
       -0.0000724780  -0.0001551696  -0.0000253693   0.0000051737   0.0000087699
        0.0000230962
        0.0008550205  -0.0008701809  -0.0031150467   0.0197209814  -0.0009574463
        0.0028783562  -0.0101801269  -0.0001190090  -0.0267288457  -0.0249294642
        0.0004981703  -0.0054390081   0.0001065978  -0.0008439973  -0.0039139137
       -0.0001517909   0.0000927734   0.0010194840   0.0001377574   0.0000932869
        0.0000812224  -0.0000279304  -0.0000579295  -0.0000280047   0.0000449674
       -0.0000593207  -0.0000212193   0.0000603540   0.0000099694   0.0000104184
        0.0000908615   0.0000229351  -0.0000075498   0.0000295179   0.0000077023
        0.0000293078  -0.0000268015   0.0000460090   0.0000483310  -0.0000134311
       -0.0000131499  -0.0000073619  -0.0000431800  -0.0000010391  -0.0000057828
       -0.0000428476   0.0000608069   0.0000296673  -0.0034204961   0.0002161805
       -0.0008097671   0.0172169686   0.0015825149   0.0351580683   0.0008516093
       -0.0000388446   0.0000315136   0.0008028709   0.0002296108   0.0008382134
       -0.0010650985   0.0000794734  -0.0000395496  -0.0000163393   0.0000214844
       -0.0000085329
       -0.1261619052   0.0150932364   0.1215210252  -0.0199545247   0.0033137669
        0.0238292967  -0.0049985881   0.0005920502  -0.0006698797  -0.0004293466
       -0.0000092415  -0.0003751606  -0.0004094895   0.0001232744  -0.0023612590
        0.0060325808  -0.0008614575  -0.0079255493   0.0008227099  -0.0002836046
       -0.0010945712  -0.0001614765  -0.0000401226  -0.0002128977  -0.0001799387
       -0.0000575256   0.0000596388  -0.0000527048  -0.0000040886   0.0000333002
       -0.0000692383  -0.0001067377  -0.0000319934   0.0000349766  -0.0000627711
       -0.0000349517  -0.0000044215   0.0001605736   0.0000575931   0.0000504211
        0.0000639468   0.0000400726   0.0000554062   0.0000160742  -0.0000115213
       -0.0000245573   0.0000456763   0.0000189776   0.0001780415  -0.0001067553
       -0.0001935221  -0.0009115019   0.0001251377   0.0008516093   0.1454288390
       -0.0183116883  -0.1334710585   0.0005503956  -0.0000646908   0.0008220048
        0.0002710509  -0.0000363047  -0.0005482270  -0.0000667285   0.0004112518
       -0.0003029268
        0.0149698467  -0.0360231890  -0.0225073111   0.0014060151   0.0000970815
       -0.0012334991   0.0006050398   0.0077702108  -0.0004376823  -0.0001330160
        0.0002413157  -0.0000965098   0.0001653708   0.0064631040  -0.0012366473
        0.0005093610   0.0004660188  -0.0024230065   0.0003353919  -0.0022657614
        0.0001174263   0.0006304169   0.0001605012   0.0002601321  -0.0000348039
       -0.0000742361  -0.0001433846  -0.0000091426   0.0000469695   0.0000226209
        0.0000967204  -0.0000244644  -0.0001316703  -0.0004863387   0.0000005367
       -0.0000857967   0.0000447412  -0.0000811324   0.0000374577  -0.0000387825
       -0.0000370244  -0.0000201250  -0.0000352285  -0.0000179602   0.0000012869
        0.0000351949  -0.0000280173  -0.0000058631  -0.0001079249  -0.0011546577
        0.0002118904   0.0000700356  -0.0000766079  -0.0000388446  -0.0183116883
        0.0274703438   0.0270281887  -0.0002405448  -0.0025539923   0.0003203154
        0.0001000027   0.0000323286  -0.0001077922   0.0004293334  -0.0004113675
        0.0004688145
        0.1216689245  -0.0231010740  -0.2193083276   0.0008342625   0.0000364677
        0.0006698302  -0.0003486133  -0.0006719288   0.0010534957  -0.0006106709
        0.0000334986   0.0002445532  -0.0025540698  -0.0011426783  -0.0049028086
        0.0138970544  -0.0033062846  -0.0247792249   0.0010624314   0.0000587710
        0.0005165963  -0.0000163418  -0.0002744612   0.0002008920  -0.0002158305
        0.0001227761   0.0000048167   0.0001025871   0.0001359924   0.0000619553
        0.0001327704  -0.0000090795  -0.0000368013   0.0001717445  -0.0004512576
       -0.0002542621  -0.0000088155   0.0001182769   0.0001002840   0.0000803665
        0.0000685632   0.0000548158   0.0000246993   0.0000126307   0.0000446191
        0.0000091834   0.0001047280   0.0000592087  -0.0001882041   0.0001961474
        0.0003668277  -0.0002563765   0.0000317977   0.0000315136  -0.1334710585
        0.0270281887   0.2460741061  -0.0008049002   0.0003877144   0.0009006917
        0.0008049986  -0.0001096334  -0.0011207070  -0.0003141416   0.0007308444
        0.0000179253
       -0.0147016172  -0.0018422388  -0.0259190730  -0.0916867988  -0.0075391268
       -0.1039018023   0.0061983790   0.0012034898   0.0146908696  -0.0012138675
        0.0006560419   0.0021477363  -0.0001945243   0.0000502111   0.0005661700
       -0.0055725940   0.0007976980  -0.0004341717  -0.0003890638  -0.0001819430
       -0.0012692397  -0.0000726548  -0.0000357457   0.0000034832   0.0000187064
       -0.0000915278   0.0000110209   0.0000497642   0.0000005060   0.0000003276
       -0.0000157373  -0.0000893619   0.0000497849  -0.0003280354   0.0001192471
        0.0000066567  -0.0000254460   0.0001020641   0.0000519084  -0.0000146034
        0.0000211353   0.0000103822  -0.0000276690   0.0000043893   0.0000002254
       -0.0000133263   0.0000065751   0.0000001492   0.0000101472   0.0001091086
        0.0010384778   0.0009899502  -0.0000562670   0.0008028709   0.0005503956
       -0.0002405448  -0.0008049002   0.1064328334   0.0071419358   0.1129745840
       -0.0000016366  -0.0000739093   0.0000762056   0.0000073986  -0.0000617370
       -0.0001016660
        0.0003709951   0.0006746365   0.0008717728  -0.0075480867  -0.0349448867
       -0.0171744483  -0.0011533553   0.0004235547  -0.0035530395   0.0007332734
        0.0072125993  -0.0011882208   0.0002076142  -0.0002127477  -0.0000774067
        0.0003545692   0.0075735438  -0.0004403186   0.0002084440  -0.0000279031
        0.0000056606  -0.0000712597   0.0000154256   0.0000766995   0.0000609224
        0.0000196808   0.0000024540  -0.0000022452  -0.0000047299  -0.0000100702
        0.0000387637  -0.0000235783  -0.0000143994  -0.0000248872   0.0000171373
        0.0000097533   0.0000006139  -0.0000447340  -0.0000025724   0.0000132292
        0.0000133891   0.0000102631  -0.0000095952  -0.0000036877   0.0000008133
       -0.0000071072   0.0000106767   0.0000013524  -0.0000527782  -0.0001599337
       -0.0001514815  -0.0001615932  -0.0018849633   0.0002296108  -0.0000646908
       -0.0025539923   0.0003877144   0.0071419358   0.0253479844   0.0208605979
       -0.0000514386  -0.0014513796   0.0001452775   0.0000166766   0.0000039081
        0.0000099877
       -0.0036404723  -0.0002526916  -0.0037007132  -0.1031155524  -0.0172678384
       -0.2567695134  -0.0091959205  -0.0022946366  -0.0261099585   0.0027120915
       -0.0011930230  -0.0026667909   0.0005607677   0.0000380003   0.0004079549
       -0.0006037306  -0.0006233262   0.0012479631  -0.0001051719  -0.0000557270
       -0.0001988971   0.0000122553  -0.0000179421   0.0000078413  -0.0000296474
       -0.0000331318  -0.0000189556   0.0000123144   0.0000136203   0.0000040147
       -0.0000412320   0.0000158207   0.0000155809  -0.0000394007   0.0000076625
       -0.0000349728   0.0000068543  -0.0000053979   0.0000009084  -0.0000170272
       -0.0000119351  -0.0000014168   0.0000003103   0.0000007355   0.0000080819
       -0.0000200393   0.0000466722   0.0000176980  -0.0003287526  -0.0000293881
       -0.0010069890   0.0000291939   0.0003050751   0.0008382134   0.0008220048
        0.0003203154   0.0009006917   0.1129745840   0.0208605979   0.2870153668
        0.0000207595   0.0001545520   0.0000525576  -0.0000141887   0.0000219861
       -0.0000086652
       -0.0013492319   0.0006405338   0.0030026132  -0.0003570084   0.0000300237
        0.0003411130  -0.0044830512   0.0005341514  -0.0001109312  -0.0158593243
       -0.0016310268  -0.0271596982  -0.0872239782  -0.0050230378  -0.1002938569
        0.0066082555   0.0007739913   0.0131645900   0.0008610127   0.0000028607
        0.0008903583  -0.0000516606   0.0000948750   0.0000233577  -0.0000101878
        0.0000937764   0.0000196864  -0.0000866599  -0.0000227943  -0.0000478009
       -0.0002356142   0.0001063918  -0.0000356548  -0.0004522051   0.0005479721
        0.0003832629  -0.0006686457  -0.0020960811   0.0000327199  -0.0000088787
       -0.0000217446  -0.0000114160   0.0000957347  -0.0000214731   0.0000099684
        0.0000472779  -0.0000872101  -0.0000340804   0.0004302259  -0.0001852710
       -0.0004440410  -0.0009519696  -0.0000724780  -0.0010650985   0.0002710509
        0.0001000027   0.0008049986  -0.0000016366  -0.0000514386   0.0000207595
        0.1033831652   0.0064046492   0.1105503538   0.0000433293  -0.0001166727
       -0.0000412036
        0.0006983049   0.0068645637  -0.0011318775  -0.0000257706  -0.0002266842
        0.0000855558   0.0004826443   0.0073914642  -0.0007220328   0.0002281258
        0.0009665181   0.0010304627  -0.0054348007  -0.0333099381  -0.0141285263
        0.0000190690   0.0005278573  -0.0031523545  -0.0005377444  -0.0026043680
       -0.0000691198   0.0003980806  -0.0001963098  -0.0000741443   0.0000093574
        0.0000160412  -0.0001432666   0.0000152447   0.0000142477   0.0000230465
        0.0001579297  -0.0001629864  -0.0001916145  -0.0007460550   0.0006987503
        0.0003132644  -0.0015947965  -0.0015938870   0.0004113919  -0.0000870419
       -0.0000841337  -0.0000619669   0.0000485797  -0.0000281975   0.0000096328
        0.0000229860  -0.0000340324  -0.0000117696  -0.0000275142  -0.0019745509
        0.0002481923   0.0000585371  -0.0001551696   0.0000794734  -0.0000363047
        0.0000323286  -0.0001096334  -0.0000739093  -0.0014513796   0.0001545520
        0.0064046492   0.0253350382   0.0174202757   0.0000204287  -0.0000251721
        0.0000204586
        0.0032448954  -0.0011794966  -0.0035706046   0.0003943945   0.0000781810
        0.0005792101  -0.0005717293  -0.0005605249   0.0005193768  -0.0035249010
       -0.0002495297  -0.0044085376  -0.1011320949  -0.0142376728  -0.2621584483
       -0.0080663923  -0.0020753653  -0.0241569963  -0.0008789175   0.0001323370
        0.0005943894  -0.0000655660  -0.0002722505  -0.0000607019  -0.0001825779
       -0.0000041705  -0.0000670604  -0.0000423474   0.0001018539   0.0000747136
        0.0000222543  -0.0001519771  -0.0001618586   0.0003837204  -0.0005225451
       -0.0001876054  -0.0002419916   0.0009602832   0.0006421814   0.0000882600
        0.0001721751   0.0000933110   0.0000657628   0.0000208972  -0.0000046627
       -0.0000380695   0.0000284796   0.0000251894   0.0003816928   0.0002253651
        0.0013448450   0.0001979035  -0.0000253693  -0.0000395496  -0.0005482270
       -0.0001077922  -0.0011207070   0.0000762056   0.0001452775   0.0000525576
        0.1105503538   0.0174202757   0.2919779159  -0.0001126287   0.0001015687
        0.0000330421
       -0.0002419221   0.0001306108   0.0001399084  -0.0002091536  -0.0000901500
       -0.0000027858  -0.0001245060  -0.0000239908  -0.0000581001  -0.0000779842
       -0.0000142640   0.0001254625  -0.0000327158   0.0000617328   0.0000187191
        0.0006709813   0.0008212023   0.0009788119   0.0065723435   0.0082588998
        0.0055131681  -0.1116257317  -0.0972341212  -0.0659732304  -0.0184314530
       -0.0206470179  -0.0144999133  -0.0044062800   0.0007972521  -0.0007215162
       -0.0004116214   0.0003557685   0.0001271740  -0.0006318650   0.0020156811
        0.0003854204   0.0000472170   0.0007173224   0.0004115582   0.0000843294
        0.0000849172   0.0001793182  -0.0010390009  -0.0007379129  -0.0005345946
        0.0003914097  -0.0003963792  -0.0000363337   0.0000722712  -0.0000153366
       -0.0001046665   0.0001220066   0.0000051737  -0.0000163393  -0.0000667285
        0.0004293334  -0.0003141416   0.0000073986   0.0000166766  -0.0000141887
        0.0000433293   0.0000204287  -0.0001126287   0.1292876757   0.1054441732
        0.0745088981
        0.0003186420   0.0001491579  -0.0003230591   0.0001566711   0.0000219596
        0.0001344984  -0.0000143555  -0.0000051273   0.0002351625  -0.0001559384
        0.0000314682  -0.0001135090  -0.0001649671  -0.0000020561  -0.0002349500
       -0.0007827210  -0.0002013195   0.0010966765  -0.0098674117  -0.0179215502
       -0.0123910047  -0.0980738050  -0.1742488059  -0.0957400168  -0.0005525569
        0.0004966589   0.0000942603   0.0003570851   0.0019335922  -0.0028101178
        0.0002500193   0.0000867131  -0.0000764772   0.0025702852  -0.0010659998
       -0.0045415603  -0.0003831224  -0.0006894463  -0.0004126559   0.0001294230
       -0.0000483362   0.0005803984   0.0004106095   0.0000127677   0.0001171281
        0.0003196865   0.0003586059   0.0013582022  -0.0001015746   0.0000375772
        0.0001181209  -0.0000929843   0.0000087699   0.0000214844   0.0004112518
       -0.0004113675   0.0007308444  -0.0000617370   0.0000039081   0.0000219861
       -0.0001166727  -0.0000251721   0.0001015687   0.1054441732   0.1914780018
        0.1120330202
       -0.0006033452   0.0001852681   0.0002317092   0.0000840671  -0.0001130257
       -0.0001482340  -0.0000292804  -0.0000044110   0.0001396777  -0.0001057181
       -0.0001480937  -0.0000751650   0.0004466857  -0.0000144411  -0.0002652507
       -0.0004959369   0.0012087267  -0.0017921744  -0.0048097115  -0.0104489272
       -0.0064489775  -0.0663038646  -0.0951675014  -0.0958889786  -0.0027690641
       -0.0020838819  -0.0012018153  -0.0009258565  -0.0025711990   0.0048757961
        0.0001741993  -0.0001847824   0.0001725195   0.0007127095  -0.0047031018
        0.0039255956  -0.0002253558  -0.0003426458  -0.0003004456   0.0002302391
        0.0006139204  -0.0005358575   0.0000541949  -0.0000420815  -0.0000362604
        0.0004579610   0.0012483735  -0.0010366243   0.0000222492   0.0000124265
       -0.0000314221   0.0000227255   0.0000230962  -0.0000085329  -0.0003029268
        0.0004688145   0.0000179253  -0.0001016660   0.0000099877  -0.0000086652
       -0.0000412036   0.0000204586   0.0000330421   0.0745088981   0.1120330202
        0.0983821381
