           1           2   1.00378125679010     
           2           3   1.02498307603938     
           3           4   1.92740599034977     
           4           5   1.03777337988869     
           1           6  0.988137773979746     
           1           7  0.987053598329995     
           1           8  0.989064203412104     
           2           9  0.965053262713563     
           2          10  0.971687401210831     
           3          11  0.966631918795619     
           4          12  0.967328630152698     
           5          13  0.970655226340936     
           5          14  0.972481036851382     
           5          15  0.980270995065735     
