$hessian                                                                        
        0.4821245427  -0.0128495757  -0.0337212911  -0.1330633812  -0.0286782120
       -0.0623370898  -0.0279523064   0.0040778492  -0.0135509696   0.0003768936
        0.0020919336  -0.0018060569  -0.0001836930  -0.0000663024  -0.0002156194
       -0.1549967093   0.1195467820   0.0071151944  -0.0853911024  -0.0855246509
        0.0293961718  -0.0731650352   0.0077568570   0.0800378961  -0.0135561409
       -0.0068608351  -0.0096397639   0.0051980177   0.0008125093   0.0023539203
        0.0007672416  -0.0007881493   0.0005643508  -0.0002467219   0.0004978854
        0.0019160728   0.0000331310  -0.0000684315  -0.0001463304   0.0000407333
       -0.0000149339  -0.0000460051   0.0000145303   0.0000672743   0.0000795201
       -0.0128495757   0.5197503939  -0.0097412937  -0.0232985639  -0.0719928440
       -0.0159755284   0.0163182005   0.0036971045   0.0120347990   0.0014029881
       -0.0022541636   0.0007582726   0.0000522284   0.0000776981   0.0003801902
        0.1199589012  -0.1711166089  -0.0049195753  -0.0860734229  -0.2229284764
        0.0575350741   0.0076364648  -0.0475720870  -0.0188257881  -0.0216716103
       -0.0085767041  -0.0158515245  -0.0028320061   0.0002213780  -0.0034447754
        0.0009940621   0.0006209247   0.0001488541   0.0002100430  -0.0004536937
       -0.0018956304   0.0001495525   0.0001517777  -0.0001028872   0.0000507579
        0.0001178720  -0.0000887650  -0.0000480195   0.0002574290  -0.0000114221
       -0.0337212911  -0.0097412937   0.4948822173  -0.0586618878  -0.0196238435
       -0.1151239607  -0.0061179552   0.0032915250   0.0001501965   0.0010040648
       -0.0001773762  -0.0006335791   0.0001098416  -0.0000917671  -0.0001039888
        0.0072242067  -0.0048725122  -0.0440583413   0.0293470231   0.0578498237
       -0.0629698322   0.0800499461  -0.0188067497  -0.2517381594   0.0031404586
        0.0006897495   0.0040161924  -0.0226527801  -0.0082768286  -0.0250309931
        0.0002390831  -0.0002330651   0.0004560710   0.0000761710  -0.0000065728
        0.0001033674  -0.0001183761   0.0000037449   0.0000942614   0.0000256195
        0.0000341162  -0.0000465418   0.0000558757  -0.0000389506   0.0000030905
       -0.1330633812  -0.0232985639  -0.0586618878   0.4643553796   0.0188204698
       -0.0340735757  -0.1279263665   0.0729509120   0.0035611310  -0.0285852603
        0.0220211837   0.0027421062   0.0010531041  -0.0001675819  -0.0009932379
       -0.0202872108  -0.0031140765  -0.0149818840  -0.0135206408  -0.0073514467
       -0.0090906535   0.0060692489   0.0013586274   0.0021636008  -0.0796215708
       -0.0821474350   0.0284092716  -0.0683832318   0.0054514374   0.0773865034
        0.0047447176  -0.0049617994  -0.0000102596  -0.0028363797   0.0000443539
        0.0032207154  -0.0017110579   0.0001390571   0.0003647039  -0.0001227766
        0.0002016267  -0.0002207578  -0.0001645738   0.0000532355   0.0001842239
       -0.0286782120  -0.0719928440  -0.0196238435   0.0188204698   0.5203411903
       -0.0195271722   0.0732405255  -0.1538020081   0.0021663774   0.0083403738
        0.0018275220  -0.0026735802   0.0000370899  -0.0002530653  -0.0005153267
        0.0164512152   0.0040223330   0.0128348422  -0.0217953618  -0.0091242613
       -0.0161377336  -0.0020722665  -0.0002562485  -0.0027984369  -0.0816796029
       -0.2205115596   0.0566177520   0.0042054406  -0.0463739607  -0.0149213214
        0.0161232990  -0.0257920897   0.0012286953  -0.0008283626   0.0020736222
        0.0028279244  -0.0018659928   0.0000179841   0.0004539090  -0.0001055293
       -0.0000701650   0.0000386946  -0.0001930857  -0.0001064495   0.0000292197
       -0.0623370898  -0.0159755284  -0.1151239607  -0.0340735757  -0.0195271722
        0.4831371152   0.0050325233   0.0013200620  -0.0603537996   0.0054128964
       -0.0060072566   0.0001960227  -0.0009503641  -0.0005794453  -0.0029833390
       -0.0033715762   0.0002329874  -0.0012410576   0.0036736625  -0.0001037508
        0.0044181944  -0.0221223776  -0.0073888997  -0.0233012386   0.0279194175
        0.0567102357  -0.0632351195   0.0805725797  -0.0176476366  -0.2331360646
       -0.0047527980   0.0070431563   0.0008457557   0.0041704862   0.0022600022
        0.0113132255   0.0006960977  -0.0000574924  -0.0004737050   0.0003485970
        0.0001704741  -0.0000869205  -0.0002184790  -0.0004497357   0.0000248916
       -0.0279523064   0.0163182005  -0.0061179552  -0.1279263665   0.0732405255
        0.0050325233   0.8009831393   0.0132804231  -0.1654945477  -0.5175504504
       -0.0254053658   0.1250041792  -0.0203008170  -0.0112287973   0.0075570406
       -0.0044406985  -0.0001245315  -0.0034344933   0.0002520064   0.0006663705
        0.0002910832   0.0010951342   0.0003065917   0.0009250979   0.0083267924
       -0.0059269733  -0.0008086341  -0.0154401435   0.0134152263   0.0056988658
       -0.0728180048  -0.0789464289   0.0263510328  -0.0260679884   0.0036010377
        0.0055663687   0.0005853476   0.0016180530  -0.0005045137   0.0005751168
       -0.0006244092  -0.0009285046   0.0006792386  -0.0001899224   0.0008624571
        0.0040778492   0.0036971045   0.0032915250   0.0729509120  -0.1538020081
        0.0013200620   0.0132804231   0.5113337093  -0.0868652053  -0.0313460271
       -0.0799655317   0.0191806092  -0.0260245299  -0.0034669625   0.0068479231
       -0.0015731722   0.0003362263  -0.0009779431  -0.0014126421   0.0009023399
       -0.0004621837  -0.0003381039   0.0002363609  -0.0000683873   0.0168094455
       -0.0266934900   0.0017888789   0.0075323917  -0.0042668964  -0.0027467832
       -0.0758918251  -0.2406310721   0.0628434277   0.0265434661  -0.0025148147
       -0.0062035298   0.0000265087   0.0009070335  -0.0002292527  -0.0020816838
       -0.0028487386   0.0012469884  -0.0025530123  -0.0032232605   0.0010338707
       -0.0135509696   0.0120347990   0.0001501965   0.0035611310   0.0021663774
       -0.0603537996  -0.1654945477  -0.0868652053   0.1860892352   0.1262784610
        0.0173522750  -0.0646387449   0.0106062031   0.0037303570  -0.0030452516
       -0.0036011184  -0.0001986456  -0.0019710068   0.0008519678   0.0004184232
        0.0004144050  -0.0006033167   0.0006800604   0.0004452890  -0.0056121249
        0.0076399357   0.0004256465   0.0206390629  -0.0207032392  -0.0016259224
        0.0261407361   0.0637131563  -0.0535912534   0.0002347321  -0.0005518895
       -0.0011136459  -0.0000567813  -0.0007114354   0.0000543023   0.0012427097
        0.0017928824  -0.0008878748  -0.0006361451  -0.0004978514  -0.0003515749
        0.0003768936   0.0014029881   0.0010040648  -0.0285852603   0.0083403738
        0.0054128964  -0.5175504504  -0.0313460271   0.1262784610   0.8051640069
       -0.0058553489  -0.1649625347  -0.1023161185  -0.0598914955   0.0236787225
       -0.0001140148  -0.0002413258  -0.0005473452   0.0000012500   0.0000334400
        0.0001069016  -0.0000099597   0.0001102852  -0.0001272990   0.0008199611
       -0.0017636223   0.0000057612  -0.0001168599   0.0007246760  -0.0006878013
       -0.0180857966  -0.0052699429   0.0055590551  -0.1190717341   0.1161500951
       -0.0051179218   0.0103710795   0.0137784347  -0.0055484259  -0.0121680200
       -0.0132928547   0.0094965240  -0.0187149770  -0.0228796758   0.0054489416
        0.0020919336  -0.0022541636  -0.0001773762   0.0220211837   0.0018275220
       -0.0060072566  -0.0254053658  -0.0799655317   0.0173522750  -0.0058553489
        0.5115921624  -0.0830466785  -0.0598711172  -0.1755417595   0.0403647944
        0.0008996665   0.0001971414   0.0006197829  -0.0001398629  -0.0002982836
       -0.0000144945  -0.0001030807   0.0001124671  -0.0000351783  -0.0001142693
        0.0003964554  -0.0001887998   0.0032002718  -0.0029479497  -0.0006791884
       -0.0285240581  -0.0070297158   0.0083040178   0.1136815944  -0.2125429268
        0.0113913316  -0.0086502641  -0.0267021218   0.0079864573  -0.0027808918
        0.0019377941   0.0029140004  -0.0104503911  -0.0087810898   0.0012163128
       -0.0018060569   0.0007582726  -0.0006335791   0.0027421062  -0.0026735802
        0.0001960227   0.1250041792   0.0191806092  -0.0646387449  -0.1649625347
       -0.0830466785   0.1830322733   0.0232543362   0.0396299170  -0.0741913308
       -0.0004315602   0.0001301283  -0.0000874119  -0.0000012751   0.0000361528
       -0.0000481687   0.0000648148  -0.0000532983   0.0000822058  -0.0002720636
        0.0003053367  -0.0000676438   0.0004570056  -0.0006215369  -0.0001897759
        0.0103029673   0.0025552896  -0.0043564892  -0.0044217699   0.0108960238
       -0.0356314135   0.0002508325   0.0037080221  -0.0004421431   0.0173720210
        0.0231138561  -0.0101268600  -0.0075530024  -0.0139185144   0.0071030590
       -0.0001836930   0.0000522284   0.0001098416   0.0010531041   0.0000370899
       -0.0009503641  -0.0203008170  -0.0260245299   0.0106062031  -0.1023161185
       -0.0598711172   0.0232543362   0.4992933665  -0.0316647585   0.0030265037
       -0.0000871936   0.0000133205  -0.0000130963   0.0000872867   0.0001159491
       -0.0000772855  -0.0000078385  -0.0000454199   0.0000606836  -0.0021454405
       -0.0006438191   0.0005607066  -0.0001828876  -0.0003336048  -0.0000737081
       -0.0031571080   0.0000608440   0.0039184735   0.0061893703   0.0117708815
       -0.0034319947  -0.1318644271   0.1176360243  -0.0118511630  -0.0823338440
        0.0208457944   0.0873296389  -0.1640437598  -0.0319488829  -0.1124687754
       -0.0000663024   0.0000776981  -0.0000917671  -0.0001675819  -0.0002530653
       -0.0005794453  -0.0112287973  -0.0034669625   0.0037303570  -0.0598914955
       -0.1755417595   0.0396299170  -0.0316647585   0.4999767571   0.0030648105
       -0.0000108429  -0.0000228482  -0.0000166705   0.0000894366   0.0000160706
        0.0000505023  -0.0000549997   0.0000310467   0.0000480764   0.0013904258
        0.0003707662  -0.0005504503   0.0001138994   0.0000697126  -0.0001084201
        0.0009103168   0.0021244461   0.0020846665  -0.0099888465  -0.0258127209
        0.0082269435   0.1167008278  -0.1966855678   0.0148640239   0.0230685141
       -0.0500413805  -0.0403292744  -0.0291997958  -0.0508421927  -0.0300232693
       -0.0002156194   0.0003801902  -0.0001039888  -0.0009932379  -0.0005153267
       -0.0029833390   0.0075570406   0.0068479231  -0.0030452516   0.0236787225
        0.0403647944  -0.0741913308   0.0030265037   0.0030648105   0.4845034672
       -0.0000827368  -0.0000780981  -0.0000087372  -0.0000126108  -0.0000301441
        0.0000849434   0.0000680140   0.0000551549   0.0000712310   0.0000985014
        0.0000575775  -0.0003186585   0.0002254581  -0.0001741645   0.0000189286
        0.0037094072   0.0022692653   0.0113444564   0.0011519801   0.0033720287
        0.0003787372  -0.0116006198   0.0144262489  -0.0462165478   0.0886658741
       -0.0373516174  -0.2269802618  -0.1152766771  -0.0326886426  -0.1425536480
       -0.1549967093   0.1199589012   0.0072242067  -0.0202872108   0.0164512152
       -0.0033715762  -0.0044406985  -0.0015731722  -0.0036011184  -0.0001140148
        0.0008996665  -0.0004315602  -0.0000871936  -0.0000108429  -0.0000827368
        0.1807588900  -0.1389868622  -0.0047633816   0.0083902168  -0.0083148887
       -0.0001658631  -0.0101681194   0.0114643285   0.0035797175   0.0001607741
        0.0002973405   0.0004002875   0.0008497068   0.0000633527   0.0004500009
        0.0000288250  -0.0002506783   0.0000980388  -0.0000657707   0.0001040388
        0.0006669763  -0.0000690990   0.0000068400  -0.0000219798   0.0000310136
       -0.0000443038   0.0000302027   0.0000093896  -0.0000649352  -0.0000112143
        0.1195467820  -0.1711166089  -0.0048725122  -0.0031140765   0.0040223330
        0.0002329874  -0.0001245315   0.0003362263  -0.0001986456  -0.0002413258
        0.0001971414   0.0001301283   0.0000133205  -0.0000228482  -0.0000780981
       -0.1389868622   0.1957953761   0.0067273578   0.0195696648  -0.0268308004
       -0.0003878497   0.0039681541  -0.0036261743  -0.0016398646  -0.0003303056
        0.0006335377  -0.0001540225  -0.0001270995   0.0001260121   0.0002921237
       -0.0001537284   0.0003392648  -0.0001064440  -0.0000730390   0.0000468674
        0.0000768552   0.0000310197   0.0000443426  -0.0000208230   0.0000013664
        0.0000231510  -0.0000230483   0.0000206610   0.0000321794   0.0000218557
        0.0071151944  -0.0049195753  -0.0440583413  -0.0149818840   0.0128348422
       -0.0012410576  -0.0034344933  -0.0009779431  -0.0019710068  -0.0005473452
        0.0006197829  -0.0000874119  -0.0000130963  -0.0000166705  -0.0000087372
       -0.0047633816   0.0067273578   0.0492837981  -0.0059658507   0.0084508119
        0.0007386695   0.0223802109  -0.0234608520  -0.0038514737   0.0004396215
        0.0001942398   0.0003329428  -0.0002091786   0.0005561453   0.0004343539
        0.0000898822  -0.0000924300   0.0000043897  -0.0001087316   0.0001130968
        0.0004197836   0.0000034210  -0.0000125179  -0.0000222981  -0.0000309049
       -0.0000249849   0.0000185530   0.0000265364   0.0000086971   0.0000078361
       -0.0853911024  -0.0860734229   0.0293470231  -0.0135206408  -0.0217953618
        0.0036736625   0.0002520064  -0.0014126421   0.0008519678   0.0000012500
       -0.0001398629  -0.0000012751   0.0000872867   0.0000894366  -0.0000126108
        0.0083902168   0.0195696648  -0.0059658507   0.0990587670   0.1019641380
       -0.0309731646  -0.0057101349  -0.0120028831   0.0066700852  -0.0037692679
       -0.0016186544  -0.0035972964   0.0007647548   0.0003196741   0.0005779358
       -0.0003154935   0.0007157728  -0.0003834506   0.0000389637   0.0000569615
       -0.0000806075   0.0000541093   0.0001591429  -0.0000643611   0.0000304003
        0.0000696045  -0.0000251095   0.0000288845   0.0000984319  -0.0000169481
       -0.0855246509  -0.2229284764   0.0578498237  -0.0073514467  -0.0091242613
       -0.0001037508   0.0006663705   0.0009023399   0.0004184232   0.0000334400
       -0.0002982836   0.0000361528   0.0001159491   0.0000160706  -0.0000301441
       -0.0083148887  -0.0268308004   0.0084508119   0.1019641380   0.2569908251
       -0.0663518381  -0.0003264544   0.0002980351   0.0015149428  -0.0016248020
        0.0001788374  -0.0017608263   0.0003186087   0.0000839234   0.0000862719
       -0.0000571584   0.0004671700   0.0000070186   0.0000394882   0.0000723780
       -0.0000638736   0.0000481813   0.0000825603  -0.0000296920   0.0000186438
        0.0000418775  -0.0000000705  -0.0000054185   0.0000478045  -0.0000232496
        0.0293961718   0.0575350741  -0.0629698322  -0.0090906535  -0.0161377336
        0.0044181944   0.0002910832  -0.0004621837   0.0004144050   0.0001069016
       -0.0000144945  -0.0000481687  -0.0000772855   0.0000505023   0.0000849434
       -0.0001658631  -0.0003878497   0.0007386695  -0.0309731646  -0.0663518381
        0.0708680426   0.0143845104   0.0277807300  -0.0124291669  -0.0036433586
       -0.0014932403  -0.0016785668  -0.0001790390  -0.0006367458   0.0007477229
       -0.0000776234   0.0000918508  -0.0000043819   0.0000271217  -0.0000328757
       -0.0000720524   0.0000079699   0.0000162855  -0.0000833279  -0.0000220919
        0.0000268376  -0.0000034214   0.0000153211   0.0000156812   0.0000169406
       -0.0731650352   0.0076364648   0.0800499461   0.0060692489  -0.0020722665
       -0.0221223776   0.0010951342  -0.0003381039  -0.0006033167  -0.0000099597
       -0.0001030807   0.0000648148  -0.0000078385  -0.0000549997   0.0000680140
       -0.0101681194   0.0039681541   0.0223802109  -0.0057101349  -0.0003264544
        0.0143845104   0.0840284650  -0.0078218756  -0.0898976428   0.0007705460
        0.0003496820  -0.0001500536  -0.0029472173  -0.0011250452  -0.0042558278
       -0.0000282291  -0.0000472530   0.0000433224   0.0000841069  -0.0000131598
        0.0000250334   0.0000002633  -0.0000649678  -0.0000767071  -0.0000861274
        0.0000050538   0.0000498991   0.0000748973   0.0000078518   0.0000401745
        0.0077568570  -0.0475720870  -0.0188067497   0.0013586274  -0.0002562485
       -0.0073888997   0.0003065917   0.0002363609   0.0006800604   0.0001102852
        0.0001124671  -0.0000532983  -0.0000454199   0.0000310467   0.0000551549
        0.0114643285  -0.0036261743  -0.0234608520  -0.0120028831   0.0002980351
        0.0277807300  -0.0078218756   0.0506895070   0.0232034001   0.0003025500
        0.0000368841  -0.0005910894  -0.0012715148   0.0003869185  -0.0013850993
       -0.0001119716  -0.0001182498   0.0000675096   0.0000021177  -0.0000735930
       -0.0000830805  -0.0000524330  -0.0000785219  -0.0000650567  -0.0000235889
        0.0000041383   0.0000284449   0.0000283292  -0.0000704831   0.0000188257
        0.0800378961  -0.0188257881  -0.2517381594   0.0021636008  -0.0027984369
       -0.0233012386   0.0009250979  -0.0000683873   0.0004452890  -0.0001272990
       -0.0000351783   0.0000822058   0.0000606836   0.0000480764   0.0000712310
        0.0035797175  -0.0016398646  -0.0038514737   0.0066700852   0.0015149428
       -0.0124291669  -0.0898976428   0.0232034001   0.2930025784   0.0005876750
        0.0001257697   0.0007119574  -0.0041205632  -0.0013588619  -0.0028293160
        0.0000928542   0.0000171645  -0.0000766063   0.0000500204  -0.0000169535
       -0.0001223540  -0.0000609770  -0.0001466369  -0.0000864285  -0.0000876205
       -0.0000064395   0.0001026655   0.0001264718  -0.0000128065   0.0000188165
       -0.0135561409  -0.0216716103   0.0031404586  -0.0796215708  -0.0816796029
        0.0279194175   0.0083267924   0.0168094455  -0.0056121249   0.0008199611
       -0.0001142693  -0.0002720636  -0.0021454405   0.0013904258   0.0000985014
        0.0001607741  -0.0003303056   0.0004396215  -0.0037692679  -0.0016248020
       -0.0036433586   0.0007705460   0.0003025500   0.0005876750   0.0988897795
        0.0964340328  -0.0305060878  -0.0054728589  -0.0118209414   0.0065306376
       -0.0022660528   0.0037723198   0.0000732751   0.0001310152  -0.0002795776
        0.0000618562  -0.0025586691  -0.0008198916   0.0012037754   0.0002146078
       -0.0001600427   0.0000974959   0.0000765246  -0.0002077304  -0.0001190795
       -0.0068608351  -0.0085767041   0.0006897495  -0.0821474350  -0.2205115596
        0.0567102357  -0.0059269733  -0.0266934900   0.0076399357  -0.0017636223
        0.0003964554   0.0003053367  -0.0006438191   0.0003707662   0.0000575775
        0.0002973405   0.0006335377   0.0001942398  -0.0016186544   0.0001788374
       -0.0014932403   0.0003496820   0.0000368841   0.0001257697   0.0964340328
        0.2560239697  -0.0659729574  -0.0013704252  -0.0003149979   0.0020064865
        0.0034449879  -0.0037461825   0.0000957179  -0.0004349532   0.0003464588
       -0.0000155000   0.0002851698   0.0015786201  -0.0002953921  -0.0000176564
        0.0001554940   0.0000208984  -0.0000268388   0.0001219108  -0.0000688576
       -0.0096397639  -0.0158515245   0.0040161924   0.0284092716   0.0566177520
       -0.0632351195  -0.0008086341   0.0017888789   0.0004256465   0.0000057612
       -0.0001887998  -0.0000676438   0.0005607066  -0.0005504503  -0.0003186585
        0.0004002875  -0.0001540225   0.0003329428  -0.0035972964  -0.0017608263
       -0.0016785668  -0.0001500536  -0.0005910894   0.0007119574  -0.0305060878
       -0.0659729574   0.0704865562   0.0146634146   0.0265830541  -0.0124738904
       -0.0001383965  -0.0000173607   0.0013734931   0.0000710423   0.0000080276
       -0.0000129291   0.0009060836   0.0001074418   0.0006286219   0.0001335878
       -0.0000684387  -0.0001504817  -0.0003099230   0.0000503154  -0.0000381203
        0.0051980177  -0.0028320061  -0.0226527801  -0.0683832318   0.0042054406
        0.0805725797  -0.0154401435   0.0075323917   0.0206390629  -0.0001168599
        0.0032002718   0.0004570056  -0.0001828876   0.0001138994   0.0002254581
        0.0008497068  -0.0001270995  -0.0002091786   0.0007647548   0.0003186087
       -0.0001790390  -0.0029472173  -0.0012715148  -0.0041205632  -0.0054728589
       -0.0013704252   0.0146634146   0.0860507333  -0.0089474166  -0.0876192419
        0.0004624434  -0.0005372691  -0.0001757079  -0.0010806920  -0.0003201074
       -0.0016242796   0.0002469684   0.0000544958   0.0001331271   0.0000074345
        0.0000652608  -0.0001112492   0.0000438324  -0.0000845300   0.0000013915
        0.0008125093   0.0002213780  -0.0082768286   0.0054514374  -0.0463739607
       -0.0176476366   0.0134152263  -0.0042668964  -0.0207032392   0.0007246760
       -0.0029479497  -0.0006215369  -0.0003336048   0.0000697126  -0.0001741645
        0.0000633527   0.0001260121   0.0005561453   0.0003196741   0.0000839234
       -0.0006367458  -0.0011250452   0.0003869185  -0.0013588619  -0.0118209414
       -0.0003149979   0.0265830541  -0.0089474166   0.0518420182   0.0208577747
        0.0001947935   0.0004276112  -0.0001482533   0.0010672296   0.0003455221
        0.0016949314   0.0002692109   0.0001558636  -0.0000959618  -0.0001527375
        0.0001498478  -0.0000174721   0.0000616359   0.0000949972  -0.0000112046
        0.0023539203  -0.0034447754  -0.0250309931   0.0773865034  -0.0149213214
       -0.2331360646   0.0056988658  -0.0027467832  -0.0016259224  -0.0006878013
       -0.0006791884  -0.0001897759  -0.0000737081  -0.0001084201   0.0000189286
        0.0004500009   0.0002921237   0.0004343539   0.0005779358   0.0000862719
        0.0007477229  -0.0042558278  -0.0013850993  -0.0028293160   0.0065306376
        0.0020064865  -0.0124738904  -0.0876192419   0.0208577747   0.2734575033
       -0.0002444984   0.0000851680   0.0004220746   0.0000395008   0.0000720267
        0.0002187035  -0.0000612598  -0.0000688976  -0.0001447463  -0.0000756508
       -0.0000434526   0.0000886537  -0.0000193764  -0.0000019134   0.0000427683
        0.0007672416   0.0009940621   0.0002390831   0.0047447176   0.0161232990
       -0.0047527980  -0.0728180048  -0.0758918251   0.0261407361  -0.0180857966
       -0.0285240581   0.0103029673  -0.0031571080   0.0009103168   0.0037094072
        0.0000288250  -0.0001537284   0.0000898822  -0.0003154935  -0.0000571584
       -0.0000776234  -0.0000282291  -0.0001119716   0.0000928542  -0.0022660528
        0.0034449879  -0.0001383965   0.0004624434   0.0001947935  -0.0002444984
        0.0914488084   0.0854867974  -0.0347823231   0.0001166094  -0.0016168017
       -0.0010757261  -0.0000512947   0.0003769937  -0.0000675198  -0.0008068748
       -0.0011508206   0.0003609555  -0.0000397912  -0.0000248864   0.0002029998
       -0.0007881493   0.0006209247  -0.0002330651  -0.0049617994  -0.0257920897
        0.0070431563  -0.0789464289  -0.2406310721   0.0637131563  -0.0052699429
       -0.0070297158   0.0025552896   0.0000608440   0.0021244461   0.0022692653
       -0.0002506783   0.0003392648  -0.0000924300   0.0007157728   0.0004671700
        0.0000918508  -0.0000472530  -0.0001182498   0.0000171645   0.0037723198
       -0.0037461825  -0.0000173607  -0.0005372691   0.0004276112   0.0000851680
        0.0854867974   0.2717651007  -0.0737613088   0.0007086384   0.0013672540
       -0.0016866711   0.0002153888   0.0004174584  -0.0001615140  -0.0004009240
       -0.0005718421   0.0001947217   0.0002426838   0.0003599220  -0.0000174228
        0.0005643508   0.0001488541   0.0004560710  -0.0000102596   0.0012286953
        0.0008457557   0.0263510328   0.0628434277  -0.0535912534   0.0055590551
        0.0083040178  -0.0043564892   0.0039184735   0.0020846665   0.0113444564
        0.0000980388  -0.0001064440   0.0000043897  -0.0003834506   0.0000070186
       -0.0000043819   0.0000433224   0.0000675096  -0.0000766063   0.0000732751
        0.0000957179   0.0013734931  -0.0001757079  -0.0001482533   0.0004220746
       -0.0347823231  -0.0737613088   0.0483197391  -0.0015932389  -0.0011299208
       -0.0050208086  -0.0001192018  -0.0002350793   0.0001245093  -0.0011239454
       -0.0017252926   0.0008935456   0.0015805789   0.0023263912  -0.0007344950
       -0.0002467219   0.0002100430   0.0000761710  -0.0028363797  -0.0008283626
        0.0041704862  -0.0260679884   0.0265434661   0.0002347321  -0.1190717341
        0.1136815944  -0.0044217699   0.0061893703  -0.0099888465   0.0011519801
       -0.0000657707  -0.0000730390  -0.0001087316   0.0000389637   0.0000394882
        0.0000271217   0.0000841069   0.0000021177   0.0000500204   0.0001310152
       -0.0004349532   0.0000710423  -0.0010806920   0.0010672296   0.0000395008
        0.0001166094   0.0007086384  -0.0015932389   0.1425068413  -0.1276744078
       -0.0008630899  -0.0005728584  -0.0028264017   0.0011200121   0.0004238882
       -0.0003332528  -0.0001255773   0.0004513500  -0.0000933137   0.0001713406
        0.0004978854  -0.0004536937  -0.0000065728   0.0000443539   0.0020736222
        0.0022600022   0.0036010377  -0.0025148147  -0.0005518895   0.1161500951
       -0.2125429268   0.0108960238   0.0117708815  -0.0258127209   0.0033720287
        0.0001040388   0.0000468674   0.0001130968   0.0000569615   0.0000723780
       -0.0000328757  -0.0000131598  -0.0000735930  -0.0000169535  -0.0002795776
        0.0003464588   0.0000080276  -0.0003201074   0.0003455221   0.0000720267
       -0.0016168017   0.0013672540  -0.0011299208  -0.1276744078   0.2407116073
       -0.0166974004  -0.0031626452  -0.0044762192   0.0019644412   0.0004205360
        0.0005362454  -0.0001067335   0.0004209094   0.0003740131  -0.0001433008
        0.0019160728  -0.0018956304   0.0001033674   0.0032207154   0.0028279244
        0.0113132255   0.0055663687  -0.0062035298  -0.0011136459  -0.0051179218
        0.0113913316  -0.0356314135  -0.0034319947   0.0082269435   0.0003787372
        0.0006669763   0.0000768552   0.0004197836  -0.0000806075  -0.0000638736
       -0.0000720524   0.0000250334  -0.0000830805  -0.0001223540   0.0000618562
       -0.0000155000  -0.0000129291  -0.0016242796   0.0016949314   0.0002187035
       -0.0010757261  -0.0016866711  -0.0050208086  -0.0008630899  -0.0166974004
        0.0279796762   0.0011045906   0.0021508693   0.0008684586  -0.0004136466
        0.0001328734   0.0004696979   0.0000456527   0.0001439569   0.0002215538
        0.0000331310   0.0001495525  -0.0001183761  -0.0017110579  -0.0018659928
        0.0006960977   0.0005853476   0.0000265087  -0.0000567813   0.0103710795
       -0.0086502641   0.0002508325  -0.1318644271   0.1167008278  -0.0116006198
       -0.0000690990   0.0000310197   0.0000034210   0.0000541093   0.0000481813
        0.0000079699   0.0000002633  -0.0000524330  -0.0000609770  -0.0025586691
        0.0002851698   0.0009060836   0.0002469684   0.0002692109  -0.0000612598
       -0.0000512947   0.0002153888  -0.0001192018  -0.0005728584  -0.0031626452
        0.0011045906   0.1541184371  -0.1362634652   0.0121419404  -0.0103391574
        0.0126397374   0.0008424558  -0.0182427727   0.0196292034  -0.0039361755
       -0.0000684315   0.0001517777   0.0000037449   0.0001390571   0.0000179841
       -0.0000574924   0.0016180530   0.0009070335  -0.0007114354   0.0137784347
       -0.0267021218   0.0037080221   0.1176360243  -0.1966855678   0.0144262489
        0.0000068400   0.0000443426  -0.0000125179   0.0001591429   0.0000825603
        0.0000162855  -0.0000649678  -0.0000785219  -0.0001466369  -0.0008198916
        0.0015786201   0.0001074418   0.0000544958   0.0001558636  -0.0000688976
        0.0003769937   0.0004174584  -0.0002350793  -0.0028264017  -0.0044762192
        0.0021508693  -0.1362634652   0.2282505777  -0.0180327758   0.0072566601
       -0.0070752953  -0.0013893483  -0.0009825438   0.0034115079   0.0002415710
       -0.0001463304  -0.0001028872   0.0000942614   0.0003647039   0.0004539090
       -0.0004737050  -0.0005045137  -0.0002292527   0.0000543023  -0.0055484259
        0.0079864573  -0.0004421431  -0.0118511630   0.0148640239  -0.0462165478
       -0.0000219798  -0.0000208230  -0.0000222981  -0.0000643611  -0.0000296920
       -0.0000833279  -0.0000767071  -0.0000650567  -0.0000864285   0.0012037754
       -0.0002953921   0.0006286219   0.0001331271  -0.0000959618  -0.0001447463
       -0.0000675198  -0.0001615140   0.0001245093   0.0011200121   0.0019644412
        0.0008684586   0.0121419404  -0.0180327758   0.0482189060   0.0194059266
       -0.0232432182   0.0001152703  -0.0160884845   0.0170077421  -0.0026351331
        0.0000407333   0.0000507579   0.0000256195  -0.0001227766  -0.0001055293
        0.0003485970   0.0005751168  -0.0020816838   0.0012427097  -0.0121680200
       -0.0027808918   0.0173720210  -0.0823338440   0.0230685141   0.0886658741
        0.0000310136   0.0000013664  -0.0000309049   0.0000304003   0.0000186438
       -0.0000220919  -0.0000861274  -0.0000235889  -0.0000876205   0.0002146078
       -0.0000176564   0.0001335878   0.0000074345  -0.0001527375  -0.0000756508
       -0.0008068748  -0.0004009240  -0.0011239454   0.0004238882   0.0004205360
       -0.0004136466  -0.0103391574   0.0072566601   0.0194059266   0.0960991328
       -0.0205645412  -0.1038847287   0.0084344729  -0.0046889252  -0.0215557469
       -0.0000149339   0.0001178720   0.0000341162   0.0002016267  -0.0000701650
        0.0001704741  -0.0006244092  -0.0028487386   0.0017928824  -0.0132928547
        0.0019377941   0.0231138561   0.0208457944  -0.0500413805  -0.0373516174
       -0.0000443038   0.0000231510  -0.0000249849   0.0000696045   0.0000418775
        0.0000268376   0.0000050538   0.0000041383  -0.0000064395  -0.0001600427
        0.0001554940  -0.0000684387   0.0000652608   0.0001498478  -0.0000434526
       -0.0011508206  -0.0005718421  -0.0017252926  -0.0003332528   0.0005362454
        0.0001328734   0.0126397374  -0.0070752953  -0.0232432182  -0.0205645412
        0.0580241969   0.0444119429   0.0023580812  -0.0003831954  -0.0072195388
       -0.0000460051  -0.0000887650  -0.0000465418  -0.0002207578   0.0000386946
       -0.0000869205  -0.0009285046   0.0012469884  -0.0008878748   0.0094965240
        0.0029140004  -0.0101268600   0.0873296389  -0.0403292744  -0.2269802618
        0.0000302027  -0.0000230483   0.0000185530  -0.0000251095  -0.0000000705
       -0.0000034214   0.0000498991   0.0000284449   0.0001026655   0.0000974959
        0.0000208984  -0.0001504817  -0.0001112492  -0.0000174721   0.0000886537
        0.0003609555   0.0001947217   0.0008935456  -0.0001255773  -0.0001067335
        0.0004696979   0.0008424558  -0.0013893483   0.0001152703  -0.1038847287
        0.0444119429   0.2632294350   0.0071347603  -0.0069009792  -0.0266354587
        0.0000145303  -0.0000480195   0.0000558757  -0.0001645738  -0.0001930857
       -0.0002184790   0.0006792386  -0.0025530123  -0.0006361451  -0.0187149770
       -0.0104503911  -0.0075530024  -0.1640437598  -0.0291997958  -0.1152766771
        0.0000093896   0.0000206610   0.0000265364   0.0000288845  -0.0000054185
        0.0000153211   0.0000748973   0.0000283292   0.0001264718   0.0000765246
       -0.0000268388  -0.0003099230   0.0000438324   0.0000616359  -0.0000193764
       -0.0000397912   0.0002426838   0.0015805789   0.0004513500   0.0004209094
        0.0000456527  -0.0182427727  -0.0009825438  -0.0160884845   0.0084344729
        0.0023580812   0.0071347603   0.1913927542   0.0403268050   0.1311168906
        0.0000672743   0.0002574290  -0.0000389506   0.0000532355  -0.0001064495
       -0.0004497357  -0.0001899224  -0.0032232605  -0.0004978514  -0.0228796758
       -0.0087810898  -0.0139185144  -0.0319488829  -0.0508421927  -0.0326886426
       -0.0000649352   0.0000321794   0.0000086971   0.0000984319   0.0000478045
        0.0000156812   0.0000078518  -0.0000704831  -0.0000128065  -0.0002077304
        0.0001219108   0.0000503154  -0.0000845300   0.0000949972  -0.0000019134
       -0.0000248864   0.0003599220   0.0023263912  -0.0000933137   0.0003740131
        0.0001439569   0.0196292034   0.0034115079   0.0170077421  -0.0046889252
       -0.0003831954  -0.0069009792   0.0403268050   0.0587069072   0.0349566099
        0.0000795201  -0.0000114221   0.0000030905   0.0001842239   0.0000292197
        0.0000248916   0.0008624571   0.0010338707  -0.0003515749   0.0054489416
        0.0012163128   0.0071030590  -0.1124687754  -0.0300232693  -0.1425536480
       -0.0000112143   0.0000218557   0.0000078361  -0.0000169481  -0.0000232496
        0.0000169406   0.0000401745   0.0000188257   0.0000188165  -0.0001190795
       -0.0000688576  -0.0000381203   0.0000013915  -0.0000112046   0.0000427683
        0.0002029998  -0.0000174228  -0.0007344950   0.0001713406  -0.0001433008
        0.0002215538  -0.0039361755   0.0002415710  -0.0026351331  -0.0215557469
       -0.0072195388  -0.0266354587   0.1311168906   0.0349566099   0.1655094736
