           1           2   1.00443441736436     
           2           3   1.02510242472539     
           3           4   1.92734526895837     
           4           5   1.03777571110182     
           1           6  0.987108439514268     
           1           7  0.988093441990449     
           1           8  0.989058174066466     
           2           9  0.971578344945488     
           2          10  0.964270258498453     
           3          11  0.966492510559736     
           4          12  0.967320489845464     
           5          13  0.980223953497630     
           5          14  0.972590841584471     
           5          15  0.970562227600978     
