           1           2  0.996482181678858     
           2           3   1.01160958742389     
           3           4   1.36268793892550     
           4           5   1.46178256069426     
           3           6  0.119939140706549     
           5           6   1.43376283354281     
           4           7  0.124829982490812     
           6           7   1.41070391772572     
           3           8   1.41965483631905     
           7           8   1.44285766773199     
           1           9  0.985254693083761     
           1          10  0.988148821220368     
           1          11  0.987907241881817     
           2          12  0.973171444365493     
           2          13  0.969505182363108     
           4          14  0.962053389394175     
           6          15  0.963707510137863     
           7          16  0.962891387844892     
