           1           2   1.46221165075113     
           2           3   1.32403264402447     
           3           4   1.34623707982986     
           4           5   1.39664763991894     
           1           6   1.43095569965757     
           5           6   1.36957451614663     
           5           7  0.966974348013759     
           7           8   1.45105844616422     
           7           9   1.44668367118359     
           8           9  0.357394022659160     
           3          10   1.19001043917430     
           1          11  0.969234748747226     
           2          12  0.967982805798993     
           4          13  0.959841069211302     
           6          14  0.962866395288210     
          10          15  0.952183814163730     
          10          16  0.951322800237318     
