           1           2   1.02574354733121     
           2           3   1.40602103606431     
           3           4   1.45840957560293     
           2           5  0.107558845000386     
           4           5   1.38851024011156     
           5           6   1.41054284829998     
           2           7   1.39730578593458     
           4           7  0.115193111168433     
           6           7   1.44494917944471     
           5           8   1.02240003272122     
           1           9  0.975607802590103     
           1          10  0.985158875177363     
           1          11  0.969720917994939     
           3          12  0.968219380083829     
           4          13  0.969677579293082     
           7          14  0.962704753703476     
           8          15  0.971416881127514     
           8          16  0.984292543756597     
           8          17  0.970160653061780     
