$hessian                                                                        
        0.6709932868  -0.0325765019   0.0522582049  -0.1306526953   0.1122242660
        0.0530386233  -0.0230034208   0.0282736142   0.0135506708   0.0043243449
       -0.0074726716  -0.0032309113  -0.0477872073  -0.0114493506  -0.0131403104
       -0.1785472649  -0.1251061954  -0.0876639143  -0.0021419627   0.0004607802
        0.0001165315   0.0004758545   0.0002197665   0.0002312882  -0.0000338321
        0.0000168252   0.0000637538  -0.0001083194   0.0000205919   0.0000046519
       -0.0001855000  -0.0001225911   0.0000263776   0.0002457273  -0.0000297757
       -0.0000413591   0.0000564638  -0.0004953139  -0.0004448644   0.0000710381
       -0.0000216303   0.0000207793   0.0001123714   0.0001069133  -0.0000250043
       -0.2951612490   0.0403943776  -0.0104529411   0.0061363764  -0.0142697344
       -0.0075174099  -0.0055799228   0.0014702113  -0.0006657139  -0.0054443976
        0.0014577968  -0.0010862408   0.0062088125   0.0069076065   0.0049324882
        0.0000203659   0.0000111000   0.0000253743   0.0000092117   0.0000086860
       -0.0000043237  -0.0000080814  -0.0000287704   0.0000042493
       -0.0325765019   0.5228251860   0.2258437791   0.0437672282  -0.2430538817
       -0.1038180578   0.0796979251   0.0053080721   0.0113723721  -0.0080171317
       -0.0498298756  -0.0263188819  -0.0624871526   0.0343126838   0.0109219563
       -0.0567499173  -0.1888428136  -0.0871191760   0.0004437816  -0.0001555049
        0.0006408378  -0.0003547383  -0.0000724367   0.0000970826   0.0000278954
        0.0000634926  -0.0004076004   0.0002239079  -0.0001033709   0.0002832518
        0.0001557432   0.0001042316  -0.0001444762  -0.0001978467   0.0000690275
       -0.0000557841   0.0002319813  -0.0001743140   0.0002086576  -0.0000307066
        0.0000201566  -0.0000120176  -0.0000032610   0.0000251141  -0.0000083021
        0.0404082690  -0.0478938181  -0.0025602930   0.0063191299  -0.0189127431
       -0.0103332352   0.0011471742   0.0027692444  -0.0030274724   0.0015233725
        0.0025783841  -0.0028009502  -0.0135538260  -0.0190686194  -0.0127969401
        0.0000069333   0.0000267956   0.0000375499  -0.0000019392   0.0000054582
       -0.0000164611   0.0000196796  -0.0000004686   0.0000141608
        0.0522582049   0.2258437791   0.2512607832   0.0136588194  -0.0954577356
       -0.1000342979   0.0425198249   0.0056580887   0.0094713090  -0.0032463750
       -0.0256788095  -0.0217410260  -0.0416869687   0.0171947646   0.0059306570
       -0.0484010175  -0.0958047328  -0.1090314890   0.0001152829   0.0000782854
        0.0001547935  -0.0000907884  -0.0002276093   0.0001034607  -0.0003753119
        0.0001154452  -0.0000928578   0.0001030867   0.0000007004   0.0001647108
        0.0000899385   0.0000381358  -0.0000824094  -0.0001065012   0.0000813515
       -0.0000167737   0.0002780157  -0.0001124168   0.0001094920  -0.0000197322
        0.0000182702  -0.0000097164   0.0000067392   0.0000154331  -0.0000092012
       -0.0103645659  -0.0025485825  -0.0370664050   0.0042296619  -0.0129187276
       -0.0058964888  -0.0011034514  -0.0028146592   0.0063596031  -0.0007591949
       -0.0029415372   0.0062656091  -0.0071177061  -0.0105573812  -0.0058656750
        0.0000008291   0.0000167924   0.0000271081  -0.0000005111   0.0000017627
       -0.0000102391   0.0000117213  -0.0000006175   0.0000090529
       -0.1306526953   0.0437672282   0.0136588194   0.6580381703  -0.0176193481
        0.0561384431  -0.3331463096   0.0733189120   0.0061363213  -0.0490962017
       -0.0610072404  -0.0410539641  -0.0401347424   0.0296755219   0.0129521373
        0.0579582102   0.0096277192   0.0126817592   0.0019091608  -0.0025242249
       -0.0013376403  -0.0017520894  -0.0008115674  -0.0002413795  -0.0001846931
        0.0003998692  -0.0002914019   0.0002524282  -0.0004859881   0.0004407938
        0.0001153758   0.0003638592  -0.0002056469  -0.0005514681  -0.0000632296
        0.0000896947   0.0005789840   0.0003542103   0.0002494697   0.0000012403
        0.0000377417  -0.0000199376   0.0000969535   0.0001469493  -0.0000303603
       -0.0146351753   0.0245815034   0.0120489957  -0.1337995837  -0.1014852735
       -0.0696321896  -0.0135953188   0.0040287996   0.0005589098  -0.0001471934
        0.0004419224   0.0003931985  -0.0012412555  -0.0027316575  -0.0025848341
        0.0000124535  -0.0000037994   0.0000683630  -0.0000107348   0.0000109289
       -0.0000282900  -0.0000155157  -0.0000228364   0.0000087386
        0.1122242660  -0.2430538817  -0.0954577356  -0.0176193481   0.5335909850
        0.2336857034   0.0054348238  -0.0886393965  -0.0235355187  -0.0090879095
        0.0333313073   0.0187419413   0.0306036874  -0.0195750889  -0.0050009627
       -0.0412117279  -0.0481452256  -0.0335273984  -0.0053106470  -0.0016748072
       -0.0050107593   0.0002872350   0.0000221569  -0.0003834915  -0.0000125687
        0.0003881114   0.0000971583  -0.0005681657   0.0001542256   0.0003122442
       -0.0002943612  -0.0003399802   0.0000341611   0.0004468623   0.0001437373
        0.0001194127  -0.0002837624   0.0002264154  -0.0001625943   0.0001888650
       -0.0000128254   0.0000086180   0.0001098806   0.0001032524  -0.0001079013
        0.0039581125  -0.0048573321  -0.0026899124  -0.1012904720  -0.1566628338
       -0.0818619958   0.0241824648  -0.0047653920  -0.0005377457   0.0005008116
        0.0001746383   0.0003611881  -0.0022670321  -0.0004458937  -0.0051199777
        0.0000066184   0.0000471344   0.0000623919  -0.0000075255   0.0000176159
       -0.0000139428   0.0000098927  -0.0000269230  -0.0000128829
        0.0530386233  -0.1038180578  -0.1000342979   0.0561384431   0.2336857034
        0.2555278587  -0.0316144729  -0.0156748703  -0.0586923747  -0.0118160470
        0.0129300120   0.0045732367   0.0134018713  -0.0051751078  -0.0060407134
       -0.0169464892  -0.0272782559  -0.0159355149  -0.0023246621  -0.0061382728
        0.0041457859  -0.0011591380   0.0002503352   0.0000034301   0.0001803616
        0.0003756149   0.0001511636  -0.0004378217  -0.0002792745  -0.0002236031
       -0.0003449556  -0.0001237872   0.0000425004   0.0004557783  -0.0002567640
       -0.0001308238   0.0007644019   0.0006635189   0.0005275078   0.0002786675
       -0.0000540099   0.0001026268  -0.0001049876   0.0000046202   0.0000297880
        0.0003022088   0.0000262456   0.0006428229  -0.0696648220  -0.0818260341
       -0.0894405800   0.0118800483  -0.0025070766   0.0004159989   0.0003220394
        0.0003254042  -0.0000309831  -0.0024041183  -0.0050998982   0.0044919036
        0.0000732289  -0.0000240775  -0.0000890358  -0.0000098076   0.0000218754
       -0.0000112894  -0.0000083504  -0.0000278432  -0.0000254073
       -0.0230034208   0.0796979251   0.0425198249  -0.3331463096   0.0054348238
       -0.0316144729   0.6666444025  -0.0466062028   0.0401690066  -0.1505992704
       -0.0531848153  -0.0411021010   0.0522175601  -0.0364151024  -0.0157692919
       -0.0537654956  -0.0194323791  -0.0172393906  -0.0483345214  -0.0221873944
       -0.0150213988  -0.0012195031   0.0063884925  -0.0026050850   0.0015732355
       -0.0004855009   0.0003667072  -0.0019786221  -0.0000153946   0.0005638445
        0.0000644189  -0.0008675254   0.0004841341   0.0013130915  -0.0010551284
        0.0002181874  -0.0024969025  -0.0027711716  -0.0029717495  -0.0002463754
        0.0000708196  -0.0001299209  -0.0003880982   0.0001146359  -0.0000554920
       -0.0000949461   0.0026510572   0.0005505098  -0.0213294371   0.0006231240
       -0.0022353403  -0.0846055715   0.0858510587   0.0433973638  -0.0002078536
        0.0026666191   0.0007417285  -0.0004084576  -0.0004515852  -0.0003873645
        0.0000241459  -0.0000149822   0.0001066782  -0.0000050536  -0.0000274086
        0.0000340612  -0.0000070159   0.0000160350  -0.0000204388
        0.0282736142   0.0053080721   0.0056580887   0.0733189120  -0.0886393965
       -0.0156748703  -0.0466062028   0.5311845384   0.2302917965  -0.1113281682
       -0.1871112236  -0.0900636849   0.0079332687  -0.0441685428  -0.0258184542
       -0.0183991042  -0.0045302830  -0.0020105247  -0.0089447935   0.0055030960
        0.0004927294   0.0018519419  -0.0006083267   0.0005778564   0.0001954824
        0.0008593476   0.0000907755  -0.0005064644   0.0003481750  -0.0004565477
       -0.0009113549  -0.0006315818   0.0003138085   0.0023391221   0.0001983606
       -0.0002371811   0.0006616032  -0.0000921715   0.0000682776   0.0006942916
       -0.0001891623   0.0001483569   0.0001971274   0.0000814576   0.0000179422
        0.0028512770  -0.0020441808  -0.0051641113  -0.0197678209   0.0020778246
       -0.0014429005   0.0860665528  -0.2160855630  -0.0918919009   0.0025348056
       -0.0019267993  -0.0051225230  -0.0004636725   0.0005425619   0.0004458619
        0.0000433507  -0.0000795092  -0.0001949890   0.0000177853   0.0000474545
       -0.0000110908  -0.0000515536  -0.0000441480  -0.0000167152
        0.0135506708   0.0113723721   0.0094713090   0.0061363213  -0.0235355187
       -0.0586923747   0.0401690066   0.2302917965   0.2484279127  -0.0775056004
       -0.0831453386  -0.1047645974   0.0118882160  -0.0312678883  -0.0156234381
       -0.0163881989  -0.0020834019  -0.0083651827  -0.0089075478   0.0005943773
        0.0005285247   0.0012472616   0.0010295740   0.0004060032   0.0001951846
       -0.0004235050   0.0003676970  -0.0003449799   0.0000942713   0.0000599231
       -0.0003023607  -0.0001079983   0.0001551479   0.0008733111  -0.0003432661
       -0.0000124367  -0.0011971865  -0.0009180686  -0.0006748955   0.0000555258
       -0.0000626892   0.0000226234   0.0000411183  -0.0000250463  -0.0000745622
        0.0005894316  -0.0051825779   0.0048755532  -0.0140311933   0.0009623872
       -0.0005881898   0.0434932505  -0.0926654976  -0.0798040636   0.0006842643
       -0.0048716666   0.0043593723  -0.0003191340   0.0003697587   0.0000528856
        0.0000823237  -0.0000870271  -0.0001096583   0.0000194709   0.0000033619
       -0.0000077427  -0.0000291555   0.0000015913  -0.0000098104
        0.0043243449  -0.0080171317  -0.0032463750  -0.0490962017  -0.0090879095
       -0.0118160470  -0.1505992704  -0.1113281682  -0.0775056004   0.5839460171
       -0.0240085379   0.0409530744  -0.1118590565   0.0923701769   0.0498919283
       -0.0252138405   0.0266977634   0.0130503862  -0.2012976691   0.0232139314
       -0.0063483727  -0.0351439121  -0.0108328205  -0.0014242890   0.0005324357
        0.0020057603   0.0000136708   0.0017244987  -0.0053059972   0.0013068540
       -0.0001057698   0.0042525932  -0.0000236528  -0.0041632564   0.0008919134
        0.0011848856  -0.0170936572   0.0238486274  -0.0009566219   0.0008138309
       -0.0002865192   0.0001492851  -0.0003142233  -0.0001168119  -0.0000262415
        0.0009361843  -0.0002976631   0.0000884773  -0.0049824632   0.0012073701
       -0.0006852488   0.0062044794   0.0069276923   0.0048254905   0.0066781280
       -0.0134653565  -0.0077081231  -0.0051752237   0.0016263578  -0.0011510170
       -0.0000796108  -0.0002618883  -0.0002539866  -0.0000120371   0.0000723425
       -0.0001679717  -0.0000237275  -0.0001057249  -0.0001505047
       -0.0074726716  -0.0498298756  -0.0256788095  -0.0610072404   0.0333313073
        0.0129300120  -0.0531848153  -0.1871112236  -0.0831453386  -0.0240085379
        0.5611358138   0.2169448292   0.0351359768  -0.2346985065  -0.1040712654
        0.0780721544   0.0060502544   0.0139263427   0.0125174264  -0.0780733406
        0.0000265387  -0.0157812382   0.0103245444  -0.0019699858   0.0002408813
       -0.0013156605  -0.0001209950  -0.0040993971  -0.0021299562   0.0011570406
        0.0002097844  -0.0013320504   0.0003574980   0.0038170673  -0.0076132093
        0.0012219723   0.0396471491  -0.0157845882  -0.0005983341  -0.0006085217
        0.0002502177  -0.0002647897  -0.0013780718   0.0000155197  -0.0001069253
       -0.0002156084  -0.0004551211  -0.0006138337   0.0019139598   0.0028907040
       -0.0031090885  -0.0121185812  -0.0196535462  -0.0136618805   0.0058543991
       -0.0182958963  -0.0106893259   0.0009391977   0.0028391739  -0.0029182792
        0.0015250782  -0.0005072934   0.0002946513  -0.0000586566  -0.0000296340
        0.0000733412   0.0000602658  -0.0000076333   0.0000166252
       -0.0032309113  -0.0263188819  -0.0217410260  -0.0410539641   0.0187419413
        0.0045732367  -0.0411021010  -0.0900636849  -0.1047645974   0.0409530744
        0.2169448292   0.2573852634   0.0128107969  -0.0959180917  -0.1021831036
        0.0425436079   0.0074971985   0.0084400604  -0.0059124946  -0.0018278129
       -0.0438082732   0.0017329304   0.0001258144  -0.0019806292   0.0008037635
       -0.0006210882  -0.0010255608   0.0004660262   0.0010057699   0.0049377056
        0.0000127719   0.0003136165   0.0012643752   0.0002236912   0.0007876820
        0.0044258254  -0.0041750518   0.0002361536  -0.0072014597  -0.0001717067
       -0.0000915904  -0.0008601953   0.0001603931  -0.0000567982  -0.0006949823
       -0.0000893348  -0.0005934727   0.0001917275  -0.0005744021  -0.0029287652
        0.0065765562  -0.0066876707  -0.0112095062  -0.0054968884   0.0043196906
       -0.0131743912  -0.0056931177  -0.0010840804  -0.0029346905   0.0065332774
       -0.0000778967   0.0001580752   0.0013851084   0.0000688566  -0.0000665777
       -0.0000927341   0.0000640116  -0.0000057289  -0.0001705686
       -0.0477872073  -0.0624871526  -0.0416869687  -0.0401347424   0.0306036874
        0.0134018713   0.0522175601   0.0079332687   0.0118882160  -0.1118590565
        0.0351359768   0.0128107969   0.6628900268  -0.0097949107   0.0604743872
       -0.3278918331   0.0713763310   0.0053622916  -0.0262668050   0.0303001565
        0.0118474026   0.0000821625   0.0025712095   0.0016206959  -0.0035298932
       -0.0010796173   0.0011710119   0.0009263149   0.0001885319  -0.0000964614
        0.0006018708  -0.0000299925  -0.0001757094  -0.0014138977   0.0018994164
       -0.0010453791  -0.0047620328  -0.0018937607   0.0022383745  -0.0000988236
       -0.0000030959  -0.0000174081   0.0000306189   0.0000496733   0.0000825641
       -0.0015917512  -0.0023102979  -0.0026922092  -0.0000826944   0.0007336391
        0.0001854185  -0.0016186460  -0.0026817923  -0.0028071916  -0.1346102132
       -0.1048862932  -0.0734668634  -0.0146825087   0.0042555997   0.0010772616
       -0.0004321429   0.0001183842  -0.0002338753   0.0000278870  -0.0000102427
        0.0000031331  -0.0000141929   0.0000112814   0.0000586410
       -0.0114493506   0.0343126838   0.0171947646   0.0296755219  -0.0195750889
       -0.0051751078  -0.0364151024  -0.0441685428  -0.0312678883   0.0923701769
       -0.2346985065  -0.0959180917  -0.0097949107   0.5275341534   0.2368607349
        0.0033460564  -0.0884105056  -0.0235934447   0.0201204317  -0.0064037020
       -0.0037192381  -0.0034568560  -0.0003852630   0.0002749600  -0.0004011083
       -0.0006495370  -0.0007190877   0.0011091097  -0.0006541921   0.0001572856
        0.0006205113   0.0009723548   0.0001304253  -0.0017886491  -0.0006046777
        0.0003945281   0.0016512248   0.0005718651  -0.0003369934  -0.0004629492
        0.0000228543  -0.0001805934  -0.0002697092  -0.0002393044   0.0001208086
       -0.0025184901  -0.0003492550  -0.0048822014   0.0005428079   0.0001232021
        0.0004378645  -0.0022642542  -0.0008935475  -0.0044411161  -0.1053116603
       -0.1611721068  -0.0849693688   0.0246284584  -0.0053157985  -0.0003789956
        0.0000330901  -0.0000143130  -0.0000395169   0.0000203837  -0.0000472344
        0.0000363591   0.0000152671   0.0000444616   0.0000139133
       -0.0131403104   0.0109219563   0.0059306570   0.0129521373  -0.0050009627
       -0.0060407134  -0.0157692919  -0.0258184542  -0.0156234381   0.0498919283
       -0.1040712654  -0.1021831036   0.0604743872   0.2368607349   0.2589815727
       -0.0329640295  -0.0154190344  -0.0595858188   0.0040427672  -0.0007464956
        0.0005608059  -0.0010365847   0.0022542199  -0.0001519569   0.0034953640
       -0.0009019803  -0.0015426841   0.0004928557  -0.0004349166   0.0001073810
       -0.0000650292   0.0001550981  -0.0000336227  -0.0001654903   0.0000478569
        0.0002203804  -0.0014841082   0.0009731256   0.0005032078   0.0001304518
       -0.0001132029   0.0000380517  -0.0002054366  -0.0001185848   0.0000740393
       -0.0026672819  -0.0048974078   0.0045817886   0.0003635911   0.0003020773
        0.0000695460  -0.0022764233  -0.0047076107   0.0042312125  -0.0744284514
       -0.0864025393  -0.0905646586   0.0124627137  -0.0029434345   0.0004691039
       -0.0000868036   0.0000707199  -0.0000111876   0.0000109536  -0.0000093628
       -0.0000205051  -0.0000279089  -0.0000005369  -0.0000100580
       -0.1785472649  -0.0567499173  -0.0484010175   0.0579582102  -0.0412117279
       -0.0169464892  -0.0537654956  -0.0183991042  -0.0163881989  -0.0252138405
        0.0780721544   0.0425436079  -0.3278918331   0.0033460564  -0.0329640295
        0.6490758282  -0.0350291834   0.0465353106   0.0043572452   0.0014457867
       -0.0007344153  -0.0008652497  -0.0004139255  -0.0004755362  -0.0000948661
       -0.0001904331   0.0008455442   0.0000910435  -0.0003300565  -0.0003063877
       -0.0000411554   0.0002551748   0.0001569889  -0.0004698624   0.0000224626
        0.0001873877  -0.0008449093   0.0011194931   0.0000439703  -0.0001154333
        0.0000124570   0.0000026674   0.0001120610   0.0000721999  -0.0000165413
       -0.0210739155  -0.0192175529  -0.0134932601   0.0002189753   0.0029293777
        0.0007176767  -0.0003483279  -0.0004148262  -0.0001053731  -0.0196855611
        0.0011910459  -0.0022858214  -0.0827736346   0.0835212269   0.0411556207
       -0.0000525281  -0.0000318213  -0.0000761870   0.0000049844   0.0000114290
        0.0000153602  -0.0000344705  -0.0000103163  -0.0000108773
       -0.1251061954  -0.1888428136  -0.0958047328   0.0096277192  -0.0481452256
       -0.0272782559  -0.0194323791  -0.0045302830  -0.0020834019   0.0266977634
        0.0060502544   0.0074971985   0.0713763310  -0.0884105056  -0.0154190344
       -0.0350291834   0.5388627074   0.2371959145   0.0034127170  -0.0020705526
       -0.0051533151   0.0006954465  -0.0006120903  -0.0002191093  -0.0009157188
       -0.0001536517   0.0005491464   0.0000712764   0.0002579337   0.0002072157
        0.0001327022   0.0000360079   0.0000800940  -0.0001487924  -0.0000930267
        0.0004370570   0.0007729433  -0.0008576462  -0.0009783250  -0.0001807270
        0.0000670287  -0.0001099132  -0.0000395237  -0.0000621476  -0.0000214221
        0.0014975849   0.0025526280   0.0013361698   0.0024385995  -0.0022237463
       -0.0053446722  -0.0003362579   0.0004773230   0.0004462715  -0.0185732786
        0.0029166892  -0.0020122099   0.0830143555  -0.2152149204  -0.0935042489
       -0.0000008745   0.0000002188   0.0001780035  -0.0000038182  -0.0000191939
        0.0000137775   0.0000293101   0.0000150122  -0.0000122076
       -0.0876639143  -0.0871191760  -0.1090314890   0.0126817592  -0.0335273984
       -0.0159355149  -0.0172393906  -0.0020105247  -0.0083651827   0.0130503862
        0.0139263427   0.0084400604   0.0053622916  -0.0235934447  -0.0595858188
        0.0465353106   0.2371959145   0.2587329318  -0.0004903102  -0.0052858526
        0.0042755280  -0.0005621601   0.0004481003  -0.0001146685   0.0002084757
       -0.0001619168   0.0005464435  -0.0000739838  -0.0000938067  -0.0005598757
        0.0003171044   0.0000929533  -0.0000373478  -0.0003163568  -0.0005389407
       -0.0000981175   0.0020733261  -0.0008315509   0.0006394516  -0.0002823627
        0.0001026378  -0.0000116157  -0.0001208727  -0.0000450963   0.0000720151
       -0.0018968434  -0.0013765624  -0.0002388223   0.0004255013  -0.0053307649
        0.0048659731  -0.0001761261   0.0003858599  -0.0000674004  -0.0134875851
        0.0011725646  -0.0002690155   0.0415753823  -0.0933509945  -0.0832513597
        0.0000831800  -0.0000695022  -0.0000738766  -0.0000141282  -0.0000174902
        0.0000468520   0.0000113165   0.0000286489   0.0000208496
       -0.0021419627   0.0004437816   0.0001152829   0.0019091608  -0.0053106470
       -0.0023246621  -0.0483345214  -0.0089447935  -0.0089075478  -0.2012976691
        0.0125174264  -0.0059124946  -0.0262668050   0.0201204317   0.0040427672
        0.0043572452   0.0034127170  -0.0004903102   0.5702110658  -0.0445807420
        0.0084726763  -0.1243697122  -0.0463909962   0.0131496884   0.0140846651
       -0.0091418126   0.0003304713  -0.0534279867  -0.0142105806   0.0023669213
        0.0099400483  -0.0018766154  -0.0000313782  -0.0309123734   0.0569816201
       -0.0067249020  -0.1007443053   0.0297412995  -0.0057575137  -0.0038953894
        0.0023913507  -0.0014573662  -0.0037287919   0.0027268185  -0.0001987930
        0.0001266866  -0.0000472076   0.0001880735  -0.0013227723   0.0002220204
       -0.0002330240   0.0012466381   0.0010761456   0.0010607327   0.0003153773
       -0.0012128554   0.0006870581  -0.0006319682  -0.0000658728   0.0002846315
       -0.0060890394   0.0022513537   0.0004598366   0.0000489735  -0.0004222644
        0.0004558781   0.0009234363   0.0003194223   0.0004239739
        0.0004607802  -0.0001555049   0.0000782854  -0.0025242249  -0.0016748072
       -0.0061382728  -0.0221873944   0.0055030960   0.0005943773   0.0232139314
       -0.0780733406  -0.0018278129   0.0303001565  -0.0064037020  -0.0007464956
        0.0014457867  -0.0020705526  -0.0052858526  -0.0445807420   0.5945624913
       -0.0440333742  -0.0070813312  -0.1165087600   0.0119151650  -0.0319791235
       -0.0715457481   0.0126584319  -0.0441307714   0.0157920010  -0.0019445788
       -0.0085976951  -0.0236235737   0.0028582358   0.0577911289  -0.0405758432
        0.0029268721   0.0406882151  -0.2866836106   0.0252675955  -0.0049277081
        0.0036714242  -0.0013482144   0.0098915574   0.0072947740  -0.0004541911
        0.0002166439  -0.0005586898   0.0008114320  -0.0011245848   0.0001540506
       -0.0000149171  -0.0006548580  -0.0010012821   0.0009537472  -0.0004455037
        0.0001557792   0.0023098493   0.0014081977  -0.0005158586  -0.0001283964
        0.0036205279   0.0014490000   0.0010341232  -0.0008083795   0.0002906232
        0.0005380527   0.0000053913   0.0005180338  -0.0000240616
        0.0001165315   0.0006408378   0.0001547935  -0.0013376403  -0.0050107593
        0.0041457859  -0.0150213988   0.0004927294   0.0005285247  -0.0063483727
        0.0000265387  -0.0438082732   0.0118474026  -0.0037192381   0.0005608059
       -0.0007344153  -0.0051533151   0.0042755280   0.0084726763  -0.0440333742
        0.1047485440   0.0037501762   0.0062797625  -0.0448963326   0.0033893005
        0.0142336691   0.0077598909   0.0067825007  -0.0013479671  -0.0000983451
       -0.0001030139   0.0018492306  -0.0054086526  -0.0048633177   0.0051782406
        0.0046919972  -0.0063519045   0.0257649966  -0.0426368150   0.0010044624
       -0.0006481957   0.0001413221  -0.0009551915  -0.0002766365   0.0050326141
        0.0001717914   0.0008809474  -0.0013368807  -0.0006800579   0.0001011396
       -0.0000190452  -0.0000088602   0.0019331951  -0.0013391551   0.0005911071
        0.0020126876  -0.0016125320   0.0006337580  -0.0000930906   0.0000714170
       -0.0004226584   0.0009449758   0.0093099560   0.0001293333   0.0000453266
       -0.0001310319  -0.0000622088  -0.0001017008  -0.0001341159
        0.0004758545  -0.0003547383  -0.0000907884  -0.0017520894   0.0002872350
       -0.0011591380  -0.0012195031   0.0018519419   0.0012472616  -0.0351439121
       -0.0157812382   0.0017329304   0.0000821625  -0.0034568560  -0.0010365847
       -0.0008652497   0.0006954465  -0.0005621601  -0.1243697122  -0.0070813312
        0.0037501762   0.5026012246  -0.1671075096   0.0207281773  -0.1221545402
        0.1709124344  -0.0264218978  -0.1941615527   0.0277829741  -0.0031710362
       -0.0172778574   0.0451134621  -0.0071000580  -0.0157809167   0.0036112907
        0.0003188904   0.0266360210  -0.0363338521   0.0038980544   0.0173889494
       -0.0080642027   0.0054646367  -0.0317788177  -0.0110373479   0.0024162830
        0.0003085766  -0.0000963501   0.0003254860  -0.0001400404   0.0002242320
        0.0000968926   0.0001608886   0.0000915987   0.0008010695  -0.0010104256
        0.0008889783   0.0014952959   0.0001218722  -0.0000826074  -0.0000629982
       -0.0009919400  -0.0002494196  -0.0000998634   0.0005964419   0.0008722369
       -0.0017581354  -0.0017254340  -0.0026863773  -0.0008124938
        0.0002197665  -0.0000724367  -0.0002276093  -0.0008115674   0.0000221569
        0.0002503352   0.0063884925  -0.0006083267   0.0010295740  -0.0108328205
        0.0103245444   0.0001258144   0.0025712095  -0.0003852630   0.0022542199
       -0.0004139255  -0.0006120903   0.0004481003  -0.0463909962  -0.1165087600
        0.0062797625  -0.1671075096   0.8001446236  -0.0970475448   0.1638898483
       -0.5693181668   0.0817273748   0.0687413906  -0.0571592788   0.0005745505
        0.0286638112  -0.0174043409   0.0006014823  -0.0016514997   0.0042111280
       -0.0007296808  -0.0126265597  -0.0370933742   0.0064865280  -0.0037808881
       -0.0035146601  -0.0001002527  -0.0305722471  -0.0110859888   0.0020230856
        0.0000478656  -0.0000688751  -0.0003182135   0.0003860180   0.0000141963
       -0.0000239684  -0.0004023907  -0.0006471171  -0.0007361264   0.0031131419
       -0.0004473074  -0.0034187015   0.0003612632  -0.0002705755  -0.0002577918
       -0.0002683012   0.0001462725  -0.0001178015   0.0011894795  -0.0009651891
        0.0009957695  -0.0007135812   0.0012988286   0.0001810939
        0.0002312882   0.0000970826   0.0001034607  -0.0002413795  -0.0003834915
        0.0000034301  -0.0026050850   0.0005778564   0.0004060032  -0.0014242890
       -0.0019699858  -0.0019806292   0.0016206959   0.0002749600  -0.0001519569
       -0.0004755362  -0.0002191093  -0.0001146685   0.0131496884   0.0119151650
       -0.0448963326   0.0207281773  -0.0970475448   0.1662301431  -0.0257828214
        0.0796106552  -0.0691911790  -0.0076747155   0.0001272788  -0.0482162034
       -0.0035678649   0.0007243728  -0.0124908468  -0.0004779187  -0.0009025230
       -0.0030857312   0.0010194840   0.0041207594   0.0027724824   0.0013015142
        0.0011080233   0.0055462224   0.0049942306   0.0018766487   0.0008119197
       -0.0000475710  -0.0000408682  -0.0000028319  -0.0001686735  -0.0000369389
       -0.0000764600  -0.0000634195  -0.0002528058  -0.0000396086   0.0004337754
       -0.0004347531   0.0000634176  -0.0000429927   0.0000074017   0.0000041033
        0.0000764758   0.0001540626   0.0015194982  -0.0007697812   0.0007264510
        0.0027077349  -0.0002132815  -0.0000326971   0.0000780325
       -0.0000338321   0.0000278954  -0.0003753119  -0.0001846931  -0.0000125687
        0.0001803616   0.0015732355   0.0001954824   0.0001951846   0.0005324357
        0.0002408813   0.0008037635  -0.0035298932  -0.0004011083   0.0034953640
       -0.0000948661  -0.0009157188   0.0002084757   0.0140846651  -0.0319791235
        0.0033893005  -0.1221545402   0.1638898483  -0.0257828214   0.1494290925
       -0.1924862089   0.0258539298  -0.0286121412   0.0560133215  -0.0079600846
       -0.0055535790  -0.0049836889   0.0009264348   0.0040953165  -0.0005069763
       -0.0001074095  -0.0075479613   0.0054526442   0.0002777808  -0.0034877223
        0.0040339653  -0.0010923075   0.0043710721   0.0026016408  -0.0004586313
       -0.0002097268   0.0000009191  -0.0002672014  -0.0000016913  -0.0001254123
       -0.0000038998  -0.0000704745  -0.0001181043  -0.0002896644  -0.0029198801
       -0.0013035812   0.0007365804   0.0000412961  -0.0000404852  -0.0000446687
        0.0003152583  -0.0001271693  -0.0000919959  -0.0006732082   0.0002047182
        0.0002467057   0.0006318373   0.0003388294   0.0001601149
        0.0000168252   0.0000634926   0.0001154452   0.0003998692   0.0003881114
        0.0003756149  -0.0004855009   0.0008593476  -0.0004235050   0.0020057603
       -0.0013156605  -0.0006210882  -0.0010796173  -0.0006495370  -0.0009019803
       -0.0001904331  -0.0001536517  -0.0001619168  -0.0091418126  -0.0715457481
        0.0142336691   0.1709124344  -0.5693181668   0.0796106552  -0.1924862089
        0.7032674644  -0.1066309396   0.0304304349  -0.0567725409   0.0102461126
        0.0009792826   0.0125362720  -0.0007126947  -0.0074765462  -0.0001422711
        0.0002228122  -0.0007189674  -0.0223751081   0.0027019549   0.0047928700
       -0.0031066931   0.0013526111   0.0033995443   0.0077423525  -0.0011321693
       -0.0000316835   0.0000705940   0.0001212046  -0.0000560026  -0.0000214659
        0.0000993231   0.0003421970   0.0003050869   0.0005288036  -0.0017138124
        0.0005959150   0.0018399457  -0.0001359179   0.0001499555   0.0001279962
        0.0001224037   0.0005140084  -0.0001562716   0.0002792787   0.0003801720
       -0.0005643416  -0.0001643975  -0.0014719290  -0.0002712412
        0.0000637538  -0.0004076004  -0.0000928578  -0.0002914019   0.0000971583
        0.0001511636   0.0003667072   0.0000907755   0.0003676970   0.0000136708
       -0.0001209950  -0.0010255608   0.0011710119  -0.0007190877  -0.0015426841
        0.0008455442   0.0005491464   0.0005464435   0.0003304713   0.0126584319
        0.0077598909  -0.0264218978   0.0817273748  -0.0691911790   0.0258539298
       -0.1066309396   0.0442429143  -0.0038226153   0.0098255702   0.0125053138
        0.0000417445  -0.0006859057   0.0060493500   0.0007900122  -0.0001893263
       -0.0000871086   0.0005511701   0.0039309327   0.0042874887  -0.0008533373
        0.0003602688  -0.0008634013  -0.0005617194  -0.0013780431  -0.0009371740
        0.0001236016   0.0000961334   0.0000029271   0.0000275335   0.0000677049
       -0.0000176376   0.0000191778   0.0001843603  -0.0000995408   0.0016520300
        0.0007104064  -0.0003932197  -0.0000157174   0.0000359399  -0.0000494846
       -0.0000287771  -0.0001872992  -0.0009527065   0.0000645371  -0.0002269053
       -0.0008488215   0.0000805703   0.0002118989   0.0001881873
       -0.0001083194   0.0002239079   0.0001030867   0.0002524282  -0.0005681657
       -0.0004378217  -0.0019786221  -0.0005064644  -0.0003449799   0.0017244987
       -0.0040993971   0.0004660262   0.0009263149   0.0011091097   0.0004928557
        0.0000910435   0.0000712764  -0.0000739838  -0.0534279867  -0.0441307714
        0.0067825007  -0.1941615527   0.0687413906  -0.0076747155  -0.0286121412
        0.0304304349  -0.0038226153   0.4823206754  -0.0950237280   0.0079761370
       -0.0730548293   0.0530027054  -0.0044968758   0.0163618534  -0.0166828511
        0.0012320195  -0.0126131951   0.0228180327  -0.0017271880  -0.0404973382
        0.0485950613  -0.0105639442  -0.0896863644  -0.0653180874   0.0101697776
       -0.0000556955  -0.0000132873  -0.0000364535  -0.0001134954  -0.0000452477
       -0.0000113005  -0.0000398156  -0.0000284544  -0.0002239977   0.0003430027
       -0.0000064142  -0.0004024174   0.0000988237  -0.0000564243  -0.0000449012
       -0.0029712501  -0.0035200185   0.0003957596  -0.0060245231  -0.0005576449
        0.0010039275   0.0012264883   0.0055650374   0.0012391039
        0.0000205919  -0.0001033709   0.0000007004  -0.0004859881   0.0001542256
       -0.0002792745  -0.0000153946   0.0003481750   0.0000942713  -0.0053059972
       -0.0021299562   0.0010057699   0.0001885319  -0.0006541921  -0.0004349166
       -0.0003300565   0.0002579337  -0.0000938067  -0.0142105806   0.0157920010
       -0.0013479671   0.0277829741  -0.0571592788   0.0001272788   0.0560133215
       -0.0567725409   0.0098255702  -0.0950237280   0.6044615126  -0.0695582023
        0.0995579779  -0.3352486372   0.0353081958  -0.0471067095  -0.0457030890
        0.0062244411   0.0240901543  -0.0113342119   0.0012760608   0.0193076363
       -0.0245591176   0.0061108821  -0.0598626294  -0.0857662039   0.0108309865
        0.0000950413  -0.0000288034   0.0001084912  -0.0000015917   0.0000601892
        0.0000786463  -0.0001365900  -0.0000352141   0.0001668855  -0.0005291928
       -0.0000080537   0.0006804915  -0.0000018709  -0.0000151139  -0.0000468354
       -0.0023037044  -0.0016905167   0.0006367030   0.0016514242   0.0010338945
       -0.0004220672  -0.0033936196  -0.0008996313  -0.0002923046
        0.0000046519   0.0002832518   0.0001647108   0.0004407938   0.0003122442
       -0.0002236031   0.0005638445  -0.0004565477   0.0000599231   0.0013068540
        0.0011570406   0.0049377056  -0.0000964614   0.0001572856   0.0001073810
       -0.0003063877   0.0002072157  -0.0005598757   0.0023669213  -0.0019445788
       -0.0000983451  -0.0031710362   0.0005745505  -0.0482162034  -0.0079600846
        0.0102461126   0.0125053138   0.0079761370  -0.0695582023   0.0823484540
       -0.0119249431   0.0370719061  -0.0430213234   0.0055997217   0.0058272896
       -0.0009505660  -0.0025270156   0.0012944373   0.0008747235  -0.0022722745
        0.0040535084   0.0048424165   0.0094233020   0.0107692651  -0.0184035659
       -0.0000325385  -0.0000756830   0.0001297965   0.0000922934   0.0000017032
       -0.0000138401   0.0000150021  -0.0000003468   0.0000687505  -0.0000629943
       -0.0001324013   0.0000272107  -0.0000475077   0.0000270341  -0.0000083394
        0.0003281804   0.0006535670   0.0037064133   0.0001402229  -0.0002254135
        0.0022125959   0.0001433185  -0.0002432383  -0.0004897331
       -0.0001855000   0.0001557432   0.0000899385   0.0001153758  -0.0002943612
       -0.0003449556   0.0000644189  -0.0009113549  -0.0003023607  -0.0001057698
        0.0002097844   0.0000127719   0.0006018708   0.0006205113  -0.0000650292
       -0.0000411554   0.0001327022   0.0003171044   0.0099400483  -0.0085976951
       -0.0001030139  -0.0172778574   0.0286638112  -0.0035678649  -0.0055535790
        0.0009792826   0.0000417445  -0.0730548293   0.0995579779  -0.0119249431
        0.6996741186  -0.0653739153   0.0094884189  -0.1524041759  -0.1099956260
        0.0137451641  -0.0806659509  -0.0038168620   0.0019706205  -0.3308504317
        0.0808480479  -0.0015973072  -0.0146447265  -0.0289318756   0.0041532858
        0.0001570694  -0.0000272837   0.0000053950   0.0001902610   0.0001319096
        0.0000715045   0.0000294071   0.0002568317   0.0001160113  -0.0000852988
        0.0000254130   0.0001777957   0.0001121583  -0.0001310900  -0.0000132557
        0.0024417314   0.0016087140   0.0000710159  -0.0072138551   0.0110109391
       -0.0068289220  -0.0312433297  -0.0061216042  -0.0055131186
       -0.0001225911   0.0001042316   0.0000381358   0.0003638592  -0.0003399802
       -0.0001237872  -0.0008675254  -0.0006315818  -0.0001079983   0.0042525932
       -0.0013320504   0.0003136165  -0.0000299925   0.0009723548   0.0001550981
        0.0002551748   0.0000360079   0.0000929533  -0.0018766154  -0.0236235737
        0.0018492306   0.0451134621  -0.0174043409   0.0007243728  -0.0049836889
        0.0125362720  -0.0006859057   0.0530027054  -0.3352486372   0.0370719061
       -0.0653739153   0.6629673464  -0.0665199861  -0.0458580155  -0.1568576040
        0.0116065918  -0.0434350405   0.0339501806  -0.0009873580   0.0804619981
       -0.1120553993   0.0049809500  -0.0138606443  -0.0372469474   0.0051047549
       -0.0001085589   0.0000525665  -0.0000564539  -0.0000992516  -0.0000305523
       -0.0000492266   0.0001341965   0.0001395967  -0.0000572349   0.0004311987
       -0.0001123253  -0.0003478307   0.0000064510   0.0000168908   0.0000124930
       -0.0191842411  -0.0229373550   0.0029835436   0.0301874489  -0.0140561758
        0.0056330473  -0.0184090073   0.0111010758  -0.0016309123
        0.0000263776  -0.0001444762  -0.0000824094  -0.0002056469   0.0000341611
        0.0000425004   0.0004841341   0.0003138085   0.0001551479  -0.0000236528
        0.0003574980   0.0012643752  -0.0001757094   0.0001304253  -0.0000336227
        0.0001569889   0.0000800940  -0.0000373478  -0.0000313782   0.0028582358
       -0.0054086526  -0.0071000580   0.0006014823  -0.0124908468   0.0009264348
       -0.0007126947   0.0060493500  -0.0044968758   0.0353081958  -0.0430213234
        0.0094884189  -0.0665199861   0.1226398442   0.0057413056   0.0128715421
       -0.0539391358   0.0064085282  -0.0025009246   0.0182322174  -0.0241515100
        0.0129414056  -0.0281076851   0.0013701063   0.0056078951   0.0015657869
        0.0000337752  -0.0000330448  -0.0000143505   0.0000254428  -0.0000112660
        0.0000276139  -0.0000360441  -0.0002205466  -0.0000815634  -0.0000764654
       -0.0000846835   0.0000678401  -0.0000010174  -0.0000304273   0.0000057969
        0.0021407053   0.0029239425   0.0016145189   0.0027519477  -0.0008329031
       -0.0061068907   0.0067441925  -0.0029377330  -0.0023411638
        0.0002457273  -0.0001978467  -0.0001065012  -0.0005514681   0.0004468623
        0.0004557783   0.0013130915   0.0023391221   0.0008733111  -0.0041632564
        0.0038170673   0.0002236912  -0.0014138977  -0.0017886491  -0.0001654903
       -0.0004698624  -0.0001487924  -0.0003163568  -0.0309123734   0.0577911289
       -0.0048633177  -0.0157809167  -0.0016514997  -0.0004779187   0.0040953165
       -0.0074765462   0.0007900122   0.0163618534  -0.0471067095   0.0055997217
       -0.1524041759  -0.0458580155   0.0057413056   0.7162937633  -0.0793287250
        0.0044744837  -0.4481625238   0.0952302739  -0.0079680001  -0.0440867721
       -0.0185022289   0.0012093111   0.0072570624   0.0083640802  -0.0010452300
       -0.0000744450  -0.0000663110   0.0000073758  -0.0002210114  -0.0001361860
       -0.0000444631  -0.0008054745  -0.0005982948  -0.0003627372  -0.0001902068
       -0.0001795672  -0.0003249783  -0.0002453400   0.0001010930   0.0000037021
       -0.0443842542   0.0344496278  -0.0039169577   0.0013725043  -0.0028352797
        0.0004064750  -0.0030733402   0.0033353963  -0.0001932168
       -0.0000297757   0.0000690275   0.0000813515  -0.0000632296   0.0001437373
       -0.0002567640  -0.0010551284   0.0001983606  -0.0003432661   0.0008919134
       -0.0076132093   0.0007876820   0.0018994164  -0.0006046777   0.0000478569
        0.0000224626  -0.0000930267  -0.0005389407   0.0569816201  -0.0405758432
        0.0051782406   0.0036112907   0.0042111280  -0.0009025230  -0.0005069763
       -0.0001422711  -0.0001893263  -0.0166828511  -0.0457030890   0.0058272896
       -0.1099956260  -0.1568576040   0.0128715421  -0.0793287250   0.6440222289
       -0.0609848576   0.1018505934  -0.1139936747   0.0074587234   0.0029650946
        0.0082112445  -0.0014899973   0.0026819207  -0.0018569421   0.0009996432
       -0.0000139666  -0.0000231675   0.0000867433  -0.0000810305   0.0000285861
       -0.0000077332   0.0002396709   0.0002020974   0.0002867442  -0.0000103658
        0.0001162217   0.0002402507   0.0000736184  -0.0000144691  -0.0000152035
        0.0319427704  -0.2912578899   0.0303836341   0.0017095944   0.0013634936
       -0.0004088578   0.0028977090   0.0001697387   0.0008877678
       -0.0000413591  -0.0000557841  -0.0000167737   0.0000896947   0.0001194127
       -0.0001308238   0.0002181874  -0.0002371811  -0.0000124367   0.0011848856
        0.0012219723   0.0044258254  -0.0010453791   0.0003945281   0.0002203804
        0.0001873877   0.0004370570  -0.0000981175  -0.0067249020   0.0029268721
        0.0046919972   0.0003188904  -0.0007296808  -0.0030857312  -0.0001074095
        0.0002228122  -0.0000871086   0.0012320195   0.0062244411  -0.0009505660
        0.0137451641   0.0116065918  -0.0539391358   0.0044744837  -0.0609848576
        0.1147756559  -0.0082592615   0.0082590543  -0.0456043909  -0.0011423644
       -0.0007758346   0.0030612669  -0.0001861442   0.0011034606   0.0063239910
       -0.0000050003  -0.0000391826   0.0000461614   0.0000567317  -0.0000046883
        0.0000050730   0.0000081840  -0.0001494222  -0.0000508476  -0.0000373844
       -0.0000809926   0.0000535482  -0.0000680480   0.0000141692  -0.0000190821
       -0.0034960766   0.0301760322  -0.0311126247  -0.0004678768  -0.0000971210
       -0.0012363544   0.0000655771   0.0004483413   0.0027400936
        0.0000564638   0.0002319813   0.0002780157   0.0005789840  -0.0002837624
        0.0007644019  -0.0024969025   0.0006616032  -0.0011971865  -0.0170936572
        0.0396471491  -0.0041750518  -0.0047620328   0.0016512248  -0.0014841082
       -0.0008449093   0.0007729433   0.0020733261  -0.1007443053   0.0406882151
       -0.0063519045   0.0266360210  -0.0126265597   0.0010194840  -0.0075479613
       -0.0007189674   0.0005511701  -0.0126131951   0.0240901543  -0.0025270156
       -0.0806659509  -0.0434350405   0.0064085282  -0.4481625238   0.1018505934
       -0.0082592615   0.6688738241  -0.1586306868   0.0145182717  -0.0057825700
       -0.0046181565   0.0011770884  -0.0025295197  -0.0021553265   0.0001198098
        0.0002064667   0.0001610659  -0.0002423421   0.0003995824   0.0001685393
        0.0000686836  -0.0008306125   0.0007882040  -0.0011133862   0.0000790584
        0.0000294218  -0.0000760131  -0.0002428047  -0.0001103214   0.0000057086
       -0.0095478643   0.0117254107  -0.0010298030  -0.0000369554   0.0000638184
        0.0002254634  -0.0029286355   0.0000484964  -0.0007538791
       -0.0004953139  -0.0001743140  -0.0001124168   0.0003542103   0.0002264154
        0.0006635189  -0.0027711716  -0.0000921715  -0.0009180686   0.0238486274
       -0.0157845882   0.0002361536  -0.0018937607   0.0005718651   0.0009731256
        0.0011194931  -0.0008576462  -0.0008315509   0.0297412995  -0.2866836106
        0.0257649966  -0.0363338521  -0.0370933742   0.0041207594   0.0054526442
       -0.0223751081   0.0039309327   0.0228180327  -0.0113342119   0.0012944373
       -0.0038168620   0.0339501806  -0.0025009246   0.0952302739  -0.1139936747
        0.0082590543  -0.1586306868   0.4781288499  -0.0429621887  -0.0016331676
       -0.0057320781   0.0010433542  -0.0031863315  -0.0034747590   0.0001233024
       -0.0004912837   0.0001631199   0.0000153660  -0.0003401204  -0.0001725941
       -0.0002028371  -0.0007223578   0.0008137339   0.0003225175  -0.0003503093
       -0.0002401198   0.0002324092  -0.0000977772   0.0004038876   0.0001993651
        0.0325972700  -0.0157556114   0.0002389035   0.0005097670  -0.0008941789
       -0.0000293661  -0.0009086237   0.0003999881   0.0001391563
       -0.0004448644   0.0002086576   0.0001094920   0.0002494697  -0.0001625943
        0.0005275078  -0.0029717495   0.0000682776  -0.0006748955  -0.0009566219
       -0.0005983341  -0.0072014597   0.0022383745  -0.0003369934   0.0005032078
        0.0000439703  -0.0009783250   0.0006394516  -0.0057575137   0.0252675955
       -0.0426368150   0.0038980544   0.0064865280   0.0027724824   0.0002777808
        0.0027019549   0.0042874887  -0.0017271880   0.0012760608   0.0008747235
        0.0019706205  -0.0009873580   0.0182322174  -0.0079680001   0.0074587234
       -0.0456043909   0.0145182717  -0.0429621887   0.0786035903   0.0004296560
        0.0009005858   0.0023498952   0.0001506544  -0.0001225086  -0.0028698433
        0.0000506740   0.0001349481  -0.0001507076   0.0000249169   0.0000462480
       -0.0000188266  -0.0002826555   0.0007388156  -0.0002678600   0.0000103850
        0.0001565650  -0.0001552052   0.0002141453  -0.0000475513  -0.0000930462
       -0.0037694864   0.0005649162  -0.0098768270  -0.0001280545   0.0002147630
        0.0001667735  -0.0000708394  -0.0000287862   0.0004830467
        0.0000710381  -0.0000307066  -0.0000197322   0.0000012403   0.0001888650
        0.0002786675  -0.0002463754   0.0006942916   0.0000555258   0.0008138309
       -0.0006085217  -0.0001717067  -0.0000988236  -0.0004629492   0.0001304518
       -0.0001154333  -0.0001807270  -0.0002823627  -0.0038953894  -0.0049277081
        0.0010044624   0.0173889494  -0.0037808881   0.0013015142  -0.0034877223
        0.0047928700  -0.0008533373  -0.0404973382   0.0193076363  -0.0022722745
       -0.3308504317   0.0804619981  -0.0241515100  -0.0440867721   0.0029650946
       -0.0011423644  -0.0057825700  -0.0016331676   0.0004296560   0.6797258349
       -0.0050359658  -0.0625499097   0.0099761262   0.0021573956  -0.0008344658
       -0.0001903600   0.0000564057  -0.0000147662  -0.0002079981  -0.0001047263
       -0.0000742508   0.0001148876   0.0000594139   0.0000855565   0.0002158836
       -0.0001070464  -0.0003322118  -0.0000854837   0.0001169036   0.0000172815
        0.0015315535   0.0009233429  -0.0003463721  -0.0605579159   0.0660736378
        0.0177325845  -0.2197367307  -0.1609254485   0.0720095641
       -0.0000216303   0.0000201566   0.0000182702   0.0000377417  -0.0000128254
       -0.0000540099   0.0000708196  -0.0001891623  -0.0000626892  -0.0002865192
        0.0002502177  -0.0000915904  -0.0000030959   0.0000228543  -0.0001132029
        0.0000124570   0.0000670287   0.0001026378   0.0023913507   0.0036714242
       -0.0006481957  -0.0080642027  -0.0035146601   0.0011080233   0.0040339653
       -0.0031066931   0.0003602688   0.0485950613  -0.0245591176   0.0040535084
        0.0808480479  -0.1120553993   0.0129414056  -0.0185022289   0.0082112445
       -0.0007758346  -0.0046181565  -0.0057320781   0.0009005858  -0.0050359658
        0.7416512017  -0.0360321787   0.0021124204  -0.0019189054   0.0000453423
        0.0000601630  -0.0000057602   0.0000148215   0.0000681377   0.0000403439
        0.0000225490   0.0000468716   0.0000514300   0.0000700972  -0.0001407432
        0.0000666569   0.0001550243   0.0000113838  -0.0000275701   0.0000034692
       -0.0010893266   0.0013475111  -0.0000196803   0.0673491212  -0.3951740707
       -0.0463023297  -0.1678756719  -0.2091038274   0.0643037081
        0.0000207793  -0.0000120176  -0.0000097164  -0.0000199376   0.0000086180
        0.0001026268  -0.0001299209   0.0001483569   0.0000226234   0.0001492851
       -0.0002647897  -0.0008601953  -0.0000174081  -0.0001805934   0.0000380517
        0.0000026674  -0.0001099132  -0.0000116157  -0.0014573662  -0.0013482144
        0.0001413221   0.0054646367  -0.0001002527   0.0055462224  -0.0010923075
        0.0013526111  -0.0008634013  -0.0105639442   0.0061108821   0.0048424165
       -0.0015973072   0.0049809500  -0.0281076851   0.0012093111  -0.0014899973
        0.0030612669   0.0011770884   0.0010433542   0.0023498952  -0.0625499097
       -0.0360321787   0.0417206480   0.0012202996   0.0007939884  -0.0010513815
       -0.0000478373   0.0000263355  -0.0000239021  -0.0000531310  -0.0000204554
       -0.0000216878   0.0000234972   0.0000450933  -0.0000138371   0.0000719069
        0.0000317928  -0.0001198549  -0.0000268698   0.0000400334  -0.0000003793
       -0.0000928757  -0.0003494676  -0.0008093634   0.0102621716  -0.0295232055
       -0.0023415013   0.0580471716   0.0548490697  -0.0235905517
        0.0001123714  -0.0000032610   0.0000067392   0.0000969535   0.0001098806
       -0.0001049876  -0.0003880982   0.0001971274   0.0000411183  -0.0003142233
       -0.0013780718   0.0001603931   0.0000306189  -0.0002697092  -0.0002054366
        0.0001120610  -0.0000395237  -0.0001208727  -0.0037287919   0.0098915574
       -0.0009551915  -0.0317788177  -0.0305722471   0.0049942306   0.0043710721
        0.0033995443  -0.0005617194  -0.0896863644  -0.0598626294   0.0094233020
       -0.0146447265  -0.0138606443   0.0013701063   0.0072570624   0.0026819207
       -0.0001861442  -0.0025295197  -0.0031863315   0.0001506544   0.0099761262
        0.0021124204   0.0012202996   0.1195289600   0.0911222590  -0.0144535149
       -0.0000271768   0.0000071900   0.0000302303  -0.0000134823  -0.0000003920
       -0.0000508878   0.0001305801   0.0001047699   0.0001479688  -0.0000900837
       -0.0000328470   0.0001192885  -0.0000307018   0.0000615757   0.0000497949
       -0.0001332846   0.0001605868  -0.0000566782   0.0002041630   0.0012959631
       -0.0005614302   0.0015453022  -0.0019391384  -0.0004572630
        0.0001069133   0.0000251141   0.0000154331   0.0001469493   0.0001032524
        0.0000046202   0.0001146359   0.0000814576  -0.0000250463  -0.0001168119
        0.0000155197  -0.0000567982   0.0000496733  -0.0002393044  -0.0001185848
        0.0000721999  -0.0000621476  -0.0000450963   0.0027268185   0.0072947740
       -0.0002766365  -0.0110373479  -0.0110859888   0.0018766487   0.0026016408
        0.0077423525  -0.0013780431  -0.0653180874  -0.0857662039   0.0107692651
       -0.0289318756  -0.0372469474   0.0056078951   0.0083640802  -0.0018569421
        0.0011034606  -0.0021553265  -0.0034747590  -0.0001225086   0.0021573956
       -0.0019189054   0.0007939884   0.0911222590   0.1262866870  -0.0174609847
        0.0000107400   0.0000030566   0.0000118961   0.0000562350   0.0000060070
       -0.0000295542   0.0001135780   0.0000634642   0.0001063135  -0.0000957923
        0.0000791871   0.0000993965   0.0000068317   0.0000328765   0.0000375868
       -0.0011200240  -0.0006816538  -0.0000254892  -0.0009775486   0.0009449195
        0.0000205449   0.0021028638  -0.0003458158  -0.0009083071
       -0.0000250043  -0.0000083021  -0.0000092012  -0.0000303603  -0.0001079013
        0.0000297880  -0.0000554920   0.0000179422  -0.0000745622  -0.0000262415
       -0.0001069253  -0.0006949823   0.0000825641   0.0001208086   0.0000740393
       -0.0000165413  -0.0000214221   0.0000720151  -0.0001987930  -0.0004541911
        0.0050326141   0.0024162830   0.0020230856   0.0008119197  -0.0004586313
       -0.0011321693  -0.0009371740   0.0101697776   0.0108309865  -0.0184035659
        0.0041532858   0.0051047549   0.0015657869  -0.0010452300   0.0009996432
        0.0063239910   0.0001198098   0.0001233024  -0.0028698433  -0.0008344658
        0.0000453423  -0.0010513815  -0.0144535149  -0.0174609847   0.0119206930
       -0.0000038124   0.0000143988  -0.0000251601  -0.0000253133  -0.0000033297
        0.0000005296   0.0000037489  -0.0000011823  -0.0000372994   0.0000396691
        0.0000085703  -0.0000307699   0.0000091396  -0.0000022808  -0.0000031631
        0.0001354022   0.0000431385  -0.0004601977   0.0002581546  -0.0001803867
       -0.0000002295  -0.0002144346   0.0001471021  -0.0012338466
       -0.2951612490   0.0404082690  -0.0103645659  -0.0146351753   0.0039581125
        0.0003022088  -0.0000949461   0.0028512770   0.0005894316   0.0009361843
       -0.0002156084  -0.0000893348  -0.0015917512  -0.0025184901  -0.0026672819
       -0.0210739155   0.0014975849  -0.0018968434   0.0001266866   0.0002166439
        0.0001717914   0.0003085766   0.0000478656  -0.0000475710  -0.0002097268
       -0.0000316835   0.0001236016  -0.0000556955   0.0000950413  -0.0000325385
        0.0001570694  -0.0001085589   0.0000337752  -0.0000744450  -0.0000139666
       -0.0000050003   0.0002064667  -0.0004912837   0.0000506740  -0.0001903600
        0.0000601630  -0.0000478373  -0.0000271768   0.0000107400  -0.0000038124
        0.3312083431  -0.0456324488   0.0133051062   0.0008814510  -0.0007463827
        0.0000025900  -0.0006520256  -0.0000022414  -0.0000358952  -0.0008631195
        0.0002668546  -0.0000354292   0.0008115649   0.0003569428   0.0006292603
       -0.0000236404   0.0000047584  -0.0000115785   0.0000152757  -0.0000052455
        0.0000169076   0.0000016083  -0.0000083433   0.0000123417
        0.0403943776  -0.0478938181  -0.0025485825   0.0245815034  -0.0048573321
        0.0000262456   0.0026510572  -0.0020441808  -0.0051825779  -0.0002976631
       -0.0004551211  -0.0005934727  -0.0023102979  -0.0003492550  -0.0048974078
       -0.0192175529   0.0025526280  -0.0013765624  -0.0000472076  -0.0005586898
        0.0008809474  -0.0000963501  -0.0000688751  -0.0000408682   0.0000009191
        0.0000705940   0.0000961334  -0.0000132873  -0.0000288034  -0.0000756830
       -0.0000272837   0.0000525665  -0.0000330448  -0.0000663110  -0.0000231675
       -0.0000391826   0.0001610659   0.0001631199   0.0001349481   0.0000564057
       -0.0000057602   0.0000263355   0.0000071900   0.0000030566   0.0000143988
       -0.0456324488   0.0535907458   0.0109730614   0.0005598888  -0.0000295133
        0.0014537745   0.0011969991  -0.0002102913  -0.0000287072  -0.0009598683
        0.0000832732  -0.0000665885  -0.0009451059   0.0000058144   0.0012950291
        0.0000059998   0.0000027342  -0.0000093043  -0.0000077241   0.0000061121
       -0.0000014064   0.0000056941  -0.0000058371  -0.0000074852
       -0.0104529411  -0.0025602930  -0.0370664050   0.0120489957  -0.0026899124
        0.0006428229   0.0005505098  -0.0051641113   0.0048755532   0.0000884773
       -0.0006138337   0.0001917275  -0.0026922092  -0.0048822014   0.0045817886
       -0.0134932601   0.0013361698  -0.0002388223   0.0001880735   0.0008114320
       -0.0013368807   0.0003254860  -0.0003182135  -0.0000028319  -0.0002672014
        0.0001212046   0.0000029271  -0.0000364535   0.0001084912   0.0001297965
        0.0000053950  -0.0000564539  -0.0000143505   0.0000073758   0.0000867433
        0.0000461614  -0.0002423421   0.0000153660  -0.0001507076  -0.0000147662
        0.0000148215  -0.0000239021   0.0000302303   0.0000118961  -0.0000251601
        0.0133051062   0.0109730614   0.0318519614   0.0007426089   0.0012965876
       -0.0016554909   0.0006392052  -0.0001456139  -0.0000372368  -0.0005784431
        0.0001489652  -0.0001455758  -0.0001388666   0.0014909800  -0.0016647911
       -0.0000184991   0.0000174626   0.0000362992  -0.0000009352  -0.0000012910
       -0.0000021048   0.0000044538  -0.0000012572   0.0000052218
        0.0061363764   0.0063191299   0.0042296619  -0.1337995837  -0.1012904720
       -0.0696648220  -0.0213294371  -0.0197678209  -0.0140311933  -0.0049824632
        0.0019139598  -0.0005744021  -0.0000826944   0.0005428079   0.0003635911
        0.0002189753   0.0024385995   0.0004255013  -0.0013227723  -0.0011245848
       -0.0006800579  -0.0001400404   0.0003860180  -0.0001686735  -0.0000016913
       -0.0000560026   0.0000275335  -0.0001134954  -0.0000015917   0.0000922934
        0.0001902610  -0.0000992516   0.0000254428  -0.0002210114  -0.0000810305
        0.0000567317   0.0003995824  -0.0003401204   0.0000249169  -0.0002079981
        0.0000681377  -0.0000531310  -0.0000134823   0.0000562350  -0.0000253133
        0.0008814510   0.0005598888   0.0007426089   0.1533753845   0.1109363677
        0.0787739336   0.0007200929  -0.0008359537  -0.0000521323   0.0000625393
       -0.0000228556   0.0001963387   0.0002407736   0.0004031804   0.0002707291
       -0.0000197563   0.0000122637  -0.0000003070   0.0000084757  -0.0000087053
        0.0000101774   0.0000005137  -0.0000081993   0.0000105721
       -0.0142697344  -0.0189127431  -0.0129187276  -0.1014852735  -0.1566628338
       -0.0818260341   0.0006231240   0.0020778246   0.0009623872   0.0012073701
        0.0028907040  -0.0029287652   0.0007336391   0.0001232021   0.0003020773
        0.0029293777  -0.0022237463  -0.0053307649   0.0002220204   0.0001540506
        0.0001011396   0.0002242320   0.0000141963  -0.0000369389  -0.0001254123
       -0.0000214659   0.0000677049  -0.0000452477   0.0000601892   0.0000017032
        0.0001319096  -0.0000305523  -0.0000112660  -0.0001361860   0.0000285861
       -0.0000046883   0.0001685393  -0.0001725941   0.0000462480  -0.0001047263
        0.0000403439  -0.0000204554  -0.0000003920   0.0000060070  -0.0000033297
       -0.0007463827  -0.0000295133   0.0012965876   0.1109363677   0.1738030406
        0.0984575768   0.0005045591   0.0001213684   0.0016756576  -0.0000053078
       -0.0003217089   0.0007856963  -0.0007642058  -0.0009455039  -0.0006274623
       -0.0000126796   0.0000069446   0.0000045498   0.0000058172  -0.0000008719
        0.0000049510   0.0000085918  -0.0000049240   0.0000021534
       -0.0075174099  -0.0103332352  -0.0058964888  -0.0696321896  -0.0818619958
       -0.0894405800  -0.0022353403  -0.0014429005  -0.0005881898  -0.0006852488
       -0.0031090885   0.0065765562   0.0001854185   0.0004378645   0.0000695460
        0.0007176767  -0.0053446722   0.0048659731  -0.0002330240  -0.0000149171
       -0.0000190452   0.0000968926  -0.0000239684  -0.0000764600  -0.0000038998
        0.0000993231  -0.0000176376  -0.0000113005   0.0000786463  -0.0000138401
        0.0000715045  -0.0000492266   0.0000276139  -0.0000444631  -0.0000077332
        0.0000050730   0.0000686836  -0.0002028371  -0.0000188266  -0.0000742508
        0.0000225490  -0.0000216878  -0.0000508878  -0.0000295542   0.0000005296
        0.0000025900   0.0014537745  -0.0016554909   0.0787739336   0.0984575768
        0.0896460163   0.0007477227   0.0014944001  -0.0017936960   0.0001952107
        0.0008120406  -0.0012718827  -0.0003798136  -0.0004291644  -0.0003889819
       -0.0000107223  -0.0000008050  -0.0000016263   0.0000063179  -0.0000077403
        0.0000097868   0.0000125999   0.0000016638   0.0000033387
       -0.0055799228   0.0011471742  -0.0011034514  -0.0135953188   0.0241824648
        0.0118800483  -0.0846055715   0.0860665528   0.0434932505   0.0062044794
       -0.0121185812  -0.0066876707  -0.0016186460  -0.0022642542  -0.0022764233
       -0.0003483279  -0.0003362579  -0.0001761261   0.0012466381  -0.0006548580
       -0.0000088602   0.0001608886  -0.0004023907  -0.0000634195  -0.0000704745
        0.0003421970   0.0000191778  -0.0000398156  -0.0001365900   0.0000150021
        0.0000294071   0.0001341965  -0.0000360441  -0.0008054745   0.0002396709
        0.0000081840  -0.0008306125  -0.0007223578  -0.0002826555   0.0001148876
        0.0000468716   0.0000234972   0.0001305801   0.0001135780   0.0000037489
       -0.0006520256   0.0011969991   0.0006392052   0.0007200929   0.0005045591
        0.0007477227   0.0992783594  -0.0965940828  -0.0457726983   0.0002846524
       -0.0007108036  -0.0005086142  -0.0000076133  -0.0001269514   0.0001371942
       -0.0000013779   0.0000905163  -0.0000212309  -0.0000295462   0.0000116972
       -0.0000156061   0.0000147414  -0.0000093499  -0.0000142307
        0.0014702113   0.0027692444  -0.0028146592   0.0040287996  -0.0047653920
       -0.0025070766   0.0858510587  -0.2160855630  -0.0926654976   0.0069276923
       -0.0196535462  -0.0112095062  -0.0026817923  -0.0008935475  -0.0047076107
       -0.0004148262   0.0004773230   0.0003858599   0.0010761456  -0.0010012821
        0.0019331951   0.0000915987  -0.0006471171  -0.0002528058  -0.0001181043
        0.0003050869   0.0001843603  -0.0000284544  -0.0000352141  -0.0000003468
        0.0002568317   0.0001395967  -0.0002205466  -0.0005982948   0.0002020974
       -0.0001494222   0.0007882040   0.0008137339   0.0007388156   0.0000594139
        0.0000514300   0.0000450933   0.0001047699   0.0000634642  -0.0000011823
       -0.0000022414  -0.0002102913  -0.0001456139  -0.0008359537   0.0001213684
        0.0014944001  -0.0965940828   0.2394587898   0.1095609479   0.0005925303
       -0.0007980852  -0.0004878800  -0.0001377895  -0.0002863512   0.0007727496
        0.0001376186  -0.0000248545   0.0000744994   0.0000016255   0.0000037502
       -0.0000193508   0.0000250393  -0.0000046409  -0.0000084225
       -0.0006657139  -0.0030274724   0.0063596031   0.0005589098  -0.0005377457
        0.0004159989   0.0433973638  -0.0918919009  -0.0798040636   0.0048254905
       -0.0136618805  -0.0054968884  -0.0028071916  -0.0044411161   0.0042312125
       -0.0001053731   0.0004462715  -0.0000674004   0.0010607327   0.0009537472
       -0.0013391551   0.0008010695  -0.0007361264  -0.0000396086  -0.0002896644
        0.0005288036  -0.0000995408  -0.0002239977   0.0001668855   0.0000687505
        0.0001160113  -0.0000572349  -0.0000815634  -0.0003627372   0.0002867442
       -0.0000508476  -0.0011133862   0.0003225175  -0.0002678600   0.0000855565
        0.0000700972  -0.0000138371   0.0001479688   0.0001063135  -0.0000372994
       -0.0000358952  -0.0000287072  -0.0000372368  -0.0000521323   0.0016756576
       -0.0017936960  -0.0457726983   0.1095609479   0.0795130618   0.0003012127
       -0.0006049067  -0.0002906117   0.0001268521   0.0008037194  -0.0012507350
       -0.0000165191   0.0000628535   0.0000742054  -0.0000149407  -0.0000013969
        0.0000029352   0.0000390821   0.0000039292   0.0000045766
       -0.0054443976   0.0015233725  -0.0007591949  -0.0001471934   0.0005008116
        0.0003220394  -0.0002078536   0.0025348056   0.0006842643   0.0066781280
        0.0058543991   0.0043196906  -0.1346102132  -0.1053116603  -0.0744284514
       -0.0196855611  -0.0185732786  -0.0134875851   0.0003153773  -0.0004455037
        0.0005911071  -0.0010104256   0.0031131419   0.0004337754  -0.0029198801
       -0.0017138124   0.0016520300   0.0003430027  -0.0005291928  -0.0000629943
       -0.0000852988   0.0004311987  -0.0000764654  -0.0001902068  -0.0000103658
       -0.0000373844   0.0000790584  -0.0003503093   0.0000103850   0.0002158836
       -0.0001407432   0.0000719069  -0.0000900837  -0.0000957923   0.0000396691
       -0.0008631195  -0.0009598683  -0.0005784431   0.0000625393  -0.0000053078
        0.0001952107   0.0002846524   0.0005925303   0.0003012127   0.1566986844
        0.1144222094   0.0809527848   0.0006220514  -0.0008475609  -0.0001265540
       -0.0000004581  -0.0000058587   0.0000065462  -0.0000010315   0.0000076040
       -0.0000194868  -0.0000436544   0.0000091809  -0.0000040627
        0.0014577968   0.0025783841  -0.0029415372   0.0004419224   0.0001746383
        0.0003254042   0.0026666191  -0.0019267993  -0.0048716666  -0.0134653565
       -0.0182958963  -0.0131743912  -0.1048862932  -0.1611721068  -0.0864025393
        0.0011910459   0.0029166892   0.0011725646  -0.0012128554   0.0001557792
        0.0020126876   0.0008889783  -0.0004473074  -0.0004347531  -0.0013035812
        0.0005959150   0.0007104064  -0.0000064142  -0.0000080537  -0.0001324013
        0.0000254130  -0.0001123253  -0.0000846835  -0.0001795672   0.0001162217
       -0.0000809926   0.0000294218  -0.0002401198   0.0001565650  -0.0001070464
        0.0000666569   0.0000317928  -0.0000328470   0.0000791871   0.0000085703
        0.0002668546   0.0000832732   0.0001489652  -0.0000228556  -0.0003217089
        0.0008120406  -0.0007108036  -0.0007980852  -0.0006049067   0.1144222094
        0.1764482109   0.1017136470   0.0006178589   0.0000704365   0.0016378989
       -0.0000538878   0.0000266004   0.0000033188  -0.0000256929   0.0000067306
       -0.0000023008  -0.0000009193   0.0000036797  -0.0000036894
       -0.0010862408  -0.0028009502   0.0062656091   0.0003931985   0.0003611881
       -0.0000309831   0.0007417285  -0.0051225230   0.0043593723  -0.0077081231
       -0.0106893259  -0.0056931177  -0.0734668634  -0.0849693688  -0.0905646586
       -0.0022858214  -0.0020122099  -0.0002690155   0.0006870581   0.0023098493
       -0.0016125320   0.0014952959  -0.0034187015   0.0000634176   0.0007365804
        0.0018399457  -0.0003932197  -0.0004024174   0.0006804915   0.0000272107
        0.0001777957  -0.0003478307   0.0000678401  -0.0003249783   0.0002402507
        0.0000535482  -0.0000760131   0.0002324092  -0.0001552052  -0.0003322118
        0.0001550243  -0.0001198549   0.0001192885   0.0000993965  -0.0000307699
       -0.0000354292  -0.0000665885  -0.0001455758   0.0001963387   0.0007856963
       -0.0012718827  -0.0005086142  -0.0004878800  -0.0002906117   0.0809527848
        0.1017136470   0.0913473363   0.0007639583   0.0014717976  -0.0016815915
       -0.0000408387   0.0000233674   0.0000276261  -0.0000158409  -0.0000041697
        0.0000272554   0.0000193649   0.0000064848   0.0000198025
        0.0062088125  -0.0135538260  -0.0071177061  -0.0012412555  -0.0022670321
       -0.0024041183  -0.0004084576  -0.0004636725  -0.0003191340  -0.0051752237
        0.0009391977  -0.0010840804  -0.0146825087   0.0246284584   0.0124627137
       -0.0827736346   0.0830143555   0.0415753823  -0.0006319682   0.0014081977
        0.0006337580   0.0001218722   0.0003612632  -0.0000429927   0.0000412961
       -0.0001359179  -0.0000157174   0.0000988237  -0.0000018709  -0.0000475077
        0.0001121583   0.0000064510  -0.0000010174  -0.0002453400   0.0000736184
       -0.0000680480  -0.0002428047  -0.0000977772   0.0002141453  -0.0000854837
        0.0000113838  -0.0000268698  -0.0000307018   0.0000068317   0.0000091396
        0.0008115649  -0.0009451059  -0.0001388666   0.0002407736  -0.0007642058
       -0.0003798136  -0.0000076133  -0.0001377895   0.0001268521   0.0006220514
        0.0006178589   0.0007639583   0.0973036843  -0.0927080495  -0.0441368454
       -0.0000426863   0.0000177450  -0.0000328455   0.0000122001  -0.0000035368
        0.0000140544  -0.0000055590  -0.0000065771   0.0000155595
        0.0069076065  -0.0190686194  -0.0105573812  -0.0027316575  -0.0004458937
       -0.0050998982  -0.0004515852   0.0005425619   0.0003697587   0.0016263578
        0.0028391739  -0.0029346905   0.0042555997  -0.0053157985  -0.0029434345
        0.0835212269  -0.2152149204  -0.0933509945  -0.0000658728  -0.0005158586
       -0.0000930906  -0.0000826074  -0.0002705755   0.0000074017  -0.0000404852
        0.0001499555   0.0000359399  -0.0000564243  -0.0000151139   0.0000270341
       -0.0001310900   0.0000168908  -0.0000304273   0.0001010930  -0.0000144691
        0.0000141692  -0.0001103214   0.0004038876  -0.0000475513   0.0001169036
       -0.0000275701   0.0000400334   0.0000615757   0.0000328765  -0.0000022808
        0.0003569428   0.0000058144   0.0014909800   0.0004031804  -0.0009455039
       -0.0004291644  -0.0001269514  -0.0002863512   0.0008037194  -0.0008475609
        0.0000704365   0.0014717976  -0.0927080495   0.2380479657   0.1112515543
        0.0000199901   0.0000027725   0.0000062062  -0.0000155610   0.0000088967
       -0.0000157387  -0.0000023101  -0.0000005576  -0.0000139423
        0.0049324882  -0.0127969401  -0.0058656750  -0.0025848341  -0.0051199777
        0.0044919036  -0.0003873645   0.0004458619   0.0000528856  -0.0011510170
       -0.0029182792   0.0065332774   0.0010772616  -0.0003789956   0.0004691039
        0.0411556207  -0.0935042489  -0.0832513597   0.0002846315  -0.0001283964
        0.0000714170  -0.0000629982  -0.0002577918   0.0000041033  -0.0000446687
        0.0001279962  -0.0000494846  -0.0000449012  -0.0000468354  -0.0000083394
       -0.0000132557   0.0000124930   0.0000057969   0.0000037021  -0.0000152035
       -0.0000190821   0.0000057086   0.0001993651  -0.0000930462   0.0000172815
        0.0000034692  -0.0000003793   0.0000497949   0.0000375868  -0.0000031631
        0.0006292603   0.0012950291  -0.0016647911   0.0002707291  -0.0006274623
       -0.0003889819   0.0001371942   0.0007727496  -0.0012507350  -0.0001265540
        0.0016378989  -0.0016815915  -0.0441368454   0.1112515543   0.0826411271
        0.0000058839   0.0000065752   0.0000038820  -0.0000094179   0.0000047857
        0.0000005211  -0.0000077001  -0.0000012340   0.0000026111
        0.0000203659   0.0000069333   0.0000008291   0.0000124535   0.0000066184
        0.0000732289   0.0000241459   0.0000433507   0.0000823237  -0.0000796108
        0.0015250782  -0.0000778967  -0.0004321429   0.0000330901  -0.0000868036
       -0.0000525281  -0.0000008745   0.0000831800  -0.0060890394   0.0036205279
       -0.0004226584  -0.0009919400  -0.0002683012   0.0000764758   0.0003152583
        0.0001224037  -0.0000287771  -0.0029712501  -0.0023037044   0.0003281804
        0.0024417314  -0.0191842411   0.0021407053  -0.0443842542   0.0319427704
       -0.0034960766  -0.0095478643   0.0325972700  -0.0037694864   0.0015315535
       -0.0010893266  -0.0000928757  -0.0001332846  -0.0011200240   0.0001354022
       -0.0000236404   0.0000059998  -0.0000184991  -0.0000197563  -0.0000126796
       -0.0000107223  -0.0000013779   0.0001376186  -0.0000165191  -0.0000004581
       -0.0000538878  -0.0000408387  -0.0000426863   0.0000199901   0.0000058839
        0.0609072771  -0.0465971612   0.0048978080  -0.0005592804   0.0002724973
        0.0002336390   0.0000763282   0.0002960520   0.0000034974
        0.0000111000   0.0000267956   0.0000167924  -0.0000037994   0.0000471344
       -0.0000240775  -0.0000149822  -0.0000795092  -0.0000870271  -0.0002618883
       -0.0005072934   0.0001580752   0.0001183842  -0.0000143130   0.0000707199
       -0.0000318213   0.0000002188  -0.0000695022   0.0022513537   0.0014490000
        0.0009449758  -0.0002494196   0.0001462725   0.0001540626  -0.0001271693
        0.0005140084  -0.0001872992  -0.0035200185  -0.0016905167   0.0006535670
        0.0016087140  -0.0229373550   0.0029239425   0.0344496278  -0.2912578899
        0.0301760322   0.0117254107  -0.0157556114   0.0005649162   0.0009233429
        0.0013475111  -0.0003494676   0.0001605868  -0.0006816538   0.0000431385
        0.0000047584   0.0000027342   0.0000174626   0.0000122637   0.0000069446
       -0.0000008050   0.0000905163  -0.0000248545   0.0000628535  -0.0000058587
        0.0000266004   0.0000233674   0.0000177450   0.0000027725   0.0000065752
       -0.0465971612   0.3291005756  -0.0352018388  -0.0009188863   0.0000969531
        0.0001580571   0.0003572013   0.0001814755  -0.0000545207
        0.0000253743   0.0000375499   0.0000271081   0.0000683630   0.0000623919
       -0.0000890358   0.0001066782  -0.0001949890  -0.0001096583  -0.0002539866
        0.0002946513   0.0013851084  -0.0002338753  -0.0000395169  -0.0000111876
       -0.0000761870   0.0001780035  -0.0000738766   0.0004598366   0.0010341232
        0.0093099560  -0.0000998634  -0.0001178015   0.0015194982  -0.0000919959
       -0.0001562716  -0.0009527065   0.0003957596   0.0006367030   0.0037064133
        0.0000710159   0.0029835436   0.0016145189  -0.0039169577   0.0303836341
       -0.0311126247  -0.0010298030   0.0002389035  -0.0098768270  -0.0003463721
       -0.0000196803  -0.0008093634  -0.0000566782  -0.0000254892  -0.0004601977
       -0.0000115785  -0.0000093043   0.0000362992  -0.0000003070   0.0000045498
       -0.0000016263  -0.0000212309   0.0000744994   0.0000742054   0.0000065462
        0.0000033188   0.0000276261  -0.0000328455   0.0000062062   0.0000038820
        0.0048978080  -0.0352018388   0.0258217232   0.0001462892  -0.0001545461
       -0.0001828122  -0.0000059898  -0.0000186404   0.0001535773
        0.0000092117  -0.0000019392  -0.0000005111  -0.0000107348  -0.0000075255
       -0.0000098076  -0.0000050536   0.0000177853   0.0000194709  -0.0000120371
       -0.0000586566   0.0000688566   0.0000278870   0.0000203837   0.0000109536
        0.0000049844  -0.0000038182  -0.0000141282   0.0000489735  -0.0008083795
        0.0001293333   0.0005964419   0.0011894795  -0.0007697812  -0.0006732082
        0.0002792787   0.0000645371  -0.0060245231   0.0016514242   0.0001402229
       -0.0072138551   0.0301874489   0.0027519477   0.0013725043   0.0017095944
       -0.0004678768  -0.0000369554   0.0005097670  -0.0001280545  -0.0605579159
        0.0673491212   0.0102621716   0.0002041630  -0.0009775486   0.0002581546
        0.0000152757  -0.0000077241  -0.0000009352   0.0000084757   0.0000058172
        0.0000063179  -0.0000295462   0.0000016255  -0.0000149407  -0.0000010315
       -0.0000256929  -0.0000158409   0.0000122001  -0.0000155610  -0.0000094179
       -0.0005592804  -0.0009188863   0.0001462892   0.0680956728  -0.0803174952
       -0.0097455772   0.0047283511  -0.0197784985  -0.0026813840
        0.0000086860   0.0000054582   0.0000017627   0.0000109289   0.0000176159
        0.0000218754  -0.0000274086   0.0000474545   0.0000033619   0.0000723425
       -0.0000296340  -0.0000665777  -0.0000102427  -0.0000472344  -0.0000093628
        0.0000114290  -0.0000191939  -0.0000174902  -0.0004222644   0.0002906232
        0.0000453266   0.0008722369  -0.0009651891   0.0007264510   0.0002047182
        0.0003801720  -0.0002269053  -0.0005576449   0.0010338945  -0.0002254135
        0.0110109391  -0.0140561758  -0.0008329031  -0.0028352797   0.0013634936
       -0.0000971210   0.0000638184  -0.0008941789   0.0002147630   0.0660736378
       -0.3951740707  -0.0295232055   0.0012959631   0.0009449195  -0.0001803867
       -0.0000052455   0.0000061121  -0.0000012910  -0.0000087053  -0.0000008719
       -0.0000077403   0.0000116972   0.0000037502  -0.0000013969   0.0000076040
        0.0000067306  -0.0000041697  -0.0000035368   0.0000088967   0.0000047857
        0.0002724973   0.0000969531  -0.0001545461  -0.0803174952   0.4249497358
        0.0335895465   0.0042713249  -0.0179692613  -0.0032593630
       -0.0000043237  -0.0000164611  -0.0000102391  -0.0000282900  -0.0000139428
       -0.0000112894   0.0000340612  -0.0000110908  -0.0000077427  -0.0001679717
        0.0000733412  -0.0000927341   0.0000031331   0.0000363591  -0.0000205051
        0.0000153602   0.0000137775   0.0000468520   0.0004558781   0.0005380527
       -0.0001310319  -0.0017581354   0.0009957695   0.0027077349   0.0002467057
       -0.0005643416  -0.0008488215   0.0010039275  -0.0004220672   0.0022125959
       -0.0068289220   0.0056330473  -0.0061068907   0.0004064750  -0.0004088578
       -0.0012363544   0.0002254634  -0.0000293661   0.0001667735   0.0177325845
       -0.0463023297  -0.0023415013  -0.0005614302   0.0000205449  -0.0000002295
        0.0000169076  -0.0000014064  -0.0000021048   0.0000101774   0.0000049510
        0.0000097868  -0.0000156061  -0.0000193508   0.0000029352  -0.0000194868
       -0.0000023008   0.0000272554   0.0000140544  -0.0000157387   0.0000005211
        0.0002336390   0.0001580571  -0.0001828122  -0.0097455772   0.0335895465
        0.0086052123  -0.0012686242   0.0067438068  -0.0027874103
       -0.0000080814   0.0000196796   0.0000117213  -0.0000155157   0.0000098927
       -0.0000083504  -0.0000070159  -0.0000515536  -0.0000291555  -0.0000237275
        0.0000602658   0.0000640116  -0.0000141929   0.0000152671  -0.0000279089
       -0.0000344705   0.0000293101   0.0000113165   0.0009234363   0.0000053913
       -0.0000622088  -0.0017254340  -0.0007135812  -0.0002132815   0.0006318373
       -0.0001643975   0.0000805703   0.0012264883  -0.0033936196   0.0001433185
       -0.0312433297  -0.0184090073   0.0067441925  -0.0030733402   0.0028977090
        0.0000655771  -0.0029286355  -0.0009086237  -0.0000708394  -0.2197367307
       -0.1678756719   0.0580471716   0.0015453022   0.0021028638  -0.0002144346
        0.0000016083   0.0000056941   0.0000044538   0.0000005137   0.0000085918
        0.0000125999   0.0000147414   0.0000250393   0.0000390821  -0.0000436544
       -0.0000009193   0.0000193649  -0.0000055590  -0.0000023101  -0.0000077001
        0.0000763282   0.0003572013  -0.0000059898   0.0047283511   0.0042713249
       -0.0012686242   0.2497110805   0.1817114535  -0.0633348869
       -0.0000287704  -0.0000004686  -0.0000006175  -0.0000228364  -0.0000269230
       -0.0000278432   0.0000160350  -0.0000441480   0.0000015913  -0.0001057249
       -0.0000076333  -0.0000057289   0.0000112814   0.0000444616  -0.0000005369
       -0.0000103163   0.0000150122   0.0000286489   0.0003194223   0.0005180338
       -0.0001017008  -0.0026863773   0.0012988286  -0.0000326971   0.0003388294
       -0.0014719290   0.0002118989   0.0055650374  -0.0008996313  -0.0002432383
       -0.0061216042   0.0111010758  -0.0029377330   0.0033353963   0.0001697387
        0.0004483413   0.0000484964   0.0003999881  -0.0000287862  -0.1609254485
       -0.2091038274   0.0548490697  -0.0019391384  -0.0003458158   0.0001471021
       -0.0000083433  -0.0000058371  -0.0000012572  -0.0000081993  -0.0000049240
        0.0000016638  -0.0000093499  -0.0000046409   0.0000039292   0.0000091809
        0.0000036797   0.0000064848  -0.0000065771  -0.0000005576  -0.0000012340
        0.0002960520   0.0001814755  -0.0000186404  -0.0197784985  -0.0179692613
        0.0067438068   0.1817114535   0.2161533033  -0.0590425234
        0.0000042493   0.0000141608   0.0000090529   0.0000087386  -0.0000128829
       -0.0000254073  -0.0000204388  -0.0000167152  -0.0000098104  -0.0001505047
        0.0000166252  -0.0001705686   0.0000586410   0.0000139133  -0.0000100580
       -0.0000108773  -0.0000122076   0.0000208496   0.0004239739  -0.0000240616
       -0.0001341159  -0.0008124938   0.0001810939   0.0000780325   0.0001601149
       -0.0002712412   0.0001881873   0.0012391039  -0.0002923046  -0.0004897331
       -0.0055131186  -0.0016309123  -0.0023411638  -0.0001932168   0.0008877678
        0.0027400936  -0.0007538791   0.0001391563   0.0004830467   0.0720095641
        0.0643037081  -0.0235905517  -0.0004572630  -0.0009083071  -0.0012338466
        0.0000123417  -0.0000074852   0.0000052218   0.0000105721   0.0000021534
        0.0000033387  -0.0000142307  -0.0000084225   0.0000045766  -0.0000040627
       -0.0000036894   0.0000198025   0.0000155595  -0.0000139423   0.0000026111
        0.0000034974  -0.0000545207   0.0001535773  -0.0026813840  -0.0032593630
       -0.0027874103  -0.0633348869  -0.0590425234   0.0270842751
