$hessian                                                                        
        0.4334902471   0.0022400385   0.0541775374  -0.1925908395  -0.0015342571
        0.0495187029   0.0008501937   0.0021789330   0.0239414045   0.0026275351
       -0.0000200607  -0.0035788941   0.0019742515  -0.0002010909  -0.0001850236
        0.0000460127   0.0002328595  -0.0000699407   0.0001604520   0.0000337969
       -0.0001154943   0.0000141953  -0.0000050389  -0.0000103559   0.0001661141
       -0.0000725951  -0.0001474842   0.0000285556  -0.0002442792  -0.0000091328
       -0.0873410731  -0.0923136736  -0.0229417942  -0.1047941306   0.0954101513
       -0.0459471611  -0.0523346793  -0.0056233217  -0.0542003671  -0.0004318069
       -0.0000245577  -0.0001657838  -0.0001600755  -0.0001238808   0.0000903478
        0.0000695031   0.0000827685  -0.0001566296  -0.0007769694   0.0005448353
       -0.0001720993  -0.0000400154  -0.0001323376   0.0000837501  -0.0000492330
        0.0000055581   0.0000881910   0.0000627766  -0.0000034566  -0.0001273088
       -0.0007966516  -0.0006124625  -0.0000748835  -0.0000599876   0.0001459654
        0.0000735426  -0.0001721289   0.0001486452   0.0000745496   0.0000577542
       -0.0001125393  -0.0001456727
        0.0022400385   0.4967801286   0.0040677022  -0.0030673513  -0.0556029914
       -0.0002528792   0.0033271416   0.0008881965  -0.0023122146   0.0006479782
       -0.0041683237   0.0002798357  -0.0003665283   0.0053532041  -0.0010831683
       -0.0009497685   0.0003147662   0.0006676149   0.0002657358  -0.0000494723
       -0.0001762799   0.0000077417   0.0000623177   0.0000015424  -0.0003021339
       -0.0000619381   0.0001840372   0.0008683690   0.0002772407  -0.0006498385
       -0.0900639737  -0.2170590470  -0.0392527323   0.0934526263  -0.1801614844
        0.0628162834  -0.0062050481  -0.0464154002  -0.0242411831   0.0001557031
        0.0002603666  -0.0001556173  -0.0000310872  -0.0003535459  -0.0000585684
       -0.0002961117   0.0001883966  -0.0000352710   0.0001396168   0.0000686002
        0.0002586170  -0.0000021578  -0.0000770678   0.0000558656  -0.0000043330
       -0.0000413720   0.0000022889  -0.0000009801  -0.0000335793   0.0000007490
       -0.0001236237   0.0000513152  -0.0001992152  -0.0000137100  -0.0000894927
       -0.0000281097   0.0000519195  -0.0003308338   0.0000941455   0.0002699368
        0.0002000163   0.0000163959
        0.0541775374   0.0040677022   0.5132828715   0.0330031612  -0.0009712558
       -0.0820825489   0.0358680868  -0.0017718665  -0.0352565350   0.0035696539
        0.0005987785   0.0006369661  -0.0022346440  -0.0010623116  -0.0057053711
        0.0001282313  -0.0002131461   0.0000534853  -0.0003307323   0.0001575367
        0.0000393314   0.0000721793  -0.0000007888   0.0000475972  -0.0002890627
       -0.0001590418   0.0000356901  -0.0001005134   0.0001480439   0.0001795546
       -0.0216669131  -0.0368363434  -0.0509714780  -0.0440329729   0.0605422388
       -0.0704765092  -0.0603249827  -0.0245337006  -0.2694057304   0.0016768932
       -0.0000741170  -0.0011289222   0.0000680204   0.0000249402  -0.0001027892
       -0.0000296003  -0.0000943182   0.0001277128   0.0003501985  -0.0002500619
        0.0003641520  -0.0000741155   0.0001025363   0.0000027658  -0.0000478738
       -0.0000019387  -0.0000708114  -0.0000458354   0.0000032397   0.0000372617
        0.0003683695   0.0003132522   0.0003754040  -0.0000717479  -0.0000903776
        0.0000285701   0.0000622421   0.0000360881  -0.0001190694  -0.0000955797
        0.0000649113   0.0001084023
       -0.1925908395  -0.0030673513   0.0330031612   0.3867707106   0.0108454794
       -0.0332801846  -0.0905142506  -0.0019144064  -0.0043184974  -0.0174168512
       -0.0077301200  -0.0620611833  -0.0033399920   0.0024329533   0.0310346367
       -0.0004453714  -0.0000944751  -0.0002150263  -0.0016024960   0.0010683571
        0.0000083779   0.0000016270   0.0000186683   0.0002152413  -0.0016536415
       -0.0011520009   0.0001743515  -0.0004496272   0.0000974241  -0.0001671718
       -0.0331046085  -0.0078404928   0.0131199004  -0.0361474489   0.0069345250
        0.0129776191   0.0007134829   0.0004712728   0.0048034462  -0.0051906082
        0.0001531146   0.0045508583   0.0002276261   0.0001914223  -0.0000454133
       -0.0000040934  -0.0001018378  -0.0001172969  -0.0024408292   0.0010620036
        0.0000166001  -0.0002332967   0.0002555077   0.0001233816   0.0000409655
       -0.0000108862  -0.0001407960  -0.0001055877  -0.0000006794   0.0001656565
       -0.0025311879  -0.0012166858   0.0001289148  -0.0002344768  -0.0002594464
        0.0001599110   0.0002498311  -0.0002134268   0.0000026243   0.0000009636
        0.0000710809  -0.0001391114
       -0.0015342571  -0.0556029914  -0.0009712558   0.0108454794   0.0799199127
        0.0332806818  -0.0035121360  -0.0572687384  -0.0166268930  -0.0070844782
        0.0247225486  -0.0131336727   0.0012732202   0.0032251860  -0.0016379061
       -0.0004782823   0.0002936173   0.0003881545   0.0006510064  -0.0006567031
        0.0007133330   0.0000072651  -0.0003854570   0.0000615375  -0.0006931763
       -0.0008252868  -0.0007925205   0.0002768472  -0.0001744377  -0.0006678813
       -0.0262790774   0.0023496591   0.0143981709   0.0236957735   0.0017374555
       -0.0133499113   0.0031491120   0.0006971168  -0.0019367260   0.0000116527
        0.0009747005  -0.0000602926   0.0000541293   0.0004885690   0.0002192928
       -0.0000348768   0.0002231045  -0.0001785123   0.0011092626  -0.0007054079
       -0.0007975109   0.0003381813   0.0001033134  -0.0002810695   0.0000194980
        0.0000825149   0.0000150398  -0.0000554851   0.0003667018  -0.0000066500
       -0.0013613626  -0.0006413129   0.0011918223  -0.0003582324   0.0001177544
        0.0003298673  -0.0001072791   0.0005434212  -0.0003530175   0.0000672157
        0.0004147596   0.0001959196
        0.0495187029  -0.0002528792  -0.0820825489  -0.0332801846   0.0332806818
        0.4498895089  -0.0223141495  -0.0174147175  -0.2327415647  -0.0547358372
       -0.0127448603  -0.0844726309   0.0177443696  -0.0024181945  -0.0282582622
       -0.0010295805   0.0021544963  -0.0022848079   0.0003632636   0.0000329748
       -0.0009834430   0.0001924877   0.0000463241   0.0002853384   0.0004751973
       -0.0000147652  -0.0008312344  -0.0010500850  -0.0024076559  -0.0017451521
        0.0064926068   0.0050596222  -0.0007388902   0.0021255026  -0.0048257175
        0.0028338019   0.0329775410  -0.0006610732  -0.0220277254   0.0030658433
       -0.0001365453  -0.0020531072  -0.0002326168  -0.0004443826  -0.0001888968
        0.0004875407  -0.0009465373   0.0005407083  -0.0004154298  -0.0006391790
        0.0018445641  -0.0000620411   0.0000292394   0.0003733552   0.0003113292
        0.0000351338   0.0003675477  -0.0005094700  -0.0000270007   0.0001863548
       -0.0002755103   0.0009549609   0.0016025430  -0.0000007637   0.0000100982
        0.0003224263  -0.0002347612   0.0004019028  -0.0002088260   0.0003860449
        0.0009280738   0.0003709411
        0.0008501937   0.0033271416   0.0358680868  -0.0905142506  -0.0035121360
       -0.0223141495   0.8236319838   0.0442934211   0.1762312965  -0.5587337064
       -0.0466033934  -0.2604989514  -0.1351662831   0.0014916496   0.0557393898
       -0.0193889141   0.0110238133   0.0025498425   0.0003711515  -0.0005590158
        0.0000717812  -0.0011631327  -0.0000518896  -0.0001829205   0.0002956953
        0.0004917925  -0.0000594344  -0.0171836494  -0.0108854047   0.0033437817
       -0.0000546734  -0.0013989896   0.0034024070  -0.0002453713   0.0019356212
        0.0032632076  -0.0066871820  -0.0000875494   0.0025391656   0.0011980584
        0.0001608143   0.0001166514   0.0004444670  -0.0012607984   0.0002473035
       -0.0003245483   0.0006357713   0.0000108746   0.0004172199   0.0002434244
       -0.0007502186   0.0006246992  -0.0002665210   0.0003535494   0.0002385468
        0.0000423502   0.0004862653  -0.0000671768  -0.0000062500  -0.0001935813
        0.0004880270  -0.0003257374  -0.0006384550   0.0005868511   0.0003479709
        0.0002886601   0.0004525526   0.0013456789   0.0000159840  -0.0000705581
       -0.0003817638   0.0001094638
        0.0021789330   0.0008881965  -0.0017718665  -0.0019144064  -0.0572687384
       -0.0174147175   0.0442934211   0.2040137915   0.0434220070  -0.0452710557
       -0.0702573068  -0.0252580925   0.0002021971  -0.0661078021   0.0008550305
        0.0205137422  -0.0024957384  -0.0115752148  -0.0001115673   0.0003474171
       -0.0000695956  -0.0000776563   0.0000637521  -0.0000659489  -0.0000032658
        0.0004147616   0.0003391306  -0.0214010256  -0.0019229550   0.0127485229
       -0.0008146038   0.0005805393   0.0016915818   0.0004147286   0.0009310418
       -0.0010726924  -0.0000729425   0.0005160435  -0.0002832855   0.0018475977
        0.0013865071  -0.0017948001   0.0009632758  -0.0009353259  -0.0006533744
        0.0037547956  -0.0044106061   0.0011048360   0.0002138358   0.0004773081
        0.0004543147  -0.0000451967  -0.0001263836   0.0000710500  -0.0000365254
       -0.0001338658  -0.0000158955   0.0000759403  -0.0002662815  -0.0000252902
       -0.0003698190   0.0000065075  -0.0009395284   0.0001172306  -0.0000917470
       -0.0001863290  -0.0008616890  -0.0006677573   0.0009005648  -0.0035959443
       -0.0049413582  -0.0004604073
        0.0239414045  -0.0023122146  -0.0352565350  -0.0043184974  -0.0166268930
       -0.2327415647   0.1762312965   0.0434220070   0.5779311734  -0.2475746860
       -0.0248204811  -0.2110236780   0.0336820876   0.0003083736  -0.0843604324
       -0.0026975169  -0.0040069509   0.0066441808  -0.0008377401   0.0002288163
        0.0019597303  -0.0003664999  -0.0000496095  -0.0006661696  -0.0007758786
       -0.0000089297   0.0019197060  -0.0000220353   0.0048289457   0.0042050969
       -0.0015734182  -0.0020381870   0.0024469491  -0.0018655649   0.0021899167
        0.0023441855   0.0024932929  -0.0002325793  -0.0034089016   0.0273699310
       -0.0010124570  -0.0239250203   0.0000851854  -0.0002858717   0.0008896060
       -0.0013162586   0.0021376311  -0.0002104622  -0.0013103882   0.0017469787
       -0.0026448945   0.0001019547  -0.0002280717  -0.0009198295  -0.0005542047
       -0.0000524697  -0.0004965404   0.0008567277   0.0000096036  -0.0004328248
       -0.0011964934  -0.0021648800  -0.0022695969   0.0000990724   0.0000995031
       -0.0009217502   0.0001852978   0.0003508096   0.0007598785  -0.0006370681
       -0.0014829900   0.0001776938
        0.0026275351   0.0006479782   0.0035696539  -0.0174168512  -0.0070844782
       -0.0547358372  -0.5587337064  -0.0452710557  -0.2475746860   0.6366450179
        0.0573361376   0.3190398902  -0.0570808648  -0.0055007641  -0.0237064606
       -0.0043531570  -0.0024592818   0.0034692348  -0.0001113645   0.0003009957
       -0.0002019142   0.0004910651   0.0000084565   0.0000865467  -0.0000794355
       -0.0003160885  -0.0001522402  -0.0051954307   0.0025467259   0.0034723260
        0.0006117848   0.0015218648  -0.0016336405   0.0007418893  -0.0017067446
       -0.0013879536   0.0014591066   0.0001780746   0.0013058328   0.0025450170
       -0.0000954814  -0.0021456302   0.0004998777   0.0003766425  -0.0000049510
       -0.0013383367   0.0018063921  -0.0001308665   0.0000403060  -0.0005007354
        0.0003705258  -0.0002803901   0.0001498952  -0.0000662880   0.0000206579
       -0.0000084608  -0.0001726793   0.0000334104   0.0000140591   0.0001697864
        0.0000419937   0.0005646467   0.0003158082  -0.0002705608  -0.0001669152
       -0.0000426760   0.0004796921  -0.0003098067   0.0000268042  -0.0013772559
       -0.0020320562   0.0001294146
       -0.0000200607  -0.0041683237   0.0005987785  -0.0077301200   0.0247225486
       -0.0127448603  -0.0466033934  -0.0702573068  -0.0248204811   0.0573361376
        0.0314413353   0.0384602125  -0.0029341664   0.0188952227  -0.0022190998
       -0.0024561627  -0.0011683302   0.0019609840  -0.0001136971   0.0002020862
       -0.0002842667   0.0000447801   0.0001133107   0.0000083447   0.0001215979
        0.0001722476   0.0001425858   0.0022004145  -0.0008559855  -0.0014177942
       -0.0000817285  -0.0003296710  -0.0004455558   0.0002015896  -0.0004136620
        0.0004170167  -0.0000604501   0.0001335580   0.0001832376   0.0002373748
       -0.0007574862   0.0001412330  -0.0002224252   0.0003173269  -0.0000013539
       -0.0007173343   0.0009580090  -0.0002373286  -0.0000448182  -0.0001492508
        0.0000535532  -0.0001436950   0.0000429562  -0.0000693917   0.0000181223
        0.0000327586   0.0000007743  -0.0000209512   0.0000427919   0.0000196259
        0.0001375731   0.0000337973   0.0000598408   0.0000913019   0.0000321964
        0.0001041127   0.0002650627   0.0001647749  -0.0000546134   0.0004950481
        0.0007950960   0.0001444459
       -0.0035788941   0.0002798357   0.0006369661  -0.0620611833  -0.0131336727
       -0.0844726309  -0.2604989514  -0.0252580925  -0.2110236780   0.3190398902
        0.0384602125   0.2835440573   0.0040762479  -0.0008979889   0.0052756170
        0.0017243786  -0.0008245753   0.0004629512   0.0000821084   0.0001101907
       -0.0006123282   0.0002470969   0.0000035982   0.0001262588   0.0000771130
       -0.0002065826  -0.0006082405   0.0012839380   0.0010521428   0.0006226654
        0.0002212055   0.0001735878   0.0002652213   0.0001982232  -0.0000512460
        0.0001713207  -0.0013185101   0.0000693613   0.0014427364   0.0004790555
        0.0002184699   0.0025119263   0.0001035593   0.0005831791  -0.0002538696
       -0.0002276182   0.0001030854   0.0001575827   0.0003859186  -0.0006049180
        0.0005019764  -0.0001452705   0.0000958332   0.0002689156   0.0001822605
        0.0000128397   0.0001082259  -0.0002608584   0.0000068842   0.0001766147
        0.0003814160   0.0007048316   0.0004224720  -0.0001602909  -0.0000637160
        0.0002845259   0.0000913934  -0.0006024970  -0.0001685268  -0.0003222281
       -0.0002307631   0.0001592403
        0.0019742515  -0.0003665283  -0.0022346440  -0.0033399920   0.0012732202
        0.0177443696  -0.1351662831   0.0002021971   0.0336820876  -0.0570808648
       -0.0029341664   0.0040762479   0.4644262249   0.0048258518   0.0219068830
       -0.0943178658   0.0475535941  -0.0117189315  -0.0087551386   0.0095386198
       -0.0083694213   0.0015206285   0.0001513567   0.0012657523  -0.0079989266
       -0.0108387803  -0.0064867283  -0.0892121694  -0.0468432176  -0.0045282448
       -0.0001706047   0.0000881273  -0.0000709827  -0.0000996048  -0.0001186860
       -0.0001262522   0.0002650572  -0.0000125305  -0.0001416172  -0.0516752223
       -0.0034439319  -0.0415971102   0.0077987463  -0.0100983335   0.0032163188
       -0.0182726187   0.0227774542  -0.0036661550   0.0002511107  -0.0002146877
        0.0003945319  -0.0007148289  -0.0000155716  -0.0027383599   0.0000672664
        0.0000073137   0.0001311699  -0.0002594041   0.0000034829   0.0000959491
        0.0002391853   0.0002682041   0.0003279432  -0.0007094062  -0.0004727571
       -0.0026954041   0.0078921373   0.0121786062   0.0018704067  -0.0166616781
       -0.0235088372  -0.0003378090
       -0.0002010909   0.0053532041  -0.0010623116   0.0024329533   0.0032251860
       -0.0024181945   0.0014916496  -0.0661078021   0.0003083736  -0.0055007641
        0.0188952227  -0.0008979889   0.0048258518   0.4277526206   0.0081131079
        0.0555336185  -0.1344866967   0.0192341877   0.0035269582   0.0001577575
        0.0066831503   0.0001542592  -0.0007790658   0.0002639929  -0.0060535111
       -0.0045542295  -0.0078625938  -0.0549950560  -0.1455133559  -0.0101650298
        0.0005812492  -0.0000696068  -0.0006908633  -0.0006146620   0.0000241872
        0.0006707590   0.0001252257   0.0001763245  -0.0000889095  -0.0036088119
       -0.0417881685  -0.0162077640   0.0138262482  -0.0257597933   0.0060363300
        0.0074670245  -0.0067077183   0.0012280607  -0.0000370155   0.0003016264
       -0.0001722229  -0.0004625577   0.0011167358  -0.0003750984   0.0000250406
       -0.0000057806   0.0000189514  -0.0000215991  -0.0000654424   0.0000054249
        0.0000687523   0.0003113915   0.0002345756  -0.0000126146   0.0009956297
       -0.0006214998  -0.0119705087  -0.0262441845  -0.0021261255  -0.0065806395
       -0.0062280416  -0.0001083121
       -0.0001850236  -0.0010831683  -0.0057053711   0.0310346367  -0.0016379061
       -0.0282582622   0.0557393898   0.0008550305  -0.0843604324  -0.0237064606
       -0.0022190998   0.0052756170   0.0219068830   0.0081131079   0.5265251930
       -0.0187414976   0.0268134524  -0.0723899080  -0.0167723008   0.0205096910
       -0.0102675215   0.0014588496   0.0002681476   0.0025272633  -0.0150198239
       -0.0221608732  -0.0061304197  -0.0096743480  -0.0177472623  -0.0676691853
       -0.0002462906  -0.0001866879   0.0000008513  -0.0001477537   0.0001581977
       -0.0001548058   0.0014732839  -0.0000243350  -0.0007960974  -0.0448585474
       -0.0163829924  -0.2563021240   0.0003460603   0.0001578151   0.0008689320
        0.0101854764  -0.0141236745   0.0031521848   0.0001584900   0.0003232079
        0.0007414610  -0.0029198988   0.0001835942  -0.0051883477   0.0003499936
        0.0000200868   0.0002059548  -0.0001498604  -0.0000043084  -0.0000511390
        0.0001652656  -0.0002488643   0.0007313459  -0.0029309303  -0.0012055290
       -0.0050572820   0.0020255478   0.0036137888   0.0011900044   0.0105088589
        0.0160085812   0.0011120885
        0.0000460127  -0.0009497685   0.0001282313  -0.0004453714  -0.0004782823
       -0.0010295805  -0.0193889141   0.0205137422  -0.0026975169  -0.0043531570
       -0.0024561627   0.0017243786  -0.0943178658   0.0555336185  -0.0187414976
        0.5008765061   0.0381802659  -0.0266243891  -0.0850491078  -0.0034971117
       -0.0421504083  -0.0100018953  -0.0071555725  -0.0169277069   0.0005580456
        0.0014021576   0.0000191480   0.0075006292  -0.0076164918   0.0026117811
       -0.0001085635   0.0000497310   0.0001291391   0.0001565518  -0.0000578435
       -0.0001327558   0.0000567761  -0.0000439174  -0.0000226568  -0.0053824987
        0.0080860506  -0.0044171224  -0.1182911774  -0.1081786929  -0.0038367008
       -0.1692167208   0.0115589613   0.1135863697   0.0078560973   0.0014353253
        0.0194915489  -0.0089170406   0.0009662905  -0.0190503014  -0.0016217097
       -0.0035039459  -0.0008714323   0.0002458636   0.0001084163  -0.0009670913
        0.0000196852  -0.0001012580   0.0000101665   0.0000220108   0.0001640334
        0.0000918225  -0.0008263249  -0.0033478244  -0.0003596640   0.0005821686
       -0.0006117212   0.0000362384
        0.0002328595   0.0003147662  -0.0002131461  -0.0000944751   0.0002936173
        0.0021544963   0.0110238133  -0.0024957384  -0.0040069509  -0.0024592818
       -0.0011683302  -0.0008245753   0.0475535941  -0.1344866967   0.0268134524
        0.0381802659   0.4861327130   0.0078014339  -0.0050341102  -0.0658505235
       -0.0126715312  -0.0125535670  -0.0053951768  -0.0228883117   0.0015737106
        0.0028081111   0.0010052639   0.0098527414  -0.0294978201   0.0056871429
       -0.0001000542  -0.0000588054  -0.0000158771  -0.0000867285   0.0000043081
        0.0000246047  -0.0000232935   0.0000041782   0.0000153816   0.0028316791
       -0.0016592645   0.0019297287  -0.1078619469  -0.1965316469  -0.0088974695
        0.0112518174  -0.0450728726  -0.0128377279  -0.0004198212   0.0004036085
       -0.0021890809   0.0105491035   0.0003248346   0.0217478320  -0.0034908560
       -0.0044428132  -0.0015677992   0.0005733058   0.0006330865  -0.0004410634
        0.0000697788  -0.0002090336  -0.0002590886   0.0001579582   0.0002514658
        0.0002597551  -0.0022982389  -0.0049502496  -0.0004854538   0.0005717456
        0.0006482822  -0.0001410159
       -0.0000699407   0.0006676149   0.0000534853  -0.0002150263   0.0003881545
       -0.0022848079   0.0025498425  -0.0115752148   0.0066441808   0.0034692348
        0.0019609840   0.0004629512  -0.0117189315   0.0192341877  -0.0723899080
       -0.0266243891   0.0078014339   0.4795402787  -0.0438489834  -0.0103483230
       -0.1776971079  -0.0069743477  -0.0072944024  -0.0062936815   0.0000920549
        0.0008222536   0.0000037145   0.0016072467  -0.0011194082   0.0024267965
        0.0000875350  -0.0000106912  -0.0000383275  -0.0001043849   0.0000381488
        0.0000797003  -0.0000423440   0.0000015893  -0.0000175385  -0.0169321353
        0.0230824106  -0.0114532826  -0.0036085971  -0.0087247410  -0.0434006104
        0.1132666286  -0.0132558605  -0.1413556366  -0.0062109128  -0.0025373487
       -0.0264893131  -0.0053061196   0.0012642363  -0.0098820409  -0.0001775570
       -0.0005779541   0.0007441458   0.0008368147   0.0007884820   0.0009505877
        0.0001356416  -0.0001049698  -0.0001265889   0.0001085783   0.0002358617
        0.0000330731  -0.0002039752  -0.0010342779   0.0004891752  -0.0001159325
        0.0002978346   0.0000007548
        0.0001604520   0.0002657358  -0.0003307323  -0.0016024960   0.0006510064
        0.0003632636   0.0003711515  -0.0001115673  -0.0008377401  -0.0001113645
       -0.0001136971   0.0000821084  -0.0087551386   0.0035269582  -0.0167723008
       -0.0850491078  -0.0050341102  -0.0438489834   0.5121624986  -0.0340205811
       -0.0327735912  -0.1070291273  -0.0601861998  -0.0019189448   0.0086757023
        0.0105272460   0.0012384194   0.0007093929  -0.0016324030   0.0003599945
       -0.0000054419   0.0000197172  -0.0000319180  -0.0000948288  -0.0000623607
        0.0001141777  -0.0000477758   0.0000598529   0.0000282203  -0.0012700004
        0.0024905282  -0.0011968965  -0.0081555727  -0.0043767641  -0.0179953766
        0.0069671389   0.0022812683   0.0195719596  -0.1693192574   0.0073167850
        0.1168639912  -0.1223419730   0.1069658121  -0.0208680480  -0.0081552716
       -0.0120017157  -0.0028712596  -0.0166166851  -0.0216054086   0.0016718005
        0.0007446578   0.0011055098  -0.0001992434  -0.0011180032   0.0040047805
       -0.0007305406  -0.0000309567  -0.0001486558   0.0000728689  -0.0000879935
        0.0000782632   0.0000087714
        0.0000337969  -0.0000494723   0.0001575367   0.0010683571  -0.0006567031
        0.0000329748  -0.0005590158   0.0003474171   0.0002288163   0.0003009957
        0.0002020862   0.0001101907   0.0095386198   0.0001577575   0.0205096910
       -0.0034971117  -0.0658505235  -0.0103483230  -0.0340205811   0.4998834131
       -0.0084668382  -0.0612855131  -0.1560602692  -0.0063905603  -0.0083869556
       -0.0318790703   0.0006105554  -0.0014875894   0.0023501171  -0.0011454447
        0.0000553805  -0.0000132321  -0.0000174574   0.0000769088   0.0000097492
       -0.0000242323  -0.0000184841   0.0000041819   0.0000119179   0.0031064166
       -0.0034609292   0.0024093440  -0.0108703692  -0.0041529165  -0.0230075212
       -0.0009499413   0.0004459042  -0.0027355520   0.0066274923  -0.0441380823
       -0.0043067436   0.1072789220  -0.1856485066   0.0314756703  -0.0047121684
       -0.0051738090  -0.0022927108  -0.0040250505  -0.0027637185   0.0017753350
       -0.0008614147   0.0008935166   0.0001420595   0.0027720936  -0.0046102904
        0.0012220661  -0.0001208476   0.0003774437  -0.0001818782  -0.0000639408
       -0.0002140637   0.0002311039
       -0.0001154943  -0.0001762799   0.0000393314   0.0000083779   0.0007133330
       -0.0009834430   0.0000717812  -0.0000695956   0.0019597303  -0.0002019142
       -0.0002842667  -0.0006123282  -0.0083694213   0.0066831503  -0.0102675215
       -0.0421504083  -0.0126715312  -0.1776971079  -0.0327735912  -0.0084668382
        0.4898102516  -0.0018810893  -0.0053999658  -0.0669235630   0.0024895092
        0.0042250525   0.0012728427   0.0002881635  -0.0013420450   0.0003116566
       -0.0000180343  -0.0000017870   0.0000539556  -0.0000137250   0.0000612632
       -0.0000450617   0.0000251191  -0.0000514278  -0.0000678604  -0.0009920195
        0.0011179695   0.0002233139  -0.0033397218  -0.0022679273  -0.0051207875
       -0.0057068428  -0.0024614514  -0.0276133926   0.1179652068  -0.0050596811
       -0.1507081682  -0.0212699709   0.0318622254  -0.0497152062  -0.0166705587
       -0.0236915467  -0.0042627951   0.0128980002   0.0168919461  -0.0000952942
       -0.0000640600  -0.0007525217   0.0001549698  -0.0004557354   0.0012261244
        0.0004388822   0.0000672960  -0.0002086591   0.0000403548   0.0002091331
        0.0001244601  -0.0001927595
        0.0000141953   0.0000077417   0.0000721793   0.0000016270   0.0000072651
        0.0001924877  -0.0011631327  -0.0000776563  -0.0003664999   0.0004910651
        0.0000447801   0.0002470969   0.0015206285   0.0001542592   0.0014588496
       -0.0100018953  -0.0125535670  -0.0069743477  -0.1070291273  -0.0612855131
       -0.0018810893   0.5036905694   0.0009109894  -0.0044153121  -0.1127157199
        0.0623530369  -0.0111247768  -0.0108757877   0.0111135882  -0.0089577882
        0.0000662883   0.0000206819  -0.0000057323   0.0000705490  -0.0000160393
       -0.0000016651  -0.0000134934  -0.0000015164  -0.0000207261   0.0002378054
        0.0000221106   0.0001807802  -0.0007987625  -0.0006890457  -0.0025281973
        0.0007830734   0.0007305352   0.0009711781  -0.0168016533  -0.0209625723
        0.0014712238   0.0080918281   0.0131288744   0.0008042748  -0.0783053245
       -0.0065382806  -0.0798725681  -0.1673422370   0.0049803790   0.1112691147
       -0.0179182955   0.0202825987  -0.0013798732   0.0080192657  -0.0113268984
        0.0024166889  -0.0008368978   0.0002503037  -0.0026237323   0.0008154317
       -0.0005560549   0.0010684345
       -0.0000050389   0.0000623177  -0.0000007888   0.0000186683  -0.0003854570
        0.0000463241  -0.0000518896   0.0000637521  -0.0000496095   0.0000084565
        0.0001133107   0.0000035982   0.0001513567  -0.0007790658   0.0002681476
       -0.0071555725  -0.0053951768  -0.0072944024  -0.0601861998  -0.1560602692
       -0.0053999658   0.0009109894   0.4508488008   0.0066005000   0.0612631940
       -0.1470679793   0.0168497660   0.0042501921  -0.0004325407   0.0061124858
        0.0000146337  -0.0000140360  -0.0000301404  -0.0000100947  -0.0000111208
        0.0000296873  -0.0000004804   0.0000278388  -0.0000009799   0.0000214672
       -0.0000167529   0.0000192783  -0.0001894149   0.0007732271  -0.0005791167
        0.0002195636   0.0003507208   0.0005795041  -0.0042055265  -0.0025653048
        0.0012148044  -0.0130164748  -0.0265407071  -0.0006591659  -0.0065390359
       -0.0419480334  -0.0159429930   0.0049885308  -0.0420664515  -0.0049422713
        0.0053786688  -0.0038746720  -0.0005221289   0.0148257894  -0.0263609759
        0.0046114730  -0.0003761203   0.0009465074  -0.0004302957  -0.0003156621
        0.0003320679  -0.0004837102
       -0.0000103559   0.0000015424   0.0000475972   0.0002152413   0.0000615375
        0.0002853384  -0.0001829205  -0.0000659489  -0.0006661696   0.0000865467
        0.0000083447   0.0001262588   0.0012657523   0.0002639929   0.0025272633
       -0.0169277069  -0.0228883117  -0.0062936815  -0.0019189448  -0.0063905603
       -0.0669235630  -0.0044153121   0.0066005000   0.5434909188  -0.0110878643
        0.0178733512  -0.0702791589  -0.0187381218   0.0212178301  -0.0102894958
        0.0000022612   0.0000123436  -0.0000165263   0.0000066001  -0.0000134008
       -0.0000183879   0.0000126799  -0.0000007778   0.0000307091   0.0002417774
        0.0000224329   0.0001921646  -0.0032759720  -0.0015396570  -0.0052363896
       -0.0008232644  -0.0007105054   0.0006144391   0.0125481606   0.0168151781
        0.0003771382   0.0023968874   0.0038983269   0.0008510373  -0.0797713849
       -0.0159300051  -0.2394992135   0.1113919359  -0.0049501490  -0.1480522717
        0.0126420657  -0.0156221716   0.0027844974   0.0004588866   0.0001423308
        0.0007327792  -0.0033181338   0.0005052109  -0.0053681492  -0.0007988138
        0.0006885656   0.0005828656
        0.0001661141  -0.0003021339  -0.0002890627  -0.0016536415  -0.0006931763
        0.0004751973   0.0002956953  -0.0000032658  -0.0007758786  -0.0000794355
        0.0001215979   0.0000771130  -0.0079989266  -0.0060535111  -0.0150198239
        0.0005580456   0.0015737106   0.0000920549   0.0086757023  -0.0083869556
        0.0024895092  -0.1127157199   0.0612631940  -0.0110878643   0.5092708190
        0.0291571879  -0.0380019773  -0.0854443590  -0.0022053334  -0.0443948565
       -0.0001010666   0.0000716242   0.0001010712  -0.0000006408  -0.0000283230
       -0.0000231051  -0.0000434574  -0.0000520900   0.0000380967  -0.0009739989
       -0.0024794799  -0.0007377328  -0.0000454787   0.0001343189   0.0000441083
       -0.0000896524  -0.0000655474   0.0000293088   0.0007600709  -0.0011250028
       -0.0000286115  -0.0008124270  -0.0038890189  -0.0001311412  -0.0088770636
        0.0112379329  -0.0046278034  -0.0177953742   0.0209841795  -0.0012824266
       -0.1684484034   0.0038800901   0.1174347385  -0.1127426077  -0.1053202738
       -0.0043206964  -0.0089313749   0.0014478402  -0.0195450631   0.0070271808
        0.0007324357   0.0194848454
       -0.0000725951  -0.0000619381  -0.0001590418  -0.0011520009  -0.0008252868
       -0.0000147652   0.0004917925   0.0004147616  -0.0000089297  -0.0003160885
        0.0001722476  -0.0002065826  -0.0108387803  -0.0045542295  -0.0221608732
        0.0014021576   0.0028081111   0.0008222536   0.0105272460  -0.0318790703
        0.0042250525   0.0623530369  -0.1470679793   0.0178733512   0.0291571879
        0.5046088067   0.0045787292  -0.0035387496  -0.0651438218  -0.0078387654
       -0.0000819426   0.0000003878   0.0000231847  -0.0000629452  -0.0000133705
        0.0000290525   0.0000228510   0.0000046637  -0.0000228911  -0.0030594566
       -0.0041611092  -0.0018663170   0.0001022206   0.0004388912   0.0001252347
        0.0001017683  -0.0002601868  -0.0002233106   0.0008458933   0.0009544729
       -0.0002598084  -0.0026204533  -0.0051549459  -0.0004728907   0.0019975001
       -0.0008993590   0.0016855837   0.0052252061  -0.0040963755  -0.0011203751
        0.0047174571  -0.0443654413  -0.0057772344  -0.1057315641  -0.2014772747
       -0.0103298757   0.0100685731  -0.0001054622   0.0213628428   0.0004616857
        0.0006635085  -0.0002636240
       -0.0001474842   0.0001840372   0.0000356901   0.0001743515  -0.0007925205
       -0.0008312344  -0.0000594344   0.0003391306   0.0019197060  -0.0001522402
        0.0001425858  -0.0006082405  -0.0064867283  -0.0078625938  -0.0061304197
        0.0000191480   0.0010052639   0.0000037145   0.0012384194   0.0006105554
        0.0012728427  -0.0111247768   0.0168497660  -0.0702791589  -0.0380019773
        0.0045787292   0.4882444375  -0.0426441908  -0.0053768103  -0.1778884824
        0.0000020289  -0.0000682505  -0.0000331268  -0.0000223875   0.0000154056
        0.0000470446   0.0000243357   0.0000347138  -0.0000774971  -0.0005088687
       -0.0005437401   0.0006523316   0.0000422626   0.0001547518  -0.0000091156
        0.0002036277  -0.0001028134  -0.0001444677  -0.0002168763   0.0006356852
        0.0000875519  -0.0000326289  -0.0004503174   0.0006817815  -0.0182222460
        0.0224490847  -0.0078351195   0.0130203540  -0.0156607401   0.0024373051
        0.1184551703  -0.0049680066  -0.1517024228  -0.0046708289  -0.0107693490
       -0.0434689868  -0.0049139134   0.0013957072  -0.0084351956  -0.0059751162
       -0.0018002747  -0.0279389379
        0.0000285556   0.0008683690  -0.0001005134  -0.0004496272   0.0002768472
       -0.0010500850  -0.0171836494  -0.0214010256  -0.0000220353  -0.0051954307
        0.0022004145   0.0012839380  -0.0892121694  -0.0549950560  -0.0096743480
        0.0075006292   0.0098527414   0.0016072467   0.0007093929  -0.0014875894
        0.0002881635  -0.0108757877   0.0042501921  -0.0187381218  -0.0854443590
       -0.0035387496  -0.0426441908   0.5046937283  -0.0401559304  -0.0207348162
        0.0001387020   0.0000498748  -0.0001336851  -0.0001037947  -0.0000337679
        0.0001168353   0.0000589946   0.0000412596  -0.0000293279  -0.0047659684
       -0.0086494467  -0.0030955002  -0.0011317755   0.0034597727  -0.0008822421
        0.0005804352   0.0006013768  -0.0000510195   0.0000187909   0.0001063447
       -0.0000189093   0.0000355456  -0.0001583577   0.0001276618  -0.0019433757
        0.0034345587  -0.0014391791   0.0002780440  -0.0002648553  -0.0009317260
        0.0078815864   0.0016986560   0.0192913098  -0.0083865113  -0.0039244730
       -0.0176540281  -0.1295487294   0.1099258164  -0.0196455234  -0.1676832264
       -0.0021569725   0.1141300961
       -0.0002442792   0.0002772407   0.0001480439   0.0000974241  -0.0001744377
       -0.0024076559  -0.0108854047  -0.0019229550   0.0048289457   0.0025467259
       -0.0008559855   0.0010521428  -0.0468432176  -0.1455133559  -0.0177472623
       -0.0076164918  -0.0294978201  -0.0011194082  -0.0016324030   0.0023501171
       -0.0013420450   0.0111135882  -0.0004325407   0.0212178301  -0.0022053334
       -0.0651438218  -0.0053768103  -0.0401559304   0.4805378176  -0.0086230778
        0.0000760074   0.0000019791  -0.0000215314   0.0001068468  -0.0000433546
        0.0000280828   0.0000198618   0.0000085144  -0.0000229170  -0.0051151355
       -0.0059412970  -0.0028943779   0.0024324494  -0.0043306830   0.0011644266
       -0.0005782479   0.0006106021   0.0000492217  -0.0000465234  -0.0001502449
        0.0002606998  -0.0001481671   0.0001672054  -0.0002747321   0.0035390780
       -0.0037217797   0.0021649070  -0.0004597916   0.0005582847   0.0004349568
       -0.0001548719   0.0005741860  -0.0007822074  -0.0116196415  -0.0038162242
       -0.0234821540   0.1096855747  -0.1802362416   0.0277248502  -0.0019121174
       -0.0433052053   0.0050200720
       -0.0000091328  -0.0006498385   0.0001795546  -0.0001671718  -0.0006678813
       -0.0017451521   0.0033437817   0.0127485229   0.0042050969   0.0034723260
       -0.0014177942   0.0006226654  -0.0045282448  -0.0101650298  -0.0676691853
        0.0026117811   0.0056871429   0.0024267965   0.0003599945  -0.0011454447
        0.0003116566  -0.0089577882   0.0061124858  -0.0102894958  -0.0443948565
       -0.0078387654  -0.1778884824  -0.0207348162  -0.0086230778   0.4821165561
       -0.0001033181  -0.0000295281   0.0000864502   0.0000584169   0.0000205421
       -0.0000397693  -0.0000480274  -0.0000097062  -0.0000123715  -0.0150562282
       -0.0246866766  -0.0077785511  -0.0006001846   0.0017034949   0.0001894967
       -0.0000184285  -0.0003903134   0.0000357860   0.0001365926   0.0001151016
       -0.0001776702   0.0001401946  -0.0002489512   0.0001053461  -0.0007158203
        0.0012003785   0.0003643943   0.0009316564  -0.0006795513   0.0009856965
       -0.0064091711  -0.0016567343  -0.0266977844  -0.0036337249  -0.0023756175
       -0.0062938521  -0.0193682230   0.0275967090  -0.0484002905   0.1136903928
        0.0054005327  -0.1446368914
       -0.0873410731  -0.0900639737  -0.0216669131  -0.0331046085  -0.0262790774
        0.0064926068  -0.0000546734  -0.0008146038  -0.0015734182   0.0006117848
       -0.0000817285   0.0002212055  -0.0001706047   0.0005812492  -0.0002462906
       -0.0001085635  -0.0001000542   0.0000875350  -0.0000054419   0.0000553805
       -0.0000180343   0.0000662883   0.0000146337   0.0000022612  -0.0001010666
       -0.0000819426   0.0000020289   0.0001387020   0.0000760074  -0.0001033181
        0.1152408700   0.1112252788   0.0187558985   0.0076718464   0.0133203741
        0.0020068706  -0.0028861189  -0.0080842825  -0.0041212338   0.0000842517
        0.0000327972  -0.0000764202  -0.0000318074   0.0000385119   0.0000598637
       -0.0000042173   0.0000460401  -0.0000365530  -0.0000889336  -0.0001885012
        0.0000737968  -0.0000485535   0.0000225726   0.0000084121   0.0000129438
        0.0000048641  -0.0000012116   0.0000151063   0.0000303132   0.0000099561
        0.0001264113   0.0001415185   0.0001235594  -0.0000446820   0.0000047012
        0.0000367096  -0.0000030717   0.0000452664  -0.0000412434   0.0000252118
        0.0000546551   0.0000039321
       -0.0923136736  -0.2170590470  -0.0368363434  -0.0078404928   0.0023496591
        0.0050596222  -0.0013989896   0.0005805393  -0.0020381870   0.0015218648
       -0.0003296710   0.0001735878   0.0000881273  -0.0000696068  -0.0001866879
        0.0000497310  -0.0000588054  -0.0000106912   0.0000197172  -0.0000132321
       -0.0000017870   0.0000206819  -0.0000140360   0.0000123436   0.0000716242
        0.0000003878  -0.0000682505   0.0000498748   0.0000019791  -0.0000295281
        0.1112252788   0.2470588819   0.0408231229  -0.0094091835  -0.0281550346
       -0.0044979651  -0.0021238962  -0.0044254428  -0.0025132722   0.0000576720
        0.0000006342  -0.0000009952   0.0000053040   0.0000649656   0.0000048588
        0.0000051867  -0.0000075722   0.0000071423  -0.0000572950  -0.0000446671
        0.0000263291  -0.0000001369   0.0000249266  -0.0000067406   0.0000002677
        0.0000018075  -0.0000040910  -0.0000227079   0.0000248160   0.0000125522
        0.0000489228   0.0000079780   0.0000782318   0.0000014223   0.0000098287
        0.0000171892   0.0000043245   0.0000224220  -0.0000519837  -0.0000036244
        0.0000282894   0.0000315431
       -0.0229417942  -0.0392527323  -0.0509714780   0.0131199004   0.0143981709
       -0.0007388902   0.0034024070   0.0016915818   0.0024469491  -0.0016336405
       -0.0004455558   0.0002652213  -0.0000709827  -0.0006908633   0.0000008513
        0.0001291391  -0.0000158771  -0.0000383275  -0.0000319180  -0.0000174574
        0.0000539556  -0.0000057323  -0.0000301404  -0.0000165263   0.0001010712
        0.0000231847  -0.0000331268  -0.0001336851  -0.0000215314   0.0000864502
        0.0187558985   0.0408231229   0.0543653188   0.0034759832   0.0107606026
        0.0026482306  -0.0141046883  -0.0271601600  -0.0079316077  -0.0000116813
       -0.0000029941   0.0000101943   0.0000418378   0.0000154621   0.0000136294
        0.0000045845  -0.0000127169   0.0000053995  -0.0000171196  -0.0000101950
       -0.0000700022  -0.0000001499   0.0000150825  -0.0000210352  -0.0000007550
       -0.0000032574  -0.0000082431  -0.0000083120   0.0000194281   0.0000008481
       -0.0000120636  -0.0000374330  -0.0000818132   0.0000017955   0.0000100464
       -0.0000175910  -0.0000168364  -0.0000029142   0.0000096379  -0.0000432579
       -0.0000528537   0.0000219551
       -0.1047941306   0.0934526263  -0.0440329729  -0.0361474489   0.0236957735
        0.0021255026  -0.0002453713   0.0004147286  -0.0018655649   0.0007418893
        0.0002015896   0.0001982232  -0.0000996048  -0.0006146620  -0.0001477537
        0.0001565518  -0.0000867285  -0.0001043849  -0.0000948288   0.0000769088
       -0.0000137250   0.0000705490  -0.0000100947   0.0000066001  -0.0000006408
       -0.0000629452  -0.0000223875  -0.0001037947   0.0001068468   0.0000584169
        0.0076718464  -0.0094091835   0.0034759832   0.1364442335  -0.1145012918
        0.0458122459  -0.0036509499   0.0069400347  -0.0057170758   0.0000852122
       -0.0000376498  -0.0000625436  -0.0000002525  -0.0000468255  -0.0000343134
        0.0000313672  -0.0000554596   0.0000160626   0.0001306996  -0.0001269756
        0.0001426512  -0.0000456718   0.0000007612   0.0000391297   0.0000145842
       -0.0000044495   0.0000001941   0.0000116498  -0.0000259477   0.0000169241
       -0.0000891541   0.0001965649   0.0000563928  -0.0000519609  -0.0000234297
        0.0000171237  -0.0000346957  -0.0000338679   0.0000612876  -0.0000000781
       -0.0000463235  -0.0000260160
        0.0954101513  -0.1801614844   0.0605422388   0.0069345250   0.0017374555
       -0.0048257175   0.0019356212   0.0009310418   0.0021899167  -0.0017067446
       -0.0004136620  -0.0000512460  -0.0001186860   0.0000241872   0.0001581977
       -0.0000578435   0.0000043081   0.0000381488  -0.0000623607   0.0000097492
        0.0000612632  -0.0000160393  -0.0000111208  -0.0000134008  -0.0000283230
       -0.0000133705   0.0000154056  -0.0000337679  -0.0000433546   0.0000205421
        0.0133203741  -0.0281550346   0.0107606026  -0.1145012918   0.2044162265
       -0.0690086230  -0.0010254427   0.0015875248   0.0002606266  -0.0000500336
       -0.0000021266  -0.0000063894  -0.0000079037   0.0000197851   0.0000447567
       -0.0000048425   0.0000277680  -0.0000327427  -0.0000410404  -0.0000088670
       -0.0000761811  -0.0000043715   0.0000033624  -0.0000191935  -0.0000005259
        0.0000008782   0.0000012527   0.0000224043   0.0000171673  -0.0000148250
        0.0000465637  -0.0000333197  -0.0000286968  -0.0000022752   0.0000193500
       -0.0000010762  -0.0000046782   0.0000548836  -0.0000061189  -0.0000034691
       -0.0000113475  -0.0000087406
       -0.0459471611   0.0628162834  -0.0704765092   0.0129776191  -0.0133499113
        0.0028338019   0.0032632076  -0.0010726924   0.0023441855  -0.0013879536
        0.0004170167   0.0001713207  -0.0001262522   0.0006707590  -0.0001548058
       -0.0001327558   0.0000246047   0.0000797003   0.0001141777  -0.0000242323
       -0.0000450617  -0.0000016651   0.0000296873  -0.0000183879  -0.0000231051
        0.0000290525   0.0000470446   0.0001168353   0.0000280828  -0.0000397693
        0.0020068706  -0.0044979651   0.0026482306   0.0458122459  -0.0690086230
        0.0758930917  -0.0166239228   0.0239267687  -0.0131594717   0.0000040681
        0.0000031593  -0.0000003009  -0.0000129958  -0.0000036297   0.0000024159
       -0.0000454618   0.0000485591   0.0000211532  -0.0000112845   0.0000222985
       -0.0000697060   0.0000013100  -0.0000131428  -0.0000106198   0.0000014103
        0.0000006268  -0.0000081283  -0.0000118515  -0.0000228076   0.0000078577
       -0.0000242513   0.0000132990  -0.0000773820   0.0000005068  -0.0000224165
       -0.0000188843   0.0000437469  -0.0000258737   0.0000237132   0.0000066623
        0.0000110964   0.0000065115
       -0.0523346793  -0.0062050481  -0.0603249827   0.0007134829   0.0031491120
        0.0329775410  -0.0066871820  -0.0000729425   0.0024932929   0.0014591066
       -0.0000604501  -0.0013185101   0.0002650572   0.0001252257   0.0014732839
        0.0000567761  -0.0000232935  -0.0000423440  -0.0000477758  -0.0000184841
        0.0000251191  -0.0000134934  -0.0000004804   0.0000126799  -0.0000434574
        0.0000228510   0.0000243357   0.0000589946   0.0000198618  -0.0000480274
       -0.0028861189  -0.0021238962  -0.0141046883  -0.0036509499  -0.0010254427
       -0.0166239228   0.0634186812   0.0061947685   0.0551555604  -0.0003437519
        0.0000106596   0.0002540884   0.0000023480  -0.0000241621  -0.0000189188
        0.0000045156  -0.0000103860  -0.0000458911  -0.0000237760   0.0000797082
        0.0001262572   0.0000298433  -0.0000068202  -0.0000179206  -0.0000341934
       -0.0000017199  -0.0000237825   0.0000471037  -0.0000006344  -0.0000232904
       -0.0000270463  -0.0000635656   0.0001413172   0.0000318306   0.0000062123
       -0.0000202707   0.0000006698   0.0000230433  -0.0000237902   0.0000040150
        0.0000058832  -0.0000471360
       -0.0056233217  -0.0464154002  -0.0245337006   0.0004712728   0.0006971168
       -0.0006610732  -0.0000875494   0.0005160435  -0.0002325793   0.0001780746
        0.0001335580   0.0000693613  -0.0000125305   0.0001763245  -0.0000243350
       -0.0000439174   0.0000041782   0.0000015893   0.0000598529   0.0000041819
       -0.0000514278  -0.0000015164   0.0000278388  -0.0000007778  -0.0000520900
        0.0000046637   0.0000347138   0.0000412596   0.0000085144  -0.0000097062
       -0.0080842825  -0.0044254428  -0.0271601600   0.0069400347   0.0015875248
        0.0239267687   0.0061947685   0.0477271234   0.0286146693   0.0000094805
       -0.0000311517   0.0000075394  -0.0000234745  -0.0000013591  -0.0000102165
       -0.0000039272   0.0000030688   0.0000289543   0.0000568239   0.0000183866
       -0.0000367923  -0.0000042617  -0.0000196473   0.0000122481   0.0000050068
        0.0000073897   0.0000048734  -0.0000022851  -0.0000392909   0.0000044977
       -0.0000443538   0.0000398521   0.0000243967  -0.0000002412  -0.0000191441
        0.0000005485   0.0000205860  -0.0000058747   0.0000135200   0.0000065912
        0.0000015457  -0.0000229117
       -0.0542003671  -0.0242411831  -0.2694057304   0.0048034462  -0.0019367260
       -0.0220277254   0.0025391656  -0.0002832855  -0.0034089016   0.0013058328
        0.0001832376   0.0014427364  -0.0001416172  -0.0000889095  -0.0007960974
       -0.0000226568   0.0000153816  -0.0000175385   0.0000282203   0.0000119179
       -0.0000678604  -0.0000207261  -0.0000009799   0.0000307091   0.0000380967
       -0.0000228911  -0.0000774971  -0.0000293279  -0.0000229170  -0.0000123715
       -0.0041212338  -0.0025132722  -0.0079316077  -0.0057170758   0.0002606266
       -0.0131594717   0.0551555604   0.0286146693   0.3153584220   0.0002238221
        0.0000054404  -0.0000580087  -0.0000203564   0.0000433123   0.0000010261
        0.0000071052  -0.0000064976   0.0000417647   0.0001181758  -0.0000698673
       -0.0000649573  -0.0000251659  -0.0000010702   0.0000547674   0.0000434484
        0.0000052803   0.0000540063  -0.0000499820   0.0000043451   0.0000128637
        0.0001315043   0.0000566845  -0.0000733840  -0.0000265789   0.0000125882
        0.0000572684  -0.0000228293  -0.0000396312   0.0000012098   0.0000035394
        0.0000137468   0.0000463777
       -0.0004318069   0.0001557031   0.0016768932  -0.0051906082   0.0000116527
        0.0030658433   0.0011980584   0.0018475977   0.0273699310   0.0025450170
        0.0002373748   0.0004790555  -0.0516752223  -0.0036088119  -0.0448585474
       -0.0053824987   0.0028316791  -0.0169321353  -0.0012700004   0.0031064166
       -0.0009920195   0.0002378054   0.0000214672   0.0002417774  -0.0009739989
       -0.0030594566  -0.0005088687  -0.0047659684  -0.0051151355  -0.0150562282
        0.0000842517   0.0000576720  -0.0000116813   0.0000852122  -0.0000500336
        0.0000040681  -0.0003437519   0.0000094805   0.0002238221   0.0670256685
        0.0038274780   0.0480534705   0.0001830386  -0.0002543748   0.0002063226
       -0.0002360353   0.0000471389  -0.0009771145  -0.0001123438   0.0000215483
        0.0000627988  -0.0004328156  -0.0000250547  -0.0007622808   0.0000638414
        0.0000119004   0.0001390643  -0.0000083541  -0.0000003303  -0.0000234253
       -0.0001116343  -0.0000138609   0.0000495726  -0.0003958367  -0.0000886713
       -0.0006911575   0.0001553291   0.0002798010   0.0001808556  -0.0002473467
       -0.0002511808  -0.0009400165
       -0.0000245577   0.0002603666  -0.0000741170   0.0001531146   0.0009747005
       -0.0001365453   0.0001608143   0.0013865071  -0.0010124570  -0.0000954814
       -0.0007574862   0.0002184699  -0.0034439319  -0.0417881685  -0.0163829924
        0.0080860506  -0.0016592645   0.0230824106   0.0024905282  -0.0034609292
        0.0011179695   0.0000221106  -0.0000167529   0.0000224329  -0.0024794799
       -0.0041611092  -0.0005437401  -0.0086494467  -0.0059412970  -0.0246866766
        0.0000327972   0.0000006342  -0.0000029941  -0.0000376498  -0.0000021266
        0.0000031593   0.0000106596  -0.0000311517   0.0000054404   0.0038274780
        0.0539882540   0.0184254917  -0.0001168541   0.0001784807   0.0003129896
       -0.0001043605   0.0007206701   0.0004631893  -0.0000014183  -0.0001041056
       -0.0001709048   0.0006470433  -0.0000557428   0.0011060860   0.0000119320
       -0.0000089543   0.0000176361  -0.0000000725  -0.0000567374   0.0000013567
       -0.0000058334  -0.0000679171   0.0002292729  -0.0007073605  -0.0002452855
       -0.0011865523   0.0001487646   0.0001285474  -0.0003161714   0.0000751536
        0.0007188680  -0.0004927539
       -0.0001657838  -0.0001556173  -0.0011289222   0.0045508583  -0.0000602926
       -0.0020531072   0.0001166514  -0.0017948001  -0.0239250203  -0.0021456302
        0.0001412330   0.0025119263  -0.0415971102  -0.0162077640  -0.2563021240
       -0.0044171224   0.0019297287  -0.0114532826  -0.0011968965   0.0024093440
        0.0002233139   0.0001807802   0.0000192783   0.0001921646  -0.0007377328
       -0.0018663170   0.0006523316  -0.0030955002  -0.0028943779  -0.0077785511
       -0.0000764202  -0.0000009952   0.0000101943  -0.0000625436  -0.0000063894
       -0.0000003009   0.0002540884   0.0000075394  -0.0000580087   0.0480534705
        0.0184254917   0.2973117917   0.0002330307   0.0001373978  -0.0000383179
        0.0002237674  -0.0005299204   0.0009469139  -0.0000064167  -0.0000335808
        0.0003865684  -0.0003506278  -0.0000775646  -0.0005638126   0.0001353775
        0.0000167806   0.0001891592  -0.0000321600   0.0000013132  -0.0000229041
       -0.0000113654   0.0000974054   0.0003463743  -0.0002612459   0.0000143766
       -0.0004109012   0.0002209026  -0.0001467406   0.0000239310   0.0001876288
        0.0005744710   0.0009405837
       -0.0001600755  -0.0000310872   0.0000680204   0.0002276261   0.0000541293
       -0.0002326168   0.0004444670   0.0009632758   0.0000851854   0.0004998777
       -0.0002224252   0.0001035593   0.0077987463   0.0138262482   0.0003460603
       -0.1182911774  -0.1078619469  -0.0036085971  -0.0081555727  -0.0108703692
       -0.0033397218  -0.0007987625  -0.0001894149  -0.0032759720  -0.0000454787
        0.0001022206   0.0000422626  -0.0011317755   0.0024324494  -0.0006001846
       -0.0000318074   0.0000053040   0.0000418378  -0.0000002525  -0.0000079037
       -0.0000129958   0.0000023480  -0.0000234745  -0.0000203564   0.0001830386
       -0.0001168541   0.0002330307   0.1368647359   0.1230602952   0.0078968533
       -0.0181165748  -0.0218928343   0.0023735684   0.0005907846   0.0002760587
        0.0003902057  -0.0002963055  -0.0000407869   0.0000617671  -0.0003745082
       -0.0007738270  -0.0003139628   0.0003671667   0.0002759947  -0.0001042206
       -0.0000277994   0.0000124559  -0.0000121136   0.0000266675   0.0000706710
        0.0000274381   0.0003708970   0.0007499970  -0.0000083924   0.0000537348
        0.0002018241  -0.0001406553
       -0.0001238808  -0.0003535459   0.0000249402   0.0001914223   0.0004885690
       -0.0004443826  -0.0012607984  -0.0009353259  -0.0002858717   0.0003766425
        0.0003173269   0.0005831791  -0.0100983335  -0.0257597933   0.0001578151
       -0.1081786929  -0.1965316469  -0.0087247410  -0.0043767641  -0.0041529165
       -0.0022679273  -0.0006890457   0.0007732271  -0.0015396570   0.0001343189
        0.0004388912   0.0001547518   0.0034597727  -0.0043306830   0.0017034949
        0.0000385119   0.0000649656   0.0000154621  -0.0000468255   0.0000197851
       -0.0000036297  -0.0000241621  -0.0000013591   0.0000433123  -0.0002543748
        0.0001784807   0.0001373978   0.1230602952   0.2303984465   0.0095694932
       -0.0022202213   0.0000726553   0.0009318095   0.0001688840   0.0000594281
        0.0000153671   0.0000907935   0.0005336206   0.0001848606  -0.0001292727
       -0.0003521149  -0.0000087945   0.0002061279   0.0000749092  -0.0000395764
       -0.0000211030  -0.0000450357   0.0000118675   0.0001022609   0.0002096750
        0.0000850072  -0.0006541202  -0.0013821356  -0.0002200366   0.0002485653
        0.0002145763  -0.0000841416
        0.0000903478  -0.0000585684  -0.0001027892  -0.0000454133   0.0002192928
       -0.0001888968   0.0002473035  -0.0006533744   0.0008896060  -0.0000049510
       -0.0000013539  -0.0002538696   0.0032163188   0.0060363300   0.0008689320
       -0.0038367008  -0.0088974695  -0.0434006104  -0.0179953766  -0.0230075212
       -0.0051207875  -0.0025281973  -0.0005791167  -0.0052363896   0.0000441083
        0.0001252347  -0.0000091156  -0.0008822421   0.0011644266   0.0001894967
        0.0000598637   0.0000048588   0.0000136294  -0.0000343134   0.0000447567
        0.0000024159  -0.0000189188  -0.0000102165   0.0000010261   0.0002063226
        0.0003129896  -0.0000383179   0.0078968533   0.0095694932   0.0515861202
        0.0146648242   0.0172029373  -0.0000874400  -0.0001632939  -0.0004586219
        0.0006456588   0.0000982977  -0.0001370848   0.0005535158  -0.0009395202
       -0.0013322109  -0.0002805326   0.0000291084   0.0001247987  -0.0001231129
       -0.0000645260   0.0000097896  -0.0000238828   0.0000259146   0.0000538739
        0.0000107239   0.0000739804   0.0004320846   0.0000979059  -0.0001397900
       -0.0001653282   0.0000067143
        0.0000695031  -0.0002961117  -0.0000296003  -0.0000040934  -0.0000348768
        0.0004875407  -0.0003245483   0.0037547956  -0.0013162586  -0.0013383367
       -0.0007173343  -0.0002276182  -0.0182726187   0.0074670245   0.0101854764
       -0.1692167208   0.0112518174   0.1132666286   0.0069671389  -0.0009499413
       -0.0057068428   0.0007830734   0.0002195636  -0.0008232644  -0.0000896524
        0.0001017683   0.0002036277   0.0005804352  -0.0005782479  -0.0000184285
       -0.0000042173   0.0000051867   0.0000045845   0.0000313672  -0.0000048425
       -0.0000454618   0.0000045156  -0.0000039272   0.0000071052  -0.0002360353
       -0.0001043605   0.0002237674  -0.0181165748  -0.0022202213   0.0146648242
        0.1978874756  -0.0171873177  -0.1281497417   0.0001233880  -0.0004254407
       -0.0020608134   0.0007100810  -0.0002631998  -0.0002085964  -0.0000364336
       -0.0000136128  -0.0000690564   0.0000794753   0.0000385565  -0.0000133296
       -0.0000582260  -0.0000609921  -0.0001338059  -0.0000266578  -0.0000212537
       -0.0000391539   0.0000807295  -0.0002752390  -0.0001094156   0.0004069323
        0.0003182069  -0.0000921670
        0.0000827685   0.0001883966  -0.0000943182  -0.0001018378   0.0002231045
       -0.0009465373   0.0006357713  -0.0044106061   0.0021376311   0.0018063921
        0.0009580090   0.0001030854   0.0227774542  -0.0067077183  -0.0141236745
        0.0115589613  -0.0450728726  -0.0132558605   0.0022812683   0.0004459042
       -0.0024614514   0.0007305352   0.0003507208  -0.0007105054  -0.0000655474
       -0.0002601868  -0.0001028134   0.0006013768   0.0006106021  -0.0003903134
        0.0000460401  -0.0000075722  -0.0000127169  -0.0000554596   0.0000277680
        0.0000485591  -0.0000103860   0.0000030688  -0.0000064976   0.0000471389
        0.0007206701  -0.0005299204  -0.0218928343   0.0000726553   0.0172029373
       -0.0171873177   0.0523786985   0.0124759623  -0.0000727731   0.0007026812
       -0.0006556682  -0.0001696060   0.0001300854   0.0006750749  -0.0000461887
       -0.0000552992   0.0001698617  -0.0004441594  -0.0000260062  -0.0001590017
       -0.0000389202   0.0000165942   0.0001943292   0.0000234249  -0.0000111359
        0.0000066633  -0.0002287013   0.0002222862   0.0001260441  -0.0002773997
       -0.0004998476   0.0003091306
       -0.0001566296  -0.0000352710   0.0001277128  -0.0001172969  -0.0001785123
        0.0005407083   0.0000108746   0.0011048360  -0.0002104622  -0.0001308665
       -0.0002373286   0.0001575827  -0.0036661550   0.0012280607   0.0031521848
        0.1135863697  -0.0128377279  -0.1413556366   0.0195719596  -0.0027355520
       -0.0276133926   0.0009711781   0.0005795041   0.0006144391   0.0000293088
       -0.0002233106  -0.0001444677  -0.0000510195   0.0000492217   0.0000357860
       -0.0000365530   0.0000071423   0.0000053995   0.0000160626  -0.0000327427
        0.0000211532  -0.0000458911   0.0000289543   0.0000417647  -0.0009771145
        0.0004631893   0.0009469139   0.0023735684   0.0009318095  -0.0000874400
       -0.1281497417   0.0124759623   0.1689172362  -0.0026266764  -0.0006007876
       -0.0065251643   0.0004745962   0.0001202661   0.0005251610   0.0000616945
        0.0002756089   0.0004066143  -0.0007933554  -0.0004818355   0.0002204634
       -0.0001582929   0.0002229968   0.0000328683  -0.0000355470   0.0000341681
       -0.0000217129  -0.0001137943   0.0000455344  -0.0000228506  -0.0000366788
       -0.0002041860   0.0002351386
       -0.0007769694   0.0001396168   0.0003501985  -0.0024408292   0.0011092626
       -0.0004154298   0.0004172199   0.0002138358  -0.0013103882   0.0000403060
       -0.0000448182   0.0003859186   0.0002511107  -0.0000370155   0.0001584900
        0.0078560973  -0.0004198212  -0.0062109128  -0.1693192574   0.0066274923
        0.1179652068  -0.0168016533  -0.0042055265   0.0125481606   0.0007600709
        0.0008458933  -0.0002168763   0.0000187909  -0.0000465234   0.0001365926
       -0.0000889336  -0.0000572950  -0.0000171196   0.0001306996  -0.0000410404
       -0.0000112845  -0.0000237760   0.0000568239   0.0001181758  -0.0001123438
       -0.0000014183  -0.0000064167   0.0005907846   0.0001688840  -0.0001632939
        0.0001233880  -0.0000727731  -0.0026266764   0.1987386261  -0.0054067690
       -0.1344268258  -0.0177683758   0.0044162069   0.0142830281  -0.0000406832
        0.0003141979   0.0000498878  -0.0020288539  -0.0037631799  -0.0001403009
        0.0005597461  -0.0001850910  -0.0000702073   0.0000028529   0.0003605235
       -0.0001630597  -0.0000271432   0.0000119644  -0.0000646028  -0.0000608743
        0.0000165702  -0.0001522641
        0.0005448353   0.0000686002  -0.0002500619   0.0010620036  -0.0007054079
       -0.0006391790   0.0002434244   0.0004773081   0.0017469787  -0.0005007354
       -0.0001492508  -0.0006049180  -0.0002146877   0.0003016264   0.0003232079
        0.0014353253   0.0004036085  -0.0025373487   0.0073167850  -0.0441380823
       -0.0050596811  -0.0209625723  -0.0025653048   0.0168151781  -0.0011250028
        0.0009544729   0.0006356852   0.0001063447  -0.0001502449   0.0001151016
       -0.0001885012  -0.0000446671  -0.0000101950  -0.0001269756  -0.0000088670
        0.0000222985   0.0000797082   0.0000183866  -0.0000698673   0.0000215483
       -0.0001041056  -0.0000335808   0.0002760587   0.0000594281  -0.0004586219
       -0.0004254407   0.0007026812  -0.0006007876  -0.0054067690   0.0521340440
        0.0070976672   0.0210998076  -0.0027906108  -0.0165319874   0.0001681276
        0.0006166701   0.0003032270  -0.0038211358  -0.0044450885   0.0003339233
        0.0002248591  -0.0007990824  -0.0002181879   0.0001673774   0.0002497320
       -0.0001505293  -0.0000124223  -0.0000473508  -0.0000087904   0.0000380376
       -0.0000384952  -0.0002195315
       -0.0001720993   0.0002586170   0.0003641520   0.0000166001  -0.0007975109
        0.0018445641  -0.0007502186   0.0004543147  -0.0026448945   0.0003705258
        0.0000535532   0.0005019764   0.0003945319  -0.0001722229   0.0007414610
        0.0194915489  -0.0021890809  -0.0264893131   0.1168639912  -0.0043067436
       -0.1507081682   0.0014712238   0.0012148044   0.0003771382  -0.0000286115
       -0.0002598084   0.0000875519  -0.0000189093   0.0002606998  -0.0001776702
        0.0000737968   0.0000263291  -0.0000700022   0.0001426512  -0.0000761811
       -0.0000697060   0.0001262572  -0.0000367923  -0.0000649573   0.0000627988
       -0.0001709048   0.0003865684   0.0003902057   0.0000153671   0.0006456588
       -0.0020608134  -0.0006556682  -0.0065251643  -0.1344268258   0.0070976672
        0.1771182493  -0.0011823328  -0.0004841267   0.0029297571  -0.0004417828
       -0.0001490170   0.0005860816   0.0000869296  -0.0001187950   0.0007608290
       -0.0001094662   0.0003651095   0.0002872611  -0.0001569248  -0.0001318786
        0.0000499259  -0.0000109564  -0.0000065564  -0.0000218388  -0.0001321200
       -0.0001911751   0.0000905398
       -0.0000400154  -0.0000021578  -0.0000741155  -0.0002332967   0.0003381813
       -0.0000620411   0.0006246992  -0.0000451967   0.0001019547  -0.0002803901
       -0.0001436950  -0.0001452705  -0.0007148289  -0.0004625577  -0.0029198988
       -0.0089170406   0.0105491035  -0.0053061196  -0.1223419730   0.1072789220
       -0.0212699709   0.0080918281  -0.0130164748   0.0023968874  -0.0008124270
       -0.0026204533  -0.0000326289   0.0000355456  -0.0001481671   0.0001401946
       -0.0000485535  -0.0000001369  -0.0000001499  -0.0000456718  -0.0000043715
        0.0000013100   0.0000298433  -0.0000042617  -0.0000251659  -0.0004328156
        0.0006470433  -0.0003506278  -0.0002963055   0.0000907935   0.0000982977
        0.0007100810  -0.0001696060   0.0004745962  -0.0177683758   0.0210998076
       -0.0011823328   0.1408692693  -0.1221942188   0.0279901214   0.0004701389
        0.0000799080   0.0003267668   0.0006467985  -0.0002222783  -0.0000771135
        0.0000269553  -0.0002006276  -0.0001371328   0.0004168419  -0.0007154555
        0.0000380693   0.0000360576  -0.0001049442   0.0000440445  -0.0000263646
       -0.0000291561  -0.0000296748
       -0.0001323376  -0.0000770678   0.0001025363   0.0002555077   0.0001033134
        0.0000292394  -0.0002665210  -0.0001263836  -0.0002280717   0.0001498952
        0.0000429562   0.0000958332  -0.0000155716   0.0011167358   0.0001835942
        0.0009662905   0.0003248346   0.0012642363   0.1069658121  -0.1856485066
        0.0318622254   0.0131288744  -0.0265407071   0.0038983269  -0.0038890189
       -0.0051549459  -0.0004503174  -0.0001583577   0.0001672054  -0.0002489512
        0.0000225726   0.0000249266   0.0000150825   0.0000007612   0.0000033624
       -0.0000131428  -0.0000068202  -0.0000196473  -0.0000010702  -0.0000250547
       -0.0000557428  -0.0000775646  -0.0000407869   0.0005336206  -0.0001370848
       -0.0002631998   0.0001300854   0.0001202661   0.0044162069  -0.0027906108
       -0.0004841267  -0.1221942188   0.2180840225  -0.0363604334   0.0003565827
        0.0003831363  -0.0002366696   0.0003735886   0.0005859428   0.0002614387
       -0.0003885440   0.0002570335   0.0000949800   0.0008039834  -0.0015052608
        0.0004256528  -0.0000748253   0.0001788357  -0.0000775091   0.0000151811
       -0.0000171387  -0.0000384703
        0.0000837501   0.0000558656   0.0000027658   0.0001233816  -0.0002810695
        0.0003733552   0.0003535494   0.0000710500  -0.0009198295  -0.0000662880
       -0.0000693917   0.0002689156  -0.0027383599  -0.0003750984  -0.0051883477
       -0.0190503014   0.0217478320  -0.0098820409  -0.0208680480   0.0314756703
       -0.0497152062   0.0008042748  -0.0006591659   0.0008510373  -0.0001311412
       -0.0004728907   0.0006817815   0.0001276618  -0.0002747321   0.0001053461
        0.0000084121  -0.0000067406  -0.0000210352   0.0000391297  -0.0000191935
       -0.0000106198  -0.0000179206   0.0000122481   0.0000547674  -0.0007622808
        0.0011060860  -0.0005638126   0.0000617671   0.0001848606   0.0005535158
       -0.0002085964   0.0006750749   0.0005251610   0.0142830281  -0.0165319874
        0.0029297571   0.0279901214  -0.0363604334   0.0597194487   0.0002094905
       -0.0004857888   0.0001364511  -0.0000743259   0.0004152214  -0.0000222624
       -0.0001144474   0.0001114993   0.0000150578  -0.0000547103  -0.0002023027
        0.0000874185   0.0000430052  -0.0001071055   0.0000343695  -0.0000411520
       -0.0000095081  -0.0000159943
       -0.0000492330  -0.0000043330  -0.0000478738   0.0000409655   0.0000194980
        0.0003113292   0.0002385468  -0.0000365254  -0.0005542047   0.0000206579
        0.0000181223   0.0001822605   0.0000672664   0.0000250406   0.0003499936
       -0.0016217097  -0.0034908560  -0.0001775570  -0.0081552716  -0.0047121684
       -0.0166705587  -0.0783053245  -0.0065390359  -0.0797713849  -0.0088770636
        0.0019975001  -0.0182222460  -0.0019433757   0.0035390780  -0.0007158203
        0.0000129438   0.0000002677  -0.0000007550   0.0000145842  -0.0000005259
        0.0000014103  -0.0000341934   0.0000050068   0.0000434484   0.0000638414
        0.0000119320   0.0001353775  -0.0003745082  -0.0001292727  -0.0009395202
       -0.0000364336  -0.0000461887   0.0000616945  -0.0000406832   0.0001681276
       -0.0004417828   0.0004701389   0.0003565827   0.0002094905   0.0910237193
        0.0076351629   0.0951905608   0.0074741720   0.0017165406   0.0221934985
       -0.0000130650  -0.0002581915  -0.0004262505   0.0004813410  -0.0003180601
        0.0002340713  -0.0004166093  -0.0000140477  -0.0010067890  -0.0000407061
        0.0000563460   0.0000616077
        0.0000055581  -0.0000413720  -0.0000019387  -0.0000108862   0.0000825149
        0.0000351338   0.0000423502  -0.0001338658  -0.0000524697  -0.0000084608
        0.0000327586   0.0000128397   0.0000073137  -0.0000057806   0.0000200868
       -0.0035039459  -0.0044428132  -0.0005779541  -0.0120017157  -0.0051738090
       -0.0236915467  -0.0065382806  -0.0419480334  -0.0159300051   0.0112379329
       -0.0008993590   0.0224490847   0.0034345587  -0.0037217797   0.0012003785
        0.0000048641   0.0000018075  -0.0000032574  -0.0000044495   0.0000008782
        0.0000006268  -0.0000017199   0.0000073897   0.0000052803   0.0000119004
       -0.0000089543   0.0000167806  -0.0007738270  -0.0003521149  -0.0013322109
       -0.0000136128  -0.0000552992   0.0002756089   0.0003141979   0.0006166701
       -0.0001490170   0.0000799080   0.0003831363  -0.0004857888   0.0076351629
        0.0537467380   0.0180388109  -0.0002770783   0.0011130578  -0.0014756560
       -0.0003308800   0.0005768210   0.0001345911  -0.0000346784   0.0004551903
        0.0004421367   0.0007202725  -0.0001303658   0.0012655141   0.0000055161
       -0.0001034157  -0.0001970284
        0.0000881910   0.0000022889  -0.0000708114  -0.0001407960   0.0000150398
        0.0003675477   0.0004862653  -0.0000158955  -0.0004965404  -0.0001726793
        0.0000007743   0.0001082259   0.0001311699   0.0000189514   0.0002059548
       -0.0008714323  -0.0015677992   0.0007441458  -0.0028712596  -0.0022927108
       -0.0042627951  -0.0798725681  -0.0159429930  -0.2394992135  -0.0046278034
        0.0016855837  -0.0078351195  -0.0014391791   0.0021649070   0.0003643943
       -0.0000012116  -0.0000040910  -0.0000082431   0.0000001941   0.0000012527
       -0.0000081283  -0.0000237825   0.0000048734   0.0000540063   0.0001390643
        0.0000176361   0.0001891592  -0.0003139628  -0.0000087945  -0.0002805326
       -0.0000690564   0.0001698617   0.0004066143   0.0000498878   0.0003032270
        0.0005860816   0.0003267668  -0.0002366696   0.0001364511   0.0951905608
        0.0180388109   0.2755294032  -0.0059669901  -0.0021290583  -0.0268772573
        0.0001150394  -0.0003030289   0.0006213006   0.0003220949   0.0002055564
        0.0000331022  -0.0004195349  -0.0000267177  -0.0004649330  -0.0000589783
       -0.0001010048   0.0004571872
        0.0000627766  -0.0000009801  -0.0000458354  -0.0001055877  -0.0000554851
       -0.0005094700  -0.0000671768   0.0000759403   0.0008567277   0.0000334104
       -0.0000209512  -0.0002608584  -0.0002594041  -0.0000215991  -0.0001498604
        0.0002458636   0.0005733058   0.0008368147  -0.0166166851  -0.0040250505
        0.0128980002  -0.1673422370   0.0049885308   0.1113919359  -0.0177953742
        0.0052252061   0.0130203540   0.0002780440  -0.0004597916   0.0009316564
        0.0000151063  -0.0000227079  -0.0000083120   0.0000116498   0.0000224043
       -0.0000118515   0.0000471037  -0.0000022851  -0.0000499820  -0.0000083541
       -0.0000000725  -0.0000321600   0.0003671667   0.0002061279   0.0000291084
        0.0000794753  -0.0004441594  -0.0007933554  -0.0020288539  -0.0038211358
        0.0000869296   0.0006467985   0.0003735886  -0.0000743259   0.0074741720
       -0.0002770783  -0.0059669901   0.1962206874  -0.0059597297  -0.1308650699
       -0.0023732139   0.0038851780  -0.0004833739   0.0006626832  -0.0003803849
       -0.0000017322   0.0003885059  -0.0001834781   0.0000583071   0.0000634434
        0.0003246075  -0.0008566566
       -0.0000034566  -0.0000335793   0.0000032397  -0.0000006794   0.0003667018
       -0.0000270007  -0.0000062500  -0.0002662815   0.0000096036   0.0000140591
        0.0000427919   0.0000068842   0.0000034829  -0.0000654424  -0.0000043084
        0.0001084163   0.0006330865   0.0007884820  -0.0216054086  -0.0027637185
        0.0168919461   0.0049803790  -0.0420664515  -0.0049501490   0.0209841795
       -0.0040963755  -0.0156607401  -0.0002648553   0.0005582847  -0.0006795513
        0.0000303132   0.0000248160   0.0000194281  -0.0000259477   0.0000171673
       -0.0000228076  -0.0000006344  -0.0000392909   0.0000043451  -0.0000003303
       -0.0000567374   0.0000013132   0.0002759947   0.0000749092   0.0001247987
        0.0000385565  -0.0000260062  -0.0004818355  -0.0037631799  -0.0044450885
       -0.0001187950  -0.0002222783   0.0005859428   0.0004152214   0.0017165406
        0.0011130578  -0.0021290583  -0.0059597297   0.0538745327   0.0051745900
        0.0037953984  -0.0040231682   0.0008123452   0.0002209768   0.0004758180
       -0.0004923178  -0.0002746917   0.0000362922  -0.0001424161  -0.0000408550
        0.0000787391   0.0004567824
       -0.0001273088   0.0000007490   0.0000372617   0.0001656565  -0.0000066500
        0.0001863548  -0.0001935813  -0.0000252902  -0.0004328248   0.0001697864
        0.0000196259   0.0001766147   0.0000959491   0.0000054249  -0.0000511390
       -0.0009670913  -0.0004410634   0.0009505877   0.0016718005   0.0017753350
       -0.0000952942   0.1112691147  -0.0049422713  -0.1480522717  -0.0012824266
       -0.0011203751   0.0024373051  -0.0009317260   0.0004349568   0.0009856965
        0.0000099561   0.0000125522   0.0000008481   0.0000169241  -0.0000148250
        0.0000078577  -0.0000232904   0.0000044977   0.0000128637  -0.0000234253
        0.0000013567  -0.0000229041  -0.0001042206  -0.0000395764  -0.0001231129
       -0.0000133296  -0.0001590017   0.0002204634  -0.0001403009   0.0003339233
        0.0007608290  -0.0000771135   0.0002614387  -0.0000222624   0.0221934985
       -0.0014756560  -0.0268772573  -0.1308650699   0.0051745900   0.1690845990
       -0.0006726820   0.0003540214   0.0006993072  -0.0000979283  -0.0003384254
        0.0000896612  -0.0000647220   0.0000119508  -0.0001064212  -0.0000084691
        0.0001727120   0.0001332379
       -0.0007966516  -0.0001236237   0.0003683695  -0.0025311879  -0.0013613626
       -0.0002755103   0.0004880270  -0.0003698190  -0.0011964934   0.0000419937
        0.0001375731   0.0003814160   0.0002391853   0.0000687523   0.0001652656
        0.0000196852   0.0000697788   0.0001356416   0.0007446578  -0.0008614147
       -0.0000640600  -0.0179182955   0.0053786688   0.0126420657  -0.1684484034
        0.0047174571   0.1184551703   0.0078815864  -0.0001548719  -0.0064091711
        0.0001264113   0.0000489228  -0.0000120636  -0.0000891541   0.0000465637
       -0.0000242513  -0.0000270463  -0.0000443538   0.0001315043  -0.0001116343
       -0.0000058334  -0.0000113654  -0.0000277994  -0.0000211030  -0.0000645260
       -0.0000582260  -0.0000389202  -0.0001582929   0.0005597461   0.0002248591
       -0.0001094662   0.0000269553  -0.0003885440  -0.0001144474  -0.0000130650
       -0.0003308800   0.0001150394  -0.0023732139   0.0037953984  -0.0006726820
        0.1980657153  -0.0072363904  -0.1345441758  -0.0165292273  -0.0030619406
        0.0140842109   0.0006210715  -0.0001695381  -0.0001756916   0.0001088701
       -0.0003193787  -0.0026464864
       -0.0006124625   0.0000513152   0.0003132522  -0.0012166858  -0.0006413129
        0.0009549609  -0.0003257374   0.0000065075  -0.0021648800   0.0005646467
        0.0000337973   0.0007048316   0.0002682041   0.0003113915  -0.0002488643
       -0.0001012580  -0.0002090336  -0.0001049698   0.0011055098   0.0008935166
       -0.0007525217   0.0202825987  -0.0038746720  -0.0156221716   0.0038800901
       -0.0443654413  -0.0049680066   0.0016986560   0.0005741860  -0.0016567343
        0.0001415185   0.0000079780  -0.0000374330   0.0001965649  -0.0000333197
        0.0000132990  -0.0000635656   0.0000398521   0.0000566845  -0.0000138609
       -0.0000679171   0.0000974054   0.0000124559  -0.0000450357   0.0000097896
       -0.0000609921   0.0000165942   0.0002229968  -0.0001850910  -0.0007990824
        0.0003651095  -0.0002006276   0.0002570335   0.0001114993  -0.0002581915
        0.0005768210  -0.0003030289   0.0038851780  -0.0040231682   0.0003540214
       -0.0072363904   0.0517858222   0.0048691759  -0.0216627861  -0.0013535600
        0.0177947333  -0.0001934388   0.0001189552   0.0005402228   0.0000956651
        0.0007387727  -0.0005493719
       -0.0000748835  -0.0001992152   0.0003754040   0.0001289148   0.0011918223
        0.0016025430  -0.0006384550  -0.0009395284  -0.0022695969   0.0003158082
        0.0000598408   0.0004224720   0.0003279432   0.0002345756   0.0007313459
        0.0000101665  -0.0002590886  -0.0001265889  -0.0001992434   0.0001420595
        0.0001549698  -0.0013798732  -0.0005221289   0.0027844974   0.1174347385
       -0.0057772344  -0.1517024228   0.0192913098  -0.0007822074  -0.0266977844
        0.0001235594   0.0000782318  -0.0000818132   0.0000563928  -0.0000286968
       -0.0000773820   0.0001413172   0.0000243967  -0.0000733840   0.0000495726
        0.0002292729   0.0003463743  -0.0000121136   0.0000118675  -0.0000238828
       -0.0001338059   0.0001943292   0.0000328683  -0.0000702073  -0.0002181879
        0.0002872611  -0.0001371328   0.0000949800   0.0000150578  -0.0004262505
        0.0001345911   0.0006213006  -0.0004833739   0.0008123452   0.0006993072
       -0.1345441758   0.0048691759   0.1786378591   0.0019277674   0.0010522760
        0.0002936979   0.0004246844   0.0000780848   0.0005758760  -0.0021326600
       -0.0004815616  -0.0065279793
       -0.0000599876  -0.0000137100  -0.0000717479  -0.0002344768  -0.0003582324
       -0.0000007637   0.0005868511   0.0001172306   0.0000990724  -0.0002705608
        0.0000913019  -0.0001602909  -0.0007094062  -0.0000126146  -0.0029309303
        0.0000220108   0.0001579582   0.0001085783  -0.0011180032   0.0027720936
       -0.0004557354   0.0080192657   0.0148257894   0.0004588866  -0.1127426077
       -0.1057315641  -0.0046708289  -0.0083865113  -0.0116196415  -0.0036337249
       -0.0000446820   0.0000014223   0.0000017955  -0.0000519609  -0.0000022752
        0.0000005068   0.0000318306  -0.0000002412  -0.0000265789  -0.0003958367
       -0.0007073605  -0.0002612459   0.0000266675   0.0001022609   0.0000259146
       -0.0000266578   0.0000234249  -0.0000355470   0.0000028529   0.0001673774
       -0.0001569248   0.0004168419   0.0008039834  -0.0000547103   0.0004813410
       -0.0000346784   0.0003220949   0.0006626832   0.0002209768  -0.0000979283
       -0.0165292273  -0.0216627861   0.0019277674   0.1299097154   0.1207033372
        0.0090522164  -0.0002969694  -0.0001097078   0.0001049642   0.0007068274
        0.0002656552   0.0004551603
        0.0001459654  -0.0000894927  -0.0000903776  -0.0002594464   0.0001177544
        0.0000100982   0.0003479709  -0.0000917470   0.0000995031  -0.0001669152
        0.0000321964  -0.0000637160  -0.0004727571   0.0009956297  -0.0012055290
        0.0001640334   0.0002514658   0.0002358617   0.0040047805  -0.0046102904
        0.0012261244  -0.0113268984  -0.0263609759   0.0001423308  -0.1053202738
       -0.2014772747  -0.0107693490  -0.0039244730  -0.0038162242  -0.0023756175
        0.0000047012   0.0000098287   0.0000100464  -0.0000234297   0.0000193500
       -0.0000224165   0.0000062123  -0.0000191441   0.0000125882  -0.0000886713
       -0.0002452855   0.0000143766   0.0000706710   0.0002096750   0.0000538739
       -0.0000212537  -0.0000111359   0.0000341681   0.0003605235   0.0002497320
       -0.0001318786  -0.0007154555  -0.0015052608  -0.0002023027  -0.0003180601
        0.0004551903   0.0002055564  -0.0003803849   0.0004758180  -0.0003384254
       -0.0030619406  -0.0013535600   0.0010522760   0.1207033372   0.2361942252
        0.0119881522   0.0000067757   0.0005122710   0.0001395984   0.0002649886
        0.0000572548  -0.0000249419
        0.0000735426  -0.0000281097   0.0000285701   0.0001599110   0.0003298673
        0.0003224263   0.0002886601  -0.0001863290  -0.0009217502  -0.0000426760
        0.0001041127   0.0002845259  -0.0026954041  -0.0006214998  -0.0050572820
        0.0000918225   0.0002597551   0.0000330731  -0.0007305406   0.0012220661
        0.0004388822   0.0024166889   0.0046114730   0.0007327792  -0.0043206964
       -0.0103298757  -0.0434689868  -0.0176540281  -0.0234821540  -0.0062938521
        0.0000367096   0.0000171892  -0.0000175910   0.0000171237  -0.0000010762
       -0.0000188843  -0.0000202707   0.0000005485   0.0000572684  -0.0006911575
       -0.0011865523  -0.0004109012   0.0000274381   0.0000850072   0.0000107239
       -0.0000391539   0.0000066633  -0.0000217129  -0.0001630597  -0.0001505293
        0.0000499259   0.0000380693   0.0004256528   0.0000874185   0.0002340713
        0.0004421367   0.0000331022  -0.0000017322  -0.0004923178   0.0000896612
        0.0140842109   0.0177947333   0.0002936979   0.0090522164   0.0119881522
        0.0525673119   0.0000691928  -0.0001707710   0.0005441401  -0.0002309379
       -0.0006381425   0.0006374539
       -0.0001721289   0.0000519195   0.0000622421   0.0002498311  -0.0001072791
       -0.0002347612   0.0004525526  -0.0008616890   0.0001852978   0.0004796921
        0.0002650627   0.0000913934   0.0078921373  -0.0119705087   0.0020255478
       -0.0008263249  -0.0022982389  -0.0002039752  -0.0000309567  -0.0001208476
        0.0000672960  -0.0008368978  -0.0003761203  -0.0033181338  -0.0089313749
        0.0100685731  -0.0049139134  -0.1295487294   0.1096855747  -0.0193682230
       -0.0000030717   0.0000043245  -0.0000168364  -0.0000346957  -0.0000046782
        0.0000437469   0.0000006698   0.0000205860  -0.0000228293   0.0001553291
        0.0001487646   0.0002209026   0.0003708970  -0.0006541202   0.0000739804
        0.0000807295  -0.0002287013  -0.0001137943  -0.0000271432  -0.0000124223
       -0.0000109564   0.0000360576  -0.0000748253   0.0000430052  -0.0004166093
        0.0007202725  -0.0004195349   0.0003885059  -0.0002746917  -0.0000647220
        0.0006210715  -0.0001934388   0.0004246844  -0.0002969694   0.0000067757
        0.0000691928   0.1497234078  -0.1248371711   0.0258778105  -0.0193259794
        0.0210428792  -0.0004974200
        0.0001486452  -0.0003308338   0.0000360881  -0.0002134268   0.0005434212
        0.0004019028   0.0013456789  -0.0006677573   0.0003508096  -0.0003098067
        0.0001647749  -0.0006024970   0.0121786062  -0.0262441845   0.0036137888
       -0.0033478244  -0.0049502496  -0.0010342779  -0.0001486558   0.0003774437
       -0.0002086591   0.0002503037   0.0009465074   0.0005052109   0.0014478402
       -0.0001054622   0.0013957072   0.1099258164  -0.1802362416   0.0275967090
        0.0000452664   0.0000224220  -0.0000029142  -0.0000338679   0.0000548836
       -0.0000258737   0.0000230433  -0.0000058747  -0.0000396312   0.0002798010
        0.0001285474  -0.0001467406   0.0007499970  -0.0013821356   0.0004320846
       -0.0002752390   0.0002222862   0.0000455344   0.0000119644  -0.0000473508
       -0.0000065564  -0.0001049442   0.0001788357  -0.0001071055  -0.0000140477
       -0.0001303658  -0.0000267177  -0.0001834781   0.0000362922   0.0000119508
       -0.0001695381   0.0001189552   0.0000780848  -0.0001097078   0.0005122710
       -0.0001707710  -0.1248371711   0.2119081525  -0.0314274618   0.0033407449
       -0.0011143371  -0.0006686649
        0.0000745496   0.0000941455  -0.0001190694   0.0000026243  -0.0003530175
       -0.0002088260   0.0000159840   0.0009005648   0.0007598785   0.0000268042
       -0.0000546134  -0.0001685268   0.0018704067  -0.0021261255   0.0011900044
       -0.0003596640  -0.0004854538   0.0004891752   0.0000728689  -0.0001818782
        0.0000403548  -0.0026237323  -0.0004302957  -0.0053681492  -0.0195450631
        0.0213628428  -0.0084351956  -0.0196455234   0.0277248502  -0.0484002905
       -0.0000412434  -0.0000519837   0.0000096379   0.0000612876  -0.0000061189
        0.0000237132  -0.0000237902   0.0000135200   0.0000012098   0.0001808556
       -0.0003161714   0.0000239310  -0.0000083924  -0.0002200366   0.0000979059
       -0.0001094156   0.0001260441  -0.0000228506  -0.0000646028  -0.0000087904
       -0.0000218388   0.0000440445  -0.0000775091   0.0000343695  -0.0010067890
        0.0012655141  -0.0004649330   0.0000583071  -0.0001424161  -0.0001064212
       -0.0001756916   0.0005402228   0.0005758760   0.0001049642   0.0001395984
        0.0005441401   0.0258778105  -0.0314274618   0.0572280635   0.0152134005
       -0.0162854306   0.0022978413
        0.0000577542   0.0002699368  -0.0000955797   0.0000009636   0.0000672157
        0.0003860449  -0.0000705581  -0.0035959443  -0.0006370681  -0.0013772559
        0.0004950481  -0.0003222281  -0.0166616781  -0.0065806395   0.0105088589
        0.0005821686   0.0005717456  -0.0001159325  -0.0000879935  -0.0000639408
        0.0002091331   0.0008154317  -0.0003156621  -0.0007988138   0.0070271808
        0.0004616857  -0.0059751162  -0.1676832264  -0.0019121174   0.1136903928
        0.0000252118  -0.0000036244  -0.0000432579  -0.0000000781  -0.0000034691
        0.0000066623   0.0000040150   0.0000065912   0.0000035394  -0.0002473467
        0.0000751536   0.0001876288   0.0000537348   0.0002485653  -0.0001397900
        0.0004069323  -0.0002773997  -0.0000366788  -0.0000608743   0.0000380376
       -0.0001321200  -0.0000263646   0.0000151811  -0.0000411520  -0.0000407061
        0.0000055161  -0.0000589783   0.0000634434  -0.0000408550  -0.0000084691
        0.0001088701   0.0000956651  -0.0021326600   0.0007068274   0.0002649886
       -0.0002309379  -0.0193259794   0.0033407449   0.0152134005   0.1957295274
        0.0068375770  -0.1294368784
       -0.0001125393   0.0002000163   0.0000649113   0.0000710809   0.0004147596
        0.0009280738  -0.0003817638  -0.0049413582  -0.0014829900  -0.0020320562
        0.0007950960  -0.0002307631  -0.0235088372  -0.0062280416   0.0160085812
       -0.0006117212   0.0006482822   0.0002978346   0.0000782632  -0.0002140637
        0.0001244601  -0.0005560549   0.0003320679   0.0006885656   0.0007324357
        0.0006635085  -0.0018002747  -0.0021569725  -0.0433052053   0.0054005327
        0.0000546551   0.0000282894  -0.0000528537  -0.0000463235  -0.0000113475
        0.0000110964   0.0000058832   0.0000015457   0.0000137468  -0.0002511808
        0.0007188680   0.0005744710   0.0002018241   0.0002145763  -0.0001653282
        0.0003182069  -0.0004998476  -0.0002041860   0.0000165702  -0.0000384952
       -0.0001911751  -0.0000291561  -0.0000171387  -0.0000095081   0.0000563460
       -0.0001034157  -0.0001010048   0.0003246075   0.0000787391   0.0001727120
       -0.0003193787   0.0007387727  -0.0004815616   0.0002656552   0.0000572548
       -0.0006381425   0.0210428792  -0.0011143371  -0.0162854306   0.0068375770
        0.0515814743  -0.0026417671
       -0.0001456727   0.0000163959   0.0001084023  -0.0001391114   0.0001959196
        0.0003709411   0.0001094638  -0.0004604073   0.0001776938   0.0001294146
        0.0001444459   0.0001592403  -0.0003378090  -0.0001083121   0.0011120885
        0.0000362384  -0.0001410159   0.0000007548   0.0000087714   0.0002311039
       -0.0001927595   0.0010684345  -0.0004837102   0.0005828656   0.0194848454
       -0.0002636240  -0.0279389379   0.1141300961   0.0050200720  -0.1446368914
        0.0000039321   0.0000315431   0.0000219551  -0.0000260160  -0.0000087406
        0.0000065115  -0.0000471360  -0.0000229117   0.0000463777  -0.0009400165
       -0.0004927539   0.0009405837  -0.0001406553  -0.0000841416   0.0000067143
       -0.0000921670   0.0003091306   0.0002351386  -0.0001522641  -0.0002195315
        0.0000905398  -0.0000296748  -0.0000384703  -0.0000159943   0.0000616077
       -0.0001970284   0.0004571872  -0.0008566566   0.0004567824   0.0001332379
       -0.0026464864  -0.0005493719  -0.0065279793   0.0004551603  -0.0000249419
        0.0006374539  -0.0004974200  -0.0006686649   0.0022978413  -0.1294368784
       -0.0026417671   0.1719270348
