$hessian                                                                        
        0.5278193753   0.0051021110  -0.0028667108  -0.0638670405   0.0093263452
       -0.0044721000  -0.0022921614  -0.0246667933   0.0068929528  -0.0059606468
        0.0226000687  -0.0043522892  -0.0000206243   0.0019747731   0.0000491564
       -0.2222545902  -0.1003654555  -0.0333121368  -0.0558443347   0.0008766918
       -0.0490991954  -0.1726940588   0.0814027122   0.0887003558   0.0003108624
        0.0060059075  -0.0030391181   0.0006500283  -0.0002386143   0.0007136537
        0.0007878496  -0.0009645972  -0.0000189423  -0.0041780938  -0.0040034403
       -0.0005095810   0.0004644592  -0.0003100281  -0.0008240320  -0.0029210243
        0.0032603192   0.0021379870
        0.0051021110   0.4663824864   0.0220273948   0.0093988456  -0.1797147319
        0.0407635190  -0.0049251550  -0.0218611594   0.0049665437   0.0081559724
       -0.0210125771   0.0022906668  -0.0015962740  -0.0003234418  -0.0000475777
       -0.1004331488  -0.0990104963  -0.0193564054   0.0007545055  -0.0436667390
        0.0026717779   0.0818796305  -0.0937245698  -0.0569964690   0.0010192534
       -0.0055306402   0.0041288176   0.0008654303   0.0006294115   0.0003901271
        0.0009681088   0.0006869697   0.0000023887  -0.0028537807  -0.0019350668
       -0.0003922708  -0.0007433223   0.0007763557   0.0008752128   0.0024078233
       -0.0016958010  -0.0013237254
       -0.0028667108   0.0220273948   0.5163148744  -0.0043290035   0.0410822774
       -0.0829537708   0.0008138951  -0.0018114075   0.0016809424   0.0016017678
       -0.0120671270   0.0037392273   0.0003380638   0.0000042671   0.0002391115
       -0.0334904652  -0.0192903383  -0.0510718697  -0.0496031075   0.0028741426
       -0.2704077026   0.0888531941  -0.0565105321  -0.1060675596  -0.0032644464
        0.0289211225  -0.0133489510  -0.0001755301  -0.0010686299   0.0007159041
        0.0000483679   0.0002211085   0.0000703940  -0.0005315881  -0.0008113444
        0.0005672052   0.0003740806  -0.0011862858   0.0011498506   0.0022314823
       -0.0023846478  -0.0006276557
       -0.0638670405   0.0093988456  -0.0043290035   0.4560097707   0.0019985385
        0.0193670743  -0.1561699336  -0.0526653590  -0.0185460027  -0.1156273981
        0.0486615093   0.0461839581  -0.0276339023   0.0017585807   0.0050626887
       -0.0001249419  -0.0249532566   0.0077998948  -0.0008839613   0.0064872682
       -0.0032026915  -0.0035892962   0.0217458205  -0.0057672408  -0.0504421578
        0.0009949154  -0.0427547553  -0.0091311226  -0.0045710913  -0.0058456174
       -0.0254589965  -0.0102835946  -0.0020269586  -0.0006854664  -0.0022317991
        0.0004922169   0.0007085027  -0.0004240955   0.0023159856  -0.0031040561
        0.0040837179   0.0012504514
        0.0093263452  -0.1797147319   0.0410822774   0.0019985385   0.4740237032
       -0.0002735815  -0.0554520005  -0.0923370500  -0.0098537362   0.0461210911
       -0.0907531850  -0.0293618997  -0.0077711897   0.0024321825   0.0029196424
       -0.0026052324  -0.0185860740   0.0050128051   0.0012568217  -0.0041266671
        0.0053632486   0.0038922832  -0.0180918722   0.0036709024   0.0004487766
       -0.0420647328  -0.0000994843  -0.0024845035  -0.0011103510  -0.0024093594
        0.0100411433   0.0055567129   0.0017606894  -0.0245273055  -0.0182020979
       -0.0036840729  -0.0002622482   0.0009486062  -0.0008535336   0.0200174802
       -0.0179744429  -0.0132738977
       -0.0044721000   0.0407635190  -0.0829537708   0.0193670743  -0.0002735815
        0.5371324150  -0.0211404037  -0.0111279405  -0.0706349145   0.0436871834
       -0.0295725924  -0.0985118735  -0.0038150226   0.0020520200   0.0027700083
        0.0009035060  -0.0035060272   0.0014985237  -0.0033437853   0.0300626862
       -0.0149672593   0.0016004039  -0.0136536521   0.0042124011  -0.0441240192
       -0.0001554527  -0.2573957593  -0.0271464298  -0.0149259306  -0.0086484005
        0.0127366709   0.0062824564   0.0020293798   0.0086118927   0.0052800731
        0.0014733818   0.0213845141  -0.0146775648  -0.0198327737  -0.0042494846
        0.0034519873   0.0038286417
       -0.0022921614  -0.0049251550   0.0008138951  -0.1561699336  -0.0554520005
       -0.0211404037   0.4720676330  -0.0307534319  -0.0111272337  -0.0308077760
       -0.0067370177   0.0013027494  -0.0030816919   0.0008768480   0.0014500967
        0.0004955769   0.0002326120   0.0000203667   0.0004446871   0.0007179637
       -0.0000366634   0.0006929030   0.0008633783  -0.0002019507  -0.0100310008
       -0.0059460876  -0.0044032216  -0.0533203094  -0.0003382657  -0.0468434585
       -0.1750977929   0.0852352864   0.0867716564  -0.0440757529   0.0173521739
       -0.0058879878   0.0007242957  -0.0002005547  -0.0002959798   0.0004513230
       -0.0009257494  -0.0004218652
       -0.0246667933  -0.0218611594  -0.0018114075  -0.0526653590  -0.0923370500
       -0.0111279405  -0.0307534319   0.5091316969  -0.0061470662   0.0050284786
        0.0038111753   0.0014838661   0.0045135968   0.0005672211  -0.0003384621
       -0.0004356390  -0.0061195377   0.0018490384  -0.0003499681   0.0009034046
       -0.0008003300  -0.0009409369   0.0006586263   0.0000082153  -0.0034833598
       -0.0008725694  -0.0015315588  -0.0003484403  -0.0448540760  -0.0042772203
        0.0855034851  -0.0967662102  -0.0545283799   0.0167724501  -0.2532656181
        0.0772755818   0.0004307835   0.0001266033   0.0001824844   0.0013951341
        0.0008774932  -0.0002368206
        0.0068929528   0.0049665437   0.0016809424  -0.0185460027  -0.0098537362
       -0.0706349145  -0.0111272337  -0.0061470662   0.5203207969   0.0105382177
        0.0041442166   0.0015259069   0.0033653747   0.0001760273  -0.0000473208
        0.0005142007   0.0019989914   0.0000990099   0.0008954599   0.0006555160
        0.0006506427  -0.0000303377  -0.0003333551   0.0001132458  -0.0262108778
       -0.0141459072  -0.0076368038  -0.0478867153  -0.0045974798  -0.2724751658
        0.0869260402  -0.0545772238  -0.1008773094  -0.0059947848   0.0771455131
       -0.0734218452   0.0006788118   0.0002010522   0.0004096987  -0.0000151059
        0.0003669081   0.0002931163
       -0.0059606468   0.0081559724   0.0016017678  -0.1156273981   0.0461210911
        0.0436871834  -0.0308077760   0.0050284786   0.0105382177   0.2947124105
       -0.0511821349  -0.0206254422  -0.0662251976  -0.0229404814  -0.0154214697
       -0.0000104068  -0.0015095469  -0.0001584748   0.0004463489  -0.0002743843
        0.0005192047   0.0000363095   0.0008213745  -0.0002010108   0.0000860764
       -0.0007691286   0.0004323375   0.0003747919   0.0006202867   0.0006789848
       -0.0045449775  -0.0015478126  -0.0003447677   0.0002163560   0.0008802449
        0.0001771066  -0.0379899912   0.0050330420  -0.0199930102  -0.0347058992
        0.0115629986  -0.0008906271
        0.0226000687  -0.0210125771  -0.0120671270   0.0486615093  -0.0907531850
       -0.0295725924  -0.0067370177   0.0038111753   0.0041442166  -0.0511821349
        0.4567044818  -0.0408066628  -0.0233848995  -0.0334031557  -0.0064788986
        0.0000127730   0.0000157663  -0.0006152649   0.0001285551   0.0007214869
       -0.0005690024   0.0013813785  -0.0065052265   0.0015507246   0.0019683324
       -0.0003204024  -0.0027729512  -0.0002743933   0.0002793314   0.0003044817
       -0.0024708992  -0.0007373007  -0.0001980315  -0.0015199792   0.0004819030
        0.0003670446   0.0043519413  -0.0442748596   0.0247945908   0.0064647655
       -0.2650074377   0.0619194725
       -0.0043522892   0.0022906668   0.0037392273   0.0461839581  -0.0293618997
       -0.0985118735   0.0013027494   0.0014838661   0.0015259069  -0.0206254422
       -0.0408066628   0.4775709109  -0.0169851365  -0.0070793008  -0.0268845223
       -0.0003990651  -0.0002408009   0.0002722101  -0.0010899704   0.0010935869
        0.0007914540  -0.0004860199   0.0017496684   0.0002061297   0.0235917606
       -0.0154016075  -0.0208660903  -0.0013289181   0.0000341880   0.0006340790
       -0.0007871692  -0.0001311105   0.0005768701   0.0000313487   0.0001194606
        0.0000008934  -0.0243183387   0.0219615406  -0.2783082251  -0.0007374677
        0.0642884050  -0.0607469703
       -0.0000206243  -0.0015962740   0.0003380638  -0.0276339023  -0.0077711897
       -0.0038150226  -0.0030816919   0.0045135968   0.0033653747  -0.0662251976
       -0.0233848995  -0.0169851365   0.1248300441   0.0434797628   0.0274512574
       -0.0000168763   0.0022763852   0.0003860605  -0.0005659258  -0.0000494951
       -0.0008531525   0.0000849635  -0.0000981137   0.0000263691   0.0006818288
       -0.0000717379   0.0008410495   0.0002627548  -0.0000221659  -0.0002028447
       -0.0018485438  -0.0008610896  -0.0000968464   0.0003024851  -0.0002313111
        0.0000368974  -0.0145616864  -0.0070807635  -0.0073072621  -0.0122076278
       -0.0091027049  -0.0031848076
        0.0019747731  -0.0003234418   0.0000042671   0.0017585807   0.0024321825
        0.0020520200   0.0008768480   0.0005672211   0.0001760273  -0.0229404814
       -0.0334031557  -0.0070793008   0.0434797628   0.0409204955   0.0132388948
        0.0019877135  -0.0002150655   0.0001064995  -0.0000527906  -0.0000212023
       -0.0001488197   0.0001851760   0.0000900972  -0.0000018707   0.0001990976
        0.0002857589   0.0006969614   0.0001244157  -0.0000726602  -0.0000458831
       -0.0000307852   0.0001455093   0.0000002093   0.0001269778   0.0000462242
       -0.0000977766  -0.0040139858  -0.0004486118  -0.0022484505  -0.0236753023
       -0.0100033515  -0.0066527780
        0.0000491564  -0.0000475777   0.0002391115   0.0050626887   0.0029196424
        0.0027700083   0.0014500967  -0.0003384621  -0.0000473208  -0.0154214697
       -0.0064788986  -0.0268845223   0.0274512574   0.0132388948   0.0258640268
        0.0002125709   0.0003707412   0.0001165634  -0.0000367607  -0.0000827287
       -0.0001470397   0.0000044411   0.0000832711  -0.0000394607   0.0007984420
        0.0003893509   0.0008650523   0.0002278994   0.0000139397   0.0000379234
        0.0002776654   0.0000892045   0.0001490955  -0.0000218030  -0.0001579978
       -0.0000232711  -0.0214538434  -0.0098385000  -0.0048975289   0.0013996587
       -0.0001608797   0.0019973623
       -0.2222545902  -0.1004331488  -0.0334904652  -0.0001249419  -0.0026052324
        0.0009035060   0.0004955769  -0.0004356390   0.0005142007  -0.0000104068
        0.0000127730  -0.0003990651  -0.0000168763   0.0019877135   0.0002125709
        0.2568928834   0.1160059953   0.0385896178  -0.0084227181  -0.0042101447
       -0.0039200168  -0.0267354541  -0.0105614793  -0.0024675579   0.0001707363
        0.0001190317   0.0001549935   0.0001280872   0.0001810668   0.0002565698
        0.0002433378   0.0000563118  -0.0001843264   0.0000528239  -0.0000727839
       -0.0000371612  -0.0001613837  -0.0000964553  -0.0000575189  -0.0002570743
        0.0000519913  -0.0000753472
       -0.1003654555  -0.0990104963  -0.0192903383  -0.0249532566  -0.0185860740
       -0.0035060272   0.0002326120  -0.0061195377   0.0019989914  -0.0015095469
        0.0000157663  -0.0002408009   0.0022763852  -0.0002150655   0.0003707412
        0.1160059953   0.1169031444   0.0208758728  -0.0020259126   0.0002469277
       -0.0015920243   0.0119817039   0.0070302337   0.0017437002  -0.0002770064
        0.0006354069  -0.0002899055   0.0002432604   0.0000813417   0.0002070460
        0.0003403286  -0.0000037802  -0.0000019620  -0.0014783895  -0.0010766231
       -0.0001409332  -0.0002014572  -0.0002455046  -0.0001705669  -0.0002692608
        0.0003442607   0.0000362065
       -0.0333121368  -0.0193564054  -0.0510718697   0.0077998948   0.0050128051
        0.0014985237   0.0000203667   0.0018490384   0.0000990099  -0.0001584748
       -0.0006152649   0.0002722101   0.0003860605   0.0001064995   0.0001165634
        0.0385896178   0.0208758728   0.0551499345  -0.0296982388  -0.0152570295
       -0.0087831813   0.0157330013   0.0067502582   0.0025542982   0.0004878829
        0.0002990363   0.0001900065   0.0000725258   0.0001513323   0.0000699814
       -0.0001035377  -0.0000077081  -0.0000523737   0.0003670728   0.0003480280
        0.0002739695  -0.0001685679  -0.0001491577  -0.0001636256  -0.0000154666
       -0.0000073051  -0.0001534469
       -0.0558443347   0.0007545055  -0.0496031075  -0.0008839613   0.0012568217
       -0.0033437853   0.0004446871  -0.0003499681   0.0008954599   0.0004463489
        0.0001285551  -0.0010899704  -0.0005659258  -0.0000527906  -0.0000367607
       -0.0084227181  -0.0020259126  -0.0296982388   0.0602893449  -0.0016718986
        0.0581387094   0.0040847581   0.0011238155   0.0245364619   0.0005493017
        0.0006776809  -0.0002727425   0.0001225583  -0.0002776757  -0.0000530535
       -0.0000865984   0.0000537478   0.0001405271  -0.0001090324  -0.0000026407
       -0.0000571173  -0.0000652564   0.0004914649   0.0002751860   0.0000408282
       -0.0001057051   0.0001684318
        0.0008766918  -0.0436667390   0.0028741426   0.0064872682  -0.0041266671
        0.0300626862   0.0007179637   0.0009034046   0.0006555160  -0.0002743843
        0.0007214869   0.0010935869  -0.0000494951  -0.0000212023  -0.0000827287
       -0.0042101447   0.0002469277  -0.0152570295  -0.0016718986   0.0515847895
       -0.0057283150  -0.0023277768   0.0002025977  -0.0153390257   0.0006887477
       -0.0057054815   0.0028814612  -0.0003085076  -0.0003367709  -0.0003208131
       -0.0000673805  -0.0000755134  -0.0000830220   0.0000858977   0.0002645269
       -0.0001812141   0.0002627302  -0.0002237092  -0.0004580894  -0.0002097117
        0.0002323502  -0.0001171552
       -0.0490991954   0.0026717779  -0.2704077026  -0.0032026915   0.0053632486
       -0.0149672593  -0.0000366634  -0.0008003300   0.0006506427   0.0005192047
       -0.0005690024   0.0007914540  -0.0008531525  -0.0001488197  -0.0001470397
       -0.0039200168  -0.0015920243  -0.0087831813   0.0581387094  -0.0057283150
        0.3138255710  -0.0017199012  -0.0022732390  -0.0215993947  -0.0002486720
        0.0030468126  -0.0004288677   0.0003274184   0.0004090469   0.0005375074
        0.0000673709  -0.0000019367  -0.0002900726  -0.0000117466  -0.0003786688
        0.0001763568  -0.0002146489   0.0002568145   0.0005179861   0.0002539850
       -0.0002553649   0.0001239999
       -0.1726940588   0.0818796305   0.0888531941  -0.0035892962   0.0038922832
        0.0016004039   0.0006929030  -0.0009409369  -0.0000303377   0.0000363095
        0.0013813785  -0.0004860199   0.0000849635   0.0001851760   0.0000044411
       -0.0267354541   0.0119817039   0.0157330013   0.0040847581  -0.0023277768
       -0.0017199012   0.1983471620  -0.0956730507  -0.1037653333  -0.0000978247
        0.0000063626  -0.0001037779  -0.0000718816   0.0000530210  -0.0000135641
        0.0002193163  -0.0003316466   0.0000082449  -0.0001045186  -0.0001589388
       -0.0000027590  -0.0000050620  -0.0001273113  -0.0002537912  -0.0001673163
        0.0001801055   0.0001761991
        0.0814027122  -0.0937245698  -0.0565105321   0.0217458205  -0.0180918722
       -0.0136536521   0.0008633783   0.0006586263  -0.0003333551   0.0008213745
       -0.0065052265   0.0017496684  -0.0000981137   0.0000900972   0.0000832711
       -0.0105614793   0.0070302337   0.0067502582   0.0011238155   0.0002025977
       -0.0022732390  -0.0956730507   0.1108577825   0.0646308687   0.0001610389
        0.0007066195  -0.0003727138  -0.0000274835  -0.0000940026  -0.0000445619
       -0.0008310216  -0.0004840783   0.0003193611   0.0000574219   0.0004103432
        0.0000040312  -0.0001973574   0.0000248284   0.0003700284   0.0012129444
       -0.0010813788  -0.0007194330
        0.0887003558  -0.0569964690  -0.1060675596  -0.0057672408   0.0036709024
        0.0042124011  -0.0002019507   0.0000082153   0.0001132458  -0.0002010108
        0.0015507246   0.0002061297   0.0000263691  -0.0000018707  -0.0000394607
       -0.0024675579   0.0017437002   0.0025542982   0.0245364619  -0.0153390257
       -0.0215993947  -0.1037653333   0.0646308687   0.1194822195  -0.0004108766
        0.0003125614   0.0005617378   0.0001317208  -0.0000896471  -0.0002451737
       -0.0001554132  -0.0000446539   0.0003432443  -0.0001131786   0.0001007156
       -0.0000682617  -0.0000838561   0.0001873929   0.0001579878  -0.0002284896
        0.0002665852   0.0003885862
        0.0003108624   0.0010192534  -0.0032644464  -0.0504421578   0.0004487766
       -0.0441240192  -0.0100310008  -0.0034833598  -0.0262108778   0.0000860764
        0.0019683324   0.0235917606   0.0006818288   0.0001990976   0.0007984420
        0.0001707363  -0.0002770064   0.0004878829   0.0005493017   0.0006887477
       -0.0002486720  -0.0000978247   0.0001610389  -0.0004108766   0.0648832579
       -0.0005497543   0.0484199647  -0.0048304656  -0.0029938908  -0.0016976707
        0.0004126855   0.0002387568  -0.0004901501   0.0006706434   0.0003804719
       -0.0000534455  -0.0026955745   0.0025809091   0.0031777535   0.0003316312
       -0.0003813732   0.0000243544
        0.0060059075  -0.0055306402   0.0289211225   0.0009949154  -0.0420647328
       -0.0001554527  -0.0059460876  -0.0008725694  -0.0141459072  -0.0007691286
       -0.0003204024  -0.0154016075  -0.0000717379   0.0002857589   0.0003893509
        0.0001190317   0.0006354069   0.0002990363   0.0006776809  -0.0057054815
        0.0030468126   0.0000063626   0.0007066195   0.0003125614  -0.0005497543
        0.0542767833   0.0002788431  -0.0029322920  -0.0010417278  -0.0009563923
        0.0005168526   0.0002466134   0.0002172372   0.0000343052   0.0001941117
       -0.0006187929   0.0021356067  -0.0010329157  -0.0017134929  -0.0002216622
        0.0002231761  -0.0004733186
       -0.0030391181   0.0041288176  -0.0133489510  -0.0427547553  -0.0000994843
       -0.2573957593  -0.0044032216  -0.0015315588  -0.0076368038   0.0004323375
       -0.0027729512  -0.0208660903   0.0008410495   0.0006969614   0.0008650523
        0.0001549935  -0.0002899055   0.0001900065  -0.0002727425   0.0028814612
       -0.0004288677  -0.0001037779  -0.0003727138   0.0005617378   0.0484199647
        0.0002788431   0.2983000080  -0.0015798464  -0.0008741257   0.0004556070
        0.0001482557   0.0002925588   0.0004600943   0.0003360904  -0.0000920350
        0.0003634491   0.0023314510  -0.0022859932  -0.0017226351  -0.0005106805
        0.0000401256   0.0002031520
        0.0006500283   0.0008654303  -0.0001755301  -0.0091311226  -0.0024845035
       -0.0271464298  -0.0533203094  -0.0003484403  -0.0478867153   0.0003747919
       -0.0002743933  -0.0013289181   0.0002627548   0.0001244157   0.0002278994
        0.0001280872   0.0002432604   0.0000725258   0.0001225583  -0.0003085076
        0.0003274184  -0.0000718816  -0.0000274835   0.0001317208  -0.0048304656
       -0.0029322920  -0.0015798464   0.0623615130   0.0028104865   0.0568133172
        0.0039041950   0.0013086435   0.0242659079   0.0000618220   0.0010740560
       -0.0041396066  -0.0004666871  -0.0001761302   0.0004439455  -0.0000452842
        0.0001254581  -0.0000256888
       -0.0002386143   0.0006294115  -0.0010686299  -0.0045710913  -0.0011103510
       -0.0149259306  -0.0003382657  -0.0448540760  -0.0045974798   0.0006202867
        0.0002793314   0.0000341880  -0.0000221659  -0.0000726602   0.0000139397
        0.0001810668   0.0000813417   0.0001513323  -0.0002776757  -0.0003367709
        0.0004090469   0.0000530210  -0.0000940026  -0.0000896471  -0.0029938908
       -0.0010417278  -0.0008741257   0.0028104865   0.0488079492   0.0058135193
       -0.0014491479  -0.0003414456  -0.0169623095   0.0062312109  -0.0020059142
        0.0318385036  -0.0000362657   0.0001930476   0.0000391050   0.0000310452
       -0.0001341329   0.0002184878
        0.0007136537   0.0003901271   0.0007159041  -0.0058456174  -0.0024093594
       -0.0086484005  -0.0468434585  -0.0042772203  -0.2724751658   0.0006789848
        0.0003044817   0.0006340790  -0.0002028447  -0.0000458831   0.0000379234
        0.0002565698   0.0002070460   0.0000699814  -0.0000530535  -0.0003208131
        0.0005375074  -0.0000135641  -0.0000445619  -0.0002451737  -0.0016976707
       -0.0009563923   0.0004556070   0.0568133172   0.0058135193   0.3151292135
       -0.0008200584  -0.0016459616  -0.0209600034  -0.0027280980   0.0028324089
       -0.0154889892  -0.0001963980   0.0000375790   0.0004355213  -0.0000617622
        0.0001150297  -0.0001980044
        0.0007878496   0.0009681088   0.0000483679  -0.0254589965   0.0100411433
        0.0127366709  -0.1750977929   0.0855034851   0.0869260402  -0.0045449775
       -0.0024708992  -0.0007871692  -0.0018485438  -0.0000307852   0.0002776654
        0.0002433378   0.0003403286  -0.0001035377  -0.0000865984  -0.0000673805
        0.0000673709   0.0002193163  -0.0008310216  -0.0001554132   0.0004126855
        0.0005168526   0.0001482557   0.0039041950  -0.0014491479  -0.0008200584
        0.2045544302  -0.0970654904  -0.1003344648  -0.0033055655   0.0049266826
        0.0022796351   0.0000816527  -0.0000041104  -0.0001960453   0.0001390075
       -0.0003777660  -0.0000873174
       -0.0009645972   0.0006869697   0.0002211085  -0.0102835946   0.0055567129
        0.0062824564   0.0852352864  -0.0967662102  -0.0545772238  -0.0015478126
       -0.0007373007  -0.0001311105  -0.0008610896   0.0001455093   0.0000892045
        0.0000563118  -0.0000037802  -0.0000077081   0.0000537478  -0.0000755134
       -0.0000019367  -0.0003316466  -0.0004840783  -0.0000446539   0.0002387568
        0.0002466134   0.0002925588   0.0013086435  -0.0003414456  -0.0016459616
       -0.0970654904   0.1110222917   0.0641478054   0.0243940187  -0.0193307063
       -0.0146196340  -0.0000511541   0.0000038439   0.0000823631  -0.0001813799
        0.0000770937  -0.0000872680
       -0.0000189423   0.0000023887   0.0000703940  -0.0020269586   0.0017606894
        0.0020293798   0.0867716564  -0.0545283799  -0.1008773094  -0.0003447677
       -0.0001980315   0.0005768701  -0.0000968464   0.0000002093   0.0001490955
       -0.0001843264  -0.0000019620  -0.0000523737   0.0001405271  -0.0000830220
       -0.0002900726   0.0000082449   0.0003193611   0.0003432443  -0.0004901501
        0.0002172372   0.0004600943   0.0242659079  -0.0169623095  -0.0209600034
       -0.1003344648   0.0641478054   0.1131036049  -0.0073740265   0.0052762444
        0.0052928488  -0.0002410169  -0.0000140861   0.0002292566  -0.0000748366
        0.0000638555  -0.0000750293
       -0.0041780938  -0.0028537807  -0.0005315881  -0.0006854664  -0.0245273055
        0.0086118927  -0.0440757529   0.0167724501  -0.0059947848   0.0002163560
       -0.0015199792   0.0000313487   0.0003024851   0.0001269778  -0.0000218030
        0.0000528239  -0.0014783895   0.0003670728  -0.0001090324   0.0000858977
       -0.0000117466  -0.0001045186   0.0000574219  -0.0001131786   0.0006706434
        0.0000343052   0.0003360904   0.0000618220   0.0062312109  -0.0027280980
       -0.0033055655   0.0243940187  -0.0073740265   0.0519878124  -0.0177011442
        0.0073071599  -0.0000100599   0.0001331088  -0.0000332577  -0.0008234534
        0.0002452079   0.0001549186
       -0.0040034403  -0.0019350668  -0.0008113444  -0.0022317991  -0.0182020979
        0.0052800731   0.0173521739  -0.2532656181   0.0771455131   0.0008802449
        0.0004819030   0.0001194606  -0.0002313111   0.0000462242  -0.0001579978
       -0.0000727839  -0.0010766231   0.0003480280  -0.0000026407   0.0002645269
       -0.0003786688  -0.0001589388   0.0004103432   0.0001007156   0.0003804719
        0.0001941117  -0.0000920350   0.0010740560  -0.0020059142   0.0028324089
        0.0049266826  -0.0193307063   0.0052762444  -0.0177011442   0.2939158800
       -0.0897216970   0.0000859062  -0.0000904067   0.0000053389  -0.0002974776
        0.0005934442   0.0000539605
       -0.0005095810  -0.0003922708   0.0005672052   0.0004922169  -0.0036840729
        0.0014733818  -0.0058879878   0.0772755818  -0.0734218452   0.0001771066
        0.0003670446   0.0000008934   0.0000368974  -0.0000977766  -0.0000232711
       -0.0000371612  -0.0001409332   0.0002739695  -0.0000571173  -0.0001812141
        0.0001763568  -0.0000027590   0.0000040312  -0.0000682617  -0.0000534455
       -0.0006187929   0.0003634491  -0.0041396066   0.0318385036  -0.0154889892
        0.0022796351  -0.0146196340   0.0052928488   0.0073071599  -0.0897216970
        0.0808111155  -0.0000756785   0.0001092246  -0.0001627843   0.0004703208
       -0.0001379943   0.0002059314
        0.0004644592  -0.0007433223   0.0003740806   0.0007085027  -0.0002622482
        0.0213845141   0.0007242957   0.0004307835   0.0006788118  -0.0379899912
        0.0043519413  -0.0243183387  -0.0145616864  -0.0040139858  -0.0214538434
       -0.0001613837  -0.0002014572  -0.0001685679  -0.0000652564   0.0002627302
       -0.0002146489  -0.0000050620  -0.0001973574  -0.0000838561  -0.0026955745
        0.0021356067   0.0023314510  -0.0004666871  -0.0000362657  -0.0001963980
        0.0000816527  -0.0000511541  -0.0002410169  -0.0000100599   0.0000859062
       -0.0000756785   0.0525103774  -0.0029556278   0.0233634369   0.0014664136
        0.0011944505  -0.0013799461
       -0.0003100281   0.0007763557  -0.0011862858  -0.0004240955   0.0009486062
       -0.0146775648  -0.0002005547   0.0001266033   0.0002010522   0.0050330420
       -0.0442748596   0.0219615406  -0.0070807635  -0.0004486118  -0.0098385000
       -0.0000964553  -0.0002455046  -0.0001491577   0.0004914649  -0.0002237092
        0.0002568145  -0.0001273113   0.0000248284   0.0001873929   0.0025809091
       -0.0010329157  -0.0022859932  -0.0001761302   0.0001930476   0.0000375790
       -0.0000041104   0.0000038439  -0.0000140861   0.0001331088  -0.0000904067
        0.0001092246  -0.0029556278   0.0495847213  -0.0254267134   0.0031365522
       -0.0053419988   0.0308246971
       -0.0008240320   0.0008752128   0.0011498506   0.0023159856  -0.0008535336
       -0.0198327737  -0.0002959798   0.0001824844   0.0004096987  -0.0199930102
        0.0247945908  -0.2783082251  -0.0073072621  -0.0022484505  -0.0048975289
       -0.0000575189  -0.0001705669  -0.0001636256   0.0002751860  -0.0004580894
        0.0005179861  -0.0002537912   0.0003700284   0.0001579878   0.0031777535
       -0.0017134929  -0.0017226351   0.0004439455   0.0000391050   0.0004355213
       -0.0001960453   0.0000823631   0.0002292566  -0.0000332577   0.0000053389
       -0.0001627843   0.0233634369  -0.0254267134   0.3139639244  -0.0006154103
        0.0045217234  -0.0117766529
       -0.0029210243   0.0024078233   0.0022314823  -0.0031040561   0.0200174802
       -0.0042494846   0.0004513230   0.0013951341  -0.0000151059  -0.0347058992
        0.0064647655  -0.0007374677  -0.0122076278  -0.0236753023   0.0013996587
       -0.0002570743  -0.0002692608  -0.0000154666   0.0000408282  -0.0002097117
        0.0002539850  -0.0001673163   0.0012129444  -0.0002284896   0.0003316312
       -0.0002216622  -0.0005106805  -0.0000452842   0.0000310452  -0.0000617622
        0.0001390075  -0.0001813799  -0.0000748366  -0.0008234534  -0.0002974776
        0.0004703208   0.0014664136   0.0031365522  -0.0006154103   0.0518025322
       -0.0098109504   0.0021532572
        0.0032603192  -0.0016958010  -0.0023846478   0.0040837179  -0.0179744429
        0.0034519873  -0.0009257494   0.0008774932   0.0003669081   0.0115629986
       -0.2650074377   0.0642884050  -0.0091027049  -0.0100033515  -0.0001608797
        0.0000519913   0.0003442607  -0.0000073051  -0.0001057051   0.0002323502
       -0.0002553649   0.0001801055  -0.0010813788   0.0002665852  -0.0003813732
        0.0002231761   0.0000401256   0.0001254581  -0.0001341329   0.0001150297
       -0.0003777660   0.0000770937   0.0000638555   0.0002452079   0.0005934442
       -0.0001379943   0.0011944505  -0.0053419988   0.0045217234  -0.0098109504
        0.2988907257  -0.0701684279
        0.0021379870  -0.0013237254  -0.0006276557   0.0012504514  -0.0132738977
        0.0038286417  -0.0004218652  -0.0002368206   0.0002931163  -0.0008906271
        0.0619194725  -0.0607469703  -0.0031848076  -0.0066527780   0.0019973623
       -0.0000753472   0.0000362065  -0.0001534469   0.0001684318  -0.0001171552
        0.0001239999   0.0001761991  -0.0007194330   0.0003885862   0.0000243544
       -0.0004733186   0.0002031520  -0.0000256888   0.0002184878  -0.0001980044
       -0.0000873174  -0.0000872680  -0.0000750293   0.0001549186   0.0000539605
        0.0002059314  -0.0013799461   0.0308246971  -0.0117766529   0.0021532572
       -0.0701684279   0.0665369695
