           1           2   1.01087309863925     
           2           3  0.999550874497051     
           2           4   1.00484648441853     
           4           5  0.958478843082568     
           1           6  0.982336630822653     
           1           7  0.986263261167415     
           1           8  0.985812689406593     
           2           9  0.967810380281231     
           3          10  0.986469108501927     
           3          11  0.983759803512630     
           3          12  0.986535652148666     
           4          13  0.977874166642746     
           4          14  0.978384233276070     
