$hessian                                                                        
        0.5045399424   0.0000326850  -0.0331394948  -0.0899676561   0.0000540648
       -0.0598940462  -0.0272286616   0.0000218732  -0.0228613799  -0.0006744569
       -0.0013630541  -0.0003224896  -0.0000955922   0.0000115434   0.0016089751
        0.0000680279   0.0000007211  -0.0000452899  -0.0000934620  -0.0000120836
        0.0016075457  -0.0006719073   0.0013625778  -0.0003219457  -0.0583349552
       -0.0469028862   0.0319407825  -0.2747795786  -0.0000534481   0.0454167831
       -0.0583436829   0.0468524478   0.0320408180   0.0029994985   0.0005239738
        0.0026814511   0.0030013930  -0.0005288716   0.0026822791  -0.0001053064
        0.0000053693  -0.0005332436  -0.0000816653   0.0000042210   0.0000028071
       -0.0000452818   0.0000001253  -0.0003328569  -0.0000813343  -0.0000042163
        0.0000026704  -0.0001053210  -0.0000050424  -0.0005333653
        0.0000326850   0.5223446222   0.0000509251   0.0000454300  -0.0656064214
        0.0000931830   0.0000100756   0.0014737840  -0.0000044654   0.0009476012
       -0.0002543098  -0.0006284619  -0.0004171158  -0.0001727364  -0.0000689624
       -0.0000004722   0.0003320854   0.0000001534   0.0004186499  -0.0001727022
        0.0000683611  -0.0009515307  -0.0002572945   0.0006291893  -0.0469780959
       -0.2049333518   0.1023328229  -0.0000540940  -0.0453213011   0.0000066540
        0.0469277999  -0.2045257189  -0.1025155806   0.0115093163  -0.0013926396
        0.0232525982  -0.0114894721  -0.0013410259  -0.0232162536   0.0000959955
       -0.0000724482   0.0001172799   0.0000249389  -0.0000211666   0.0000254942
        0.0000000142   0.0000148336   0.0000000700  -0.0000249350  -0.0000212336
       -0.0000254402  -0.0000967907  -0.0000729751  -0.0001175670
       -0.0331394948   0.0000509251   0.4677437398  -0.0499202775   0.0000931672
       -0.1618362906  -0.0095606640  -0.0000029450   0.0040215306   0.0016560940
       -0.0009402977  -0.0004074622  -0.0004715639  -0.0000906402   0.0000298835
        0.0001895929   0.0000002379  -0.0000344418  -0.0004711194   0.0000901964
        0.0000303268   0.0016549065   0.0009409344  -0.0004049978   0.0317449610
        0.1023199349  -0.1091646571   0.0458318753   0.0000063479  -0.0502680333
        0.0318446818  -0.1025028880  -0.1095640914  -0.0097599336   0.0036503238
       -0.0201772859  -0.0097825907  -0.0036150775  -0.0202323171   0.0000479722
       -0.0000920524   0.0001133046   0.0000329467  -0.0000416682   0.0000145760
        0.0000217149  -0.0000000052   0.0000082910   0.0000328291   0.0000415970
        0.0000144481   0.0000480696   0.0000919098   0.0001134767
       -0.0899676561   0.0000454300  -0.0499202775   0.4612056340   0.0000326941
       -0.0341101964  -0.2026682372  -0.0000331897   0.0281618586  -0.0229036974
        0.0074828744   0.0053144278   0.0010944914   0.0026592516   0.0011879987
       -0.0010589413   0.0000005206   0.0002713568   0.0010983961  -0.0026590994
        0.0011860861  -0.0228944204  -0.0074983169   0.0053073548   0.0028207458
        0.0011276832   0.0031445196  -0.0192638649   0.0000260538  -0.0272876237
        0.0028219710  -0.0011333924   0.0031432820  -0.0552310408  -0.0451066742
        0.0328544553  -0.0552367286   0.0450566550   0.0329564822   0.0007197812
       -0.0013710183  -0.0009412008  -0.0006797023  -0.0000896433   0.0000524573
        0.0001039633   0.0000001188  -0.0004328721  -0.0006791560   0.0000893374
        0.0000525240   0.0007184622   0.0013707154  -0.0009406329
        0.0000540648  -0.0656064214   0.0000931672   0.0000326941   0.5449457802
        0.0000537134  -0.0000488602  -0.0672325642   0.0000044989   0.0248899535
       -0.0020889587  -0.0043049884   0.0025984892  -0.0038946316  -0.0000682902
        0.0000007976  -0.0003994381  -0.0000002560  -0.0026000540  -0.0038978382
        0.0000623872  -0.0249013634  -0.0021022469   0.0043062171   0.0118775786
       -0.0013305897   0.0227341941  -0.0000001815   0.0005026822  -0.0000023524
       -0.0118603368  -0.0012795526  -0.0226981486  -0.0458479530  -0.1995857603
        0.0956248395   0.0458031973  -0.1991916815  -0.0958065827   0.0014572402
        0.0007345480  -0.0005428332   0.0013444494  -0.0002032409  -0.0003601846
        0.0000001172   0.0000992991   0.0000004128  -0.0013450104  -0.0002040915
        0.0003601606  -0.0014548224   0.0007347060   0.0005440453
       -0.0598940462   0.0000931830  -0.1618362906  -0.0341101964   0.0000537134
        0.4634060870   0.0360704432   0.0000035822  -0.0646131036   0.0049473528
       -0.0005994291   0.0001422326   0.0020926171  -0.0006592857   0.0067430434
       -0.0001718783  -0.0000004836  -0.0002065698   0.0020890558   0.0006532318
        0.0067416037   0.0049291280   0.0006000252   0.0001412921  -0.0089352193
        0.0036567418  -0.0192310745  -0.0013291301   0.0000000444   0.0009116520
       -0.0089587207  -0.0036218796  -0.0192820901   0.0324835995   0.0958210023
       -0.1033487590   0.0325898039  -0.0960027245  -0.1037205666  -0.0008894695
        0.0004387611  -0.0020642247   0.0001735639   0.0000256609  -0.0000828056
       -0.0003692782   0.0000005034  -0.0015540211   0.0001726437  -0.0000256575
       -0.0000822931  -0.0008902692  -0.0004369895  -0.0020641121
       -0.0272286616   0.0000100756  -0.0095606640  -0.2026682372  -0.0000488602
        0.0360704432   0.6093908035   0.0000045131  -0.0864025335  -0.1452682518
        0.1334954152   0.0194915253  -0.0339940111   0.0247984573   0.0066641921
        0.0045434314   0.0000149604  -0.0023541641  -0.0339504781  -0.0248287799
        0.0066401424  -0.1451794971  -0.1334509172   0.0193924743   0.0007377733
        0.0000554653   0.0006644119  -0.0018979265   0.0000018248  -0.0025386220
        0.0007379448  -0.0000569528   0.0006644109  -0.0138627339  -0.0050387310
        0.0031897261  -0.0138724129   0.0050329440   0.0031994920   0.0061240413
       -0.0124053151  -0.0004494086  -0.0053286867   0.0002130018   0.0029021707
        0.0009206966   0.0000003475  -0.0000340134  -0.0053286807  -0.0002178272
        0.0029021434   0.0061248866   0.0124203784  -0.0004417267
        0.0000218732   0.0014737840  -0.0000029450  -0.0000331897  -0.0672325642
        0.0000035822   0.0000045131   0.6585310600   0.0001525714   0.0578716473
       -0.2621314469  -0.0117195823   0.0832951844   0.0288438034  -0.0171184327
        0.0000160496  -0.0682730086  -0.0000221097  -0.0833268016   0.0287831948
        0.0171421114  -0.0578327857  -0.2622305076   0.0115821805   0.0008663407
       -0.0000139713   0.0002494352   0.0000040493   0.0006296384   0.0000049911
       -0.0008647527  -0.0000131528  -0.0002507031  -0.0249781008  -0.0026913454
        0.0060096286   0.0249456719  -0.0026692995  -0.0060078429   0.0101056899
       -0.0274858477  -0.0021381861  -0.0004266920   0.0013498195   0.0001013011
        0.0000004803  -0.0007362651  -0.0000001709   0.0004221137   0.0013500484
       -0.0001043558  -0.0100912908  -0.0274839393   0.0021185272
       -0.0228613799  -0.0000044654   0.0040215306   0.0281618586   0.0000044989
       -0.0646131036  -0.0864025335   0.0001525714   0.1680904026   0.0192421918
       -0.0272006844  -0.0540922802   0.0072418469  -0.0047228132  -0.0016360827
       -0.0020098039  -0.0000220470  -0.0056488267   0.0071827140   0.0047470763
       -0.0016201116   0.0191886946   0.0270623270  -0.0540689330  -0.0006349315
       -0.0000226755   0.0005991650  -0.0040511962   0.0000045808  -0.0042921353
       -0.0006366823   0.0000216760   0.0005982319   0.0161876794   0.0017676336
       -0.0026516338   0.0162372059  -0.0017635762  -0.0026652380  -0.0010223901
        0.0026943653   0.0012384389   0.0027098149  -0.0000017950   0.0077033689
       -0.0002146250  -0.0000003272   0.0000950035   0.0027103269  -0.0000013569
        0.0077036455  -0.0010287904  -0.0027149885   0.0012385582
       -0.0006744569   0.0009476012   0.0016560940  -0.0229036974   0.0248899535
        0.0049473528  -0.1452682518   0.0578716473   0.0192421918   0.6448769205
        0.0092902831  -0.1089643559  -0.3233787874   0.0386255126   0.0569738088
       -0.0346584547  -0.0832444914   0.0074345895  -0.0473960006   0.0303115887
        0.0086720180   0.0553970169   0.0272326736  -0.0116325444  -0.0001101425
        0.0000545631  -0.0002293091  -0.0002643043   0.0000532184  -0.0005919753
        0.0001462128  -0.0000307630   0.0001434486   0.0003766522   0.0019384437
       -0.0004318608  -0.0051849466   0.0008688680   0.0012968433  -0.1028669198
       -0.1062952092   0.0144873417  -0.0171895023   0.0027624726   0.0037293036
       -0.0002840010  -0.0027793629   0.0016121126  -0.0001899819   0.0007204640
        0.0000474796  -0.0004273550  -0.0032174632   0.0016074614
       -0.0013630541  -0.0002543098  -0.0009402977   0.0074828744  -0.0020889587
       -0.0005994291   0.1334954152  -0.2621314469  -0.0272006844   0.0092902831
        0.6561844852  -0.0021336613  -0.0383116832  -0.0954886587   0.0076878644
       -0.0248422065   0.0279357239   0.0050561181   0.0291261337  -0.0140567648
       -0.0060402280  -0.0271715367  -0.0655101262   0.0056473529   0.0001516353
       -0.0003800804   0.0002065969  -0.0003080431  -0.0000385062   0.0000085397
       -0.0000982393   0.0002424790  -0.0003503937  -0.0018928339   0.0007484578
        0.0005676352  -0.0004023382   0.0000713430  -0.0000445079  -0.1059963563
       -0.2348659334   0.0222647756   0.0262773769  -0.0022948533  -0.0053964216
       -0.0033545817  -0.0041922098   0.0007332044   0.0006772694   0.0006292922
       -0.0001330571  -0.0027601149  -0.0045099329   0.0006665936
       -0.0003224896  -0.0006284619  -0.0004074622   0.0053144278  -0.0043049884
        0.0001422326   0.0194915253  -0.0117195823  -0.0540922802  -0.1089643559
       -0.0021336613   0.1385116114   0.0564914530  -0.0081623693  -0.0585495281
        0.0073958580   0.0174857888  -0.0003238008   0.0089802949  -0.0063846110
       -0.0072728542  -0.0116486692  -0.0057003093   0.0034921173   0.0000559864
        0.0000130368   0.0001417265  -0.0000950165   0.0000214645   0.0002117980
        0.0000380364   0.0001469615   0.0001596496  -0.0002039944  -0.0007086431
        0.0003521309   0.0019022092  -0.0005694180   0.0000284644   0.0144771588
        0.0221444684  -0.0373090482   0.0036876822  -0.0005626053   0.0000557519
        0.0016733593   0.0005711711   0.0075483701   0.0000036562  -0.0001497343
       -0.0001814084   0.0017228781   0.0006414930   0.0074925295
       -0.0000955922  -0.0004171158  -0.0004715639   0.0010944914   0.0025984892
        0.0020926171  -0.0339940111   0.0832951844   0.0072418469  -0.3233787874
       -0.0383116832   0.0564914530   0.6377670917  -0.0074975909  -0.1072326419
       -0.1512007067  -0.0621962129   0.0211258497   0.0579860046  -0.0293592347
       -0.0116575892  -0.0473697546  -0.0291472616   0.0089575970   0.0000080975
       -0.0000595034   0.0002431309   0.0001472158  -0.0001501858   0.0000371133
       -0.0001264901  -0.0001261026  -0.0001443284   0.0002556351  -0.0002906709
       -0.0000402652  -0.0010138985   0.0000322121  -0.0001809459  -0.0173902686
       -0.0027243385   0.0036398217  -0.1041983884   0.1074751859   0.0143066100
       -0.0180764894  -0.0257519749   0.0038716515  -0.0002196414   0.0033623348
        0.0016696592  -0.0001945076  -0.0007315312   0.0000499843
        0.0000115434  -0.0001727364  -0.0000906402   0.0026592516  -0.0038946316
       -0.0006592857   0.0247984573   0.0288438034  -0.0047228132   0.0386255126
       -0.0954886587  -0.0081623693  -0.0074975909   0.6699993995   0.0013596945
       -0.1398170981  -0.2732887346   0.0287152644   0.0294215084  -0.0681945780
       -0.0060943915  -0.0303315237  -0.0140910155   0.0063839432   0.0000517881
        0.0000148940   0.0000058878  -0.0001038097  -0.0000407489   0.0000582910
       -0.0000244709  -0.0000659618  -0.0000386344  -0.0001785678  -0.0003015080
        0.0000728917   0.0010432297  -0.0001025039  -0.0003429799  -0.0264928462
       -0.0023294572   0.0054340813   0.1075622180  -0.2359212776  -0.0219468887
       -0.0019468958  -0.0011632196   0.0004608194   0.0028149819  -0.0043580881
       -0.0005898507  -0.0005956880   0.0005550230   0.0001569804
        0.0016089751  -0.0000689624   0.0000298835   0.0011879987  -0.0000682902
        0.0067430434   0.0066641921  -0.0171184327  -0.0016360827   0.0569738088
        0.0076878644  -0.0585495281  -0.1072326419   0.0013596945   0.1390012786
        0.0211583116   0.0128454507  -0.0522340031  -0.0116397526   0.0060398650
        0.0036824914   0.0086482305   0.0060391861  -0.0072639813   0.0000136866
        0.0000030178  -0.0000790457   0.0002573073   0.0000716295   0.0003642162
        0.0000734502  -0.0000099340  -0.0000730000  -0.0004215124  -0.0002292333
        0.0001072513  -0.0007430921   0.0001498095   0.0002833852   0.0036464729
        0.0005468936  -0.0001168160   0.0143059901  -0.0219830926  -0.0374062378
        0.0038030511   0.0052701740  -0.0002980149   0.0016976954  -0.0006895635
        0.0076574408  -0.0000021715   0.0001539237  -0.0002122807
        0.0000680279  -0.0000004722   0.0001895929  -0.0010589413   0.0000007976
       -0.0001718783   0.0045434314   0.0000160496  -0.0020098039  -0.0346584547
       -0.0248422065   0.0073958580  -0.1512007067  -0.1398170981   0.0211583116
        0.6547488384   0.0000417448  -0.1106637422  -0.1512851779   0.1398514216
        0.0212592225  -0.0347048250   0.0248102081   0.0074207360   0.0000008240
        0.0000147812   0.0001063165   0.0001277983  -0.0000000445  -0.0000227436
        0.0000006473  -0.0000150171   0.0001060676   0.0001919242   0.0001774628
       -0.0001388927   0.0001916237  -0.0001773625  -0.0001392481  -0.0054280025
       -0.0002840780   0.0028038927   0.0064590417   0.0124007524  -0.0011877826
       -0.2890275152  -0.0000704475   0.0522851583   0.0064594394  -0.0123857375
       -0.0011953622  -0.0054279730   0.0002792458   0.0028042973
        0.0000007211   0.0003320854   0.0000002379   0.0000005206  -0.0003994381
       -0.0000004836   0.0000149604  -0.0682730086  -0.0000220470  -0.0832444914
        0.0279357239   0.0174857888  -0.0621962129  -0.2732887346   0.0128454507
        0.0000417448   0.6527225760   0.0001518028   0.0622302499  -0.2731673173
       -0.0129868179   0.0832117996   0.0279978887  -0.0174633512  -0.0000928774
        0.0000989523  -0.0002237020   0.0000002272   0.0001576657   0.0000001620
        0.0000928310   0.0000982503   0.0002236102  -0.0001417944   0.0002680333
       -0.0001875018   0.0001425920   0.0002679762   0.0001879243   0.0003673514
        0.0014027010  -0.0000236581  -0.0113848972  -0.0266886154   0.0023181529
       -0.0000704486  -0.0441783700   0.0000115217   0.0113998815  -0.0266890661
       -0.0023375936  -0.0003721577   0.0014026973   0.0000205038
       -0.0000452899   0.0000001534  -0.0000344418   0.0002713568  -0.0000002560
       -0.0002065698  -0.0023541641  -0.0000221097  -0.0056488267   0.0074345895
        0.0050561181  -0.0003238008   0.0211258497   0.0287152644  -0.0522340031
       -0.1106637422   0.0001518028   0.1385167819   0.0211798374  -0.0288568447
       -0.0522628933   0.0074944987  -0.0050334094  -0.0003393677   0.0000047370
       -0.0000214775  -0.0000298058  -0.0000415412   0.0000000817  -0.0000003154
        0.0000048683   0.0000216495  -0.0000295578   0.0000025152  -0.0000691109
        0.0000308064   0.0000027094   0.0000693431   0.0000309675   0.0027978705
        0.0000684208   0.0075726586  -0.0011642091  -0.0025311326   0.0009970532
        0.0523098671   0.0000113960  -0.0446088143  -0.0011575053   0.0025116738
        0.0009972399   0.0027977522  -0.0000715628   0.0075728890
       -0.0000934620   0.0004186499  -0.0004711194   0.0010983961  -0.0026000540
        0.0020890558  -0.0339504781  -0.0833268016   0.0071827140  -0.0473960006
        0.0291261337   0.0089802949   0.0579860046   0.0294215084  -0.0116397526
       -0.1512851779   0.0622302499   0.0211798374   0.6377688853   0.0075613142
       -0.1072319614  -0.3233910974   0.0381750151   0.0565193827  -0.0001266129
        0.0001269526  -0.0001443701   0.0001476650   0.0001501324   0.0000375715
        0.0000080295   0.0000585622   0.0002431055  -0.0010123677  -0.0000318568
       -0.0001808670   0.0002555140   0.0002918249  -0.0000397551  -0.0001950293
        0.0007312032   0.0000504694  -0.0002169185  -0.0033617368   0.0016672618
       -0.0180881458   0.0257419163   0.0038896498  -0.1041063271  -0.1074283656
        0.0142246040  -0.0174028772   0.0027153520   0.0036438787
       -0.0000120836  -0.0001727022   0.0000901964  -0.0026590994  -0.0038978382
        0.0006532318  -0.0248287799   0.0287831948   0.0047470763   0.0303115887
       -0.0140567648  -0.0063846110  -0.0293592347  -0.0681945780   0.0060398650
        0.1398514216  -0.2731673173  -0.0288568447   0.0075613142   0.6700006279
       -0.0010434717  -0.0387621837  -0.0954891232   0.0081610596   0.0000241864
       -0.0000662506   0.0000382547   0.0001037397  -0.0000405776  -0.0000584367
       -0.0000518263   0.0000150984  -0.0000057276  -0.0010444982  -0.0001033962
        0.0003428130   0.0001789600  -0.0003016967  -0.0000733925   0.0005953505
        0.0005557680  -0.0001563311  -0.0028143702  -0.0043615449   0.0005822497
        0.0019368759  -0.0011473162  -0.0004598778  -0.1075153847  -0.2360427185
        0.0218180654   0.0264840237  -0.0023128646  -0.0054341188
        0.0016075457   0.0000683611   0.0000303268   0.0011860861   0.0000623872
        0.0067416037   0.0066401424   0.0171421114  -0.0016201116   0.0086720180
       -0.0060402280  -0.0072728542  -0.0116575892  -0.0060943915   0.0036824914
        0.0212592225  -0.0129868179  -0.0522628933  -0.1072319614  -0.0010434717
        0.1390010937   0.0569556734  -0.0076888934  -0.0585490001   0.0000734366
        0.0000098652  -0.0000729235   0.0002570689  -0.0000725396   0.0003638237
        0.0000137012  -0.0000027481  -0.0000791253  -0.0007417666  -0.0001498096
        0.0002831856  -0.0004227961   0.0002290962   0.0001076795  -0.0000016986
       -0.0001533775  -0.0002124807   0.0016954863   0.0006821190   0.0076586235
        0.0038065999  -0.0052690823  -0.0003019176   0.0142236537   0.0218542650
       -0.0373767011   0.0036651772  -0.0005468455  -0.0001208204
       -0.0006719073  -0.0009515307   0.0016549065  -0.0228944204  -0.0249013634
        0.0049291280  -0.1451794971  -0.0578327857   0.0191886946   0.0553970169
       -0.0271715367  -0.0116486692  -0.0473697546  -0.0303315237   0.0086482305
       -0.0347048250   0.0832117996   0.0074944987  -0.3233910974  -0.0387621837
        0.0569556734   0.6448998905  -0.0092230912  -0.1089775356   0.0001455797
        0.0000298543   0.0001433308  -0.0002640207  -0.0000523584  -0.0005910195
       -0.0001100324  -0.0000539511  -0.0002293125  -0.0051894025  -0.0008717082
        0.0012967459   0.0003753491  -0.0019376484  -0.0004333165  -0.0004298256
        0.0032180033   0.0016101507  -0.0001893952  -0.0007208387   0.0000467802
       -0.0002867730   0.0027799592   0.0016141764  -0.0171773587  -0.0027715232
        0.0037250436  -0.1029595261   0.1063424269   0.0145724940
        0.0013625778  -0.0002572945   0.0009409344  -0.0074983169  -0.0021022469
        0.0006000252  -0.1334509172  -0.2622305076   0.0270623270   0.0272326736
       -0.0655101262  -0.0057003093  -0.0291472616  -0.0140910155   0.0060391861
        0.0248102081   0.0279978887  -0.0050334094   0.0381750151  -0.0954891232
       -0.0076888934  -0.0092230912   0.6561630600   0.0024485693   0.0000993363
        0.0002422376   0.0003519193   0.0003078814  -0.0000384154  -0.0000088786
       -0.0001518475  -0.0003797789  -0.0002073595   0.0003977318   0.0000705677
        0.0000454459   0.0018907463   0.0007465629  -0.0005676502   0.0027604650
       -0.0045065509  -0.0006740272  -0.0006776235   0.0006284817   0.0001335132
        0.0033550909  -0.0041886942  -0.0007405982  -0.0262863116  -0.0023113557
        0.0053965127   0.1060436434  -0.2347436896  -0.0223973073
       -0.0003219457   0.0006291893  -0.0004049978   0.0053073548   0.0043062171
        0.0001412921   0.0193924743   0.0115821805  -0.0540689330  -0.0116325444
        0.0056473529   0.0034921173   0.0089575970   0.0063839432  -0.0072639813
        0.0074207360  -0.0174633512  -0.0003393677   0.0565193827   0.0081610596
       -0.0585490001  -0.1089775356   0.0024485693   0.1385180352   0.0000379526
       -0.0001474248   0.0001597876  -0.0000949403  -0.0000221737   0.0002116347
        0.0000559410  -0.0000136209   0.0001418627   0.0019026401   0.0005703952
        0.0000315493  -0.0002023005   0.0007090238   0.0003539485   0.0017250708
       -0.0006491291   0.0074916061   0.0000030928   0.0001503078  -0.0001813101
        0.0016758457  -0.0005785143   0.0075470297   0.0036694691   0.0005625551
        0.0000597196   0.0145617097  -0.0222765799  -0.0373409929
       -0.0583349552  -0.0469780959   0.0317449610   0.0028207458   0.0118775786
       -0.0089352193   0.0007377733   0.0008663407  -0.0006349315  -0.0001101425
        0.0001516353   0.0000559864   0.0000080975   0.0000517881   0.0000136866
        0.0000008240  -0.0000928774   0.0000047370  -0.0001266129   0.0000241864
        0.0000734366   0.0001455797   0.0000993363   0.0000379526   0.0646488350
        0.0546831607  -0.0339716992  -0.0115928739  -0.0278239561   0.0179709255
        0.0023593537   0.0069677110  -0.0034461899  -0.0009700216   0.0004961559
       -0.0033138247   0.0002608126   0.0000603932   0.0005494774   0.0000152073
       -0.0001197301   0.0000018400   0.0000337741  -0.0000325209  -0.0000019834
        0.0000298961  -0.0000195805  -0.0000106337   0.0000341611  -0.0000078593
       -0.0000119445   0.0000395458  -0.0002036660  -0.0001265768
       -0.0469028862  -0.2049333518   0.1023199349   0.0011276832  -0.0013305897
        0.0036567418   0.0000554653  -0.0000139713  -0.0000226755   0.0000545631
       -0.0003800804   0.0000130368  -0.0000595034   0.0000148940   0.0000030178
        0.0000147812   0.0000989523  -0.0000214775   0.0001269526  -0.0000662506
        0.0000098652   0.0000298543   0.0002422376  -0.0001474248   0.0546831607
        0.2346181291  -0.1202152862  -0.0021655169  -0.0019402709   0.0014848030
       -0.0069582594  -0.0285325360   0.0130796461   0.0002857686   0.0012136011
        0.0004863796  -0.0000618687   0.0007392572  -0.0005304434  -0.0001005516
        0.0001370006  -0.0000404088  -0.0000367747   0.0000071604   0.0000134063
        0.0000070285   0.0000070472  -0.0000059326  -0.0000394817   0.0000164950
        0.0000136144  -0.0000604149   0.0001022763  -0.0000967971
        0.0319407825   0.1023328229  -0.1091646571   0.0031445196   0.0227341941
       -0.0192310745   0.0006644119   0.0002494352   0.0005991650  -0.0002293091
        0.0002065969   0.0001417265   0.0002431309   0.0000058878  -0.0000790457
        0.0001063165  -0.0002237020  -0.0000298058  -0.0001443701   0.0000382547
       -0.0000729235   0.0001433308   0.0003519193   0.0001597876  -0.0339716992
       -0.1202152862   0.1284166787   0.0043684877   0.0073782871  -0.0039405320
       -0.0034587368  -0.0131519966   0.0083796414  -0.0033540868   0.0004630249
       -0.0055967388   0.0005230510   0.0004920655   0.0005663173   0.0000414646
       -0.0001556360  -0.0000329432   0.0000368490  -0.0000160283  -0.0000119011
        0.0000222193  -0.0000336681   0.0000040603   0.0000474663  -0.0000244108
       -0.0000066103  -0.0001238282  -0.0004317604  -0.0001011445
       -0.2747795786  -0.0000540940   0.0458318753  -0.0192638649  -0.0000001815
       -0.0013291301  -0.0018979265   0.0000040493  -0.0040511962  -0.0002643043
       -0.0003080431  -0.0000950165   0.0001472158  -0.0001038097   0.0002573073
        0.0001277983   0.0000002272  -0.0000415412   0.0001476650   0.0001037397
        0.0002570689  -0.0002640207   0.0003078814  -0.0000949403  -0.0115928739
       -0.0021655169   0.0043684877   0.3184819045   0.0000601188  -0.0500979496
       -0.0115953871   0.0021561753   0.0043733382   0.0004725489   0.0002372239
        0.0003992739   0.0004728054  -0.0002379246   0.0003989444  -0.0000362663
       -0.0000215016  -0.0000731878  -0.0000279965   0.0000415205   0.0000085636
       -0.0000635008   0.0000000103  -0.0000473216  -0.0000279057  -0.0000415019
        0.0000084896  -0.0000363126   0.0000216270  -0.0000730654
       -0.0000534481  -0.0453213011   0.0000063479   0.0000260538   0.0005026822
        0.0000000444   0.0000018248   0.0006296384   0.0000045808   0.0000532184
       -0.0000385062   0.0000214645  -0.0001501858  -0.0000407489   0.0000716295
       -0.0000000445   0.0001576657   0.0000000817   0.0001501324  -0.0000405776
       -0.0000725396  -0.0000523584  -0.0000384154  -0.0000221737  -0.0278239561
       -0.0019402709   0.0073782871   0.0000601188   0.0477636587  -0.0000131555
        0.0277882412  -0.0019204748  -0.0073740964   0.0005490595   0.0000707754
        0.0000306303  -0.0005488602   0.0000706306  -0.0000318502  -0.0000124167
        0.0000624671  -0.0000510627  -0.0000103682   0.0000098789   0.0000184575
        0.0000000180   0.0000004010   0.0000001106   0.0000104245   0.0000099155
       -0.0000184434   0.0000125466   0.0000625816   0.0000516872
        0.0454167831   0.0000066540  -0.0502680333  -0.0272876237  -0.0000023524
        0.0009116520  -0.0025386220   0.0000049911  -0.0042921353  -0.0005919753
        0.0000085397   0.0002117980   0.0000371133   0.0000582910   0.0003642162
       -0.0000227436   0.0000001620  -0.0000003154   0.0000375715  -0.0000584367
        0.0003638237  -0.0005910195  -0.0000088786   0.0002116347   0.0179709255
        0.0014848030  -0.0039405320  -0.0500979496  -0.0000131555   0.0593700634
        0.0180253508  -0.0014793299  -0.0039578353  -0.0001659634  -0.0001315948
        0.0007194072  -0.0001670205   0.0001303529   0.0007198162   0.0000162320
        0.0000045208  -0.0001613677  -0.0000235634   0.0000092339  -0.0000038756
       -0.0000102810   0.0000000086  -0.0000829490  -0.0000234512  -0.0000092369
       -0.0000039304   0.0000162372  -0.0000045724  -0.0001614374
       -0.0583436829   0.0469277999   0.0318446818   0.0028219710  -0.0118603368
       -0.0089587207   0.0007379448  -0.0008647527  -0.0006366823   0.0001462128
       -0.0000982393   0.0000380364  -0.0001264901  -0.0000244709   0.0000734502
        0.0000006473   0.0000928310   0.0000048683   0.0000080295  -0.0000518263
        0.0000137012  -0.0001100324  -0.0001518475   0.0000559410   0.0023593537
       -0.0069582594  -0.0034587368  -0.0115953871   0.0277882412   0.0180253508
        0.0646574697  -0.0546296906  -0.0340880946   0.0002608175  -0.0000617175
        0.0005493129  -0.0009697845  -0.0004900009  -0.0033149073   0.0000399158
        0.0002027870  -0.0001255842   0.0000341908   0.0000078251  -0.0000119252
        0.0000298503   0.0000195312  -0.0000106179   0.0000337592   0.0000325081
       -0.0000019870   0.0000152146   0.0001196184   0.0000019136
        0.0468524478  -0.2045257189  -0.1025028880  -0.0011333924  -0.0012795526
       -0.0036218796  -0.0000569528  -0.0000131528   0.0000216760  -0.0000307630
        0.0002424790   0.0001469615  -0.0001261026  -0.0000659618  -0.0000099340
       -0.0000150171   0.0000982503   0.0000216495   0.0000585622   0.0000150984
       -0.0000027481  -0.0000539511  -0.0003797789  -0.0000136209   0.0069677110
       -0.0285325360  -0.0131519966   0.0021561753  -0.0019204748  -0.0014793299
       -0.0546296906   0.2341384395   0.1204185073   0.0000608314   0.0007393493
        0.0005308861  -0.0002795662   0.0012153151  -0.0004733136   0.0000601170
        0.0001011039   0.0000965751   0.0000393193   0.0000164559  -0.0000136153
       -0.0000070804   0.0000069562   0.0000059347   0.0000367276   0.0000071215
       -0.0000134037   0.0001006244   0.0001366068   0.0000405396
        0.0320408180  -0.1025155806  -0.1095640914   0.0031432820  -0.0226981486
       -0.0192820901   0.0006644109  -0.0002507031   0.0005982319   0.0001434486
       -0.0003503937   0.0001596496  -0.0001443284  -0.0000386344  -0.0000730000
        0.0001060676   0.0002236102  -0.0000295578   0.0002431055  -0.0000057276
       -0.0000791253  -0.0002293125  -0.0002073595   0.0001418627  -0.0034461899
        0.0130796461   0.0083796414   0.0043733382  -0.0073740964  -0.0039578353
       -0.0340880946   0.1204185073   0.1288863453   0.0005232820  -0.0004917140
        0.0005663663  -0.0033547487  -0.0004501830  -0.0055987371  -0.0001231281
        0.0004309543  -0.0001004640   0.0000475052   0.0000244493  -0.0000066245
        0.0000221735   0.0000336333   0.0000041252   0.0000369117   0.0000160499
       -0.0000119253   0.0000414589   0.0001556906  -0.0000327715
        0.0029994985   0.0115093163  -0.0097599336  -0.0552310408  -0.0458479530
        0.0324835995  -0.0138627339  -0.0249781008   0.0161876794   0.0003766522
       -0.0018928339  -0.0002039944   0.0002556351  -0.0001785678  -0.0004215124
        0.0001919242  -0.0001417944   0.0000025152  -0.0010123677  -0.0010444982
       -0.0007417666  -0.0051894025   0.0003977318   0.0019026401  -0.0009700216
        0.0002857686  -0.0033540868   0.0004725489   0.0005490595  -0.0001659634
        0.0002608175   0.0000608314   0.0005232820   0.0694348052   0.0537735102
       -0.0339253180   0.0026440959   0.0061517061  -0.0031941428  -0.0001595528
        0.0009579326   0.0003596596   0.0001387931   0.0000180041  -0.0000424841
        0.0000688788   0.0000628302   0.0001135551  -0.0003945759  -0.0000196228
        0.0000259632  -0.0000239542   0.0003366801   0.0002103081
        0.0005239738  -0.0013926396   0.0036503238  -0.0451066742  -0.1995857603
        0.0958210023  -0.0050387310  -0.0026913454   0.0017676336   0.0019384437
        0.0007484578  -0.0007086431  -0.0002906709  -0.0003015080  -0.0002292333
        0.0001774628   0.0002680333  -0.0000691109  -0.0000318568  -0.0001033962
       -0.0001498096  -0.0008717082   0.0000705677   0.0005703952   0.0004961559
        0.0012136011   0.0004630249   0.0002372239   0.0000707754  -0.0001315948
       -0.0000617175   0.0007393493  -0.0004917140   0.0537735102   0.2284132792
       -0.1132850874  -0.0061413559  -0.0281921302   0.0125795471   0.0002678928
        0.0002248854   0.0000858370   0.0000615612   0.0000417495   0.0000025861
       -0.0000201080   0.0000366724   0.0001036341  -0.0000466312   0.0000044339
        0.0000128493   0.0001332294   0.0004349748   0.0000083597
        0.0026814511   0.0232525982  -0.0201772859   0.0328544553   0.0956248395
       -0.1033487590   0.0031897261   0.0060096286  -0.0026516338  -0.0004318608
        0.0005676352   0.0003521309  -0.0000402652   0.0000728917   0.0001072513
       -0.0001388927  -0.0001875018   0.0000308064  -0.0001808670   0.0003428130
        0.0002831856   0.0012967459   0.0000454459   0.0000315493  -0.0033138247
        0.0004863796  -0.0055967388   0.0003992739   0.0000306303   0.0007194072
        0.0005493129   0.0005308861   0.0005663663  -0.0339253180  -0.1132850874
        0.1222562879  -0.0032045841  -0.0126505448   0.0077310608   0.0003077901
       -0.0006885588  -0.0001361562  -0.0000677446  -0.0000239365  -0.0000021941
       -0.0000364763  -0.0000327167  -0.0000297397   0.0000408675  -0.0000108942
       -0.0000623454   0.0000202105  -0.0000845080  -0.0000731927
        0.0030013930  -0.0114894721  -0.0097825907  -0.0552367286   0.0458031973
        0.0325898039  -0.0138724129   0.0249456719   0.0162372059  -0.0051849466
       -0.0004023382   0.0019022092  -0.0010138985   0.0010432297  -0.0007430921
        0.0001916237   0.0001425920   0.0000027094   0.0002555140   0.0001789600
       -0.0004227961   0.0003753491   0.0018907463  -0.0002023005   0.0002608126
       -0.0000618687   0.0005230510   0.0004728054  -0.0005488602  -0.0001670205
       -0.0009697845  -0.0002795662  -0.0033547487   0.0026440959  -0.0061413559
       -0.0032045841   0.0694442987  -0.0537262036  -0.0340449642  -0.0000237755
       -0.0003366864   0.0002105034  -0.0003942898   0.0000194234   0.0000259282
        0.0000689577  -0.0000628288   0.0001139141   0.0001387731  -0.0000178906
       -0.0000424855  -0.0001577869  -0.0009567500   0.0003592573
       -0.0005288716  -0.0013410259  -0.0036150775   0.0450566550  -0.1991916815
       -0.0960027245   0.0050329440  -0.0026692995  -0.0017635762   0.0008688680
        0.0000713430  -0.0005694180   0.0000322121  -0.0001025039   0.0001498095
       -0.0001773625   0.0002679762   0.0000693431   0.0002918249  -0.0003016967
        0.0002290962  -0.0019376484   0.0007465629   0.0007090238   0.0000603932
        0.0007392572   0.0004920655  -0.0002379246   0.0000706306   0.0001303529
       -0.0004900009   0.0012153151  -0.0004501830   0.0061517061  -0.0281921302
       -0.0126505448  -0.0537262036   0.2279467902   0.1134849568  -0.0001334811
        0.0004345609  -0.0000082582   0.0000463720   0.0000044295  -0.0000128607
        0.0000201178   0.0000366489  -0.0001037521  -0.0000614078   0.0000416532
       -0.0000025848  -0.0002681925   0.0002231700  -0.0000856679
        0.0026822791  -0.0232162536  -0.0202323171   0.0329564822  -0.0958065827
       -0.1037205666   0.0031994920  -0.0060078429  -0.0026652380   0.0012968433
       -0.0000445079   0.0000284644  -0.0001809459  -0.0003429799   0.0002833852
       -0.0001392481   0.0001879243   0.0000309675  -0.0000397551  -0.0000733925
        0.0001076795  -0.0004333165  -0.0005676502   0.0003539485   0.0005494774
       -0.0005304434   0.0005663173   0.0003989444  -0.0000318502   0.0007198162
       -0.0033149073  -0.0004733136  -0.0055987371  -0.0031941428   0.0125795471
        0.0077310608  -0.0340449642   0.1134849568   0.1226986919   0.0000200086
        0.0000852879  -0.0000730867   0.0000408881   0.0000109828  -0.0000621455
       -0.0000364930   0.0000328100  -0.0000298820  -0.0000678657   0.0000239665
       -0.0000021640   0.0003072235   0.0006893415  -0.0001361943
       -0.0001053064   0.0000959955   0.0000479722   0.0007197812   0.0014572402
       -0.0008894695   0.0061240413   0.0101056899  -0.0010223901  -0.1028669198
       -0.1059963563   0.0144771588  -0.0173902686  -0.0264928462   0.0036464729
       -0.0054280025   0.0003673514   0.0027978705  -0.0001950293   0.0005953505
       -0.0000016986  -0.0004298256   0.0027604650   0.0017250708   0.0000152073
       -0.0001005516   0.0000414646  -0.0000362663  -0.0000124167   0.0000162320
        0.0000399158   0.0000601170  -0.0001231281  -0.0001595528   0.0002678928
        0.0003077901  -0.0000237755  -0.0001334811   0.0000200086   0.1197807563
        0.1183675911  -0.0200651143   0.0006272134  -0.0007542156  -0.0007012241
       -0.0008766898  -0.0013405002   0.0002204908  -0.0000521765   0.0000292027
       -0.0003736240   0.0002568977   0.0007234715  -0.0001238827
        0.0000053693  -0.0000724482  -0.0000920524  -0.0013710183   0.0007345480
        0.0004387611  -0.0124053151  -0.0274858477   0.0026943653  -0.1062952092
       -0.2348659334   0.0221444684  -0.0027243385  -0.0023294572   0.0005468936
       -0.0002840780   0.0014027010   0.0000684208   0.0007312032   0.0005557680
       -0.0001533775   0.0032180033  -0.0045065509  -0.0006491291  -0.0001197301
        0.0001370006  -0.0001556360  -0.0000215016   0.0000624671   0.0000045208
        0.0002027870   0.0001011039   0.0004309543   0.0009579326   0.0002248854
       -0.0006885588  -0.0003366864   0.0004345609   0.0000852879   0.1183675911
        0.2659052192  -0.0246496079   0.0007544236   0.0011177255  -0.0001556598
        0.0000094463  -0.0001446227   0.0000028635   0.0000338857   0.0001210038
       -0.0000084200  -0.0007227650  -0.0013921233   0.0001359057
       -0.0005332436   0.0001172799   0.0001133046  -0.0009412008  -0.0005428332
       -0.0020642247  -0.0004494086  -0.0021381861   0.0012384389   0.0144873417
        0.0222647756  -0.0373090482   0.0036398217   0.0054340813  -0.0001168160
        0.0028038927  -0.0000236581   0.0075726586   0.0000504694  -0.0001563311
       -0.0002124807   0.0016101507  -0.0006740272   0.0074916061   0.0000018400
       -0.0000404088  -0.0000329432  -0.0000731878  -0.0000510627  -0.0001613677
       -0.0001255842   0.0000965751  -0.0001004640   0.0003596596   0.0000858370
       -0.0001361562   0.0002105034  -0.0000082582  -0.0000730867  -0.0200651143
       -0.0246496079   0.0282343207  -0.0006809466   0.0001433262  -0.0026037602
        0.0001988491   0.0002819247  -0.0000016865  -0.0003695422  -0.0000025674
       -0.0017759723  -0.0001243003  -0.0001368592  -0.0000623223
       -0.0000816653   0.0000249389   0.0000329467  -0.0006797023   0.0013444494
        0.0001735639  -0.0053286867  -0.0004266920   0.0027098149  -0.0171895023
        0.0262773769   0.0036876822  -0.1041983884   0.1075622180   0.0143059901
        0.0064590417  -0.0113848972  -0.0011642091  -0.0002169185  -0.0028143702
        0.0016954863  -0.0001893952  -0.0006776235   0.0000030928   0.0000337741
       -0.0000367747   0.0000368490  -0.0000279965  -0.0000103682  -0.0000235634
        0.0000341908   0.0000393193   0.0000475052   0.0001387931   0.0000615612
       -0.0000677446  -0.0003942898   0.0000463720   0.0000408881   0.0006272134
        0.0007544236  -0.0006809466   0.1199816879  -0.1192137117  -0.0196598183
        0.0008320228  -0.0008354420  -0.0007097772   0.0002519320  -0.0006770653
       -0.0000581846  -0.0000521107  -0.0000337146  -0.0003695756
        0.0000042210  -0.0000211666  -0.0000416682  -0.0000896433  -0.0002032409
        0.0000256609   0.0002130018   0.0013498195  -0.0000017950   0.0027624726
       -0.0022948533  -0.0005626053   0.1074751859  -0.2359212776  -0.0219830926
        0.0124007524  -0.0266886154  -0.0025311326  -0.0033617368  -0.0043615449
        0.0006821190  -0.0007208387   0.0006284817   0.0001503078  -0.0000325209
        0.0000071604  -0.0000160283   0.0000415205   0.0000098789   0.0000092339
        0.0000078251   0.0000164559   0.0000244493   0.0000180041   0.0000417495
       -0.0000239365   0.0000194234   0.0000044295   0.0000109828  -0.0007542156
        0.0011177255   0.0001433262  -0.1192137117   0.2667019018   0.0243694656
        0.0005815095   0.0008373202  -0.0001159332   0.0006777920  -0.0013451948
       -0.0001430900  -0.0000290414   0.0001209705   0.0000037363
        0.0000028071   0.0000254942   0.0000145760   0.0000524573  -0.0003601846
       -0.0000828056   0.0029021707   0.0001013011   0.0077033689   0.0037293036
       -0.0053964216   0.0000557519   0.0143066100  -0.0219468887  -0.0374062378
       -0.0011877826   0.0023181529   0.0009970532   0.0016672618   0.0005822497
        0.0076586235   0.0000467802   0.0001335132  -0.0001813101  -0.0000019834
        0.0000134063  -0.0000119011   0.0000085636   0.0000184575  -0.0000038756
       -0.0000119252  -0.0000136153  -0.0000066245  -0.0000424841   0.0000025861
       -0.0000021941   0.0000259282  -0.0000128607  -0.0000621455  -0.0007012241
       -0.0001556598  -0.0026037602  -0.0196598183   0.0243694656   0.0281693165
       -0.0007052211   0.0001692407  -0.0024520171  -0.0000577773   0.0001421542
       -0.0000098100  -0.0003736663   0.0000096092  -0.0017760084
       -0.0000452818   0.0000000142   0.0000217149   0.0001039633   0.0000001172
       -0.0003692782   0.0009206966   0.0000004803  -0.0002146250  -0.0002840010
       -0.0033545817   0.0016733593  -0.0180764894  -0.0019468958   0.0038030511
       -0.2890275152  -0.0000704486   0.0523098671  -0.0180881458   0.0019368759
        0.0038065999  -0.0002867730   0.0033550909   0.0016758457   0.0000298961
        0.0000070285   0.0000222193  -0.0000635008   0.0000000180  -0.0000102810
        0.0000298503  -0.0000070804   0.0000221735   0.0000688788  -0.0000201080
       -0.0000364763   0.0000689577   0.0000201178  -0.0000364930  -0.0008766898
        0.0000094463   0.0001988491   0.0008320228   0.0005815095  -0.0007052211
        0.3247394836   0.0000793383  -0.0616547545   0.0008318996  -0.0005810378
       -0.0007055125  -0.0008772519  -0.0000098848   0.0001989615
        0.0000001253   0.0000148336  -0.0000000052   0.0000001188   0.0000992991
        0.0000005034   0.0000003475  -0.0007362651  -0.0000003272  -0.0027793629
       -0.0041922098   0.0005711711  -0.0257519749  -0.0011632196   0.0052701740
       -0.0000704475  -0.0441783700   0.0000113960   0.0257419163  -0.0011473162
       -0.0052690823   0.0027799592  -0.0041886942  -0.0005785143  -0.0000195805
        0.0000070472  -0.0000336681   0.0000000103   0.0000004010   0.0000000086
        0.0000195312   0.0000069562   0.0000336333   0.0000628302   0.0000366724
       -0.0000327167  -0.0000628288   0.0000366489   0.0000328100  -0.0013405002
       -0.0001446227   0.0002819247  -0.0008354420   0.0008373202   0.0001692407
        0.0000793383   0.0540179384  -0.0000072864   0.0008359235   0.0008374500
       -0.0001672944   0.0013400364  -0.0001438695  -0.0002819672
       -0.0003328569   0.0000000700   0.0000082910  -0.0004328721   0.0000004128
       -0.0015540211  -0.0000340134  -0.0000001709   0.0000950035   0.0016121126
        0.0007332044   0.0075483701   0.0038716515   0.0004608194  -0.0002980149
        0.0522851583   0.0000115217  -0.0446088143   0.0038896498  -0.0004598778
       -0.0003019176   0.0016141764  -0.0007405982   0.0075470297  -0.0000106337
       -0.0000059326   0.0000040603  -0.0000473216   0.0000001106  -0.0000829490
       -0.0000106179   0.0000059347   0.0000041252   0.0001135551   0.0001036341
       -0.0000297397   0.0001139141  -0.0001037521  -0.0000298820   0.0002204908
        0.0000028635  -0.0000016865  -0.0007097772  -0.0001159332  -0.0024520171
       -0.0616547545  -0.0000072864   0.0366060244  -0.0007092566   0.0001178607
       -0.0024519206   0.0002213953  -0.0000028808  -0.0000019414
       -0.0000813343  -0.0000249350   0.0000328291  -0.0006791560  -0.0013450104
        0.0001726437  -0.0053286807   0.0004221137   0.0027103269  -0.0001899819
        0.0006772694   0.0000036562  -0.0002196414   0.0028149819   0.0016976954
        0.0064594394   0.0113998815  -0.0011575053  -0.1041063271  -0.1075153847
        0.0142236537  -0.0171773587  -0.0262863116   0.0036694691   0.0000341611
       -0.0000394817   0.0000474663  -0.0000279057   0.0000104245  -0.0000234512
        0.0000337592   0.0000367276   0.0000369117  -0.0003945759  -0.0000466312
        0.0000408675   0.0001387731  -0.0000614078  -0.0000678657  -0.0000521765
        0.0000338857  -0.0003695422   0.0002519320   0.0006777920  -0.0000577773
        0.0008318996   0.0008359235  -0.0007092566   0.1198799010   0.1191643062
       -0.0195686509   0.0006272727  -0.0007541435  -0.0006814700
       -0.0000042163  -0.0000212336   0.0000415970   0.0000893374  -0.0002040915
       -0.0000256575  -0.0002178272   0.0013500484  -0.0000013569   0.0007204640
        0.0006292922  -0.0001497343   0.0033623348  -0.0043580881  -0.0006895635
       -0.0123857375  -0.0266890661   0.0025116738  -0.1074283656  -0.2360427185
        0.0218542650  -0.0027715232  -0.0023113557   0.0005625551  -0.0000078593
        0.0000164950  -0.0000244108  -0.0000415019   0.0000099155  -0.0000092369
        0.0000325081   0.0000071215   0.0000160499  -0.0000196228   0.0000044339
       -0.0000108942  -0.0000178906   0.0000416532   0.0000239665   0.0000292027
        0.0001210038  -0.0000025674  -0.0006770653  -0.0013451948   0.0001421542
       -0.0005810378   0.0008374500   0.0001178607   0.1191643062   0.2668366093
       -0.0242156036   0.0007544941   0.0011177258  -0.0001410971
        0.0000026704  -0.0000254402   0.0000144481   0.0000525240   0.0003601606
       -0.0000822931   0.0029021434  -0.0001043558   0.0077036455   0.0000474796
       -0.0001330571  -0.0001814084   0.0016696592  -0.0005898507   0.0076574408
       -0.0011953622  -0.0023375936   0.0009972399   0.0142246040   0.0218180654
       -0.0373767011   0.0037250436   0.0053965127   0.0000597196  -0.0000119445
        0.0000136144  -0.0000066103   0.0000084896  -0.0000184434  -0.0000039304
       -0.0000019870  -0.0000134037  -0.0000119253   0.0000259632   0.0000128493
       -0.0000623454  -0.0000424855  -0.0000025848  -0.0000021640  -0.0003736240
       -0.0000084200  -0.0017759723  -0.0000581846  -0.0001430900  -0.0000098100
       -0.0007055125  -0.0001672944  -0.0024519206  -0.0195686509  -0.0242156036
        0.0281364555  -0.0007008258   0.0001579351  -0.0026038685
       -0.0001053210  -0.0000967907   0.0000480696   0.0007184622  -0.0014548224
       -0.0008902692   0.0061248866  -0.0100912908  -0.0010287904  -0.0004273550
       -0.0027601149   0.0017228781  -0.0001945076  -0.0005956880  -0.0000021715
       -0.0054279730  -0.0003721577   0.0027977522  -0.0174028772   0.0264840237
        0.0036651772  -0.1029595261   0.1060436434   0.0145617097   0.0000395458
       -0.0000604149  -0.0001238282  -0.0000363126   0.0000125466   0.0000162372
        0.0000152146   0.0001006244   0.0000414589  -0.0000239542   0.0001332294
        0.0000202105  -0.0001577869  -0.0002681925   0.0003072235   0.0002568977
       -0.0007227650  -0.0001243003  -0.0000521107  -0.0000290414  -0.0003736663
       -0.0008772519   0.0013400364   0.0002213953   0.0006272727   0.0007544941
       -0.0007008258   0.1198826967  -0.1184173197  -0.0201582606
       -0.0000050424  -0.0000729751   0.0000919098   0.0013707154   0.0007347060
       -0.0004369895   0.0124203784  -0.0274839393  -0.0027149885  -0.0032174632
       -0.0045099329   0.0006414930  -0.0007315312   0.0005550230   0.0001539237
        0.0002792458   0.0014026973  -0.0000715628   0.0027153520  -0.0023128646
       -0.0005468455   0.1063424269  -0.2347436896  -0.0222765799  -0.0002036660
        0.0001022763  -0.0004317604   0.0000216270   0.0000625816  -0.0000045724
        0.0001196184   0.0001366068   0.0001556906   0.0003366801   0.0004349748
       -0.0000845080  -0.0009567500   0.0002231700   0.0006893415   0.0007234715
       -0.0013921233  -0.0001368592  -0.0000337146   0.0001209705   0.0000096092
       -0.0000098848  -0.0001438695  -0.0000028808  -0.0007541435   0.0011177258
        0.0001579351  -0.1184173197   0.2657686623   0.0248076438
       -0.0005333653  -0.0001175670   0.0001134767  -0.0009406329   0.0005440453
       -0.0020641121  -0.0004417267   0.0021185272   0.0012385582   0.0016074614
        0.0006665936   0.0074925295   0.0000499843   0.0001569804  -0.0002122807
        0.0028042973   0.0000205038   0.0075728890   0.0036438787  -0.0054341188
       -0.0001208204   0.0145724940  -0.0223973073  -0.0373409929  -0.0001265768
       -0.0000967971  -0.0001011445  -0.0000730654   0.0000516872  -0.0001614374
        0.0000019136   0.0000405396  -0.0000327715   0.0002103081   0.0000083597
       -0.0000731927   0.0003592573  -0.0000856679  -0.0001361943  -0.0001238827
        0.0001359057  -0.0000623223  -0.0003695756   0.0000037363  -0.0017760084
        0.0001989615  -0.0002819672  -0.0000019414  -0.0006814700  -0.0001410971
       -0.0026038685  -0.0201582606   0.0248076438   0.0282696336
