           1           2   1.00120836928965     
           2           3   1.01193267591766     
           3           4   1.41285027105490     
           4           5   1.44586132387224     
           3           6  0.110022694211209     
           5           6   1.43829484462254     
           4           7  0.111021634868754     
           6           7   1.43827259754769     
           3           8   1.41282485513335     
           5           8  0.111026236825047     
           7           8   1.44588773435072     
           1           9  0.988429579930832     
           1          10  0.986462620770132     
           1          11  0.988432467908050     
           2          12  0.974503469087540     
           2          13  0.974487713591043     
           4          14  0.969599427962780     
           5          15  0.971394192062996     
           6          16  0.971737384005014     
           7          17  0.971394162253276     
           8          18  0.969600542380234     
