           1           2   1.00570692552717     
           2           3   1.21364515329863     
           2           4  0.175038996102120     
           3           4   1.65007846011483     
           3           5   1.02194563091351     
           4           5  0.124139826422350     
           5           6  0.981370638990969     
           6           7   1.50373971861643     
           7           8   1.32023648039252     
           6           9  0.106562658717683     
           8           9   1.55792024866949     
           9          10   1.27438715822218     
           6          11   1.23030698582388     
          10          11   1.25554895481330     
          11          12   1.28865938923424     
          12          13   1.55123579682093     
          13          14   1.32458335623990     
          10          15   1.28180787965936     
          12          15  0.118299272495642     
          14          15   1.55479439793640     
           1          16  0.975555144391697     
           1          17  0.977539704619319     
           1          18  0.977482776051471     
           2          19  0.939722423191541     
           7          20  0.965425419960637     
           8          21  0.970078022077542     
           9          22  0.967976730834347     
          12          23  0.967635524702642     
          13          24  0.971006044967990     
          14          25  0.970916023384604     
          15          26  0.968311156631950     
