           1           2  0.999873483865187     
           2           3   1.00432289196557     
           2           4   1.19866098555195     
           2           5  0.167786344922046     
           4           5   1.61358180770829     
           4           6   1.07913013235665     
           5           6  0.110432329346726     
           6           7   1.07818916316004     
           7           8   1.36769931806001     
           8           9   1.45116862740551     
           9          10   1.43489101359966     
           8          11  0.105470544079471     
          10          11   1.42812813164197     
           7          12   1.36385141480058     
           9          12  0.106804908506711     
          11          12   1.45920000762702     
           1          13  0.974882711381087     
           1          14  0.975844166617917     
           1          15  0.978982134327141     
           3          16  0.975733261558716     
           3          17  0.977574120065979     
           3          18  0.973392433679911     
           6          19  0.929288586745513     
           8          20  0.967621921595398     
           9          21  0.970974488188033     
          10          22  0.971631688349363     
          11          23  0.970947555366674     
          12          24  0.968932541120453     
