$hessian                                                                        
        0.4641173087  -0.0552419023  -0.0000083315  -0.1393253435  -0.0650164517
       -0.0000127872  -0.0420628111  -0.0154708039  -0.0000041307   0.0018772913
       -0.0003639868   0.0000001769  -0.0010611189  -0.0004055242  -0.0000000423
        0.0001850553   0.0003023062   0.0000000254  -0.0025432928  -0.0022609810
       -0.0000000015  -0.0045525811   0.0025287943  -0.0000002994   0.0000592515
        0.0007456010   0.0000000631  -0.0414390483   0.0077239774   0.0070044993
       -0.1919430872   0.1198609123  -0.0000105343  -0.0414357141   0.0077022417
       -0.0069683458  -0.0017346724  -0.0000792606  -0.0000002292   0.0000753338
       -0.0001942626  -0.0000000150  -0.0000179709  -0.0000768712  -0.0000000015
       -0.0000546630   0.0003022721  -0.0000000305  -0.0001439374  -0.0000560608
       -0.0000000159
       -0.0552419023   0.4832263355  -0.0000050839  -0.0823925070  -0.1554991986
       -0.0000165928   0.0020642013   0.0162842540   0.0000020751   0.0035455058
        0.0004952871   0.0000005916  -0.0009873698   0.0006322174   0.0000000158
        0.0004255378   0.0009337099   0.0000000423  -0.0002133617  -0.0011609516
       -0.0000002526   0.0010743198  -0.0011125197  -0.0000002500   0.0007370607
        0.0005634113   0.0000000545   0.0081397321  -0.1078836554  -0.0995008456
        0.1135369141  -0.1280322669   0.0000086415   0.0081174864  -0.1079044542
        0.0995114609   0.0014715208  -0.0005349231   0.0000001342  -0.0000513215
       -0.0001227043  -0.0000000170   0.0000424117   0.0000222050   0.0000000207
       -0.0001068786   0.0001644103   0.0000000167  -0.0001613496  -0.0000711568
       -0.0000000114
       -0.0000083315  -0.0000050839   0.4854976566  -0.0000154687  -0.0000167192
       -0.0477736529  -0.0000021534   0.0000019580  -0.0041759136   0.0000006701
       -0.0000000795  -0.0017898618  -0.0000006059  -0.0000002036   0.0007451734
        0.0000002724   0.0000002317  -0.0000095250   0.0000001807   0.0000000145
        0.0019518706  -0.0000001152  -0.0000002963   0.0011714795  -0.0000000303
       -0.0000000631  -0.0004171479   0.0076891546  -0.1000257013  -0.1950172433
       -0.0000109649   0.0000091130  -0.0448093302  -0.0076525028   0.1000368301
       -0.1949986572  -0.0000001230  -0.0000000262  -0.0002542785   0.0000000235
       -0.0000000135   0.0000753153  -0.0000000052   0.0000000133  -0.0003135832
        0.0000000190   0.0000000522   0.0000070725  -0.0000000194  -0.0000000263
        0.0001106257
       -0.1393253435  -0.0823925070  -0.0000154687   0.4947257585   0.0251671294
        0.0000236872  -0.2237771607   0.0891986840   0.0000022182  -0.0230362822
        0.0171530636   0.0000000431   0.0002460316   0.0011997776  -0.0000003526
       -0.0015473484   0.0011230694   0.0000000334   0.0052285081  -0.0010817623
       -0.0000006413  -0.0546592330   0.0026336034  -0.0000008885  -0.0051354931
       -0.0031335654  -0.0000001391  -0.0100426701  -0.0162281813  -0.0091106849
       -0.0341710544  -0.0183980030  -0.0000050343  -0.0100487243  -0.0162338436
        0.0091064668   0.0000542382  -0.0005783637   0.0000001602  -0.0009347415
        0.0005701712   0.0000000634   0.0004777894  -0.0001412588   0.0000001536
        0.0014858374   0.0003583225   0.0000002808   0.0004598881   0.0007836641
        0.0000001026
       -0.0650164517  -0.1554991986  -0.0000167192   0.0251671294   0.3346686223
        0.0000314641   0.0626686921  -0.1252377667  -0.0000060617   0.0428670379
       -0.0202671495  -0.0000010477  -0.0013593265  -0.0072913434  -0.0000005491
        0.0009567955   0.0008665834   0.0000000154  -0.0033013669  -0.0048309817
       -0.0000001440  -0.0204779054   0.0119165683  -0.0000000161  -0.0009996467
        0.0008857704   0.0000000591  -0.0254029473  -0.0248138202  -0.0069628952
        0.0087779049   0.0113306888   0.0000014510  -0.0254069359  -0.0248161049
        0.0069541890  -0.0008554985   0.0020470305  -0.0000000006   0.0019795830
       -0.0008614511   0.0000000126  -0.0002770521   0.0000805474   0.0000000192
        0.0006633424   0.0018857564   0.0000002412   0.0000166460  -0.0000637516
       -0.0000000182
       -0.0000127872  -0.0000165928  -0.0477736529   0.0000236872   0.0000314641
        0.0624448448  -0.0000018245  -0.0000056882  -0.0360681175   0.0000005785
       -0.0000004422   0.0053362410   0.0000005968  -0.0000003493   0.0067530668
       -0.0000002165  -0.0000004113  -0.0000347901  -0.0000008442  -0.0000005536
        0.0046154829  -0.0000013666   0.0000009932   0.0043559033  -0.0000000084
        0.0000001651   0.0003444227  -0.0217262412  -0.0179521766   0.0026533536
       -0.0000025782  -0.0000013612   0.0011123222   0.0217210657   0.0179446493
        0.0026634407  -0.0000001449   0.0000000977  -0.0014900199   0.0000000323
       -0.0000000055  -0.0003665148   0.0000000004   0.0000000404  -0.0012504601
        0.0000000421   0.0000001407  -0.0030616224   0.0000000090   0.0000000301
       -0.0002339003
       -0.0420628111   0.0020642013  -0.0000021534  -0.2237771607   0.0626686921
       -0.0000018245   0.6179273675   0.0053126348   0.0000106955  -0.0986074531
        0.0762457143   0.0000020141   0.0003672813   0.0337534239   0.0000013398
       -0.0011135593  -0.0181305916  -0.0000006851  -0.0599928997  -0.0006007327
       -0.0000005599  -0.1954210753  -0.1459304312  -0.0000082030  -0.0011247190
        0.0036245813   0.0000001358   0.0023538075   0.0011720408   0.0016553702
       -0.0054837875  -0.0032763494  -0.0000004608   0.0023533927   0.0011723919
       -0.0016547633   0.0037385646  -0.0232196550  -0.0000009604  -0.0048982679
        0.0018316496  -0.0000000451   0.0004002730  -0.0004797397  -0.0000001396
        0.0059176066   0.0045632021   0.0000004233  -0.0005765594  -0.0007710324
       -0.0000001838
       -0.0154708039   0.0162842540   0.0000019580   0.0891986840  -0.1252377667
       -0.0000056882   0.0053126348   0.6734927777   0.0000238925  -0.0024549456
       -0.3041888060  -0.0000090286   0.0933148063  -0.0070899401   0.0000009170
       -0.0212367826  -0.0587501615  -0.0000023213  -0.0546136261   0.0573830176
        0.0000015454  -0.0747745065  -0.1993582622  -0.0000075053   0.0042812602
       -0.0023464744  -0.0000004273  -0.0010918743   0.0004232587  -0.0006305287
       -0.0028644979  -0.0020581762  -0.0000005524  -0.0010921771   0.0004227335
        0.0006302977   0.0009756324  -0.0226595950  -0.0000010434   0.0011216715
        0.0008052315  -0.0000003109  -0.0000142588  -0.0007106348  -0.0000000300
       -0.0210252467  -0.0259026464  -0.0000012477   0.0004340305  -0.0005088097
        0.0000000734
       -0.0000041307   0.0000020751  -0.0041759136   0.0000022182  -0.0000060617
       -0.0360681175   0.0000106955   0.0000238925   0.1304728463  -0.0000006377
       -0.0000085362  -0.0491357674   0.0000034069   0.0000001386  -0.0020672982
       -0.0000007012  -0.0000020765  -0.0039518415  -0.0000025460   0.0000022963
       -0.0058143549  -0.0000059353  -0.0000088230  -0.0475968939   0.0000000709
       -0.0000003702   0.0071655717  -0.0015058402   0.0001038932   0.0005074593
       -0.0000014127  -0.0000006672   0.0005913160   0.0015056079  -0.0001033333
        0.0005073053   0.0000000673  -0.0000010233  -0.0004550223  -0.0000000802
       -0.0000002496   0.0078170121   0.0000000027  -0.0000000599   0.0005348527
       -0.0000007912  -0.0000010478   0.0011375847   0.0000000059  -0.0000000467
        0.0005312612
        0.0018772913   0.0035455058   0.0000006701  -0.0230362822   0.0428670379
        0.0000005785  -0.0986074531  -0.0024549456  -0.0000006377   0.6657822564
        0.0136575514   0.0000055404  -0.3109796906   0.1033818792   0.0000010633
       -0.0614406869  -0.0557320336  -0.0000027603  -0.0281964242   0.0372427735
        0.0000011625   0.0421525028  -0.0063396578   0.0000002222  -0.0006265099
       -0.0021457903   0.0000001629   0.0002811489  -0.0001847427  -0.0002186205
        0.0002305858   0.0000431883   0.0000001119   0.0002809937  -0.0001847663
        0.0002185692  -0.1746723535  -0.1312081748  -0.0000054535  -0.0085938253
        0.0045742507  -0.0000000413  -0.0019241340  -0.0031871282  -0.0000000930
       -0.0031215861  -0.0038695899  -0.0000003117   0.0005941670  -0.0000053576
       -0.0000001630
       -0.0003639868   0.0004952871  -0.0000000795   0.0171530636  -0.0202671495
       -0.0000004422   0.0762457143  -0.3041888060  -0.0000085362   0.0136575514
        0.6591795744   0.0000193024   0.0267496880  -0.1118408264  -0.0000023282
        0.0012163833   0.0486832726   0.0000018265   0.0330243497  -0.0333303292
       -0.0000005930  -0.0557641703  -0.0511718360  -0.0000025917  -0.0013325687
        0.0010768919   0.0000000643   0.0000558437   0.0002512909  -0.0004937665
       -0.0008336011  -0.0006119640  -0.0000001392   0.0000558049   0.0002512987
        0.0004939158  -0.1311963981  -0.1734614158  -0.0000056350   0.0283627981
       -0.0115704617  -0.0000000889  -0.0037119601  -0.0020079508  -0.0000004280
       -0.0030003782  -0.0019511280  -0.0000004278  -0.0003181337   0.0004642517
       -0.0000000526
        0.0000001769   0.0000005916  -0.0017898618   0.0000000431  -0.0000010477
        0.0053362410   0.0000020141  -0.0000090286  -0.0491357674   0.0000055404
        0.0000193024   0.1039538522  -0.0000016325  -0.0000013210  -0.0435667476
       -0.0000005263   0.0000011701   0.0020681722   0.0000009260  -0.0000007791
       -0.0043091046  -0.0000015704  -0.0000020037   0.0008786100  -0.0000000507
        0.0000000307  -0.0000502747   0.0000437455   0.0003838892   0.0001157570
       -0.0000000554   0.0000000241   0.0003253643  -0.0000435971  -0.0003838364
        0.0001156860  -0.0000055035  -0.0000058099  -0.0287586908   0.0000009288
       -0.0000003959   0.0006091808  -0.0000001842  -0.0000003958   0.0074426529
       -0.0000002482  -0.0000004140   0.0067852736  -0.0000000066   0.0000000240
       -0.0000203432
       -0.0010611189  -0.0009873698  -0.0000006059   0.0002460316  -0.0013593265
        0.0000005968   0.0003672813   0.0933148063   0.0000034069  -0.3109796906
        0.0267496880  -0.0000016325   0.6640748456   0.0078966002   0.0000059417
       -0.2350202903  -0.0905291296  -0.0000050979   0.0491017891  -0.0670324805
       -0.0000020220  -0.0581743088  -0.0142084745  -0.0000012114  -0.0006456022
        0.0049024607  -0.0000002375  -0.0006004857   0.0000770464  -0.0000074298
        0.0001127154  -0.0000007111  -0.0000000075  -0.0006002700   0.0000770056
        0.0000072398  -0.0251046755   0.0039341412   0.0000000265  -0.0566880106
        0.0551168800   0.0000019319  -0.0242144763  -0.0182600849  -0.0000010561
       -0.0005627623  -0.0002831719  -0.0000001488  -0.0002509718   0.0005921207
        0.0000003059
       -0.0004055242   0.0006322174  -0.0000002036   0.0011997776  -0.0072913434
       -0.0000003493   0.0337534239  -0.0070899401   0.0000001386   0.1033818792
       -0.1118408264  -0.0000013210   0.0078966002   0.6757181795   0.0000208952
       -0.1654481029  -0.2096759348  -0.0000078415  -0.0077109014  -0.0548529082
       -0.0000020864  -0.0137775432  -0.0008398262  -0.0000000984   0.0027624570
       -0.0043692551  -0.0000003914  -0.0000739461  -0.0000780288   0.0001442197
       -0.0000702143   0.0001997240   0.0000000457  -0.0000738702  -0.0000780397
       -0.0001442296  -0.0200178634   0.0045235985   0.0000000091   0.0550927743
       -0.2895059852  -0.0000089500   0.0050946665   0.0053403146   0.0000002655
       -0.0003311376   0.0008122081   0.0000000009  -0.0012724755  -0.0016041544
       -0.0000001034
       -0.0000000423   0.0000000158   0.0007451734  -0.0000003526  -0.0000005491
        0.0067530668   0.0000013398   0.0000009170  -0.0020672982   0.0000010633
       -0.0000023282  -0.0435667476   0.0000059417   0.0000208952   0.1157282359
       -0.0000080898  -0.0000070461  -0.0424176300   0.0000003383  -0.0000028122
       -0.0019689273  -0.0000010177  -0.0000000428  -0.0027976834  -0.0000000321
       -0.0000004032   0.0050706425   0.0004008358  -0.0002402941  -0.0001548990
        0.0000000360   0.0000000470   0.0000105749  -0.0004007932   0.0002402805
       -0.0001549499  -0.0000009683   0.0000002160  -0.0007708256   0.0000018273
       -0.0000089454  -0.0344461040   0.0000000179   0.0000001060  -0.0009695976
       -0.0000000425   0.0000000339  -0.0003205889  -0.0000000617  -0.0000000903
        0.0013275581
        0.0001850553   0.0004255378   0.0000002724  -0.0015473484   0.0009567955
       -0.0000002165  -0.0011135593  -0.0212367826  -0.0000007012  -0.0614406869
        0.0012163833  -0.0000005263  -0.2350202903  -0.1654481029  -0.0000080898
        0.6970244575   0.0154415258   0.0000048116  -0.1055687986   0.0965304148
        0.0000034298  -0.0011635607   0.0311423571   0.0000012154   0.0043450022
       -0.0330332331  -0.0000012250   0.0001653395  -0.0000730352   0.0001729838
        0.0001088368   0.0001319337  -0.0000000197   0.0001653475  -0.0000730121
       -0.0001729567  -0.0050475631   0.0017916448  -0.0000001074   0.0039253569
        0.0026770695   0.0000001132  -0.2870853364   0.0716321065   0.0000012843
       -0.0053523626   0.0021967077   0.0000000307  -0.0025798894  -0.0042783106
       -0.0000002986
        0.0003023062   0.0009337099   0.0000002317   0.0011230694   0.0008665834
       -0.0000004113  -0.0181305916  -0.0587501615  -0.0000020765  -0.0557320336
        0.0486832726   0.0000011701  -0.0905291296  -0.2096759348  -0.0000070461
        0.0154415258   0.6494939688   0.0000222783   0.0189797056  -0.2892513488
       -0.0000101160   0.0812888161  -0.0089339820   0.0000006107  -0.0066437771
       -0.0433999606  -0.0000019992   0.0005285144   0.0000329771   0.0002505464
       -0.0001668926   0.0001197567   0.0000000158   0.0005284456   0.0000330213
       -0.0002504538   0.0023434615   0.0007475545  -0.0000003098  -0.0211558442
       -0.0238461979  -0.0000011995   0.0726493023  -0.0647986083  -0.0000008758
        0.0015553750   0.0007682522  -0.0000001781  -0.0023822530  -0.0030229026
       -0.0000001869
        0.0000000254   0.0000000423  -0.0000095250   0.0000000334   0.0000000154
       -0.0000347901  -0.0000006851  -0.0000023213  -0.0039518415  -0.0000027603
        0.0000018265   0.0020681722  -0.0000050979  -0.0000078415  -0.0424176300
        0.0000048116   0.0000222783   0.1056611471   0.0000005219  -0.0000090868
       -0.0512762098   0.0000031933  -0.0000001575   0.0008883168  -0.0000003334
       -0.0000022812   0.0038435265   0.0000357957  -0.0000030194   0.0000008284
       -0.0000000092   0.0000000050  -0.0000224854  -0.0000357455   0.0000030250
        0.0000008206  -0.0000000113  -0.0000001909   0.0069170004  -0.0000007696
       -0.0000008989   0.0004582568   0.0000012388  -0.0000009112  -0.0308607362
       -0.0000000746  -0.0000002486   0.0070251893  -0.0000001334  -0.0000002351
        0.0017099597
       -0.0025432928  -0.0002133617   0.0000001807   0.0052285081  -0.0033013669
       -0.0000008442  -0.0599928997  -0.0546136261  -0.0000025460  -0.0281964242
        0.0330243497   0.0000009260   0.0491017891  -0.0077109014   0.0000003383
       -0.1055687986   0.0189797056   0.0000005219   0.6655370235  -0.0137878661
        0.0000042922  -0.3014976480   0.1158162581   0.0000022938  -0.2139665081
       -0.1200404025  -0.0000065989   0.0004580724   0.0003328312   0.0003012760
       -0.0000174569  -0.0000680695   0.0000000644   0.0004580149   0.0003328107
       -0.0003012425  -0.0000133241   0.0008689607  -0.0000000010  -0.0027662556
       -0.0036196753  -0.0000003868  -0.0104565085   0.0302423652   0.0000012434
       -0.0086057698   0.0037049647   0.0000000188   0.0128414783   0.0000530235
        0.0000004639
       -0.0022609810  -0.0011609516   0.0000000145  -0.0010817623  -0.0048309817
       -0.0000005536  -0.0006007327   0.0573830176   0.0000022963   0.0372427735
       -0.0333303292  -0.0000007791  -0.0670324805  -0.0548529082  -0.0000028122
        0.0965304148  -0.2892513488  -0.0000090868  -0.0137878661   0.6587873101
        0.0000215249   0.0349195805  -0.1155622349  -0.0000023031  -0.0853951402
       -0.1580066811  -0.0000059240  -0.0004186365   0.0001722703  -0.0001719316
        0.0000183699  -0.0003012153  -0.0000000812  -0.0004185885   0.0001721918
        0.0001718148   0.0005137867  -0.0001674173   0.0000000887  -0.0029394384
       -0.0017162967  -0.0000003547   0.0046344695  -0.0096965551  -0.0000004121
        0.0271649569  -0.0140057848  -0.0000001821  -0.0270887257  -0.0336320851
       -0.0000013185
       -0.0000000015  -0.0000002526   0.0019518706  -0.0000006413  -0.0000001440
        0.0046154829  -0.0000005599   0.0000015454  -0.0058143549   0.0000011625
       -0.0000005930  -0.0043091046  -0.0000020220  -0.0000020864  -0.0019689273
        0.0000034298  -0.0000101160  -0.0512762098   0.0000042922   0.0000215249
        0.1292304584  -0.0000008321  -0.0000015504  -0.0452038625  -0.0000048098
       -0.0000058422  -0.0367843242   0.0003018080   0.0001024084  -0.0000460121
        0.0000000928   0.0000000358   0.0000045280  -0.0003018621  -0.0001024572
       -0.0000460278   0.0000000060  -0.0000000167   0.0005275308  -0.0000002018
       -0.0000003908   0.0085699216   0.0000001049  -0.0000002018   0.0009970697
        0.0000010068  -0.0000005543   0.0003228387  -0.0000009724  -0.0000013092
       -0.0007708774
       -0.0045525811   0.0010743198  -0.0000001152  -0.0546592330  -0.0204779054
       -0.0000013666  -0.1954210753  -0.0747745065  -0.0000059353   0.0421525028
       -0.0557641703  -0.0000015704  -0.0581743088  -0.0137775432  -0.0000010177
       -0.0011635607   0.0812888161   0.0000031933  -0.3014976480   0.0349195805
       -0.0000008321   0.6852018341  -0.0115057880   0.0000070256  -0.0505611313
       -0.0037933125  -0.0000009611  -0.0008987656  -0.0002551116  -0.0003559107
       -0.0008799916  -0.0010933417  -0.0000001781  -0.0008988948  -0.0002553235
        0.0003556907   0.0002433557   0.0018824471   0.0000000560  -0.0004389093
       -0.0003353591   0.0000000444   0.0002862384   0.0011225651  -0.0000001225
       -0.0602131483   0.0602553214   0.0000018189   0.0014753167   0.0014893119
        0.0000001807
        0.0025287943  -0.0011125197  -0.0000002963   0.0026336034   0.0119165683
        0.0000009932  -0.1459304312  -0.1993582622  -0.0000088230  -0.0063396578
       -0.0511718360  -0.0000020037  -0.0142084745  -0.0008398262  -0.0000000428
        0.0311423571  -0.0089339820  -0.0000001575   0.1158162581  -0.1155622349
       -0.0000015504  -0.0115057880   0.6561768886   0.0000229439  -0.0358294220
       -0.0004885465  -0.0000005816  -0.0003064253  -0.0001606255  -0.0000811075
        0.0007260395   0.0002937467   0.0000001035  -0.0003062629  -0.0001605906
        0.0000810274   0.0012690937  -0.0054050234  -0.0000004220  -0.0003640504
        0.0009775657  -0.0000000217   0.0014070856  -0.0055987491  -0.0000004306
        0.0617746924  -0.2834571208  -0.0000098188  -0.0025074119   0.0028845475
        0.0000001879
       -0.0000002994  -0.0000002500   0.0011714795  -0.0000008885  -0.0000000161
        0.0043559033  -0.0000082030  -0.0000075053  -0.0475968939   0.0000002222
       -0.0000025917   0.0008786100  -0.0000012114  -0.0000000984  -0.0027976834
        0.0000012154   0.0000006107   0.0008883168   0.0000022938  -0.0000023031
       -0.0452038625   0.0000070256   0.0000229439   0.1007730580  -0.0000020391
       -0.0000004299   0.0058860380   0.0002604755   0.0001366622   0.0000396520
        0.0000000113  -0.0000000046   0.0001015908  -0.0002606274  -0.0001366666
        0.0000396264  -0.0000000012  -0.0000004010   0.0065668763  -0.0000000213
        0.0000000298  -0.0000053256   0.0000000304  -0.0000005013   0.0063504415
        0.0000020972  -0.0000096625  -0.0299943990  -0.0000000802   0.0000001840
       -0.0014534284
        0.0000592515   0.0007370607  -0.0000000303  -0.0051354931  -0.0009996467
       -0.0000000084  -0.0011247190   0.0042812602   0.0000000709  -0.0006265099
       -0.0013325687  -0.0000000507  -0.0006456022   0.0027624570  -0.0000000321
        0.0043450022  -0.0066437771  -0.0000003334  -0.2139665081  -0.0853951402
       -0.0000048098  -0.0505611313  -0.0358294220  -0.0000020391   0.3712856778
       -0.0119132115   0.0000030243   0.0000370523  -0.0001469297   0.0000564002
       -0.0003486775  -0.0000585325  -0.0000000506   0.0000370347  -0.0001469052
       -0.0000562959   0.0002146575   0.0000703453  -0.0000000506   0.0003356586
        0.0002169730   0.0000000724   0.0011311612  -0.0004484255  -0.0000000313
        0.0031847707  -0.0008987397   0.0000000443  -0.1082216253   0.1357452026
        0.0000041203
        0.0007456010   0.0005634113  -0.0000000631  -0.0031335654   0.0008857704
        0.0000001651   0.0036245813  -0.0023464744  -0.0000003702  -0.0021457903
        0.0010768919   0.0000000307   0.0049024607  -0.0043692551  -0.0000004032
       -0.0330332331  -0.0433999606  -0.0000022812  -0.1200404025  -0.1580066811
       -0.0000058422  -0.0037933125  -0.0004885465  -0.0000004299  -0.0119132115
        0.5641061780   0.0000215302   0.0000782431  -0.0001082852   0.0000803272
       -0.0001438011   0.0000611074  -0.0000000130   0.0000782613  -0.0001082295
       -0.0000802205   0.0002624897   0.0002918466   0.0000000192  -0.0010595273
       -0.0013100035  -0.0000000076  -0.0001875390   0.0021115107   0.0000001815
        0.0027131190   0.0026450690   0.0000002210   0.1630456266  -0.3616043494
       -0.0000128438
        0.0000000631   0.0000000545  -0.0004171479  -0.0000001391   0.0000000591
        0.0003444227   0.0000001358  -0.0000004273   0.0071655717   0.0000001629
        0.0000000643  -0.0000502747  -0.0000002375  -0.0000003914   0.0050706425
       -0.0000012250  -0.0000019992   0.0038435265  -0.0000065989  -0.0000059240
       -0.0367843242  -0.0000009611  -0.0000005816   0.0058860380   0.0000030243
        0.0000215302   0.0277932240  -0.0000349548   0.0000128956   0.0000378519
       -0.0000000223   0.0000000039  -0.0000308705   0.0000349737  -0.0000129084
        0.0000378591   0.0000000245   0.0000000404  -0.0012314479  -0.0000000119
       -0.0000000434  -0.0000398584   0.0000000155   0.0000002341  -0.0028314088
        0.0000001955   0.0000001900  -0.0018926322   0.0000055555  -0.0000127969
       -0.0069011719
       -0.0414390483   0.0081397321   0.0076891546  -0.0100426701  -0.0254029473
       -0.0217262412   0.0023538075  -0.0010918743  -0.0015058402   0.0002811489
        0.0000558437   0.0000437455  -0.0006004857  -0.0000739461   0.0004008358
        0.0001653395   0.0005285144   0.0000357957   0.0004580724  -0.0004186365
        0.0003018080  -0.0008987656  -0.0003064253   0.0002604755   0.0000370523
        0.0000782431  -0.0000349548   0.0516535321   0.0017233558  -0.0028411185
       -0.0022165033   0.0153295144   0.0211588055   0.0013084476   0.0000710706
       -0.0025144460  -0.0012450169   0.0011131656  -0.0011053301   0.0000456776
        0.0000050493  -0.0000091433   0.0000269157   0.0000345043  -0.0001116065
        0.0000908871   0.0001952028  -0.0000413948   0.0000216092   0.0000196334
       -0.0000005450
        0.0077239774  -0.1078836554  -0.1000257013  -0.0162281813  -0.0248138202
       -0.0179521766   0.0011720408   0.0004232587   0.0001038932  -0.0001847427
        0.0002512909   0.0003838892   0.0000770464  -0.0000780288  -0.0002402941
       -0.0000730352   0.0000329771  -0.0000030194   0.0003328312   0.0001722703
        0.0001024084  -0.0002551116  -0.0001606255   0.0001366622  -0.0001469297
       -0.0001082852   0.0000128956   0.0017233558   0.1357596158   0.1215932342
        0.0046644152  -0.0126420064  -0.0180961257   0.0000676690   0.0087587510
        0.0135734707   0.0009660591   0.0000964719   0.0004346492   0.0000348350
        0.0000217725   0.0000130268  -0.0000103920   0.0000146983   0.0000253037
        0.0000803374   0.0001269629  -0.0000409641   0.0000558251   0.0000283521
       -0.0000211521
        0.0070044993  -0.0995008456  -0.1950172433  -0.0091106849  -0.0069628952
        0.0026533536   0.0016553702  -0.0006305287   0.0005074593  -0.0002186205
       -0.0004937665   0.0001157570  -0.0000074298   0.0001442197  -0.0001548990
        0.0001729838   0.0002505464   0.0000008284   0.0003012760  -0.0001719316
       -0.0000460121  -0.0003559107  -0.0000811075   0.0000396520   0.0000564002
        0.0000803272   0.0000378519  -0.0028411185   0.1215932342   0.2228084215
        0.0013701951  -0.0018406301  -0.0017079358   0.0025214674  -0.0135694057
       -0.0290560838  -0.0007279564   0.0009691128  -0.0001567356   0.0000318378
        0.0000302016  -0.0000010714   0.0000455899   0.0000484006   0.0000223469
        0.0000764187   0.0001299680  -0.0000211862   0.0000256824   0.0000051004
       -0.0000245035
       -0.1919430872   0.1135369141  -0.0000109649  -0.0341710544   0.0087779049
       -0.0000025782  -0.0054837875  -0.0028644979  -0.0000014127   0.0002305858
       -0.0008336011  -0.0000000554   0.0001127154  -0.0000702143   0.0000000360
        0.0001088368  -0.0001668926  -0.0000000092  -0.0000174569   0.0000183699
        0.0000000928  -0.0008799916   0.0007260395   0.0000000113  -0.0003486775
       -0.0001438011  -0.0000000223  -0.0022165033   0.0046644152   0.0013701951
        0.2367905690  -0.1282861216   0.0000146404  -0.0022115204   0.0046607230
       -0.0013698863   0.0000112714  -0.0001215249   0.0000000065   0.0000092060
        0.0000157575  -0.0000000089  -0.0000234967   0.0000076275  -0.0000000135
       -0.0000226100   0.0000512498  -0.0000000346   0.0000550010   0.0000276520
        0.0000000039
        0.1198609123  -0.1280322669   0.0000091130  -0.0183980030   0.0113306888
       -0.0000013612  -0.0032763494  -0.0020581762  -0.0000006672   0.0000431883
       -0.0006119640   0.0000000241  -0.0000007111   0.0001997240   0.0000000470
        0.0001319337   0.0001197567   0.0000000050  -0.0000680695  -0.0003012153
        0.0000000358  -0.0010933417   0.0002937467  -0.0000000046  -0.0000585325
        0.0000611074   0.0000000039   0.0153295144  -0.0126420064  -0.0018406301
       -0.1282861216   0.1436864276  -0.0000097538   0.0153315217  -0.0126443707
        0.0018431811   0.0004218223   0.0003621081   0.0000000214  -0.0000206133
        0.0000427169   0.0000000124   0.0000399795   0.0000283700  -0.0000000043
        0.0000338360   0.0001390249  -0.0000000126   0.0000090339   0.0000263283
       -0.0000000098
       -0.0000105343   0.0000086415  -0.0448093302  -0.0000050343   0.0000014510
        0.0011123222  -0.0000004608  -0.0000005524   0.0005913160   0.0000001119
       -0.0000001392   0.0003253643  -0.0000000075   0.0000000457   0.0000105749
       -0.0000000197   0.0000000158  -0.0000224854   0.0000000644  -0.0000000812
        0.0000045280  -0.0000001781   0.0000001035   0.0001015908  -0.0000000506
       -0.0000000130  -0.0000308705   0.0211588055  -0.0180961257  -0.0017079358
        0.0000146404  -0.0000097538   0.0462560405  -0.0211574126   0.0180963610
       -0.0017112243   0.0000000729   0.0000000202  -0.0001714396  -0.0000000049
       -0.0000000028   0.0000186839   0.0000000096   0.0000000039  -0.0000007246
       -0.0000000088   0.0000000125   0.0000202272   0.0000000070   0.0000000130
        0.0000133627
       -0.0414357141   0.0081174864  -0.0076525028  -0.0100487243  -0.0254069359
        0.0217210657   0.0023533927  -0.0010921771   0.0015056079   0.0002809937
        0.0000558049  -0.0000435971  -0.0006002700  -0.0000738702  -0.0004007932
        0.0001653475   0.0005284456  -0.0000357455   0.0004580149  -0.0004185885
       -0.0003018621  -0.0008988948  -0.0003062629  -0.0002606274   0.0000370347
        0.0000782613   0.0000349737   0.0013084476   0.0000676690   0.0025214674
       -0.0022115204   0.0153315217  -0.0211574126   0.0516520647   0.0017510070
        0.0028015938  -0.0012452820   0.0011132227   0.0011051428   0.0000456766
        0.0000050600   0.0000091338   0.0000269175   0.0000345062   0.0001116023
        0.0000908961   0.0001952156   0.0000414054   0.0000216196   0.0000196344
        0.0000005478
        0.0077022417  -0.1079044542   0.1000368301  -0.0162338436  -0.0248161049
        0.0179446493   0.0011723919   0.0004227335  -0.0001033333  -0.0001847663
        0.0002512987  -0.0003838364   0.0000770056  -0.0000780397   0.0002402805
       -0.0000730121   0.0000330213   0.0000030250   0.0003328107   0.0001721918
       -0.0001024572  -0.0002553235  -0.0001605906  -0.0001366666  -0.0001469052
       -0.0001082295  -0.0000129084   0.0000710706   0.0087587510  -0.0135694057
        0.0046607230  -0.0126443707   0.0180963610   0.0017510070   0.1357852382
       -0.1216020014   0.0009659864   0.0000967062  -0.0004343475   0.0000348371
        0.0000217884  -0.0000130239  -0.0000103849   0.0000147180  -0.0000252899
        0.0000803338   0.0001269823   0.0000409745   0.0000558279   0.0000283602
        0.0000211499
       -0.0069683458   0.0995114609  -0.1949986572   0.0091064668   0.0069541890
        0.0026634407  -0.0016547633   0.0006302977   0.0005073053   0.0002185692
        0.0004939158   0.0001156860   0.0000072398  -0.0001442296  -0.0001549499
       -0.0001729567  -0.0002504538   0.0000008206  -0.0003012425   0.0001718148
       -0.0000460278   0.0003556907   0.0000810274   0.0000396264  -0.0000562959
       -0.0000802205   0.0000378591  -0.0025144460   0.0135734707  -0.0290560838
       -0.0013698863   0.0018431811  -0.0017112243   0.0028015938  -0.1216020014
        0.2227830680   0.0007278103  -0.0009688483  -0.0001564567  -0.0000318064
       -0.0000302012  -0.0000010685  -0.0000455768  -0.0000483839   0.0000223662
       -0.0000763800  -0.0001299144  -0.0000211961  -0.0000256709  -0.0000051043
       -0.0000245081
       -0.0017346724   0.0014715208  -0.0000001230   0.0000542382  -0.0008554985
       -0.0000001449   0.0037385646   0.0009756324   0.0000000673  -0.1746723535
       -0.1311963981  -0.0000055035  -0.0251046755  -0.0200178634  -0.0000009683
       -0.0050475631   0.0023434615  -0.0000000113  -0.0000133241   0.0005137867
        0.0000000060   0.0002433557   0.0012690937  -0.0000000012   0.0002146575
        0.0002624897   0.0000000245  -0.0012450169   0.0009660591  -0.0007279564
        0.0000112714   0.0004218223   0.0000000729  -0.0012452820   0.0009659864
        0.0007278103   0.2049410555   0.1442695600   0.0000067190   0.0007168968
       -0.0007316783   0.0000000157  -0.0010585696  -0.0009766261  -0.0000000525
        0.0001208823   0.0003422211   0.0000000390   0.0000805349  -0.0000235693
        0.0000000064
       -0.0000792606  -0.0005349231  -0.0000000262  -0.0005783637   0.0020470305
        0.0000000977  -0.0232196550  -0.0226595950  -0.0000010233  -0.1312081748
       -0.1734614158  -0.0000058099   0.0039341412   0.0045235985   0.0000002160
        0.0017916448   0.0007475545  -0.0000001909   0.0008689607  -0.0001674173
       -0.0000000167   0.0018824471  -0.0054050234  -0.0000004010   0.0000703453
        0.0002918466   0.0000000404   0.0011131656   0.0000964719   0.0009691128
       -0.0001215249   0.0003621081   0.0000000202   0.0011132227   0.0000967062
       -0.0009688483   0.1442695600   0.1938979041   0.0000067710   0.0009571354
        0.0010699419   0.0000001158   0.0003295199   0.0001837345   0.0000000047
       -0.0012704014  -0.0011702318  -0.0000000946   0.0001472377   0.0000817097
        0.0000000323
       -0.0000002292   0.0000001342  -0.0002542785   0.0000001602  -0.0000000006
       -0.0014900199  -0.0000009604  -0.0000010434  -0.0004550223  -0.0000054535
       -0.0000056350  -0.0287586908   0.0000000265   0.0000000091  -0.0007708256
       -0.0000001074  -0.0000003098   0.0069170004  -0.0000000010   0.0000000887
        0.0005275308   0.0000000560  -0.0000004220   0.0065668763  -0.0000000506
        0.0000000192  -0.0012314479  -0.0011053301   0.0004346492  -0.0001567356
        0.0000000065   0.0000000214  -0.0001714396   0.0011051428  -0.0004343475
       -0.0001564567   0.0000067190   0.0000067710   0.0217866956   0.0000000644
        0.0000001281  -0.0025996633  -0.0000000129  -0.0000000256   0.0004812930
       -0.0000000392  -0.0000000463  -0.0000093619   0.0000000091   0.0000000093
       -0.0002254539
        0.0000753338  -0.0000513215   0.0000000235  -0.0009347415   0.0019795830
        0.0000000323  -0.0048982679   0.0011216715  -0.0000000802  -0.0085938253
        0.0283627981   0.0000009288  -0.0566880106   0.0550927743   0.0000018273
        0.0039253569  -0.0211558442  -0.0000007696  -0.0027662556  -0.0029394384
       -0.0000002018  -0.0004389093  -0.0003640504  -0.0000000213   0.0003356586
       -0.0010595273  -0.0000000119   0.0000456776   0.0000348350   0.0000318378
        0.0000092060  -0.0000206133  -0.0000000049   0.0000456766   0.0000348371
       -0.0000318064   0.0007168968   0.0009571354   0.0000000644   0.0684780171
       -0.0606702703  -0.0000018033   0.0008618390  -0.0008506346   0.0000000076
       -0.0000192188  -0.0000548375   0.0000000202  -0.0001544335  -0.0004170968
       -0.0000000424
       -0.0001942626  -0.0001227043  -0.0000000135   0.0005701712  -0.0008614511
       -0.0000000055   0.0018316496   0.0008052315  -0.0000002496   0.0045742507
       -0.0115704617  -0.0000003959   0.0551168800  -0.2895059852  -0.0000089454
        0.0026770695  -0.0238461979  -0.0000008989  -0.0036196753  -0.0017162967
       -0.0000003908  -0.0003353591   0.0009775657   0.0000000298   0.0002169730
       -0.0013100035  -0.0000000434   0.0000050493   0.0000217725   0.0000302016
        0.0000157575   0.0000427169  -0.0000000028   0.0000050600   0.0000217884
       -0.0000302012  -0.0007316783   0.0010699419   0.0000001281  -0.0606702703
        0.3252201166   0.0000106003   0.0006606582   0.0009150389   0.0000001337
       -0.0000496779   0.0001182400   0.0000000626  -0.0000725955  -0.0002593121
       -0.0000000091
       -0.0000000150  -0.0000000170   0.0000753153   0.0000000634   0.0000000126
       -0.0003665148  -0.0000000451  -0.0000003109   0.0078170121  -0.0000000413
       -0.0000000889   0.0006091808   0.0000019319  -0.0000089500  -0.0344461040
        0.0000001132  -0.0000011995   0.0004582568  -0.0000003868  -0.0000003547
        0.0085699216   0.0000000444  -0.0000000217  -0.0000053256   0.0000000724
       -0.0000000076  -0.0000398584  -0.0000091433   0.0000130268  -0.0000010714
       -0.0000000089   0.0000000124   0.0000186839   0.0000091338  -0.0000130239
       -0.0000010685   0.0000000157   0.0000001158  -0.0025996633  -0.0000018033
        0.0000106003   0.0244013598   0.0000000427   0.0000001429  -0.0027551387
        0.0000000270   0.0000000715  -0.0014702323  -0.0000000009  -0.0000000081
       -0.0002647533
       -0.0000179709   0.0000424117  -0.0000000052   0.0004777894  -0.0002770521
        0.0000000004   0.0004002730  -0.0000142588   0.0000000027  -0.0019241340
       -0.0037119601  -0.0000001842  -0.0242144763   0.0050946665   0.0000000179
       -0.2870853364   0.0726493023   0.0000012388  -0.0104565085   0.0046344695
        0.0000001049   0.0002862384   0.0014070856   0.0000000304   0.0011311612
       -0.0001875390   0.0000000155   0.0000269157  -0.0000103920   0.0000455899
       -0.0000234967   0.0000399795   0.0000000096   0.0000269175  -0.0000103849
       -0.0000455768  -0.0010585696   0.0003295199  -0.0000000129   0.0008618390
        0.0006606582   0.0000000427   0.3218087207  -0.0800353603  -0.0000012347
       -0.0003214923   0.0000350517  -0.0000000076   0.0000821298  -0.0006461977
       -0.0000000312
       -0.0000768712   0.0000222050   0.0000000133  -0.0001412588   0.0000805474
        0.0000000404  -0.0004797397  -0.0007106348  -0.0000000599  -0.0031871282
       -0.0020079508  -0.0000003958  -0.0182600849   0.0053403146   0.0000001060
        0.0716321065  -0.0647986083  -0.0000009112   0.0302423652  -0.0096965551
       -0.0000002018   0.0011225651  -0.0055987491  -0.0000005013  -0.0004484255
        0.0021115107   0.0000002341   0.0000345043   0.0000146983   0.0000484006
        0.0000076275   0.0000283700   0.0000000039   0.0000345062   0.0000147180
       -0.0000483839  -0.0009766261   0.0001837345  -0.0000000256  -0.0008506346
        0.0009150389   0.0000001429  -0.0800353603   0.0739939561   0.0000015417
        0.0014932886  -0.0006050908  -0.0000000021  -0.0001108341   0.0007124955
       -0.0000000014
       -0.0000000015   0.0000000207  -0.0003135832   0.0000001536   0.0000000192
       -0.0012504601  -0.0000001396  -0.0000000300   0.0005348527  -0.0000000930
       -0.0000004280   0.0074426529  -0.0000010561   0.0000002655  -0.0009695976
        0.0000012843  -0.0000008758  -0.0308607362   0.0000012434  -0.0000004121
        0.0009970697  -0.0000001225  -0.0000004306   0.0063504415  -0.0000000313
        0.0000001815  -0.0028314088  -0.0001116065   0.0000253037   0.0000223469
       -0.0000000135  -0.0000000043  -0.0000007246   0.0001116023  -0.0000252899
        0.0000223662  -0.0000000525   0.0000000047   0.0004812930   0.0000000076
        0.0000001337  -0.0027551387  -0.0000012347   0.0000015417   0.0230358215
        0.0000000653  -0.0000000216  -0.0000218561  -0.0000000052   0.0000000217
        0.0001166608
       -0.0000546630  -0.0001068786   0.0000000190   0.0014858374   0.0006633424
        0.0000000421   0.0059176066  -0.0210252467  -0.0000007912  -0.0031215861
       -0.0030003782  -0.0000002482  -0.0005627623  -0.0003311376  -0.0000000425
       -0.0053523626   0.0015553750  -0.0000000746  -0.0086057698   0.0271649569
        0.0000010068  -0.0602131483   0.0617746924   0.0000020972   0.0031847707
        0.0027131190   0.0000001955   0.0000908871   0.0000803374   0.0000764187
       -0.0000226100   0.0000338360  -0.0000000088   0.0000908961   0.0000803338
       -0.0000763800   0.0001208823  -0.0012704014  -0.0000000392  -0.0000192188
       -0.0000496779   0.0000000270  -0.0003214923   0.0014932886   0.0000000653
        0.0680763794  -0.0683244065  -0.0000022042  -0.0006936465  -0.0014511548
       -0.0000000829
        0.0003022721   0.0001644103   0.0000000522   0.0003583225   0.0018857564
        0.0000001407   0.0045632021  -0.0259026464  -0.0000010478  -0.0038695899
       -0.0019511280  -0.0000004140  -0.0002831719   0.0008122081   0.0000000339
        0.0021967077   0.0007682522  -0.0000002486   0.0037049647  -0.0140057848
       -0.0000005543   0.0602553214  -0.2834571208  -0.0000096625  -0.0008987397
        0.0026450690   0.0000001900   0.0001952028   0.0001269629   0.0001299680
        0.0000512498   0.0001390249   0.0000000125   0.0001952156   0.0001269823
       -0.0001299144   0.0003422211  -0.0011702318  -0.0000000463  -0.0000548375
        0.0001182400   0.0000000715   0.0000350517  -0.0006050908  -0.0000000216
       -0.0683244065   0.3202948827   0.0000114092   0.0012310140   0.0000102136
        0.0000000313
       -0.0000000305   0.0000000167   0.0000070725   0.0000002808   0.0000002412
       -0.0030616224   0.0000004233  -0.0000012477   0.0011375847  -0.0000003117
       -0.0000004278   0.0067852736  -0.0000001488   0.0000000009  -0.0003205889
        0.0000000307  -0.0000001781   0.0070251893   0.0000000188  -0.0000001821
        0.0003228387   0.0000018189  -0.0000098188  -0.0299943990   0.0000000443
        0.0000002210  -0.0018926322  -0.0000413948  -0.0000409641  -0.0000211862
       -0.0000000346  -0.0000000126   0.0000202272   0.0000414054   0.0000409745
       -0.0000211961   0.0000000390  -0.0000000946  -0.0000093619   0.0000000202
        0.0000000626  -0.0014702323  -0.0000000076  -0.0000000021  -0.0000218561
       -0.0000022042   0.0000114092   0.0220821376   0.0000000506   0.0000000018
       -0.0005672484
       -0.0001439374  -0.0001613496  -0.0000000194   0.0004598881   0.0000166460
        0.0000000090  -0.0005765594   0.0004340305   0.0000000059   0.0005941670
       -0.0003181337  -0.0000000066  -0.0002509718  -0.0012724755  -0.0000000617
       -0.0025798894  -0.0023822530  -0.0000001334   0.0128414783  -0.0270887257
       -0.0000009724   0.0014753167  -0.0025074119  -0.0000000802  -0.1082216253
        0.1630456266   0.0000055555   0.0000216092   0.0000558251   0.0000256824
        0.0000550010   0.0000090339   0.0000000070   0.0000216196   0.0000558279
       -0.0000256709   0.0000805349   0.0001472377   0.0000000091  -0.0001544335
       -0.0000725955  -0.0000000009   0.0000821298  -0.0001108341  -0.0000000052
       -0.0006936465   0.0012310140   0.0000000506   0.0969893188  -0.1310814625
       -0.0000043687
       -0.0000560608  -0.0000711568  -0.0000000263   0.0007836641  -0.0000637516
        0.0000000301  -0.0007710324  -0.0005088097  -0.0000000467  -0.0000053576
        0.0004642517   0.0000000240   0.0005921207  -0.0016041544  -0.0000000903
       -0.0042783106  -0.0030229026  -0.0000002351   0.0000530235  -0.0336320851
       -0.0000013092   0.0014893119   0.0028845475   0.0000001840   0.1357452026
       -0.3616043494  -0.0000127969   0.0000196334   0.0000283521   0.0000051004
        0.0000276520   0.0000263283   0.0000000130   0.0000196344   0.0000283602
       -0.0000051043  -0.0000235693   0.0000817097   0.0000000093  -0.0004170968
       -0.0002593121  -0.0000000081  -0.0006461977   0.0007124955   0.0000000217
       -0.0014511548   0.0000102136   0.0000000018  -0.1310814625   0.3965302630
        0.0000142326
       -0.0000000159  -0.0000000114   0.0001106257   0.0000001026  -0.0000000182
       -0.0002339003  -0.0000001838   0.0000000734   0.0005312612  -0.0000001630
       -0.0000000526  -0.0000203432   0.0000003059  -0.0000001034   0.0013275581
       -0.0000002986  -0.0000001869   0.0017099597   0.0000004639  -0.0000013185
       -0.0007708774   0.0000001807   0.0000001879  -0.0014534284   0.0000041203
       -0.0000128438  -0.0069011719  -0.0000005450  -0.0000211521  -0.0000245035
        0.0000000039  -0.0000000098   0.0000133627   0.0000005478   0.0000211499
       -0.0000245081   0.0000000064   0.0000000323  -0.0002254539  -0.0000000424
       -0.0000000091  -0.0002647533  -0.0000000312  -0.0000000014   0.0001166608
       -0.0000000829   0.0000000313  -0.0005672484  -0.0000043687   0.0000142326
        0.0066767603
