           1           2   1.01905179363948     
           2           3  0.986541099495724     
           3           4   1.05337592418385     
           4           5   2.89576559772309     
           1           6  0.987742600923167     
           1           7  0.986871962307566     
           1           8  0.987737130402227     
           2           9  0.979395360813050     
           2          10  0.979404898975336     
           3          11  0.955773938962042     
           3          12  0.955815671090970     
           5          13  0.972141557455074     
