           1           2   1.03554673044680     
           2           3   1.78173187993022     
           3           4   1.07306075361268     
           4           5   1.79679509405842     
           4           6  0.966160884043386     
           6           7  0.962640670355386     
           6           8  0.991846026448671     
           2           9   1.02065720299027     
           8           9   1.00565039546327     
           6          10  0.960188403805098     
          10          11   1.00970068589103     
          10          12   1.00622243612864     
           1          13  0.983627415648254     
           1          14  0.963136046825458     
           1          15  0.967515881465281     
           3          16  0.960924845468163     
           8          17  0.972987493734850     
           8          18  0.976575512860339     
           9          19  0.947460191169546     
           9          20  0.964760898595749     
          10          21  0.968257078311715     
          11          22  0.983629294420541     
          11          23  0.986143578392286     
          11          24  0.986206591446077     
          12          25  0.986578116157428     
          12          26  0.984248803788942     
          12          27  0.984121788885908     
