$hessian                                                                        
        0.6853238063  -0.0014984692  -0.0120860461  -0.1781200246  -0.1387172116
        0.0731949260  -0.0473068930  -0.0150941291   0.0091263385   0.0045896489
       -0.0057885688   0.0028760603  -0.0239993272   0.0259198690  -0.0129038154
       -0.1342636533   0.1175024679  -0.0570552046   0.0042880448  -0.0159936799
        0.0080053280  -0.0016814213   0.0000924499   0.0000554080   0.0002216802
       -0.0004999868   0.0001838552  -0.0000932643  -0.0001179266  -0.0001385193
        0.0001004486  -0.0000321850  -0.0000161291  -0.0001845649   0.0001301525
        0.0000683082   0.0003608733   0.0004479649  -0.0000363607   0.0000185694
        0.0000358088   0.0000135946  -0.0000228680  -0.0000133082   0.0000103287
        0.0000131926  -0.0000298281  -0.0000227811  -0.0039044140   0.0000006829
        0.0000995627  -0.3058536718   0.0262354362  -0.0074813598   0.0062182979
        0.0066024036  -0.0037200428  -0.0056980456   0.0008667933  -0.0001311643
        0.0000191688  -0.0000638297  -0.0001069550  -0.0000255828   0.0000150937
        0.0000646679
       -0.0014984692   0.5319784489  -0.2117660135  -0.0671965768  -0.2079504625
        0.0858222033  -0.0693995126   0.0285947951  -0.0127923766  -0.0058275276
       -0.0488392696   0.0231072934   0.0730760925   0.0092424593  -0.0055328670
        0.0577236927  -0.2232752450   0.0860947917  -0.0038608199  -0.0306531359
        0.0165568049   0.0003420163  -0.0004312438  -0.0000943713   0.0000296793
       -0.0000356868  -0.0001841014   0.0001082587  -0.0003078915  -0.0001365281
        0.0002459916   0.0000336976   0.0000563692   0.0002153863   0.0001190771
        0.0001175558  -0.0005969367   0.0001982793  -0.0001445642  -0.0001071165
       -0.0000537809  -0.0000397662  -0.0002454203   0.0000512870  -0.0000230016
       -0.0001208221   0.0001790457   0.0000856821   0.0027714085   0.0019995557
        0.0015007742   0.0270422293  -0.0430437964   0.0043675839  -0.0132809926
       -0.0198237204   0.0102571522   0.0005108108   0.0017723404   0.0027180884
        0.0000042157   0.0001005023  -0.0000051262   0.0000644126   0.0001447445
        0.0000344171
       -0.0120860461  -0.2117660135   0.2174193269   0.0363675708   0.0865427514
       -0.0879943551   0.0365701995  -0.0139287739   0.0074689351   0.0027483294
        0.0237744975  -0.0146348649  -0.0366357685  -0.0050435438   0.0040883871
       -0.0265079078   0.0847775643  -0.0898659264   0.0019525325   0.0169287661
       -0.0060969896  -0.0001108405   0.0001542848  -0.0001503354  -0.0000382927
        0.0000207908   0.0001309602  -0.0000288161   0.0001236875   0.0000691470
       -0.0001308273  -0.0000321765  -0.0000376499  -0.0001087201  -0.0000712064
       -0.0000587472   0.0002728082  -0.0001233953   0.0000765880   0.0000589154
        0.0000402033   0.0000274922   0.0001057572  -0.0000229297   0.0000077905
        0.0000484343  -0.0000612915  -0.0000267785  -0.0011873450   0.0015776525
        0.0041693823  -0.0079497571   0.0043512134  -0.0353931908   0.0066938996
        0.0103061021  -0.0046665146  -0.0000141844   0.0025444587   0.0055161816
       -0.0000149356  -0.0000440547  -0.0000105239  -0.0000050058  -0.0000485872
       -0.0000383146
       -0.1781200246  -0.0671965768   0.0363675708   0.6402506900  -0.0083720858
       -0.0055129518  -0.3098404912   0.0053098659   0.0009849763  -0.0247449858
        0.0717713219  -0.0357227942  -0.0507255218  -0.0200844260   0.0112880334
        0.0568499875  -0.0401786887   0.0193569628  -0.0003849192   0.0038491399
       -0.0017641891   0.0017785943   0.0017684348  -0.0004601029  -0.0009548007
        0.0008501447   0.0000434567   0.0000700038   0.0003266063   0.0002826358
       -0.0004193703   0.0000332727  -0.0000368782   0.0000181469  -0.0004913084
       -0.0001699140   0.0001251926  -0.0008690502   0.0001913609   0.0002210884
        0.0002240911   0.0001209295   0.0002572727  -0.0000281694   0.0000161074
        0.0000708560  -0.0000974078  -0.0000511178  -0.0287726583  -0.0140523197
        0.0081274574  -0.0198140101  -0.0206060593   0.0107286489  -0.0852727745
        0.0885661724  -0.0438514979  -0.0002478811  -0.0003603074   0.0000395295
       -0.0000843111  -0.0001159114  -0.0000009150  -0.0002600835  -0.0002467386
        0.0000226915
       -0.1387172116  -0.2079504625   0.0865427514  -0.0083720858   0.5628027234
       -0.2317270246   0.0647200858  -0.0803472724   0.0158204669   0.0248936045
        0.0096460129  -0.0048127173  -0.0209829130  -0.0060048501   0.0022790040
        0.0140548629  -0.0537101911   0.0274136314   0.0011013715  -0.0012444921
        0.0030161184   0.0016043843  -0.0022709175   0.0045062225   0.0002044141
        0.0001624498   0.0000652833   0.0001736250   0.0002586055  -0.0003333596
       -0.0001759138   0.0000193482  -0.0000251349   0.0000097895  -0.0000979967
       -0.0003524417   0.0004401455  -0.0002689121  -0.0001083440   0.0001762806
        0.0001450703   0.0000986702   0.0001442859  -0.0000349273   0.0000507402
        0.0000401277  -0.0000195850   0.0000045500  -0.0257046147  -0.0050064921
        0.0046540928  -0.0005420358   0.0012182483  -0.0003635007   0.0874760034
       -0.2173972993   0.0931697161  -0.0004451121   0.0004009951  -0.0002788678
       -0.0000211495  -0.0000249205   0.0001997191  -0.0000779443  -0.0002751351
        0.0001804242
        0.0731949260   0.0858222033  -0.0879943551  -0.0055129518  -0.2317270246
        0.2304744917  -0.0283567625   0.0175168458  -0.0556150145  -0.0121445509
       -0.0072970595   0.0033775387   0.0114031316   0.0021341392  -0.0039459347
       -0.0081253398   0.0282502748  -0.0128816192  -0.0004042182   0.0030304419
        0.0033671285  -0.0009268325   0.0044341714   0.0041989589  -0.0013263506
        0.0000473119  -0.0000483661  -0.0001666014   0.0002835793  -0.0000171825
       -0.0000071622   0.0001054596   0.0000323815   0.0002355621   0.0001965781
       -0.0001741755   0.0005338758   0.0001703197   0.0000220767  -0.0000036289
       -0.0000271854  -0.0000132146   0.0000456928  -0.0000360584   0.0000305367
       -0.0001314792   0.0000716875   0.0000235645   0.0146130790   0.0045038922
       -0.0001920440   0.0006792013  -0.0000524260   0.0003411595  -0.0438986679
        0.0928653920  -0.0808922604   0.0002358309  -0.0002758274  -0.0000389188
       -0.0000339314  -0.0000585036  -0.0000168102   0.0000971778   0.0000417883
       -0.0000379411
       -0.0473068930  -0.0693995126   0.0365701995  -0.3098404912   0.0647200858
       -0.0283567625   0.5752172455  -0.0645747906   0.0229776266  -0.1217639842
        0.0525270162  -0.0273788378   0.0538067815   0.0121180738  -0.0077828087
       -0.0428149710   0.0296362530  -0.0142578154   0.0009801318  -0.0002914451
        0.0001435136  -0.0219994163   0.0250201950  -0.0116507044  -0.0033735455
       -0.0011809468  -0.0008796944  -0.0009078872   0.0000215083   0.0010217251
        0.0009351990  -0.0002121225   0.0000430796  -0.0006281457  -0.0000633348
        0.0010819368   0.0004803670   0.0023651135   0.0008698875  -0.0001023306
       -0.0001335112  -0.0000267914  -0.0003595927   0.0001057385  -0.0002093259
       -0.0003001152   0.0001004138   0.0000369319  -0.0647879540  -0.0488105274
        0.0281220204  -0.0009068124  -0.0023312298   0.0014124247  -0.0146962528
        0.0030431295  -0.0017663204  -0.0013154485  -0.0027422979   0.0016028390
        0.0001280086   0.0000025006  -0.0005619629  -0.0004438929   0.0000796909
       -0.0010111611
       -0.0150941291   0.0285947951  -0.0139287739   0.0053098659  -0.0803472724
        0.0175168458  -0.0645747906   0.4241577256  -0.1672813403   0.0999807545
       -0.2061989654   0.0782099536  -0.0368582771  -0.0497748518   0.0273725803
        0.0279979470  -0.0182842203   0.0061674854  -0.0000614430   0.0007361819
       -0.0005100052   0.0178424148  -0.0052455642   0.0027086303  -0.0023912182
        0.0019987008   0.0008752059   0.0015081668  -0.0000959151  -0.0004651249
        0.0000978638  -0.0003017854  -0.0002091854   0.0007932303   0.0000012939
        0.0001847421  -0.0033695859  -0.0019169471   0.0011207197  -0.0003945311
       -0.0003806954  -0.0002791062  -0.0005266997   0.0000107085   0.0000054441
       -0.0002347768   0.0002110891   0.0001066431  -0.0491970440  -0.0871810738
        0.0385435519  -0.0026525923  -0.0007523562   0.0044696628   0.0243027231
       -0.0039262528   0.0021712099  -0.0020179885  -0.0008966903   0.0041695471
        0.0000765708  -0.0004733141  -0.0001816285  -0.0005364607   0.0000654095
       -0.0007670575
        0.0091263385  -0.0127923766   0.0074689351   0.0009849763   0.0158204669
       -0.0556150145   0.0229776266  -0.1672813403   0.1877047843  -0.0547644271
        0.0805349717  -0.0880237114   0.0181263187   0.0262646752  -0.0124827667
       -0.0135438882   0.0064636312  -0.0084209178  -0.0001060937  -0.0005512281
        0.0003084499  -0.0038964163   0.0023681168  -0.0001624643   0.0015804752
       -0.0006308107  -0.0000900869  -0.0002624646   0.0000382921   0.0001943733
       -0.0002692437   0.0003725185   0.0002166653   0.0003426409  -0.0002869292
       -0.0000532583   0.0000523003  -0.0000233970  -0.0007704257   0.0002274088
        0.0002301017   0.0001043746   0.0001587275   0.0000142612  -0.0000015080
        0.0000957527  -0.0000533844  -0.0000342007   0.0283528490   0.0380354499
       -0.0421213784   0.0016713507   0.0045466892   0.0058149714  -0.0122182641
        0.0024228179  -0.0001686797   0.0012064375   0.0043512266   0.0055476168
        0.0000067845   0.0002447534   0.0001436325   0.0001508105  -0.0000885059
        0.0004406092
        0.0045896489  -0.0058275276   0.0027483294  -0.0247449858   0.0248936045
       -0.0121445509  -0.1217639842   0.0999807545  -0.0547644271   0.6182207715
       -0.0009443015  -0.0047573755  -0.1608792232  -0.1225028313   0.0677157391
       -0.0474058659  -0.0142752368   0.0081499298  -0.0038150476  -0.0000227111
        0.0000479372  -0.2166245387   0.0186879136  -0.0073880963  -0.0245698674
        0.0179703088   0.0014240542   0.0024754293   0.0029590328   0.0006758808
       -0.0023929721   0.0003039175  -0.0001499807   0.0014572195  -0.0036013763
       -0.0020324666  -0.0318618409  -0.0103639960  -0.0035433723  -0.0003013103
        0.0002475904  -0.0000581771   0.0007529768  -0.0001529008   0.0001308136
       -0.0001583594  -0.0001977691   0.0000052287   0.0041643120  -0.0132862028
        0.0071956030   0.0005863400  -0.0002898456   0.0000119940  -0.0054260358
        0.0008732463   0.0000115573   0.0061878161   0.0060563365  -0.0038318401
        0.0007038995  -0.0011711844   0.0001120195   0.0008056177   0.0006631782
        0.0004411999
       -0.0057885688  -0.0488392696   0.0237744975   0.0717713219   0.0096460129
       -0.0072970595   0.0525270162  -0.2061989654   0.0805349717  -0.0009443015
        0.5337999326  -0.1846704449  -0.0627383059  -0.1979448587   0.0760771181
       -0.0673907242   0.0284298791  -0.0142588970   0.0027060556   0.0017385014
        0.0017299787   0.0188004038  -0.0656832111   0.0018210236   0.0265199389
       -0.0060929387  -0.0002710244   0.0019894263  -0.0021486082  -0.0040306145
        0.0001318662  -0.0004006001  -0.0004024994  -0.0023080128  -0.0008134279
       -0.0041250658  -0.0190418257   0.0033942875  -0.0016617417  -0.0009875918
       -0.0001940119  -0.0001164089  -0.0000413479  -0.0001597334   0.0004307496
        0.0010938272  -0.0005584845  -0.0001076064  -0.0040538421  -0.0288830543
        0.0161691457  -0.0000180868  -0.0003112156   0.0004395889   0.0004558747
        0.0017170069   0.0025233047  -0.0124791327  -0.0200800365   0.0108234006
        0.0007899707  -0.0001974582   0.0013224322  -0.0009939615  -0.0002197461
        0.0012951511
        0.0028760603   0.0231072934  -0.0146348649  -0.0357227942  -0.0048127173
        0.0033775387  -0.0273788378   0.0782099536  -0.0880237114  -0.0047573755
       -0.1846704449   0.2254960552   0.0343844285   0.0773390553  -0.0825581212
        0.0344987919  -0.0134517937   0.0067251350  -0.0010398838   0.0015410663
        0.0040759919  -0.0075577355   0.0002327907  -0.0546172142   0.0098121106
       -0.0016888736   0.0011885168   0.0000288215  -0.0038280133   0.0047532715
       -0.0000538511  -0.0002149349   0.0001577299  -0.0014069579  -0.0040613186
        0.0046186342  -0.0123522192   0.0000942859  -0.0000377130  -0.0006066641
       -0.0001138795  -0.0002091442   0.0001163916   0.0004435019  -0.0008300521
        0.0004326726  -0.0001594602  -0.0001012027   0.0019107468   0.0165614448
       -0.0069297860   0.0000041498   0.0001699445  -0.0001562959  -0.0001798987
        0.0026294776   0.0055319128   0.0063086620   0.0102412906  -0.0045380707
        0.0006897953   0.0011034899  -0.0016164296  -0.0000064130   0.0013278416
       -0.0016721800
       -0.0239993272   0.0730760925  -0.0366357685  -0.0507255218  -0.0209829130
        0.0114031316   0.0538067815  -0.0368582771   0.0181263187  -0.1608792232
       -0.0627383059   0.0343844285   0.6512902830  -0.0185834360  -0.0000738995
       -0.3151534225   0.0074743247   0.0021085510  -0.0288787608  -0.0139644690
        0.0075854490  -0.0340515292  -0.0198008203   0.0103975880  -0.0001676539
       -0.0032726741   0.0004027541  -0.0003323979   0.0000275320  -0.0010346174
        0.0007907637  -0.0003386181  -0.0002351437  -0.0013907164   0.0006393317
       -0.0012560624  -0.0015893748   0.0023175694   0.0010261711  -0.0002926806
       -0.0000673988  -0.0000269413  -0.0003932116  -0.0000143291   0.0001370728
        0.0000002342   0.0000423870  -0.0000360752  -0.0011695462   0.0033405924
       -0.0015915504  -0.0006049885   0.0020934767  -0.0008847539  -0.0002251604
       -0.0002841578   0.0003395713  -0.0856586824   0.0884344240  -0.0449841658
       -0.0002721651  -0.0003020181   0.0004885197  -0.0001036998  -0.0002383133
        0.0003594221
        0.0259198690   0.0092424593  -0.0050435438  -0.0200844260  -0.0060048501
        0.0021341392   0.0121180738  -0.0497748518   0.0262646752  -0.1225028313
       -0.1979448587   0.0773390553  -0.0185834360   0.5480652021  -0.2208851141
        0.0658312793  -0.0811140258   0.0163123112  -0.0253335201  -0.0045910606
        0.0040206324  -0.0120222120   0.0029622963  -0.0007160374   0.0026914398
       -0.0024673655   0.0002732454  -0.0007684749   0.0000806981   0.0001532872
        0.0001724746  -0.0000582111   0.0000097424  -0.0008743237   0.0000301668
       -0.0000262378   0.0026299582   0.0012514253   0.0005047315   0.0001966559
        0.0001716868   0.0001194568   0.0001963237  -0.0000033863  -0.0000353813
        0.0001078069  -0.0001424582  -0.0001062912   0.0008196789  -0.0013372450
        0.0029719718   0.0022431497  -0.0024931561   0.0045065844  -0.0005120353
        0.0004111262  -0.0002740993   0.0875460688  -0.2161765174   0.0927731223
        0.0002838895   0.0001760801  -0.0002858608  -0.0000754089  -0.0002831543
       -0.0000103893
       -0.0129038154  -0.0055328670   0.0040883871   0.0112880334   0.0022790040
       -0.0039459347  -0.0077828087   0.0273725803  -0.0124827667   0.0677157391
        0.0760771181  -0.0825581212  -0.0000738995  -0.2208851141   0.2207275585
       -0.0267239748   0.0165908181  -0.0550584425   0.0134194434   0.0039758017
        0.0001234175   0.0019014352   0.0001002259   0.0012492828   0.0003190663
       -0.0002295829  -0.0005646154  -0.0004271730   0.0000286883   0.0000165615
        0.0001467289   0.0001863703   0.0001492014   0.0000656230  -0.0000270799
       -0.0000390643  -0.0012699161  -0.0003128841   0.0001665150  -0.0000176091
        0.0000359845  -0.0000157518   0.0000489925   0.0000163009   0.0000183457
       -0.0000738865   0.0001378662   0.0000272540  -0.0004304745   0.0031907050
        0.0030290597  -0.0010150916   0.0045824479   0.0044999834   0.0002524336
       -0.0002858663  -0.0000445668  -0.0445056502   0.0922704516  -0.0797162273
       -0.0000048079   0.0002037523   0.0002752303   0.0000716119   0.0002252793
        0.0000546939
       -0.1342636533   0.0577236927  -0.0265079078   0.0568499875   0.0140548629
       -0.0081253398  -0.0428149710   0.0279979470  -0.0135438882  -0.0474058659
       -0.0673907242   0.0344987919  -0.3151534225   0.0658312793  -0.0267239748
        0.5804391618  -0.0688357366   0.0242661600  -0.0680714719  -0.0518804508
        0.0268880845   0.0011149941  -0.0027202896   0.0010001207  -0.0000392033
        0.0008818726  -0.0003581480   0.0001812717   0.0005162775   0.0003240297
       -0.0006433853   0.0000121052  -0.0000443780  -0.0001523498  -0.0004491491
       -0.0003565948  -0.0013325412  -0.0006799730  -0.0000468544   0.0000922953
        0.0001230817   0.0000655020   0.0003735174  -0.0000440070  -0.0000049291
        0.0001295671  -0.0001787640  -0.0000505465   0.0011090403  -0.0000237039
       -0.0000770727  -0.0148355114   0.0242112389  -0.0117653565  -0.0010957045
       -0.0029181425   0.0014785034  -0.0142609382   0.0034386047  -0.0010411834
       -0.0001631221   0.0002288188   0.0000934738  -0.0000576946   0.0001011592
        0.0000315079
        0.1175024679  -0.2232752450   0.0847775643  -0.0401786887  -0.0537101911
        0.0282502748   0.0296362530  -0.0182842203   0.0064636312  -0.0142752368
        0.0284298791  -0.0134517937   0.0074743247  -0.0811140258   0.0165908181
       -0.0688357366   0.4456287583  -0.1707637506  -0.0521023811  -0.0899477860
        0.0359061206  -0.0038016871  -0.0006337349   0.0042407549   0.0000047842
       -0.0001271237   0.0000374704  -0.0003491284   0.0006501947   0.0000366489
       -0.0003538106  -0.0000379952  -0.0000891307  -0.0004537018   0.0000139164
       -0.0005912779   0.0006347466  -0.0001174668  -0.0000287960   0.0001487214
        0.0001106289   0.0001094925   0.0002425490  -0.0000728050   0.0000595868
        0.0000718385  -0.0001312678  -0.0000669537  -0.0001918214   0.0007293720
       -0.0004641727   0.0029309741  -0.0033742851   0.0020939092  -0.0023998456
       -0.0006083591   0.0046498444   0.0244585574  -0.0040081927   0.0019597265
       -0.0000570395   0.0000109780   0.0002283953  -0.0001061391  -0.0001310291
        0.0000516374
       -0.0570552046   0.0860947917  -0.0898659264   0.0193569628   0.0274136314
       -0.0128816192  -0.0142578154   0.0061674854  -0.0084209178   0.0081499298
       -0.0142588970   0.0067251350   0.0021085510   0.0163123112  -0.0550584425
        0.0242661600  -0.1707637506   0.1871562218   0.0270466826   0.0358524905
       -0.0390477777   0.0015717357   0.0043272202   0.0053517186  -0.0012272132
        0.0001219798   0.0000490982   0.0002951112  -0.0000719623  -0.0003130572
        0.0003269218  -0.0000829932   0.0000058365   0.0002772916   0.0006054013
        0.0001673370   0.0013297383   0.0000700856   0.0000820772   0.0000675041
       -0.0000393948  -0.0000072531  -0.0002384619   0.0000179620   0.0000073143
       -0.0001372591   0.0001389324   0.0000749542   0.0000523020  -0.0003775891
        0.0002338920  -0.0011971222   0.0016038020   0.0000333141   0.0013723332
        0.0046052223   0.0057851614  -0.0120679214   0.0024232607  -0.0001163549
       -0.0001060530  -0.0001270132  -0.0000678198   0.0000658268  -0.0000329764
        0.0001071081
        0.0042880448  -0.0038608199   0.0019525325  -0.0003849192   0.0011013715
       -0.0004042182   0.0009801318  -0.0000614430  -0.0001060937  -0.0038150476
        0.0027060556  -0.0010398838  -0.0288787608  -0.0253335201   0.0134194434
       -0.0680714719  -0.0521023811   0.0270466826   0.0942762407   0.0780962566
       -0.0408304484  -0.0002853039  -0.0010151202   0.0005088505  -0.0000486414
       -0.0001045751  -0.0000978402   0.0000900486  -0.0001334426  -0.0001648866
        0.0002501479   0.0000106730   0.0000134213   0.0001299546   0.0001721753
       -0.0000397738  -0.0002753168   0.0001824740  -0.0000027561  -0.0000030411
       -0.0000136915  -0.0000081586  -0.0000383459  -0.0000074099   0.0000419129
       -0.0000046807   0.0000429878   0.0000205425  -0.0001366697  -0.0002830961
        0.0001379489   0.0012088187   0.0005609613  -0.0003674453   0.0000880167
        0.0003418831  -0.0002048195   0.0005508105  -0.0003172393   0.0000516498
       -0.0000092679  -0.0000240522   0.0000083109   0.0000892527   0.0000419527
        0.0000650289
       -0.0159936799  -0.0306531359   0.0169287661   0.0038491399  -0.0012444921
        0.0030304419  -0.0002914451   0.0007361819  -0.0005512281  -0.0000227111
        0.0017385014   0.0015410663  -0.0139644690  -0.0045910606   0.0039758017
       -0.0518804508  -0.0899477860   0.0358524905   0.0780962566   0.1240365207
       -0.0583574601   0.0002905042  -0.0002322607   0.0000519669  -0.0000362545
       -0.0000802055  -0.0001280027   0.0001051544  -0.0001870597  -0.0001278392
        0.0002845600   0.0000359337   0.0000386155   0.0002013506   0.0000857713
        0.0000301083  -0.0000667005   0.0001368302  -0.0000488473   0.0000713423
        0.0000397547   0.0000224657  -0.0000484150   0.0000012705   0.0000312515
       -0.0000042156   0.0000879500   0.0000366422  -0.0001942462  -0.0003234563
       -0.0002534483  -0.0000992560   0.0002879309  -0.0010848088  -0.0006917734
       -0.0006889760   0.0002823625   0.0003185475   0.0006701151  -0.0013710474
       -0.0000333541   0.0000507063   0.0000275963   0.0001101156   0.0000409661
        0.0000731065
        0.0080053280   0.0165568049  -0.0060969896  -0.0017641891   0.0030161184
        0.0033671285   0.0001435136  -0.0005100052   0.0003084499   0.0000479372
        0.0017299787   0.0040759919   0.0075854490   0.0040206324   0.0001234175
        0.0268880845   0.0359061206  -0.0390477777  -0.0408304484  -0.0583574601
        0.0407840087   0.0000092593   0.0000528038  -0.0001063228  -0.0000210946
        0.0001084843   0.0000368029  -0.0000380467   0.0000685229   0.0000703525
       -0.0001921540  -0.0000134463  -0.0000197369  -0.0001086514  -0.0000734362
       -0.0000181305   0.0000003324  -0.0000922121  -0.0000008777  -0.0000315124
       -0.0000132018  -0.0000018606   0.0000662471  -0.0000050297  -0.0000175623
       -0.0000054534  -0.0000094707  -0.0000020588   0.0000983005  -0.0003023553
       -0.0007163870   0.0000295692  -0.0010335319  -0.0012092142   0.0003377018
        0.0002505322  -0.0002499397  -0.0002085776  -0.0012579482  -0.0012033134
        0.0000362811  -0.0000134310  -0.0000200743  -0.0000478758  -0.0000284694
       -0.0000559065
       -0.0016814213   0.0003420163  -0.0001108405   0.0017785943   0.0016043843
       -0.0009268325  -0.0219994163   0.0178424148  -0.0038964163  -0.2166245387
        0.0188004038  -0.0075577355  -0.0340515292  -0.0120222120   0.0019014352
        0.0011149941  -0.0038016871   0.0015717357  -0.0002853039   0.0002905042
        0.0000092593   0.6136283321  -0.0140977576   0.0431721710  -0.1202736977
        0.1046119024   0.0469531798  -0.0269745732   0.0272584330   0.0104648136
        0.0053383829  -0.0060384606  -0.0021444532  -0.0481117391  -0.0132784287
       -0.0119328488  -0.1557177077  -0.1175123968  -0.0749804597  -0.0037315434
        0.0004654058  -0.0005582256  -0.0015905883   0.0002583875  -0.0000493069
       -0.0041615240   0.0014549275  -0.0004270957   0.0001443559  -0.0007152063
       -0.0000138857   0.0001595450  -0.0000090143   0.0001155181  -0.0003017354
       -0.0001367087  -0.0000767366   0.0007283465   0.0009784019  -0.0001719072
        0.0062080637  -0.0123670608  -0.0060247883   0.0064047038   0.0060717513
        0.0046834198
        0.0000924499  -0.0004312438   0.0001542848   0.0017684348  -0.0022709175
        0.0044341714   0.0250201950  -0.0052455642   0.0023681168   0.0186879136
       -0.0656832111   0.0002327907  -0.0198008203   0.0029622963   0.0001002259
       -0.0027202896  -0.0006337349   0.0043272202  -0.0010151202  -0.0002322607
        0.0000528038  -0.0140977576   0.5527253031   0.1825340738   0.0452070967
       -0.2397890369  -0.0883071090   0.0800224157   0.0049979911   0.0118172397
       -0.0061116315  -0.0473853404  -0.0225433751  -0.0660748466   0.0301029751
        0.0078401792  -0.0587579989  -0.1943738426  -0.0794405004   0.0033669810
        0.0024695923  -0.0008825177   0.0001889358   0.0004605650   0.0001831171
       -0.0014596719   0.0028471935  -0.0012983381   0.0020715432  -0.0013840630
        0.0000829452  -0.0000437464  -0.0002754781  -0.0006144350   0.0011795341
       -0.0002196360   0.0000332896  -0.0012588083  -0.0003478930  -0.0014132802
        0.0060799716  -0.0192530692  -0.0087664156  -0.0123447802  -0.0190406250
       -0.0108944869
        0.0000554080  -0.0000943713  -0.0001503354  -0.0004601029   0.0045062225
        0.0041989589  -0.0116507044   0.0027086303  -0.0001624643  -0.0073880963
        0.0018210236  -0.0546172142   0.0103975880  -0.0007160374   0.0012492828
        0.0010001207   0.0042407549   0.0053517186   0.0005088505   0.0000519669
       -0.0001063228   0.0431721710   0.1825340738   0.2271387436   0.0142510216
       -0.0803187617  -0.0825337850   0.0359123615   0.0046883627   0.0071327338
       -0.0019262885  -0.0224846140  -0.0140280677  -0.0377965726   0.0125418260
        0.0029089675  -0.0419016826  -0.0854944059  -0.0923098306   0.0005865200
       -0.0011002484   0.0045605973  -0.0001019957   0.0003523288  -0.0000610444
       -0.0015533690  -0.0008131203   0.0043819157  -0.0010664288  -0.0006292660
       -0.0012485888  -0.0000059593  -0.0006276254  -0.0011958838  -0.0005799039
        0.0000435669  -0.0000976427   0.0004479435  -0.0013329419  -0.0018250230
        0.0037460722  -0.0109626989  -0.0042584748  -0.0056469531  -0.0089146653
       -0.0043282407
        0.0002216802   0.0000296793  -0.0000382927  -0.0009548007   0.0002044141
       -0.0013263506  -0.0033735455  -0.0023912182   0.0015804752  -0.0245698674
        0.0265199389   0.0098121106  -0.0001676539   0.0026914398   0.0003190663
       -0.0000392033   0.0000047842  -0.0012272132  -0.0000486414  -0.0000362545
       -0.0000210946  -0.1202736977   0.0452070967   0.0142510216   0.6453752548
       -0.0085012228   0.0543609242  -0.3174680667   0.0501621313  -0.0040208723
       -0.0451484045  -0.0590347047  -0.0336655754  -0.0375609141   0.0277945697
        0.0096221653   0.0509831351   0.0104720207   0.0109472671   0.0001193264
       -0.0011438113  -0.0004574737   0.0010591656  -0.0007546144  -0.0007062683
       -0.0189709559   0.0179986218   0.0064382696   0.0008055288   0.0000905422
        0.0001256811   0.0000287793   0.0001409795   0.0002358724  -0.0003762069
        0.0000570487   0.0000110049  -0.0002454371   0.0004692799   0.0005687676
       -0.1280541835  -0.1075716938  -0.0647812677  -0.0013412914  -0.0024090271
       -0.0020282176
       -0.0004999868  -0.0000356868   0.0000207908   0.0008501447   0.0001624498
        0.0000473119  -0.0011809468   0.0019987008  -0.0006308107   0.0179703088
       -0.0060929387  -0.0016888736  -0.0032726741  -0.0024673655  -0.0002295829
        0.0008818726  -0.0001271237   0.0001219798  -0.0001045751  -0.0000802055
        0.0001084843   0.1046119024  -0.2397890369  -0.0803187617  -0.0085012228
        0.5529078357   0.2164778197  -0.0090514206  -0.0754171028  -0.0167966343
       -0.0110401212   0.0279521520   0.0126972296   0.0289134389  -0.0166673463
       -0.0037291664  -0.0348448752  -0.0507267062  -0.0303797688  -0.0010549241
       -0.0005783843  -0.0002931600  -0.0026527868  -0.0014553349  -0.0032205004
        0.0286469400  -0.0151108990  -0.0055654539  -0.0005079764   0.0001496983
       -0.0001007501  -0.0000255398   0.0000082434  -0.0000334989   0.0000485313
        0.0000238189  -0.0000202327  -0.0001832855   0.0001767856   0.0001513761
       -0.1066197694  -0.1733558231  -0.0823131668  -0.0023830342  -0.0014757306
       -0.0043046310
        0.0001838552  -0.0001841014   0.0001309602   0.0000434567   0.0000652833
       -0.0000483661  -0.0008796944   0.0008752059  -0.0000900869   0.0014240542
       -0.0002710244   0.0011885168   0.0004027541   0.0002732454  -0.0005646154
       -0.0003581480   0.0000374704   0.0000490982  -0.0000978402  -0.0001280027
        0.0000368029   0.0469531798  -0.0883071090  -0.0825337850   0.0543609242
        0.2164778197   0.2186694965  -0.0320207959  -0.0099062944  -0.0522918010
       -0.0107004390   0.0073625557   0.0024887609   0.0104848986  -0.0042965513
       -0.0035128100  -0.0127289080  -0.0252747112  -0.0112447082  -0.0003990779
       -0.0001851388  -0.0002829293  -0.0016634155  -0.0030307232   0.0030008024
        0.0116888180  -0.0068808603   0.0004363726  -0.0004030630  -0.0003005079
        0.0002748040   0.0000035854  -0.0000382817   0.0000013531  -0.0000459410
        0.0000130004  -0.0000484735  -0.0000289453  -0.0002103790   0.0002722388
       -0.0641243070  -0.0818637931  -0.0801947823  -0.0020949512  -0.0042271025
        0.0042631511
       -0.0000932643   0.0001082587  -0.0000288161   0.0000700038   0.0001736250
       -0.0001666014  -0.0009078872   0.0015081668  -0.0002624646   0.0024754293
        0.0019894263   0.0000288215  -0.0003323979  -0.0007684749  -0.0004271730
        0.0001812717  -0.0003491284   0.0002951112   0.0000900486   0.0001051544
       -0.0000380467  -0.0269745732   0.0800224157   0.0359123615  -0.3174680667
       -0.0090514206  -0.0320207959   0.5944200749   0.0196997969   0.0612876996
       -0.1449875252  -0.0674450677  -0.0428831193   0.0498043128  -0.0376171481
       -0.0127827734  -0.0480607160  -0.0200774193  -0.0149518970  -0.0004973251
        0.0040021099   0.0013322032  -0.0392951022  -0.0141581118  -0.0111637788
       -0.0464384519   0.0420822405   0.0176415422  -0.0006365152  -0.0001148263
        0.0001599819   0.0000135709  -0.0000160822  -0.0000346046  -0.0000312787
       -0.0000436288  -0.0000314430  -0.0002204700  -0.0002205893   0.0000903920
       -0.0205790816   0.0003369559  -0.0016692209  -0.0005320569  -0.0001662527
       -0.0002873786
       -0.0001179266  -0.0003078915   0.0001236875   0.0003266063   0.0002586055
        0.0002835793   0.0000215083  -0.0000959151   0.0000382921   0.0029590328
       -0.0021486082  -0.0038280133   0.0000275320   0.0000806981   0.0000286883
        0.0005162775   0.0006501947  -0.0000719623  -0.0001334426  -0.0001870597
        0.0000685229   0.0272584330   0.0049979911   0.0046883627   0.0501621313
       -0.0754171028  -0.0099062944   0.0196997969   0.4105749928   0.1543472992
       -0.1179354374  -0.1732565935  -0.0745358426   0.0126354179  -0.0520904376
       -0.0235572061  -0.0186576253  -0.0040049972  -0.0030198043   0.0019820752
        0.0005072880  -0.0019378883  -0.0018712459   0.0012131089  -0.0006393156
        0.0441064127  -0.1124131660  -0.0400961837  -0.0002818983  -0.0000110692
       -0.0001523466  -0.0000254539  -0.0000320448  -0.0000494250  -0.0000473375
       -0.0000276069   0.0000052362   0.0001007910  -0.0000179625  -0.0002267123
       -0.0206407075   0.0015680711  -0.0016281639  -0.0000849401   0.0001595049
        0.0000654901
       -0.0001385193  -0.0001365281   0.0000691470   0.0002826358  -0.0003333596
       -0.0000171825   0.0010217251  -0.0004651249   0.0001943733   0.0006758808
       -0.0040306145   0.0047532715  -0.0010346174   0.0001532872   0.0000165615
        0.0003240297   0.0000366489  -0.0003130572  -0.0001648866  -0.0001278392
        0.0000703525   0.0104648136   0.0118172397   0.0071327338  -0.0040208723
       -0.0167966343  -0.0522918010   0.0612876996   0.1543472992   0.1784859220
       -0.0676440523  -0.0694163178  -0.0846353215   0.0116940164  -0.0289321961
       -0.0134171099  -0.0140535615  -0.0030763148  -0.0055596273   0.0003219415
       -0.0018004950   0.0038743236  -0.0053373537  -0.0017654537   0.0004065472
        0.0187409968  -0.0403671042  -0.0381454179   0.0000282963   0.0002016185
       -0.0000754570   0.0000214759   0.0000197849   0.0000399035   0.0000792431
       -0.0000312234   0.0000339218  -0.0000948564   0.0001058113  -0.0000472262
       -0.0123475898   0.0006520498  -0.0007059634  -0.0001064454  -0.0000545336
        0.0001311061
        0.0001004486   0.0002459916  -0.0001308273  -0.0004193703  -0.0001759138
       -0.0000071622   0.0009351990   0.0000978638  -0.0002692437  -0.0023929721
        0.0001318662  -0.0000538511   0.0007907637   0.0001724746   0.0001467289
       -0.0006433853  -0.0003538106   0.0003269218   0.0002501479   0.0002845600
       -0.0001921540   0.0053383829  -0.0061116315  -0.0019262885  -0.0451484045
       -0.0110401212  -0.0107004390  -0.1449875252  -0.1179354374  -0.0676440523
        0.4751675726  -0.0052909867   0.0373525126  -0.1062692635   0.1052962810
        0.0447903042  -0.0267258558   0.0242158026   0.0094839896  -0.0000774002
       -0.0162713976  -0.0083616308  -0.1499012294   0.0165544651  -0.0057596754
        0.0026430274   0.0086183635   0.0043551106  -0.0001432328  -0.0003102941
        0.0001601613  -0.0000222743   0.0000078317  -0.0000065797   0.0000527567
       -0.0000152095   0.0000189056  -0.0000709198   0.0000719615  -0.0000591874
       -0.0042361551   0.0007554817  -0.0008270830  -0.0042403106   0.0010518592
       -0.0006964600
       -0.0000321850   0.0000336976  -0.0000321765   0.0000332727   0.0000193482
        0.0001054596  -0.0002121225  -0.0003017854   0.0003725185   0.0003039175
       -0.0004006001  -0.0002149349  -0.0003386181  -0.0000582111   0.0001863703
        0.0000121052  -0.0000379952  -0.0000829932   0.0000106730   0.0000359337
       -0.0000134463  -0.0060384606  -0.0473853404  -0.0224846140  -0.0590347047
        0.0279521520   0.0073625557  -0.0674450677  -0.1732565935  -0.0694163178
       -0.0052909867   0.4947668561   0.1949737647   0.0547402512  -0.2178655526
       -0.0792865684   0.0721564356   0.0060276966   0.0106740825  -0.0037295436
       -0.0317341373  -0.0169098583   0.0165484657  -0.0260871767  -0.0014197350
       -0.0040029500  -0.0351052364  -0.0184264037   0.0004280525   0.0000345408
       -0.0001388196   0.0000041760   0.0000140040   0.0000017107  -0.0000201968
        0.0000102267  -0.0000173454   0.0000649260   0.0001175334  -0.0000767039
        0.0011658405   0.0016453012  -0.0026132865   0.0006767198   0.0015753384
       -0.0025432586
       -0.0000161291   0.0000563692  -0.0000376499  -0.0000368782  -0.0000251349
        0.0000323815   0.0000430796  -0.0002091854   0.0002166653  -0.0001499807
       -0.0004024994   0.0001577299  -0.0002351437   0.0000097424   0.0001492014
       -0.0000443780  -0.0000891307   0.0000058365   0.0000134213   0.0000386155
       -0.0000197369  -0.0021444532  -0.0225433751  -0.0140280677  -0.0336655754
        0.0126972296   0.0024887609  -0.0428831193  -0.0745358426  -0.0846353215
        0.0373525126   0.1949737647   0.1911442935   0.0201235934  -0.0733810648
       -0.0781113982   0.0324680288   0.0057761034   0.0062295592  -0.0022153011
       -0.0186069829  -0.0072536401  -0.0057421485  -0.0013857285  -0.0209101762
       -0.0017292597  -0.0173792978  -0.0065218309   0.0004088355  -0.0000342877
        0.0000475780  -0.0000094463   0.0000147607   0.0000051650   0.0000008140
        0.0000130527  -0.0000014340   0.0000010590   0.0000697412  -0.0000428313
       -0.0006211687  -0.0025157833   0.0055412312  -0.0009183626  -0.0025410662
        0.0055436845
       -0.0001845649   0.0002153863  -0.0001087201   0.0000181469   0.0000097895
        0.0002355621  -0.0006281457   0.0007932303   0.0003426409   0.0014572195
       -0.0023080128  -0.0014069579  -0.0013907164  -0.0008743237   0.0000656230
       -0.0001523498  -0.0004537018   0.0002772916   0.0001299546   0.0002013506
       -0.0001086514  -0.0481117391  -0.0660748466  -0.0377965726  -0.0375609141
        0.0289134389   0.0104848986   0.0498043128   0.0126354179   0.0116940164
       -0.1062692635   0.0547402512   0.0201235934   0.5722067677  -0.0766050982
        0.0145755086  -0.3116324979   0.0741274458   0.0060812395  -0.0674345119
       -0.0501021610  -0.0294979064  -0.0335906758   0.0234464221   0.0075062767
       -0.0016605406  -0.0031882706  -0.0022553427   0.0005846010  -0.0000682428
       -0.0001861029  -0.0000006075  -0.0000228935   0.0000107946  -0.0000396725
       -0.0000352227  -0.0000141963  -0.0000654016   0.0001340890  -0.0001100388
       -0.0003703808   0.0004871662   0.0000757156  -0.0151090204   0.0040287861
        0.0000113280
        0.0001301525   0.0001190771  -0.0000712064  -0.0004913084  -0.0000979967
        0.0001965781  -0.0000633348   0.0000012939  -0.0002869292  -0.0036013763
       -0.0008134279  -0.0040613186   0.0006393317   0.0000301668  -0.0000270799
       -0.0004491491   0.0000139164   0.0006054013   0.0001721753   0.0000857713
       -0.0000734362  -0.0132784287   0.0301029751   0.0125418260   0.0277945697
       -0.0166673463  -0.0042965513  -0.0376171481  -0.0520904376  -0.0289321961
        0.1052962810  -0.2178655526  -0.0733810648  -0.0766050982   0.4341605718
        0.1574321306   0.0146571116  -0.0816617617  -0.0168027617  -0.0518618261
       -0.0869187522  -0.0386764666   0.0111324048  -0.0054727414  -0.0024986368
       -0.0012173427   0.0018698926  -0.0015862934   0.0002921232   0.0001881214
        0.0000414587  -0.0000091642  -0.0000591713  -0.0000506024   0.0000297602
       -0.0000330546   0.0000201081  -0.0000822905  -0.0001619720  -0.0000459985
        0.0002677392   0.0000369502   0.0000407313   0.0248648176  -0.0047665225
       -0.0000876919
        0.0000683082   0.0001175558  -0.0000587472  -0.0001699140  -0.0003524417
       -0.0001741755   0.0010819368   0.0001847421  -0.0000532583  -0.0020324666
       -0.0041250658   0.0046186342  -0.0012560624  -0.0000262378  -0.0000390643
       -0.0003565948  -0.0005912779   0.0001673370  -0.0000397738   0.0000301083
       -0.0000181305  -0.0119328488   0.0078401792   0.0029089675   0.0096221653
       -0.0037291664  -0.0035128100  -0.0127827734  -0.0235572061  -0.0134171099
        0.0447903042  -0.0792865684  -0.0781113982   0.0145755086   0.1574321306
        0.1765001607  -0.0220122154  -0.0107012575  -0.0517240183  -0.0307910639
       -0.0384383483  -0.0429779892   0.0017350820  -0.0011207077   0.0014841158
       -0.0012397298  -0.0018366538   0.0037581167   0.0000186823   0.0003182709
       -0.0001247618  -0.0000257650   0.0000187431   0.0000597398   0.0000788031
       -0.0000057976   0.0000158510  -0.0000718074   0.0000379416   0.0000897679
        0.0000500300  -0.0000348699   0.0001580535   0.0106901947  -0.0021740727
        0.0004507192
        0.0003608733  -0.0005969367   0.0002728082   0.0001251926   0.0004401455
        0.0005338758   0.0004803670  -0.0033695859   0.0000523003  -0.0318618409
       -0.0190418257  -0.0123522192  -0.0015893748   0.0026299582  -0.0012699161
       -0.0013325412   0.0006347466   0.0013297383  -0.0002753168  -0.0000667005
        0.0000003324  -0.1557177077  -0.0587579989  -0.0419016826   0.0509831351
       -0.0348448752  -0.0127289080  -0.0480607160  -0.0186576253  -0.0140535615
       -0.0267258558   0.0721564356   0.0324680288  -0.3116324979   0.0146571116
       -0.0220122154   0.6369941349  -0.0356253840   0.0409536565  -0.0284804933
       -0.0135463313  -0.0104292716   0.0018021593   0.0001566223  -0.0001719624
        0.0005085611   0.0008299379   0.0005672435  -0.0011885877   0.0011135210
       -0.0014046661   0.0000424285  -0.0001044928  -0.0002145514  -0.0001033141
       -0.0000289354   0.0000367714   0.0000063048  -0.0002963373  -0.0004181157
       -0.0003403156   0.0024268833   0.0005242992  -0.0839945948   0.0898916668
        0.0402180157
        0.0004479649   0.0001982793  -0.0001233953  -0.0008690502  -0.0002689121
        0.0001703197   0.0023651135  -0.0019169471  -0.0000233970  -0.0103639960
        0.0033942875   0.0000942859   0.0023175694   0.0012514253  -0.0003128841
       -0.0006799730  -0.0001174668   0.0000700856   0.0001824740   0.0001368302
       -0.0000922121  -0.1175123968  -0.1943738426  -0.0854944059   0.0104720207
       -0.0507267062  -0.0252747112  -0.0200774193  -0.0040049972  -0.0030763148
        0.0242158026   0.0060276966   0.0057761034   0.0741274458  -0.0816617617
       -0.0107012575  -0.0356253840   0.5592886673   0.2205062355  -0.0242596309
       -0.0038519494  -0.0058862433   0.0021593113  -0.0022056335  -0.0030602977
        0.0007088760  -0.0009366471  -0.0002303499   0.0011307313  -0.0006902745
        0.0008507150   0.0000047779  -0.0000436205  -0.0000069962   0.0000498825
        0.0000195452   0.0000812715  -0.0000828779  -0.0002840249   0.0000573712
        0.0023265037  -0.0029712932  -0.0042514303   0.0889622544  -0.2262626545
       -0.0890724925
       -0.0000363607  -0.0001445642   0.0000765880   0.0001913609  -0.0001083440
        0.0000220767   0.0008698875   0.0011207197  -0.0007704257  -0.0035433723
       -0.0016617417  -0.0000377130   0.0010261711   0.0005047315   0.0001665150
       -0.0000468544  -0.0000287960   0.0000820772  -0.0000027561  -0.0000488473
       -0.0000008777  -0.0749804597  -0.0794405004  -0.0923098306   0.0109472671
       -0.0303797688  -0.0112447082  -0.0149518970  -0.0030198043  -0.0055596273
        0.0094839896   0.0106740825   0.0062295592   0.0060812395  -0.0168027617
       -0.0517240183   0.0409536565   0.2205062355   0.2225068370  -0.0153685995
       -0.0046210745  -0.0014602311   0.0006578440  -0.0033191290   0.0030594997
        0.0004074369  -0.0002615575  -0.0002028959  -0.0022648204   0.0004844153
       -0.0012128372   0.0000082195  -0.0000305419   0.0000281651   0.0000732456
       -0.0000434650  -0.0000031100   0.0000228092  -0.0002203041   0.0000081983
        0.0004086246  -0.0043225117   0.0046321127   0.0400633680  -0.0888364726
       -0.0722853540
        0.0000185694  -0.0001071165   0.0000589154   0.0002210884   0.0001762806
       -0.0000036289  -0.0001023306  -0.0003945311   0.0002274088  -0.0003013103
       -0.0009875918  -0.0006066641  -0.0002926806   0.0001966559  -0.0000176091
        0.0000922953   0.0001487214   0.0000675041  -0.0000030411   0.0000713423
       -0.0000315124  -0.0037315434   0.0033669810   0.0005865200   0.0001193264
       -0.0010549241  -0.0003990779  -0.0004973251   0.0019820752   0.0003219415
       -0.0000774002  -0.0037295436  -0.0022153011  -0.0674345119  -0.0518618261
       -0.0307910639  -0.0284804933  -0.0242596309  -0.0153685995   0.0950551027
        0.0735108280   0.0456121607   0.0048568458   0.0029645706   0.0021342368
        0.0001231347   0.0002171484   0.0001989946  -0.0001420486  -0.0000507507
        0.0000530951  -0.0000171378   0.0000309729  -0.0000411534   0.0000010845
        0.0000564081  -0.0000171988   0.0000739100   0.0000503148  -0.0000633012
        0.0001549512   0.0001622254   0.0002302530   0.0003635146  -0.0004886098
        0.0000640803
        0.0000358088  -0.0000537809   0.0000402033   0.0002240911   0.0001450703
       -0.0000271854  -0.0001335112  -0.0003806954   0.0002301017   0.0002475904
       -0.0001940119  -0.0001138795  -0.0000673988   0.0001716868   0.0000359845
        0.0001230817   0.0001106289  -0.0000393948  -0.0000136915   0.0000397547
       -0.0000132018   0.0004654058   0.0024695923  -0.0011002484  -0.0011438113
       -0.0005783843  -0.0001851388   0.0040021099   0.0005072880  -0.0018004950
       -0.0162713976  -0.0317341373  -0.0186069829  -0.0501021610  -0.0869187522
       -0.0384383483  -0.0135463313  -0.0038519494  -0.0046210745   0.0735108280
        0.1219206680   0.0630693630   0.0027999616  -0.0014850881   0.0001636950
       -0.0005540656  -0.0010499018  -0.0003977256  -0.0001407182   0.0000758986
       -0.0000236378  -0.0000002338   0.0000320938  -0.0000250836   0.0000016095
        0.0000652927  -0.0000157399   0.0000802690   0.0000335557  -0.0000464235
        0.0001270094   0.0000893749   0.0005788733   0.0003555553   0.0005857968
        0.0013363389
        0.0000135946  -0.0000397662   0.0000274922   0.0001209295   0.0000986702
       -0.0000132146  -0.0000267914  -0.0002791062   0.0001043746  -0.0000581771
       -0.0001164089  -0.0002091442  -0.0000269413   0.0001194568  -0.0000157518
        0.0000655020   0.0001094925  -0.0000072531  -0.0000081586   0.0000224657
       -0.0000018606  -0.0005582256  -0.0008825177   0.0045605973  -0.0004574737
       -0.0002931600  -0.0002829293   0.0013322032  -0.0019378883   0.0038743236
       -0.0083616308  -0.0169098583  -0.0072536401  -0.0294979064  -0.0386764666
       -0.0429779892  -0.0104292716  -0.0058862433  -0.0014602311   0.0456121607
        0.0630693630   0.0467812980   0.0019903784   0.0001409977  -0.0008100041
       -0.0002729028  -0.0003608651  -0.0002843459  -0.0001081966  -0.0000066655
        0.0000028612  -0.0000010769   0.0000170477  -0.0000222622  -0.0000024047
        0.0000335663  -0.0000081232   0.0000248971   0.0000270444  -0.0000367546
        0.0002027456   0.0005779253  -0.0007498781   0.0004467461   0.0011729165
       -0.0012175648
       -0.0000228680  -0.0002454203   0.0001057572   0.0002572727   0.0001442859
        0.0000456928  -0.0003595927  -0.0005266997   0.0001587275   0.0007529768
       -0.0000413479   0.0001163916  -0.0003932116   0.0001963237   0.0000489925
        0.0003735174   0.0002425490  -0.0002384619  -0.0000383459  -0.0000484150
        0.0000662471  -0.0015905883   0.0001889358  -0.0001019957   0.0010591656
       -0.0026527868  -0.0016634155  -0.0392951022  -0.0018712459  -0.0053373537
       -0.1499012294   0.0165484657  -0.0057421485  -0.0335906758   0.0111324048
        0.0017350820   0.0018021593   0.0021593113   0.0006578440   0.0048568458
        0.0027999616   0.0019903784   0.2146865665  -0.0243883513   0.0098037496
        0.0033096092  -0.0040517470  -0.0015049212  -0.0000374749   0.0000599276
        0.0000035529  -0.0000336835   0.0000039997  -0.0000084206   0.0000219685
        0.0000333428  -0.0000381200   0.0001452714   0.0000477012  -0.0000600877
       -0.0010687276   0.0004396819   0.0001300990  -0.0009338533  -0.0001708773
       -0.0001675898
       -0.0000133082   0.0000512870  -0.0000229297  -0.0000281694  -0.0000349273
       -0.0000360584   0.0001057385   0.0000107085   0.0000142612  -0.0001529008
       -0.0001597334   0.0004435019  -0.0000143291  -0.0000033863   0.0000163009
       -0.0000440070  -0.0000728050   0.0000179620  -0.0000074099   0.0000012705
       -0.0000050297   0.0002583875   0.0004605650   0.0003523288  -0.0007546144
       -0.0014553349  -0.0030307232  -0.0141581118   0.0012131089  -0.0017654537
        0.0165544651  -0.0260871767  -0.0013857285   0.0234464221  -0.0054727414
       -0.0011207077   0.0001566223  -0.0022056335  -0.0033191290   0.0029645706
       -0.0014850881   0.0001409977  -0.0243883513   0.0348876576   0.0094238284
       -0.0041619746   0.0002990759   0.0002550317   0.0000167207   0.0000631534
       -0.0000231379  -0.0000037643  -0.0000003299   0.0000045440  -0.0000152276
        0.0000064558   0.0000013445  -0.0000073341   0.0000050523  -0.0000078739
       -0.0007163874   0.0000499542  -0.0000392233   0.0009629633  -0.0000711326
        0.0000858940
        0.0000103287  -0.0000230016   0.0000077905   0.0000161074   0.0000507402
        0.0000305367  -0.0002093259   0.0000054441  -0.0000015080   0.0001308136
        0.0004307496  -0.0008300521   0.0001370728  -0.0000353813   0.0000183457
       -0.0000049291   0.0000595868   0.0000073143   0.0000419129   0.0000312515
       -0.0000175623  -0.0000493069   0.0001831171  -0.0000610444  -0.0007062683
       -0.0032205004   0.0030008024  -0.0111637788  -0.0006393156   0.0004065472
       -0.0057596754  -0.0014197350  -0.0209101762   0.0075062767  -0.0024986368
        0.0014841158  -0.0001719624  -0.0030602977   0.0030594997   0.0021342368
        0.0001636950  -0.0008100041   0.0098037496   0.0094238284   0.0157737969
       -0.0016614662   0.0004893857  -0.0010704719   0.0000122818  -0.0000293677
        0.0000192510   0.0000000071  -0.0000039495  -0.0000118004  -0.0000101517
       -0.0000036165  -0.0000068732   0.0000242860   0.0000071162  -0.0000342239
       -0.0004534356   0.0001092983  -0.0000158268   0.0003732269  -0.0000204110
       -0.0000384568
        0.0000131926  -0.0001208221   0.0000484343   0.0000708560   0.0000401277
       -0.0001314792  -0.0003001152  -0.0002347768   0.0000957527  -0.0001583594
        0.0010938272   0.0004326726   0.0000002342   0.0001078069  -0.0000738865
        0.0001295671   0.0000718385  -0.0001372591  -0.0000046807  -0.0000042156
       -0.0000054534  -0.0041615240  -0.0014596719  -0.0015533690  -0.0189709559
        0.0286469400   0.0116888180  -0.0464384519   0.0441064127   0.0187409968
        0.0026430274  -0.0040029500  -0.0017292597  -0.0016605406  -0.0012173427
       -0.0012397298   0.0005085611   0.0007088760   0.0004074369   0.0001231347
       -0.0005540656  -0.0002729028   0.0033096092  -0.0041619746  -0.0016614662
        0.0644413683  -0.0632131875  -0.0250617578  -0.0000624764  -0.0000751130
        0.0000189554  -0.0000262068   0.0000093146   0.0000164299  -0.0000126798
        0.0000112594  -0.0000002519  -0.0000014249   0.0000631451  -0.0000154867
        0.0004483546   0.0004275107   0.0004138864   0.0001095103  -0.0002429392
        0.0000189191
       -0.0000298281   0.0001790457  -0.0000612915  -0.0000974078  -0.0000195850
        0.0000716875   0.0001004138   0.0002110891  -0.0000533844  -0.0001977691
       -0.0005584845  -0.0001594602   0.0000423870  -0.0001424582   0.0001378662
       -0.0001787640  -0.0001312678   0.0001389324   0.0000429878   0.0000879500
       -0.0000094707   0.0014549275   0.0028471935  -0.0008131203   0.0179986218
       -0.0151108990  -0.0068808603   0.0420822405  -0.1124131660  -0.0403671042
        0.0086183635  -0.0351052364  -0.0173792978  -0.0031882706   0.0018698926
       -0.0018366538   0.0008299379  -0.0009366471  -0.0002615575   0.0002171484
       -0.0010499018  -0.0003608651  -0.0040517470   0.0002990759   0.0004893857
       -0.0632131875   0.1590545378   0.0654641460   0.0001237788   0.0000528785
        0.0000610113   0.0000250821   0.0000055270  -0.0000116109  -0.0000224051
       -0.0000030834  -0.0000056228   0.0000333981   0.0000413243  -0.0000144968
       -0.0003881876   0.0006132184   0.0012990449  -0.0002017204   0.0002089963
        0.0005527225
       -0.0000227811   0.0000856821  -0.0000267785  -0.0000511178   0.0000045500
        0.0000235645   0.0000369319   0.0001066431  -0.0000342007   0.0000052287
       -0.0001076064  -0.0001012027  -0.0000360752  -0.0001062912   0.0000272540
       -0.0000505465  -0.0000669537   0.0000749542   0.0000205425   0.0000366422
       -0.0000020588  -0.0004270957  -0.0012983381   0.0043819157   0.0064382696
       -0.0055654539   0.0004363726   0.0176415422  -0.0400961837  -0.0381454179
        0.0043551106  -0.0184264037  -0.0065218309  -0.0022553427  -0.0015862934
        0.0037581167   0.0005672435  -0.0002303499  -0.0002028959   0.0001989946
       -0.0003977256  -0.0002843459  -0.0015049212   0.0002550317  -0.0010704719
       -0.0250617578   0.0654641460   0.0397552141   0.0000360245   0.0000394057
        0.0000044044   0.0000073901   0.0000015469  -0.0000117662  -0.0000142987
        0.0000059821  -0.0000061825   0.0000426097   0.0000046169  -0.0000100823
        0.0000486989   0.0012625783  -0.0012568878   0.0000253497   0.0006147745
       -0.0007876745
       -0.0039044140   0.0027714085  -0.0011873450  -0.0287726583  -0.0257046147
        0.0146130790  -0.0647879540  -0.0491970440   0.0283528490   0.0041643120
       -0.0040538421   0.0019107468  -0.0011695462   0.0008196789  -0.0004304745
        0.0011090403  -0.0001918214   0.0000523020  -0.0001366697  -0.0001942462
        0.0000983005   0.0001443559   0.0020715432  -0.0010664288   0.0008055288
       -0.0005079764  -0.0004030630  -0.0006365152  -0.0002818983   0.0000282963
       -0.0001432328   0.0004280525   0.0004088355   0.0005846010   0.0002921232
        0.0000186823  -0.0011885877   0.0011307313  -0.0022648204  -0.0001420486
       -0.0001407182  -0.0001081966  -0.0000374749   0.0000167207   0.0000122818
       -0.0000624764   0.0001237788   0.0000360245   0.0944726131   0.0725429196
       -0.0396222027  -0.0006157069  -0.0008851906   0.0003754960   0.0004303854
       -0.0004522850   0.0001619500   0.0000088688   0.0003669604  -0.0001907225
       -0.0000433933   0.0000295394   0.0000769550  -0.0000790275   0.0010161803
       -0.0008725454
        0.0000006829   0.0019995557   0.0015776525  -0.0140523197  -0.0050064921
        0.0045038922  -0.0488105274  -0.0871810738   0.0380354499  -0.0132862028
       -0.0288830543   0.0165614448   0.0033405924  -0.0013372450   0.0031907050
       -0.0000237039   0.0007293720  -0.0003775891  -0.0002830961  -0.0003234563
       -0.0003023553  -0.0007152063  -0.0013840630  -0.0006292660   0.0000905422
        0.0001496983  -0.0003005079  -0.0001148263  -0.0000110692   0.0002016185
       -0.0003102941   0.0000345408  -0.0000342877  -0.0000682428   0.0001881214
        0.0003182709   0.0011135210  -0.0006902745   0.0004844153  -0.0000507507
        0.0000758986  -0.0000066655   0.0000599276   0.0000631534  -0.0000293677
       -0.0000751130   0.0000528785   0.0000394057   0.0725429196   0.1210715537
       -0.0632778521   0.0000930082  -0.0001231370  -0.0000374579   0.0005196782
        0.0006502468  -0.0014031053  -0.0008451496  -0.0006924812   0.0002758678
       -0.0001447886   0.0001572109   0.0000621059   0.0010193490   0.0004601165
        0.0011476257
        0.0000995627   0.0015007742   0.0041693823   0.0081274574   0.0046540928
       -0.0001920440   0.0281220204   0.0385435519  -0.0421213784   0.0071956030
        0.0161691457  -0.0069297860  -0.0015915504   0.0029719718   0.0030290597
       -0.0000770727  -0.0004641727   0.0002338920   0.0001379489  -0.0002534483
       -0.0007163870  -0.0000138857   0.0000829452  -0.0012485888   0.0001256811
       -0.0001007501   0.0002748040   0.0001599819  -0.0001523466  -0.0000754570
        0.0001601613  -0.0001388196   0.0000475780  -0.0001861029   0.0000414587
       -0.0001247618  -0.0014046661   0.0008507150  -0.0012128372   0.0000530951
       -0.0000236378   0.0000028612   0.0000035529  -0.0000231379   0.0000192510
        0.0000189554   0.0000610113   0.0000044044  -0.0396222027  -0.0632778521
        0.0482649192  -0.0000663387   0.0000159234  -0.0000949311  -0.0003027659
       -0.0013210326  -0.0011577121   0.0004710883   0.0002778748  -0.0002066070
        0.0000975725  -0.0000524169  -0.0001075907  -0.0015080956   0.0006381498
       -0.0018580707
       -0.3058536718   0.0270422293  -0.0079497571  -0.0198140101  -0.0005420358
        0.0006792013  -0.0009068124  -0.0026525923   0.0016713507   0.0005863400
       -0.0000180868   0.0000041498  -0.0006049885   0.0022431497  -0.0010150916
       -0.0148355114   0.0029309741  -0.0011971222   0.0012088187  -0.0000992560
        0.0000295692   0.0001595450  -0.0000437464  -0.0000059593   0.0000287793
       -0.0000255398   0.0000035854   0.0000135709  -0.0000254539   0.0000214759
       -0.0000222743   0.0000041760  -0.0000094463  -0.0000006075  -0.0000091642
       -0.0000257650   0.0000424285   0.0000047779   0.0000082195  -0.0000171378
       -0.0000002338  -0.0000010769  -0.0000336835  -0.0000037643   0.0000000071
       -0.0000262068   0.0000250821   0.0000073901  -0.0006157069   0.0000930082
       -0.0000663387   0.3405116376  -0.0293840419   0.0081274276   0.0008077147
        0.0005037941  -0.0003438178  -0.0006277953  -0.0000157673   0.0000417342
        0.0000031200  -0.0000250652  -0.0000087613  -0.0000035483  -0.0000024437
        0.0000290253
        0.0262354362  -0.0430437964   0.0043512134  -0.0206060593   0.0012182483
       -0.0000524260  -0.0023312298  -0.0007523562   0.0045466892  -0.0002898456
       -0.0003112156   0.0001699445   0.0020934767  -0.0024931561   0.0045824479
        0.0242112389  -0.0033742851   0.0016038020   0.0005609613   0.0002879309
       -0.0010335319  -0.0000090143  -0.0002754781  -0.0006276254   0.0001409795
        0.0000082434  -0.0000382817  -0.0000160822  -0.0000320448   0.0000197849
        0.0000078317   0.0000140040   0.0000147607  -0.0000228935  -0.0000591713
        0.0000187431  -0.0001044928  -0.0000436205  -0.0000305419   0.0000309729
        0.0000320938   0.0000170477   0.0000039997  -0.0000003299  -0.0000039495
        0.0000093146   0.0000055270   0.0000015469  -0.0008851906  -0.0001231370
        0.0000159234  -0.0293840419   0.0490778876  -0.0122945782  -0.0009287999
        0.0000154007  -0.0013375141   0.0012786190  -0.0001907973   0.0000284187
       -0.0000066703   0.0000352317   0.0000257031   0.0000114895   0.0000048209
        0.0000224233
       -0.0074813598   0.0043675839  -0.0353931908   0.0107286489  -0.0003635007
        0.0003411595   0.0014124247   0.0044696628   0.0058149714   0.0000119940
        0.0004395889  -0.0001562959  -0.0008847539   0.0045065844   0.0044999834
       -0.0117653565   0.0020939092   0.0000333141  -0.0003674453  -0.0010848088
       -0.0012092142   0.0001155181  -0.0006144350  -0.0011958838   0.0002358724
       -0.0000334989   0.0000013531  -0.0000346046  -0.0000494250   0.0000399035
       -0.0000065797   0.0000017107   0.0000051650   0.0000107946  -0.0000506024
        0.0000597398  -0.0002145514  -0.0000069962   0.0000281651  -0.0000411534
       -0.0000250836  -0.0000222622  -0.0000084206   0.0000045440  -0.0000118004
        0.0000164299  -0.0000116109  -0.0000117662   0.0003754960  -0.0000374579
       -0.0000949311   0.0081274276  -0.0122945782   0.0293979915   0.0004082364
       -0.0013767403  -0.0019691326  -0.0006405673   0.0000605728  -0.0000934718
        0.0000157891  -0.0000090096  -0.0000280793  -0.0000138393   0.0000135907
       -0.0000357180
        0.0062182979  -0.0132809926   0.0066938996  -0.0852727745   0.0874760034
       -0.0438986679  -0.0146962528   0.0243027231  -0.0122182641  -0.0054260358
        0.0004558747  -0.0001798987  -0.0002251604  -0.0005120353   0.0002524336
       -0.0010957045  -0.0023998456   0.0013723332   0.0000880167  -0.0006917734
        0.0003377018  -0.0003017354   0.0011795341  -0.0005799039  -0.0003762069
        0.0000485313  -0.0000459410  -0.0000312787  -0.0000473375   0.0000792431
        0.0000527567  -0.0000201968   0.0000008140  -0.0000396725   0.0000297602
        0.0000788031  -0.0001033141   0.0000498825   0.0000732456   0.0000010845
        0.0000016095  -0.0000024047   0.0000219685  -0.0000152276  -0.0000101517
       -0.0000126798  -0.0000224051  -0.0000142987   0.0004303854   0.0005196782
       -0.0003027659   0.0008077147  -0.0009287999   0.0004082364   0.0999320293
       -0.0960977899   0.0480255545  -0.0000030625  -0.0000809261   0.0000228145
        0.0000117185  -0.0000641120  -0.0000549577   0.0000199058   0.0000978447
       -0.0000378252
        0.0066024036  -0.0198237204   0.0103061021   0.0885661724  -0.2173972993
        0.0928653920   0.0030431295  -0.0039262528   0.0024228179   0.0008732463
        0.0017170069   0.0026294776  -0.0002841578   0.0004111262  -0.0002858663
       -0.0029181425  -0.0006083591   0.0046052223   0.0003418831  -0.0006889760
        0.0002505322  -0.0001367087  -0.0002196360   0.0000435669   0.0000570487
        0.0000238189   0.0000130004  -0.0000436288  -0.0000276069  -0.0000312234
       -0.0000152095   0.0000102267   0.0000130527  -0.0000352227  -0.0000330546
       -0.0000057976  -0.0000289354   0.0000195452  -0.0000434650   0.0000564081
        0.0000652927   0.0000335663   0.0000333428   0.0000064558  -0.0000036165
        0.0000112594  -0.0000030834   0.0000059821  -0.0004522850   0.0006502468
       -0.0013210326   0.0005037941   0.0000154007  -0.0013767403  -0.0960977899
        0.2401043081  -0.1095305031  -0.0000608779  -0.0002531374  -0.0006329954
       -0.0000270079   0.0000021029   0.0000160639   0.0000112782  -0.0000444050
        0.0000264637
       -0.0037200428   0.0102571522  -0.0046665146  -0.0438514979   0.0931697161
       -0.0808922604  -0.0017663204   0.0021712099  -0.0001686797   0.0000115573
        0.0025233047   0.0055319128   0.0003395713  -0.0002740993  -0.0000445668
        0.0014785034   0.0046498444   0.0057851614  -0.0002048195   0.0002823625
       -0.0002499397  -0.0000767366   0.0000332896  -0.0000976427   0.0000110049
       -0.0000202327  -0.0000484735  -0.0000314430   0.0000052362   0.0000339218
        0.0000189056  -0.0000173454  -0.0000014340  -0.0000141963   0.0000201081
        0.0000158510   0.0000367714   0.0000812715  -0.0000031100  -0.0000171988
       -0.0000157399  -0.0000081232  -0.0000381200   0.0000013445  -0.0000068732
       -0.0000002519  -0.0000056228  -0.0000061825   0.0001619500  -0.0014031053
       -0.0011577121  -0.0003438178  -0.0013375141  -0.0019691326   0.0480255545
       -0.1095305031   0.0791249163   0.0000026999  -0.0005944060  -0.0011599880
       -0.0000128446  -0.0000066523  -0.0000088695  -0.0000092287   0.0000103811
       -0.0000022609
       -0.0056980456   0.0005108108  -0.0000141844  -0.0002478811  -0.0004451121
        0.0002358309  -0.0013154485  -0.0020179885   0.0012064375   0.0061878161
       -0.0124791327   0.0063086620  -0.0856586824   0.0875460688  -0.0445056502
       -0.0142609382   0.0244585574  -0.0120679214   0.0005508105   0.0003185475
       -0.0002085776   0.0007283465  -0.0012588083   0.0004479435  -0.0002454371
       -0.0001832855  -0.0000289453  -0.0002204700   0.0001007910  -0.0000948564
       -0.0000709198   0.0000649260   0.0000010590  -0.0000654016  -0.0000822905
       -0.0000718074   0.0000063048  -0.0000828779   0.0000228092   0.0000739100
        0.0000802690   0.0000248971   0.0001452714  -0.0000073341   0.0000242860
       -0.0000014249   0.0000333981   0.0000426097   0.0000088688  -0.0008451496
        0.0004710883  -0.0006277953   0.0012786190  -0.0006405673  -0.0000030625
       -0.0000608779   0.0000026999   0.1008683007  -0.0971153565   0.0481555738
       -0.0002048166   0.0000912671   0.0006025713   0.0000506950   0.0000949588
        0.0000860419
        0.0008667933   0.0017723404   0.0025444587  -0.0003603074   0.0004009951
       -0.0002758274  -0.0027422979  -0.0008966903   0.0043512266   0.0060563365
       -0.0200800365   0.0102412906   0.0884344240  -0.2161765174   0.0922704516
        0.0034386047  -0.0040081927   0.0024232607  -0.0003172393   0.0006701151
       -0.0012579482   0.0009784019  -0.0003478930  -0.0013329419   0.0004692799
        0.0001767856  -0.0002103790  -0.0002205893  -0.0000179625   0.0001058113
        0.0000719615   0.0001175334   0.0000697412   0.0001340890  -0.0001619720
        0.0000379416  -0.0002963373  -0.0002840249  -0.0002203041   0.0000503148
        0.0000335557   0.0000270444   0.0000477012   0.0000050523   0.0000071162
        0.0000631451   0.0000413243   0.0000046169   0.0003669604  -0.0006924812
        0.0002778748  -0.0000157673  -0.0001907973   0.0000605728  -0.0000809261
       -0.0002531374  -0.0005944060  -0.0971153565   0.2394204745  -0.1086244369
        0.0000722357   0.0004125296   0.0000474977   0.0000985730   0.0000589993
        0.0000473384
       -0.0001311643   0.0027180884   0.0055161816   0.0000395295  -0.0002788678
       -0.0000389188   0.0016028390   0.0041695471   0.0055476168  -0.0038318401
        0.0108234006  -0.0045380707  -0.0449841658   0.0927731223  -0.0797162273
       -0.0010411834   0.0019597265  -0.0001163549   0.0000516498  -0.0013710474
       -0.0012033134  -0.0001719072  -0.0014132802  -0.0018250230   0.0005687676
        0.0001513761   0.0002722388   0.0000903920  -0.0002267123  -0.0000472262
       -0.0000591874  -0.0000767039  -0.0000428313  -0.0001100388  -0.0000459985
        0.0000897679  -0.0004181157   0.0000573712   0.0000081983  -0.0000633012
       -0.0000464235  -0.0000367546  -0.0000600877  -0.0000078739  -0.0000342239
       -0.0000154867  -0.0000144968  -0.0000100823  -0.0001907225   0.0002758678
       -0.0002066070   0.0000417342   0.0000284187  -0.0000934718   0.0000228145
       -0.0006329954  -0.0011599880   0.0481555738  -0.1086244369   0.0783947422
        0.0005763624  -0.0001954145  -0.0006901814  -0.0000724621  -0.0000226676
       -0.0000694712
        0.0000191688   0.0000042157  -0.0000149356  -0.0000843111  -0.0000211495
       -0.0000339314   0.0001280086   0.0000765708   0.0000067845   0.0007038995
        0.0007899707   0.0006897953  -0.0002721651   0.0002838895  -0.0000048079
       -0.0001631221  -0.0000570395  -0.0001060530  -0.0000092679  -0.0000333541
        0.0000362811   0.0062080637   0.0060799716   0.0037460722  -0.1280541835
       -0.1066197694  -0.0641243070  -0.0205790816  -0.0206407075  -0.0123475898
       -0.0042361551   0.0011658405  -0.0006211687  -0.0003703808   0.0002677392
        0.0000500300  -0.0003403156   0.0023265037   0.0004086246   0.0001549512
        0.0001270094   0.0002027456  -0.0010687276  -0.0007163874  -0.0004534356
        0.0004483546  -0.0003881876   0.0000486989  -0.0000433933  -0.0001447886
        0.0000975725   0.0000031200  -0.0000066703   0.0000157891   0.0000117185
       -0.0000270079  -0.0000128446  -0.0002048166   0.0000722357   0.0005763624
        0.1474816539   0.1170436167   0.0715805380   0.0002669814   0.0004174985
        0.0002597794
       -0.0000638297   0.0001005023  -0.0000440547  -0.0001159114  -0.0000249205
       -0.0000585036   0.0000025006  -0.0004733141   0.0002447534  -0.0011711844
       -0.0001974582   0.0011034899  -0.0003020181   0.0001760801   0.0002037523
        0.0002288188   0.0000109780  -0.0001270132  -0.0000240522   0.0000507063
       -0.0000134310  -0.0123670608  -0.0192530692  -0.0109626989  -0.1075716938
       -0.1733558231  -0.0818637931   0.0003369559   0.0015680711   0.0006520498
        0.0007554817   0.0016453012  -0.0025157833   0.0004871662   0.0000369502
       -0.0000348699   0.0024268833  -0.0029712932  -0.0043225117   0.0001622254
        0.0000893749   0.0005779253   0.0004396819   0.0000499542   0.0001092983
        0.0004275107   0.0006132184   0.0012625783   0.0000295394   0.0001572109
       -0.0000524169  -0.0000250652   0.0000352317  -0.0000090096  -0.0000641120
        0.0000021029  -0.0000066523   0.0000912671   0.0004125296  -0.0001954145
        0.1170436167   0.1921406330   0.0966015786  -0.0007267201  -0.0008129664
       -0.0005492732
       -0.0001069550  -0.0000051262  -0.0000105239  -0.0000009150   0.0001997191
       -0.0000168102  -0.0005619629  -0.0001816285   0.0001436325   0.0001120195
        0.0013224322  -0.0016164296   0.0004885197  -0.0002858608   0.0002752303
        0.0000934738   0.0002283953  -0.0000678198   0.0000083109   0.0000275963
       -0.0000200743  -0.0060247883  -0.0087664156  -0.0042584748  -0.0647812677
       -0.0823131668  -0.0801947823  -0.0016692209  -0.0016281639  -0.0007059634
       -0.0008270830  -0.0026132865   0.0055412312   0.0000757156   0.0000407313
        0.0001580535   0.0005242992  -0.0042514303   0.0046321127   0.0002302530
        0.0005788733  -0.0007498781   0.0001300990  -0.0000392233  -0.0000158268
        0.0004138864   0.0012990449  -0.0012568878   0.0000769550   0.0000621059
       -0.0001075907  -0.0000087613   0.0000257031  -0.0000280793  -0.0000549577
        0.0000160639  -0.0000088695   0.0006025713   0.0000474977  -0.0006901814
        0.0715805380   0.0966015786   0.0791660997  -0.0003007296  -0.0003654395
       -0.0001681680
       -0.0000255828   0.0000644126  -0.0000050058  -0.0002600835  -0.0000779443
        0.0000971778  -0.0004438929  -0.0005364607   0.0001508105   0.0008056177
       -0.0009939615  -0.0000064130  -0.0001036998  -0.0000754089   0.0000716119
       -0.0000576946  -0.0001061391   0.0000658268   0.0000892527   0.0001101156
       -0.0000478758   0.0064047038  -0.0123447802  -0.0056469531  -0.0013412914
       -0.0023830342  -0.0020949512  -0.0005320569  -0.0000849401  -0.0001064454
       -0.0042403106   0.0006767198  -0.0009183626  -0.0151090204   0.0248648176
        0.0106901947  -0.0839945948   0.0889622544   0.0400633680   0.0003635146
        0.0003555553   0.0004467461  -0.0009338533   0.0009629633   0.0003732269
        0.0001095103  -0.0002017204   0.0000253497  -0.0000790275   0.0010193490
       -0.0015080956  -0.0000035483   0.0000114895  -0.0000138393   0.0000199058
        0.0000112782  -0.0000092287   0.0000506950   0.0000985730  -0.0000724621
        0.0002669814  -0.0007267201  -0.0003007296   0.0990144755  -0.0996064189
       -0.0412539502
        0.0000150937   0.0001447445  -0.0000485872  -0.0002467386  -0.0002751351
        0.0000417883   0.0000796909   0.0000654095  -0.0000885059   0.0006631782
       -0.0002197461   0.0013278416  -0.0002383133  -0.0002831543   0.0002252793
        0.0001011592  -0.0001310291  -0.0000329764   0.0000419527   0.0000409661
       -0.0000284694   0.0060717513  -0.0190406250  -0.0089146653  -0.0024090271
       -0.0014757306  -0.0042271025  -0.0001662527   0.0001595049  -0.0000545336
        0.0010518592   0.0015753384  -0.0025410662   0.0040287861  -0.0047665225
       -0.0021740727   0.0898916668  -0.2262626545  -0.0888364726  -0.0004886098
        0.0005857968   0.0011729165  -0.0001708773  -0.0000711326  -0.0000204110
       -0.0002429392   0.0002089963   0.0006147745   0.0010161803   0.0004601165
        0.0006381498  -0.0000024437   0.0000048209   0.0000135907   0.0000978447
       -0.0000444050   0.0000103811   0.0000949588   0.0000589993  -0.0000226676
        0.0004174985  -0.0008129664  -0.0003654395  -0.0996064189   0.2500784079
        0.1033102481
        0.0000646679   0.0000344171  -0.0000383146   0.0000226915   0.0001804242
       -0.0000379411  -0.0010111611  -0.0007670575   0.0004406092   0.0004411999
        0.0012951511  -0.0016721800   0.0003594221  -0.0000103893   0.0000546939
        0.0000315079   0.0000516374   0.0001071081   0.0000650289   0.0000731065
       -0.0000559065   0.0046834198  -0.0108944869  -0.0043282407  -0.0020282176
       -0.0043046310   0.0042631511  -0.0002873786   0.0000654901   0.0001311061
       -0.0006964600  -0.0025432586   0.0055436845   0.0000113280  -0.0000876919
        0.0004507192   0.0402180157  -0.0890724925  -0.0722853540   0.0000640803
        0.0013363389  -0.0012175648  -0.0001675898   0.0000858940  -0.0000384568
        0.0000189191   0.0005527225  -0.0007876745  -0.0008725454   0.0011476257
       -0.0018580707   0.0000290253   0.0000224233  -0.0000357180  -0.0000378252
        0.0000264637  -0.0000022609   0.0000860419   0.0000473384  -0.0000694712
        0.0002597794  -0.0005492732  -0.0001681680  -0.0412539502   0.1033102481
        0.0716042497
