$hessian                                                                        
        0.4538929545   0.0156750572   0.0119654200  -0.2150294805   0.0308596107
        0.0147456248  -0.0122078221   0.0031059090   0.0019999614  -0.0335310872
       -0.0038827078  -0.0066012386  -0.0022730847   0.0009355474   0.0004908789
       -0.0002927934  -0.0011338382  -0.0024491789  -0.0003619415   0.0002589399
        0.0001506612   0.0001027954   0.0000550440   0.0002687678  -0.0000185859
       -0.0000174000   0.0000283045  -0.0001651243   0.0003731621  -0.0002467632
       -0.0012280411   0.0000680088  -0.0000483948  -0.0646112115   0.0197280691
       -0.0685293404  -0.0836755870  -0.0841063264   0.0306530954  -0.0426428399
        0.0195274906   0.0185906201   0.0010868704  -0.0007262454  -0.0009261923
       -0.0003602100   0.0008045421   0.0009617532   0.0015489727  -0.0011894120
       -0.0011943178  -0.0001069049  -0.0001447357   0.0000200791  -0.0000398294
        0.0000184390  -0.0000289133   0.0000469534  -0.0000654355  -0.0000284856
       -0.0000628041  -0.0000004631   0.0000642714  -0.0000711989  -0.0001432557
        0.0001133871
        0.0156750572   0.5134348968   0.0237761121   0.0250751391  -0.0703795833
       -0.0157923207   0.0220506985  -0.0089500095  -0.0020533631  -0.0126077081
        0.0019131679   0.0048773856  -0.0030981089  -0.0011265600  -0.0004580943
       -0.0020430877   0.0023291805  -0.0048834482   0.0005268377   0.0001619914
       -0.0003681761   0.0000244807  -0.0000095833  -0.0001230834   0.0000522484
       -0.0000101643   0.0000164175  -0.0001662804   0.0001326730  -0.0002626876
       -0.0014056358   0.0001417006   0.0001895034   0.0210227271  -0.0614050340
        0.0572457433  -0.0849311697  -0.1999689543   0.0594459224   0.0153589014
       -0.1738549603  -0.1181610406  -0.0002888912   0.0007489208   0.0006440849
        0.0026997432  -0.0035334808  -0.0037918617   0.0020926630   0.0005597343
       -0.0007570243   0.0000834522  -0.0001236213   0.0001969367   0.0000042414
       -0.0000305801   0.0000354334  -0.0000217109   0.0000041099   0.0000375338
       -0.0001380894   0.0000260804   0.0000030616   0.0000344925  -0.0000599244
        0.0001829652
        0.0119654200   0.0237761121   0.5152471580   0.0105556081  -0.0160672142
       -0.0661266642   0.0204305658  -0.0034436296  -0.0048755866  -0.0164935817
        0.0047211105  -0.0003037609  -0.0034144707   0.0002873624  -0.0015887322
       -0.0020769562  -0.0048597422   0.0019627356  -0.0009786391   0.0002635102
        0.0001740529  -0.0001508459   0.0002999075   0.0003020469   0.0000179796
       -0.0000190049   0.0000195513   0.0000862676   0.0002551284   0.0002094082
        0.0002730543  -0.0000358825   0.0001752485  -0.0691239016   0.0569136998
       -0.2251025771   0.0318539388   0.0595648982  -0.0663423612   0.0147889174
       -0.1177335356  -0.1518224637   0.0011830753  -0.0011908378  -0.0001803894
        0.0015652828  -0.0031403043  -0.0022029853  -0.0003261892   0.0005603818
        0.0008972090   0.0000152726  -0.0000191890  -0.0002309959  -0.0001094513
        0.0000046875   0.0000307546  -0.0000489739  -0.0000656291  -0.0000506668
       -0.0000074127   0.0000105788  -0.0000341658  -0.0000049598  -0.0000824078
       -0.0001568158
       -0.2150294805   0.0250751391   0.0105556081   0.6041983008   0.0128944679
        0.0656380187  -0.0867083377   0.0309009941   0.0252860222  -0.1862741775
       -0.0719114259  -0.0905507776   0.0135167695  -0.0068565781  -0.0059894057
       -0.0404876704  -0.0115530874  -0.0158379966  -0.0010294737   0.0010160989
       -0.0024543891  -0.0004352888   0.0012382704   0.0007347102   0.0006210613
       -0.0001925722   0.0000732743  -0.0004571259   0.0016701033  -0.0002405342
       -0.0041464379  -0.0000405368   0.0022040117  -0.0303694821   0.0091069424
       -0.0089783397  -0.0355434984  -0.0053451410   0.0064898247  -0.0104693846
        0.0068342165   0.0055432600   0.0025611366  -0.0039349258  -0.0029467859
       -0.0134706948   0.0246040783   0.0214908786   0.0039877204  -0.0118243006
       -0.0113316300   0.0001890194  -0.0008478426   0.0003860156  -0.0002055393
       -0.0000048173   0.0001891228  -0.0001355327  -0.0003052069  -0.0000780053
       -0.0004622691   0.0001126650  -0.0000599706   0.0001503855  -0.0006365413
       -0.0001229120
        0.0308596107  -0.0703795833  -0.0160672142   0.0128944679   0.3876747902
        0.2943800520   0.0263272758  -0.1416899769  -0.0858908375  -0.0689736693
       -0.1049071571  -0.0884895852  -0.0171681382  -0.0375006549  -0.0524088792
       -0.0035991532   0.0049838267  -0.0000448761   0.0005450302  -0.0006578405
       -0.0001263512   0.0003737899  -0.0001789136  -0.0003842202   0.0000253277
        0.0001585578  -0.0002775229  -0.0001998750  -0.0002991389  -0.0000427005
        0.0009741978  -0.0004896983   0.0008634249   0.0083747867   0.0006469856
       -0.0019303597  -0.0237581129   0.0068191867   0.0000015075   0.0245316078
       -0.0079736239  -0.0056908884  -0.0008349725   0.0033661462  -0.0142406093
        0.0066706311  -0.0079237929  -0.0063571668   0.0028597489  -0.0317890374
       -0.0228337434   0.0001578405   0.0001691137  -0.0001518605   0.0000104701
       -0.0000364321   0.0000154467  -0.0000450611   0.0000580719  -0.0000150312
       -0.0000239160   0.0000185659  -0.0000215063  -0.0000018868  -0.0000693949
       -0.0002870787
        0.0147456248  -0.0157923207  -0.0661266642   0.0656380187   0.2943800520
        0.3870165513   0.0209615357  -0.0895135580  -0.1258743489  -0.0837347870
       -0.0869932567  -0.1231247919  -0.0179247802  -0.0517256086  -0.0445009572
       -0.0091987207   0.0007501208   0.0029706066   0.0002755420  -0.0003567697
       -0.0021140218  -0.0003258704  -0.0000862609   0.0000785654   0.0003117610
       -0.0000721959   0.0000611392   0.0000912370  -0.0001695337   0.0002461061
        0.0010865327  -0.0002395848   0.0006231281  -0.0284271042   0.0039490387
        0.0040078454   0.0072890532  -0.0040845493   0.0018942210   0.0216740203
       -0.0072556685  -0.0045288856   0.0064263182  -0.0269467508  -0.0321573839
        0.0041351980  -0.0016658110  -0.0001030800  -0.0030630464  -0.0134228341
        0.0004867789  -0.0000307477  -0.0004104703   0.0007728129  -0.0000877969
       -0.0000091044   0.0001337612  -0.0000197922  -0.0000403862   0.0000783599
        0.0000080135  -0.0000174776   0.0000099657   0.0001697904  -0.0002770704
        0.0001502918
       -0.0122078221   0.0220506985   0.0204305658  -0.0867083377   0.0263272758
        0.0209615357   0.5382762357   0.0020595770   0.0106189605   0.0081974060
       -0.0093095656  -0.0062209622  -0.0018341419  -0.0045841113  -0.0061983196
       -0.0020112475  -0.0024132640  -0.0023596481  -0.0005283482  -0.0006702198
       -0.0006713362   0.0004813234  -0.0000465457   0.0000264987  -0.0000587780
        0.0001897375  -0.0002807482  -0.0003696474   0.0001343683   0.0003201587
        0.0006940474  -0.0004900220   0.0003992957   0.0004185183   0.0001210595
        0.0006760677   0.0000345588   0.0012235487   0.0003761943  -0.0066836428
        0.0020295467   0.0011792347  -0.0531306849   0.0143219842  -0.0415746638
       -0.2700226980   0.0496388452  -0.0245146135  -0.1144068901  -0.1003260489
        0.0269211659  -0.0001025388  -0.0000711957  -0.0000115021  -0.0000199192
       -0.0000681690  -0.0000075246  -0.0000250054  -0.0000286492  -0.0000271379
       -0.0000120906   0.0000035040  -0.0000088545   0.0000197030  -0.0000923541
       -0.0000343670
        0.0031059090  -0.0089500095  -0.0034436296   0.0309009941  -0.1416899769
       -0.0895135580   0.0020595770   0.4678838629  -0.0129249460  -0.0005214491
       -0.0153797751  -0.0053173535  -0.0005710144   0.0008366378  -0.0066514120
       -0.0001328538  -0.0008207086  -0.0007115040  -0.0010249801  -0.0007481694
       -0.0003723604   0.0006183942  -0.0004795839   0.0000421129  -0.0000748623
        0.0001362757  -0.0002778097  -0.0002998796  -0.0000763423   0.0001231861
        0.0006633806  -0.0004464152  -0.0000118748   0.0000086575   0.0002424633
       -0.0005189091  -0.0021093539   0.0016774821   0.0010369810   0.0010845484
       -0.0003889223  -0.0007020213   0.0138413612  -0.0659409435   0.0719761694
        0.0532507156  -0.0534074054   0.0067962040  -0.1004260527  -0.1825020166
        0.0403079614  -0.0004276497  -0.0001366602   0.0000787014   0.0000002100
        0.0000589594  -0.0000087866   0.0000396110   0.0000554767   0.0000075833
        0.0000427400   0.0000101477   0.0000422624  -0.0000280029   0.0000656233
        0.0000430032
        0.0019999614  -0.0020533631  -0.0048755866   0.0252860222  -0.0858908375
       -0.1258743489   0.0106189605  -0.0129249460   0.4724949884   0.0008156363
       -0.0073736215  -0.0166586432  -0.0017045922  -0.0077655094  -0.0005497636
       -0.0002361984  -0.0005553315  -0.0009962555   0.0003645436  -0.0003514855
       -0.0002078904   0.0002004252  -0.0001085560   0.0000010263  -0.0000591579
        0.0000900450  -0.0001608844  -0.0001265034  -0.0000539858  -0.0000303402
        0.0002445292  -0.0002372016   0.0001929262  -0.0017521341   0.0008464755
        0.0012981548  -0.0002408783  -0.0003384504   0.0003275856   0.0002371176
       -0.0004928476   0.0001636157  -0.0407415149   0.0690757857  -0.2267786794
       -0.0211794717   0.0060659751  -0.0454089169   0.0261218583   0.0418862585
       -0.0529875921   0.0001171331   0.0001193494   0.0000919250   0.0000514763
        0.0000344481  -0.0000317401   0.0000511740   0.0000172312   0.0000046432
        0.0000146667  -0.0000093223   0.0000294720  -0.0000830534   0.0000198898
       -0.0000436960
       -0.0335310872  -0.0126077081  -0.0164935817  -0.1862741775  -0.0689736693
       -0.0837347870   0.0081974060  -0.0005214491   0.0008156363   0.5594843869
       -0.0716233856  -0.0480753338  -0.1331058719   0.1225158040   0.1230802076
       -0.1732843483   0.0132990050   0.0128012764  -0.0144713165   0.0004215214
        0.0146195111   0.0019239943   0.0012861768   0.0021801898  -0.0013023577
        0.0001377003   0.0000388541   0.0009600187   0.0031737230  -0.0011866208
       -0.0218125323   0.0069075361  -0.0094599979  -0.0036976987  -0.0001323491
        0.0008348862  -0.0036310311   0.0008311534  -0.0005547435  -0.0014734664
       -0.0000729170  -0.0003838538  -0.0001653807   0.0021808159   0.0041984767
        0.0002021996   0.0019114893   0.0014695105  -0.0001062607   0.0031305584
        0.0018045481   0.0003583629  -0.0001881692  -0.0022193911   0.0004946367
        0.0000931883  -0.0006612188   0.0005115479  -0.0005710816  -0.0003340171
        0.0003316426  -0.0002195523   0.0004034388   0.0003913334  -0.0009783908
        0.0008570101
       -0.0038827078   0.0019131679   0.0047211105  -0.0719114259  -0.1049071571
       -0.0869932567  -0.0093095656  -0.0153797751  -0.0073736215  -0.0716233856
        0.4858761744   0.3364699222   0.1236841328  -0.3093214639  -0.2627539681
        0.0174731857  -0.0617848255   0.0074724034  -0.0089731010   0.0019454547
       -0.0013338146  -0.0005830393   0.0052389640   0.0051336673   0.0006556225
       -0.0003997852  -0.0000553318   0.0017352746   0.0055227560   0.0041174487
        0.0138160763  -0.0027761149   0.0011390144   0.0057199440  -0.0014996965
        0.0017410595   0.0007179554  -0.0002029852  -0.0004917863   0.0040667893
        0.0013583055   0.0008382796  -0.0000988066   0.0006772480   0.0038305785
        0.0003196594   0.0006303977  -0.0004058954  -0.0002613338  -0.0031148871
       -0.0032845277  -0.0007348042  -0.0013382504  -0.0007070885  -0.0008521815
        0.0001392052   0.0002351684  -0.0003558655  -0.0013708344  -0.0006480026
        0.0003951700   0.0000193606  -0.0001292693   0.0000024066  -0.0012252589
       -0.0015220900
       -0.0066012386   0.0048773856  -0.0003037609  -0.0905507776  -0.0884895852
       -0.1231247919  -0.0062209622  -0.0053173535  -0.0166586432  -0.0480753338
        0.3364699222   0.5432656081   0.1251728194  -0.2605862973  -0.3328610679
        0.0129268526   0.0027961772  -0.0609876431   0.0230368474  -0.0033390832
       -0.0053135898   0.0026750593   0.0037217391  -0.0025550955   0.0004282979
        0.0002809915  -0.0009611400  -0.0036875555   0.0045012330  -0.0022121176
       -0.0187956464   0.0027628622   0.0051433329   0.0000760736  -0.0007035170
       -0.0005302534   0.0060820225   0.0016743579  -0.0008816257   0.0037757307
        0.0001298329   0.0020898407   0.0000965121  -0.0028880738  -0.0021454979
        0.0004192629   0.0002790864   0.0004517631   0.0005498627   0.0040217096
        0.0006177945   0.0009125415  -0.0003475042  -0.0009656162   0.0011151173
        0.0000146954  -0.0002862645  -0.0001745652  -0.0004648167  -0.0003607397
       -0.0014371960   0.0002468443  -0.0001500229  -0.0017237245   0.0003593940
       -0.0012704690
       -0.0022730847  -0.0030981089  -0.0034144707   0.0135167695  -0.0171681382
       -0.0179247802  -0.0018341419  -0.0005710144  -0.0017045922  -0.1331058719
        0.1236841328   0.1251728194   0.1470940361  -0.1319890624  -0.1334304354
       -0.0205176823   0.0341390789   0.0329311364  -0.0045141785   0.0013954219
       -0.0008909118  -0.0015566650  -0.0026311448  -0.0004492213   0.0002383113
       -0.0001529823   0.0004349253   0.0001282427  -0.0022680717  -0.0010366883
       -0.0013570872  -0.0000485062   0.0021729455   0.0016191602  -0.0010132363
       -0.0003588895   0.0016058775   0.0000140212  -0.0004351851   0.0006458590
       -0.0010268812  -0.0006640866   0.0000696945  -0.0006732504  -0.0005024921
        0.0002614896  -0.0004638790  -0.0002760700   0.0001599592  -0.0002390983
       -0.0005777157   0.0002273017   0.0008333675   0.0003399857  -0.0005076887
       -0.0000510849   0.0002137432  -0.0000394335   0.0005582051   0.0002523373
       -0.0001754724   0.0001568826  -0.0000614898   0.0003146049   0.0006133491
        0.0002091358
        0.0009355474  -0.0011265600   0.0002873624  -0.0068565781  -0.0375006549
       -0.0517256086  -0.0045841113   0.0008366378  -0.0077655094   0.1225158040
       -0.3093214639  -0.2605862973  -0.1319890624   0.3573358609   0.3477585419
        0.0196418018  -0.0081990588  -0.0244899120   0.0036467854  -0.0007973194
        0.0012941141   0.0008942649   0.0011113536  -0.0009191634  -0.0005193744
        0.0001376348  -0.0000608695   0.0000118012   0.0004567956   0.0001563299
       -0.0013266221   0.0010691687  -0.0011718936  -0.0000812388  -0.0000220490
       -0.0005918773  -0.0001879631   0.0003453779   0.0004662424  -0.0019413862
       -0.0011832365  -0.0002035905   0.0003760838  -0.0019648589  -0.0028777873
       -0.0008183471   0.0006356254   0.0007741327   0.0004752786  -0.0005915032
       -0.0001414166  -0.0001804314  -0.0005030416  -0.0002921011   0.0004651139
       -0.0000248046  -0.0001390130   0.0000334803  -0.0001926748  -0.0000654440
        0.0000282140  -0.0001097711   0.0000496415  -0.0005390603  -0.0003914580
        0.0002441188
        0.0004908789  -0.0004580943  -0.0015887322  -0.0059894057  -0.0524088792
       -0.0445009572  -0.0061983196  -0.0066514120  -0.0005497636   0.1230802076
       -0.2627539681  -0.3328610679  -0.1334304354   0.3477585419   0.3911879811
        0.0212381019  -0.0232442287  -0.0098578223   0.0007132131   0.0002515754
        0.0015955604   0.0005293611   0.0011634997   0.0004517448  -0.0005503774
       -0.0000850924   0.0003124410   0.0013847046   0.0009211880   0.0008093052
       -0.0001836327   0.0008317023  -0.0028843930   0.0001517367   0.0003454999
        0.0004008713  -0.0000364480  -0.0006763816  -0.0000542038  -0.0015712693
        0.0001653556  -0.0015446434   0.0002540612  -0.0003067745  -0.0007070808
       -0.0006401518   0.0006968317   0.0005891092   0.0005728878  -0.0028269402
       -0.0017630735  -0.0003833055  -0.0007696000   0.0000696438   0.0000971533
       -0.0001037946  -0.0000435462  -0.0000284866  -0.0003790152  -0.0000415465
        0.0002846417  -0.0001119579   0.0001259069   0.0002148842  -0.0013580560
        0.0008542667
       -0.0002927934  -0.0020430877  -0.0020769562  -0.0404876704  -0.0035991532
       -0.0091987207  -0.0020112475  -0.0001328538  -0.0002361984  -0.1732843483
        0.0174731857   0.0129268526  -0.0205176823   0.0196418018   0.0212381019
        0.5853278949  -0.0785605855  -0.0269999823  -0.1312776056  -0.0364157859
        0.1146106352  -0.0292127848  -0.0067636547   0.0287664333   0.0048694702
       -0.0001608263  -0.0046521291  -0.0418716830   0.0151871845  -0.0169605403
       -0.1531978469   0.0712743960  -0.1164064359  -0.0007125969   0.0001997025
        0.0001481265  -0.0005886136   0.0001655498   0.0000409305   0.0009735152
        0.0000770342   0.0002410224   0.0000681819   0.0001552811   0.0003173384
        0.0004560933  -0.0007025639  -0.0003332695  -0.0003840119   0.0002414706
        0.0002192082   0.0067922356   0.0049380832  -0.0118710412  -0.0060528652
        0.0018317206   0.0017612949   0.0007995083  -0.0001167945  -0.0001414993
       -0.0060511816   0.0022068354   0.0009984721   0.0066560321  -0.0048969400
        0.0076083570
       -0.0011338382   0.0023291805  -0.0048597422  -0.0115530874   0.0049838267
        0.0007501208  -0.0024132640  -0.0008207086  -0.0005553315   0.0132990050
       -0.0617848255   0.0027961772   0.0341390789  -0.0081990588  -0.0232442287
       -0.0785605855   0.2313039516  -0.1566644285  -0.0092832002  -0.0738526708
        0.0655030565  -0.0301617395   0.0108314354  -0.0087126842   0.0000611077
       -0.0159632932   0.0225183202   0.0380871442  -0.0017757034  -0.0101116033
        0.0464358391  -0.0930073936   0.0884180077  -0.0016162320   0.0003342408
        0.0001672415   0.0006650773  -0.0000415746  -0.0002080343  -0.0000917208
       -0.0002000266  -0.0003094715  -0.0001382069   0.0001391763   0.0000580159
       -0.0010121393  -0.0008718385  -0.0003458341  -0.0001953522   0.0003261609
        0.0001225668  -0.0047613908  -0.0037453175   0.0121119623   0.0018186156
        0.0067625060   0.0022888158  -0.0001060766  -0.0002562917   0.0001388728
        0.0024526713   0.0065485473   0.0022201118   0.0040682946  -0.0030403228
        0.0079180893
       -0.0024491789  -0.0048834482   0.0019627356  -0.0158379966  -0.0000448761
        0.0029706066  -0.0023596481  -0.0007115040  -0.0009962555   0.0128012764
        0.0074724034  -0.0609876431   0.0329311364  -0.0244899120  -0.0098578223
       -0.0269999823  -0.1566644285   0.5761892276   0.0571668512   0.0794666626
       -0.2453542255   0.0816490556  -0.0203193697   0.0089060539  -0.0047924119
        0.0228564293  -0.0569217072  -0.0704902190  -0.0022065047   0.0344293061
       -0.0565186943   0.0754378932  -0.2105026787   0.0005296587  -0.0002505673
        0.0000531929  -0.0016807854   0.0002785343   0.0001642583  -0.0000024283
       -0.0003442863  -0.0003269813  -0.0000696910   0.0001203077   0.0001567305
       -0.0017009403  -0.0017368721  -0.0003788219  -0.0002547843  -0.0000419884
       -0.0000573877   0.0076723371   0.0082802084  -0.0216030335   0.0014214522
        0.0021759766   0.0021817406  -0.0000745961   0.0005214345  -0.0003914609
        0.0013593886   0.0025538515   0.0023741681  -0.0122997998   0.0125300556
       -0.0220100026
       -0.0003619415   0.0005268377  -0.0009786391  -0.0010294737   0.0005450302
        0.0002755420  -0.0005283482  -0.0010249801   0.0003645436  -0.0144713165
       -0.0089731010   0.0230368474  -0.0045141785   0.0036467854   0.0007132131
       -0.1312776056  -0.0092832002   0.0571668512   0.6436815529  -0.0884279929
       -0.0229680634  -0.3247195362   0.0226003242   0.0665335829  -0.0412217799
        0.0386293440  -0.0705829282  -0.0441608597  -0.0064970904   0.0324580531
        0.0559909534  -0.0171452508   0.0141451450  -0.0002885139   0.0000636043
       -0.0000297065   0.0001658061   0.0000318016  -0.0000390543   0.0001936035
       -0.0000393615   0.0000097246  -0.0001186753  -0.0000521384  -0.0001397912
       -0.0013732430  -0.0015533767  -0.0007812180  -0.0003532273   0.0000868084
       -0.0000587896  -0.1180154319   0.0605211608  -0.0994735253  -0.0159034960
        0.0010892243   0.0043474807  -0.0007637618   0.0025445886  -0.0022699738
       -0.0000530807  -0.0002118306   0.0006780895  -0.0008774461   0.0029228132
       -0.0024073839
        0.0002589399   0.0001619914   0.0002635102   0.0010160989  -0.0006578405
       -0.0003567697  -0.0006702198  -0.0007481694  -0.0003514855   0.0004215214
        0.0019454547  -0.0033390832   0.0013954219  -0.0007973194   0.0002515754
       -0.0364157859  -0.0738526708   0.0794666626  -0.0884279929   0.2194901990
       -0.1945325242   0.0535714808  -0.0601713758   0.0065632810   0.0151010950
       -0.0010019897  -0.0014037708  -0.0063031946  -0.0048729732  -0.0001147612
        0.0044846703  -0.0079576089   0.0207736969   0.0001507900  -0.0000403824
        0.0000554290   0.0000468842  -0.0000153221  -0.0000060367  -0.0001316290
        0.0000086547  -0.0000151378   0.0002920860   0.0000183019   0.0003312340
       -0.0017752443  -0.0010215787  -0.0009251358  -0.0004235961  -0.0000330273
        0.0001311416   0.0604390399  -0.0829373646   0.0827343882  -0.0082301594
        0.0015264972   0.0017440000   0.0028549131   0.0054959140   0.0046150763
       -0.0002987801  -0.0000113450  -0.0003367908   0.0026436609   0.0054719549
        0.0044515004
        0.0001506612  -0.0003681761   0.0001740529  -0.0024543891  -0.0001263512
       -0.0021140218  -0.0006713362  -0.0003723604  -0.0002078904   0.0146195111
       -0.0013338146  -0.0053135898  -0.0008909118   0.0012941141   0.0015955604
        0.1146106352   0.0655030565  -0.2453542255  -0.0229680634  -0.1945325242
        0.5636935486  -0.0049702416   0.0204975411  -0.0904836548  -0.0162567763
       -0.0117983224   0.0352319790   0.0317612196  -0.0000785569  -0.0200091010
       -0.0356518104   0.0312580728  -0.0534270261  -0.0002456241   0.0000343781
       -0.0001893618  -0.0001799501   0.0000113466   0.0000114762   0.0000583184
        0.0000169149   0.0000901148  -0.0003636817  -0.0000647544  -0.0002712872
        0.0005438640   0.0004882180   0.0008868922  -0.0000405221   0.0000537956
       -0.0000878435  -0.0987063312   0.0831486144  -0.1758799045   0.0257644511
       -0.0022033741  -0.0050827243  -0.0026389034   0.0046299272  -0.0015500273
        0.0006478565  -0.0004924495   0.0002308116  -0.0021179756   0.0044347044
       -0.0019437778
        0.0001027954   0.0000244807  -0.0001508459  -0.0004352888   0.0003737899
       -0.0003258704   0.0004813234   0.0006183942   0.0002004252   0.0019239943
       -0.0005830393   0.0026750593  -0.0015566650   0.0008942649   0.0005293611
       -0.0292127848  -0.0301617395   0.0816490556  -0.3247195362   0.0535714808
       -0.0049702416   0.6415309519  -0.0783387677  -0.0443367385  -0.1633448297
        0.0450702537  -0.0533989551   0.0586864254   0.0053689217  -0.0376835529
       -0.0512962606   0.0182478157  -0.0223059137  -0.0000279085   0.0000170123
        0.0000030875   0.0000552496   0.0000183325   0.0000157454   0.0000732438
       -0.0000368246  -0.0000030994  -0.0000227711  -0.0000018402  -0.0001245389
       -0.0001353744  -0.0004239518   0.0001900211   0.0002857021  -0.0000564509
        0.0000018565  -0.0188926253   0.0036899687  -0.0002350778  -0.0935880243
       -0.0314667939   0.0966872413  -0.0196595378   0.0130909871  -0.0212169757
        0.0000472746   0.0000225097   0.0033756954  -0.0002953539   0.0000611961
       -0.0005757383
        0.0000550440  -0.0000095833   0.0002999075   0.0012382704  -0.0001789136
       -0.0000862609  -0.0000465457  -0.0004795839  -0.0001085560   0.0012861768
        0.0052389640   0.0037217391  -0.0026311448   0.0011113536   0.0011634997
       -0.0067636547   0.0108314354  -0.0203193697   0.0226003242  -0.0601713758
        0.0204975411  -0.0783387677   0.2183873554  -0.1977730834   0.0764581299
       -0.0991573009   0.0830788990  -0.0174790681  -0.0089573474   0.0312463534
        0.0180449722  -0.0115297116   0.0042427548   0.0001079400  -0.0000330796
       -0.0000034420  -0.0000028478  -0.0000021524  -0.0000080110   0.0000153734
        0.0000181282   0.0000251687  -0.0000268268  -0.0000403893   0.0000228051
       -0.0002987785  -0.0000727421  -0.0002333609  -0.0000984574   0.0000292884
       -0.0000173851   0.0134195339  -0.0015725918  -0.0001285157  -0.0316288016
       -0.0583025676   0.0669683557   0.0036162231  -0.0014049680   0.0034564883
        0.0002517951   0.0064066554   0.0041735120   0.0002211101  -0.0001108731
       -0.0002190397
        0.0002687678  -0.0001230834   0.0003020469   0.0007347102  -0.0003842202
        0.0000785654   0.0000264987   0.0000421129   0.0000010263   0.0021801898
        0.0051336673  -0.0025550955  -0.0004492213  -0.0009191634   0.0004517448
        0.0287664333  -0.0087126842   0.0089060539   0.0665335829   0.0065632810
       -0.0904836548  -0.0443367385  -0.1977730834   0.5838877955  -0.1251644765
        0.0957121363  -0.2128995698   0.0161758998   0.0212799135  -0.0555658249
       -0.0228038637   0.0047401176  -0.0062950139   0.0001082605  -0.0000200336
       -0.0000240209  -0.0000517990  -0.0000259654   0.0000164122  -0.0000534420
        0.0000282256   0.0000097444   0.0000474329   0.0000517535  -0.0000058460
        0.0001710025   0.0001819807   0.0000313908  -0.0000711840  -0.0000900661
        0.0000406975  -0.0217673656   0.0037799442   0.0013048508   0.0967332683
        0.0671788225  -0.2266998171   0.0005274816  -0.0005755234   0.0019983596
        0.0029381444   0.0041895022  -0.0030824092  -0.0005135822  -0.0002576344
        0.0005825640
       -0.0000185859   0.0000522484   0.0000179796   0.0006210613   0.0000253277
        0.0003117610  -0.0000587780  -0.0000748623  -0.0000591579  -0.0013023577
        0.0006556225   0.0004282979   0.0002383113  -0.0005193744  -0.0005503774
        0.0048694702   0.0000611077  -0.0047924119  -0.0412217799   0.0151010950
       -0.0162567763  -0.1633448297   0.0764581299  -0.1251644765   0.6598713270
       -0.0864083343  -0.0391463765  -0.1404019585  -0.0373859245   0.1274476879
       -0.0285129255  -0.0063940251   0.0282395830   0.0000212582  -0.0000087531
        0.0000096703   0.0000059334   0.0000053525  -0.0000041588   0.0000080865
       -0.0000307696  -0.0000234690   0.0000636326   0.0000176647   0.0000935673
       -0.0003051124  -0.0000625549  -0.0001085049   0.0000243247   0.0000495395
        0.0000174538  -0.0056602172   0.0020595730   0.0010181607   0.0064932566
       -0.0051001843   0.0091084388  -0.2922101619   0.0348760923   0.0313341156
        0.0063409677   0.0046638804  -0.0134384858  -0.0055209228   0.0019591491
        0.0015174793
       -0.0000174000  -0.0000101643  -0.0000190049  -0.0001925722   0.0001585578
       -0.0000721959   0.0001897375   0.0001362757   0.0000900450   0.0001377003
       -0.0003997852   0.0002809915  -0.0001529823   0.0001376348  -0.0000850924
       -0.0001608263  -0.0159632932   0.0228564293   0.0386293440  -0.0010019897
       -0.0117983224   0.0450702537  -0.0991573009   0.0957121363  -0.0864083343
        0.2151198409  -0.1883510147  -0.0066280296  -0.0754867196   0.0668097663
       -0.0295756356   0.0108773182  -0.0096689646  -0.0000246828   0.0000017540
       -0.0000271373   0.0000206158   0.0000089061  -0.0000002816   0.0000055112
       -0.0000006821   0.0000137580  -0.0000430573  -0.0000049567  -0.0000762161
        0.0001404398  -0.0000247294   0.0000370624   0.0000914299  -0.0000066491
       -0.0000046031   0.0018745356   0.0067868149   0.0024817625   0.0045064629
       -0.0035845071   0.0083216179   0.0349121388  -0.0407412695  -0.0007194797
       -0.0045411340  -0.0035686675   0.0121194141   0.0021664849   0.0067236119
        0.0020993294
        0.0000283045   0.0000164175   0.0000195513   0.0000732743  -0.0002775229
        0.0000611392  -0.0002807482  -0.0002778097  -0.0001608844   0.0000388541
       -0.0000553318  -0.0009611400   0.0004349253  -0.0000608695   0.0003124410
       -0.0046521291   0.0225183202  -0.0569217072  -0.0705829282  -0.0014037708
        0.0352319790  -0.0533989551   0.0830788990  -0.2128995698  -0.0391463765
       -0.1883510147   0.5701179256   0.0555130309   0.0799800759  -0.2603914886
        0.0824952904  -0.0196136997   0.0110657486   0.0000395202  -0.0000005352
        0.0000568168  -0.0000468141  -0.0000223519  -0.0000004541  -0.0000221265
        0.0000168753  -0.0000236111   0.0000322896   0.0000000663   0.0001079721
       -0.0001352837   0.0000850187  -0.0000198023  -0.0001754556   0.0000121072
       -0.0000138798   0.0015823413   0.0022002697   0.0022566863  -0.0125523787
        0.0120850092  -0.0219106569   0.0313104205  -0.0006989268  -0.0463317968
        0.0083238977   0.0082747420  -0.0217580149   0.0011210470   0.0024940323
        0.0021627459
       -0.0001651243  -0.0001662804   0.0000862676  -0.0004571259  -0.0001998750
        0.0000912370  -0.0003696474  -0.0002998796  -0.0001265034   0.0009600187
        0.0017352746  -0.0036875555   0.0001282427   0.0000118012   0.0013847046
       -0.0418716830   0.0380871442  -0.0704902190  -0.0441608597  -0.0063031946
        0.0317612196   0.0586864254  -0.0174790681   0.0161758998  -0.1404019585
       -0.0066280296   0.0555130309   0.6427201020  -0.0890725853  -0.0262589781
       -0.3234871911   0.0254221554   0.0690339948   0.0000690213  -0.0000113355
        0.0000404956  -0.0000374928   0.0000288705  -0.0000134659   0.0000264248
       -0.0000006355  -0.0000256444   0.0001015657  -0.0000354098   0.0001298368
       -0.0002121786   0.0000893022  -0.0001470224  -0.0001517411   0.0000293672
       -0.0000048075  -0.0001366647  -0.0003674473   0.0005686396  -0.0006857930
        0.0027731582  -0.0026674939  -0.0164081243  -0.0077452283   0.0257287622
       -0.1188876268   0.0588256251  -0.1012515529  -0.0152585894   0.0013062705
        0.0041591545
        0.0003731621   0.0001326730   0.0002551284   0.0016701033  -0.0002991389
       -0.0001695337   0.0001343683  -0.0000763423  -0.0000539858   0.0031737230
        0.0055227560   0.0045012330  -0.0022680717   0.0004567956   0.0009211880
        0.0151871845  -0.0017757034  -0.0022065047  -0.0064970904  -0.0048729732
       -0.0000785569   0.0053689217  -0.0089573474   0.0212799135  -0.0373859245
       -0.0754867196   0.0799800759  -0.0890725853   0.2167502395  -0.1945237450
        0.0543283938  -0.0602005784   0.0056525137   0.0000689468  -0.0000073493
       -0.0000321856   0.0000472752  -0.0000243182   0.0000180401  -0.0000241413
        0.0000258867   0.0000334041  -0.0000164088  -0.0000056010  -0.0000642744
        0.0000079698  -0.0000220987   0.0000001158  -0.0000659811  -0.0000460990
       -0.0000169788  -0.0002850506  -0.0000635692  -0.0003390601   0.0026056307
        0.0055574516   0.0047794826   0.0015347099   0.0016714636  -0.0025855088
        0.0587881842  -0.0799669060   0.0809398731  -0.0076733195   0.0016874786
        0.0017093659
       -0.0002467632  -0.0002626876   0.0002094082  -0.0002405342  -0.0000427005
        0.0002461061   0.0003201587   0.0001231861  -0.0000303402  -0.0011866208
        0.0041174487  -0.0022121176  -0.0010366883   0.0001563299   0.0008093052
       -0.0169605403  -0.0101116033   0.0344293061   0.0324580531  -0.0001147612
       -0.0200091010  -0.0376835529   0.0312463534  -0.0555658249   0.1274476879
        0.0668097663  -0.2603914886  -0.0262589781  -0.1945237450   0.5854599092
       -0.0032751680   0.0185997469  -0.0920854042   0.0000819678  -0.0000214464
        0.0000025708  -0.0000827681   0.0000063984   0.0000088233   0.0000480287
       -0.0000087708  -0.0000030633   0.0000000912   0.0000171870   0.0000273408
       -0.0001361158  -0.0001253523  -0.0000839584   0.0001314080   0.0000025691
        0.0000066619   0.0006279753  -0.0002607269   0.0003742386  -0.0021769182
        0.0046911421  -0.0015920195   0.0039555075   0.0014279175  -0.0042510291
       -0.1014050517   0.0807578111  -0.1805530807   0.0256188212  -0.0024840625
       -0.0047962427
       -0.0012280411  -0.0014056358   0.0002730543  -0.0041464379   0.0009741978
        0.0010865327   0.0006940474   0.0006633806   0.0002445292  -0.0218125323
        0.0138160763  -0.0187956464  -0.0013570872  -0.0013266221  -0.0001836327
       -0.1531978469   0.0464358391  -0.0565186943   0.0559909534   0.0044846703
       -0.0356518104  -0.0512962606   0.0180449722  -0.0228038637  -0.0285129255
       -0.0295756356   0.0824952904  -0.3234871911   0.0543283938  -0.0032751680
        0.6423289310  -0.0815981921  -0.0511229548   0.0001092400  -0.0000570053
        0.0000329753  -0.0004417871   0.0000453291   0.0000539099   0.0002415690
       -0.0001246561  -0.0000777159  -0.0000370747  -0.0000033741  -0.0000408886
       -0.0000529567  -0.0002766776  -0.0005087563   0.0001577357  -0.0000949200
       -0.0000180049  -0.0001506002   0.0001124761   0.0033096860  -0.0001768707
        0.0003940816  -0.0005300377  -0.0000298503   0.0002652816   0.0030765414
       -0.0190589563   0.0037238801  -0.0002218224  -0.0945360577  -0.0288258598
        0.0991764767
        0.0000680088   0.0001417006  -0.0000358825  -0.0000405368  -0.0004896983
       -0.0002395848  -0.0004900220  -0.0004464152  -0.0002372016   0.0069075361
       -0.0027761149   0.0027628622  -0.0000485062   0.0010691687   0.0008317023
        0.0712743960  -0.0930073936   0.0754378932  -0.0171452508  -0.0079576089
        0.0312580728   0.0182478157  -0.0115297116   0.0047401176  -0.0063940251
        0.0108773182  -0.0196136997   0.0254221554  -0.0602005784   0.0185997469
       -0.0815981921   0.2073313762  -0.1832982266  -0.0000359262   0.0000291500
        0.0000071555  -0.0000034128  -0.0000202301   0.0000092681  -0.0000423687
        0.0000608484   0.0000223974  -0.0000832420   0.0000377480   0.0000356951
       -0.0001467784   0.0002320216   0.0001227650  -0.0000876028   0.0001040777
        0.0000073225   0.0002317288   0.0059945513   0.0041485738   0.0002242174
       -0.0002694096  -0.0002796487   0.0000557877   0.0062771984   0.0041669482
        0.0128836413  -0.0014503481  -0.0001499892  -0.0291994235  -0.0540076504
        0.0617037124
       -0.0000483948   0.0001895034   0.0001752485   0.0022040117   0.0008634249
        0.0006231281   0.0003992957  -0.0000118748   0.0001929262  -0.0094599979
        0.0011390144   0.0051433329   0.0021729455  -0.0011718936  -0.0028843930
       -0.1164064359   0.0884180077  -0.2105026787   0.0141451450   0.0207736969
       -0.0534270261  -0.0223059137   0.0042427548  -0.0062950139   0.0282395830
       -0.0096689646   0.0110657486   0.0690339948   0.0056525137  -0.0920854042
       -0.0511229548  -0.1832982266   0.5845905692   0.0001720182  -0.0000511057
        0.0000081047   0.0002656022   0.0001476623  -0.0000088557  -0.0001231705
       -0.0000700283  -0.0000083944   0.0000285415   0.0000463732  -0.0000149789
       -0.0004657167  -0.0005454414  -0.0006712471   0.0002929459   0.0000922274
        0.0000417981   0.0028843106   0.0042079389  -0.0032215270  -0.0005841140
       -0.0002566109   0.0005669373   0.0034758474   0.0040612788  -0.0030564810
       -0.0215445068   0.0037963986   0.0014521813   0.0987469637   0.0614433508
       -0.2316839749
       -0.0646112115   0.0210227271  -0.0691239016  -0.0303694821   0.0083747867
       -0.0284271042   0.0004185183   0.0000086575  -0.0017521341  -0.0036976987
        0.0057199440   0.0000760736   0.0016191602  -0.0000812388   0.0001517367
       -0.0007125969  -0.0016162320   0.0005296587  -0.0002885139   0.0001507900
       -0.0002456241  -0.0000279085   0.0001079400   0.0001082605   0.0000212582
       -0.0000246828   0.0000395202   0.0000690213   0.0000689468   0.0000819678
        0.0001092400  -0.0000359262   0.0001720182   0.0902348845  -0.0274331485
        0.0860531396   0.0054717228  -0.0041869963   0.0110317474   0.0016915199
       -0.0012944908   0.0007456192  -0.0000168611  -0.0003246206   0.0004342937
        0.0004110225  -0.0003662471   0.0000474299  -0.0001654178   0.0000175391
        0.0000847212  -0.0000728661  -0.0000371960  -0.0000196463  -0.0000588753
        0.0000009467   0.0000306662  -0.0000249386  -0.0000243258  -0.0000073593
       -0.0000133245   0.0000035612  -0.0000122112   0.0000133474  -0.0000507341
        0.0000011280
        0.0197280691  -0.0614050340   0.0569136998   0.0091069424   0.0006469856
        0.0039490387   0.0001210595   0.0002424633   0.0008464755  -0.0001323491
       -0.0014996965  -0.0007035170  -0.0010132363  -0.0000220490   0.0003454999
        0.0001997025   0.0003342408  -0.0002505673   0.0000636043  -0.0000403824
        0.0000343781   0.0000170123  -0.0000330796  -0.0000200336  -0.0000087531
        0.0000017540  -0.0000005352  -0.0000113355  -0.0000073493  -0.0000214464
       -0.0000570053   0.0000291500  -0.0000511057  -0.0274331485   0.0669825872
       -0.0679944650   0.0064609727  -0.0113432327   0.0279597479  -0.0069878411
        0.0062574705  -0.0209279849   0.0001715971   0.0001310988  -0.0003675810
       -0.0002588527   0.0000940353  -0.0000489133   0.0000046631  -0.0003962644
        0.0003191502  -0.0000026064   0.0000255120   0.0000105409   0.0000193701
        0.0000020369  -0.0000114165   0.0000123488   0.0000033930   0.0000025375
        0.0000070408  -0.0000037661   0.0000064056  -0.0000072549   0.0000001266
        0.0000100919
       -0.0685293404   0.0572457433  -0.2251025771  -0.0089783397  -0.0019303597
        0.0040078454   0.0006760677  -0.0005189091   0.0012981548   0.0008348862
        0.0017410595  -0.0005302534  -0.0003588895  -0.0005918773   0.0004008713
        0.0001481265   0.0001672415   0.0000531929  -0.0000297065   0.0000554290
       -0.0001893618   0.0000030875  -0.0000034420  -0.0000240209   0.0000096703
       -0.0000271373   0.0000568168   0.0000404956  -0.0000321856   0.0000025708
        0.0000329753   0.0000071555   0.0000081047   0.0860531396  -0.0679944650
        0.2567689716  -0.0025673986   0.0064361435  -0.0135757182  -0.0071724503
        0.0048572062  -0.0232185826  -0.0003776301   0.0004081528   0.0002343056
        0.0002020308  -0.0000024286  -0.0000092910   0.0000750573   0.0002090484
       -0.0003542460  -0.0000325195  -0.0000208288   0.0000957711  -0.0000297748
       -0.0000013011   0.0000327811  -0.0000219673   0.0000053114   0.0000081836
       -0.0000119015   0.0000054408  -0.0000079944   0.0000343816  -0.0000149975
        0.0000444757
       -0.0836755870  -0.0849311697   0.0318539388  -0.0355434984  -0.0237581129
        0.0072890532   0.0000345588  -0.0021093539  -0.0002408783  -0.0036310311
        0.0007179554   0.0060820225   0.0016058775  -0.0001879631  -0.0000364480
       -0.0005886136   0.0006650773  -0.0016807854   0.0001658061   0.0000468842
       -0.0001799501   0.0000552496  -0.0000028478  -0.0000517990   0.0000059334
        0.0000206158  -0.0000468141  -0.0000374928   0.0000472752  -0.0000827681
       -0.0004417871  -0.0000034128   0.0002656022   0.0054717228   0.0064609727
       -0.0025673986   0.1141987672   0.1024195289  -0.0389626061   0.0017610401
        0.0000257336  -0.0012383867  -0.0000319606   0.0001639940  -0.0000378894
        0.0005549586  -0.0003095542  -0.0003435842   0.0001731131   0.0007203657
        0.0000012774   0.0000505770   0.0000146334  -0.0000327156  -0.0000098332
       -0.0000074536   0.0000144392  -0.0000237996   0.0000034973   0.0000091217
       -0.0000767615   0.0000204416  -0.0000141129  -0.0000172393  -0.0000171072
        0.0000006815
       -0.0841063264  -0.1999689543   0.0595648982  -0.0053451410   0.0068191867
       -0.0040845493   0.0012235487   0.0016774821  -0.0003384504   0.0008311534
       -0.0002029852   0.0016743579   0.0000140212   0.0003453779  -0.0006763816
        0.0001655498  -0.0000415746   0.0002785343   0.0000318016  -0.0000153221
        0.0000113466   0.0000183325  -0.0000021524  -0.0000259654   0.0000053525
        0.0000089061  -0.0000223519   0.0000288705  -0.0000243182   0.0000063984
        0.0000453291  -0.0000202301   0.0001476623  -0.0041869963  -0.0113432327
        0.0064361435   0.1024195289   0.2267709187  -0.0698577377  -0.0107696548
       -0.0238139929   0.0064150889  -0.0000683030  -0.0004241837   0.0002047339
        0.0001646865   0.0000584020   0.0000557966  -0.0003955302   0.0001232140
        0.0003355166   0.0000128888   0.0000136466  -0.0000559593  -0.0000192948
       -0.0000029001   0.0000130252  -0.0000244226   0.0000095358  -0.0000038752
       -0.0000258096   0.0000100143  -0.0000206750  -0.0000195846   0.0000231622
       -0.0000575566
        0.0306530954   0.0594459224  -0.0663423612   0.0064898247   0.0000015075
        0.0018942210   0.0003761943   0.0010369810   0.0003275856  -0.0005547435
       -0.0004917863  -0.0008816257  -0.0004351851   0.0004662424  -0.0000542038
        0.0000409305  -0.0002080343   0.0001642583  -0.0000390543  -0.0000060367
        0.0000114762   0.0000157454  -0.0000080110   0.0000164122  -0.0000041588
       -0.0000002816  -0.0000004541  -0.0000134659   0.0000180401   0.0000088233
        0.0000539099   0.0000092681  -0.0000088557   0.0110317474   0.0279597479
       -0.0135757182  -0.0389626061  -0.0698577377   0.0722259144  -0.0085226689
       -0.0179334386   0.0064462630  -0.0000896331   0.0001848711  -0.0002035408
       -0.0002305156   0.0000034417   0.0000397735   0.0002070482  -0.0006143668
       -0.0000475463  -0.0000292460   0.0000021636  -0.0000107871   0.0000019297
        0.0000039285  -0.0000084411   0.0000114345  -0.0000019360  -0.0000064007
        0.0000134206  -0.0000071515   0.0000055235  -0.0000140033  -0.0000033340
       -0.0000003161
       -0.0426428399   0.0153589014   0.0147889174  -0.0104693846   0.0245316078
        0.0216740203  -0.0066836428   0.0010845484   0.0002371176  -0.0014734664
        0.0040667893   0.0037757307   0.0006458590  -0.0019413862  -0.0015712693
        0.0009735152  -0.0000917208  -0.0000024283   0.0001936035  -0.0001316290
        0.0000583184   0.0000732438   0.0000153734  -0.0000534420   0.0000080865
        0.0000055112  -0.0000221265   0.0000264248  -0.0000241413   0.0000480287
        0.0002415690  -0.0000423687  -0.0001231705   0.0016915199  -0.0069878411
       -0.0071724503   0.0017610401  -0.0107696548  -0.0085226689   0.0562259042
       -0.0260171382  -0.0237599978   0.0000673857  -0.0001803484  -0.0002811961
       -0.0007231083   0.0015468888   0.0013553599  -0.0000038347  -0.0004992285
       -0.0003649250  -0.0000196333   0.0000436315  -0.0000270315   0.0000599438
        0.0000098481  -0.0000336670   0.0000274460   0.0000000232  -0.0000066329
        0.0000589125  -0.0000160641   0.0000126868  -0.0000385438   0.0000383981
       -0.0000091738
        0.0195274906  -0.1738549603  -0.1177335356   0.0068342165  -0.0079736239
       -0.0072556685   0.0020295467  -0.0003889223  -0.0004928476  -0.0000729170
        0.0013583055   0.0001298329  -0.0010268812  -0.0011832365   0.0001653556
        0.0000770342  -0.0002000266  -0.0003442863  -0.0000393615   0.0000086547
        0.0000169149  -0.0000368246   0.0000181282   0.0000282256  -0.0000307696
       -0.0000006821   0.0000168753  -0.0000006355   0.0000258867  -0.0000087708
       -0.0001246561   0.0000608484  -0.0000700283  -0.0012944908   0.0062574705
        0.0048572062   0.0000257336  -0.0238139929  -0.0179334386  -0.0260171382
        0.1993979282   0.1385435967   0.0000031472   0.0000221718   0.0002544147
        0.0000885373  -0.0001664588  -0.0004166570   0.0000127097   0.0004939555
        0.0001734705   0.0000197888  -0.0000197831   0.0000095850  -0.0000037396
       -0.0000000046   0.0000016194   0.0000028820  -0.0000096810   0.0000052949
       -0.0000066283  -0.0000045365   0.0000078294   0.0000329558  -0.0000274410
        0.0000450117
        0.0185906201  -0.1181610406  -0.1518224637   0.0055432600  -0.0056908884
       -0.0045288856   0.0011792347  -0.0007020213   0.0001636157  -0.0003838538
        0.0008382796   0.0020898407  -0.0006640866  -0.0002035905  -0.0015446434
        0.0002410224  -0.0003094715  -0.0003269813   0.0000097246  -0.0000151378
        0.0000901148  -0.0000030994   0.0000251687   0.0000097444  -0.0000234690
        0.0000137580  -0.0000236111  -0.0000256444   0.0000334041  -0.0000030633
       -0.0000777159   0.0000223974  -0.0000083944   0.0007456192  -0.0209279849
       -0.0232185826  -0.0012383867   0.0064150889   0.0064462630  -0.0237599978
        0.1385435967   0.1724908899  -0.0001409427   0.0001091668   0.0003486021
       -0.0000534525  -0.0002461941  -0.0000815688   0.0000429838   0.0002705921
        0.0000102787   0.0000182754  -0.0000158901  -0.0000740464   0.0000086967
        0.0000032284  -0.0000132746   0.0000078078  -0.0000064453  -0.0000060081
       -0.0000014962  -0.0000034802   0.0000047954  -0.0000150998   0.0000074640
       -0.0000026213
        0.0010868704  -0.0002888912   0.0011830753   0.0025611366  -0.0008349725
        0.0064263182  -0.0531306849   0.0138413612  -0.0407415149  -0.0001653807
       -0.0000988066   0.0000965121   0.0000696945   0.0003760838   0.0002540612
        0.0000681819  -0.0001382069  -0.0000696910  -0.0001186753   0.0002920860
       -0.0003636817  -0.0000227711  -0.0000268268   0.0000474329   0.0000636326
       -0.0000430573   0.0000322896   0.0001015657  -0.0000164088   0.0000000912
       -0.0000370747  -0.0000832420   0.0000285415  -0.0000168611   0.0001715971
       -0.0003776301  -0.0000319606  -0.0000683030  -0.0000896331   0.0000673857
        0.0000031472  -0.0001409427   0.0557368916  -0.0162693838   0.0463062271
       -0.0091484053   0.0124043713  -0.0296506092   0.0030394957  -0.0088249477
        0.0167866288  -0.0000835976  -0.0003385446   0.0000830961  -0.0000438206
        0.0000047788   0.0000395547   0.0000188296  -0.0000149227   0.0000294722
       -0.0000022506  -0.0000071286   0.0000282570  -0.0000122019  -0.0000397828
        0.0000921447
       -0.0007262454   0.0007489208  -0.0011908378  -0.0039349258   0.0033661462
       -0.0269467508   0.0143219842  -0.0659409435   0.0690757857   0.0021808159
        0.0006772480  -0.0028880738  -0.0006732504  -0.0019648589  -0.0003067745
        0.0001552811   0.0001391763   0.0001203077  -0.0000521384   0.0000183019
       -0.0000647544  -0.0000018402  -0.0000403893   0.0000517535   0.0000176647
       -0.0000049567   0.0000000663  -0.0000354098  -0.0000056010   0.0000171870
       -0.0000033741   0.0000377480   0.0000463732  -0.0003246206   0.0001310988
        0.0004081528   0.0001639940  -0.0004241837   0.0001848711  -0.0001803484
        0.0000221718   0.0001091668  -0.0162693838   0.0775325510  -0.0716608391
        0.0021617051  -0.0021072596   0.0070724784   0.0033117099  -0.0120777723
        0.0260831850  -0.0001792569  -0.0000844447  -0.0000710431   0.0000173216
        0.0000009401  -0.0000183364   0.0000188949  -0.0000011876   0.0000023731
        0.0000075379  -0.0000030629  -0.0000049730   0.0000238847  -0.0000196428
       -0.0000193179
       -0.0009261923   0.0006440849  -0.0001803894  -0.0029467859  -0.0142406093
       -0.0321573839  -0.0415746638   0.0719761694  -0.2267786794   0.0041984767
        0.0038305785  -0.0021454979  -0.0005024921  -0.0028777873  -0.0007070808
        0.0003173384   0.0000580159   0.0001567305  -0.0001397912   0.0003312340
       -0.0002712872  -0.0001245389   0.0000228051  -0.0000058460   0.0000935673
       -0.0000762161   0.0001079721   0.0001298368  -0.0000642744   0.0000273408
       -0.0000408886   0.0000356951  -0.0000149789   0.0004342937  -0.0003675810
        0.0002343056  -0.0000378894   0.0002047339  -0.0002035408  -0.0002811961
        0.0002544147   0.0003486021   0.0463062271  -0.0716608391   0.2774386796
       -0.0038592705   0.0036302564  -0.0055722882  -0.0009958215   0.0086233540
       -0.0107213901  -0.0000737744  -0.0002550444   0.0002426299  -0.0000181778
       -0.0000158779   0.0000603357  -0.0000155853  -0.0000090357   0.0000291183
        0.0000012361   0.0000019721  -0.0000017332   0.0000560915  -0.0000460486
        0.0001143812
       -0.0003602100   0.0026997432   0.0015652828  -0.0134706948   0.0066706311
        0.0041351980  -0.2700226980   0.0532507156  -0.0211794717   0.0002021996
        0.0003196594   0.0004192629   0.0002614896  -0.0008183471  -0.0006401518
        0.0004560933  -0.0010121393  -0.0017009403  -0.0013732430  -0.0017752443
        0.0005438640  -0.0001353744  -0.0002987785   0.0001710025  -0.0003051124
        0.0001404398  -0.0001352837  -0.0002121786   0.0000079698  -0.0001361158
       -0.0000529567  -0.0001467784  -0.0004657167   0.0004110225  -0.0002588527
        0.0002020308   0.0005549586   0.0001646865  -0.0002305156  -0.0007231083
        0.0000885373  -0.0000534525  -0.0091484053   0.0021617051  -0.0038592705
        0.3152477292  -0.0622956926   0.0233217364  -0.0213476910   0.0008654673
       -0.0020408916   0.0000292260   0.0000650832  -0.0001217193  -0.0000080545
        0.0000729980   0.0000441979   0.0000051499   0.0000373667   0.0000247560
       -0.0000125934   0.0000109431   0.0000268927   0.0000044520   0.0000498868
        0.0001093054
        0.0008045421  -0.0035334808  -0.0031403043   0.0246040783  -0.0079237929
       -0.0016658110   0.0496388452  -0.0534074054   0.0060659751   0.0019114893
        0.0006303977   0.0002790864  -0.0004638790   0.0006356254   0.0006968317
       -0.0007025639  -0.0008718385  -0.0017368721  -0.0015533767  -0.0010215787
        0.0004882180  -0.0004239518  -0.0000727421   0.0001819807  -0.0000625549
       -0.0000247294   0.0000850187   0.0000893022  -0.0000220987  -0.0001253523
       -0.0002766776   0.0002320216  -0.0005454414  -0.0003662471   0.0000940353
       -0.0000024286  -0.0003095542   0.0000584020   0.0000034417   0.0015468888
       -0.0001664588  -0.0002461941   0.0124043713  -0.0021072596   0.0036302564
       -0.0622956926   0.0638438302  -0.0022872070  -0.0249471124   0.0042554761
       -0.0022205644   0.0000544108  -0.0004817070   0.0002986606   0.0000966597
        0.0000210920  -0.0000094499   0.0001062660  -0.0000321841   0.0000354937
        0.0000930228  -0.0000624544   0.0000613597   0.0000517335  -0.0000431497
        0.0001533023
        0.0009617532  -0.0037918617  -0.0022029853   0.0214908786  -0.0063571668
       -0.0001030800  -0.0245146135   0.0067962040  -0.0454089169   0.0014695105
       -0.0004058954   0.0004517631  -0.0002760700   0.0007741327   0.0005891092
       -0.0003332695  -0.0003458341  -0.0003788219  -0.0007812180  -0.0009251358
        0.0008868922   0.0001900211  -0.0002333609   0.0000313908  -0.0001085049
        0.0000370624  -0.0000198023  -0.0001470224   0.0000001158  -0.0000839584
       -0.0005087563   0.0001227650  -0.0006712471   0.0000474299  -0.0000489133
       -0.0000092910  -0.0003435842   0.0000557966   0.0000397735   0.0013553599
       -0.0004166570  -0.0000815688  -0.0296506092   0.0070724784  -0.0055722882
        0.0233217364  -0.0022872070   0.0514932997   0.0075609891  -0.0005873017
        0.0014901674  -0.0000127627   0.0003973912  -0.0001678537   0.0001030235
        0.0000240014  -0.0001139108   0.0000441526   0.0000380865  -0.0000385972
        0.0000618768   0.0000018742  -0.0000179338   0.0000696790   0.0000794256
       -0.0001121406
        0.0015489727   0.0020926630  -0.0003261892   0.0039877204   0.0028597489
       -0.0030630464  -0.1144068901  -0.1004260527   0.0261218583  -0.0001062607
       -0.0002613338   0.0005498627   0.0001599592   0.0004752786   0.0005728878
       -0.0003840119  -0.0001953522  -0.0002547843  -0.0003532273  -0.0004235961
       -0.0000405221   0.0002857021  -0.0000984574  -0.0000711840   0.0000243247
        0.0000914299  -0.0001754556  -0.0001517411  -0.0000659811   0.0001314080
        0.0001577357  -0.0000876028   0.0002929459  -0.0001654178   0.0000046631
        0.0000750573   0.0001731131  -0.0003955302   0.0002070482  -0.0000038347
        0.0000127097   0.0000429838   0.0030394957   0.0033117099  -0.0009958215
       -0.0213476910  -0.0249471124   0.0075609891   0.1276951064   0.1178948457
       -0.0302581210  -0.0001010965   0.0001117839  -0.0002089892   0.0000060051
       -0.0000034743  -0.0000311589  -0.0000201216   0.0000258811  -0.0000138280
       -0.0000220444   0.0000052867  -0.0000311477  -0.0000157981   0.0000184926
       -0.0000847932
       -0.0011894120   0.0005597343   0.0005603818  -0.0118243006  -0.0317890374
       -0.0134228341  -0.1003260489  -0.1825020166   0.0418862585   0.0031305584
       -0.0031148871   0.0040217096  -0.0002390983  -0.0005915032  -0.0028269402
        0.0002414706   0.0003261609  -0.0000419884   0.0000868084  -0.0000330273
        0.0000537956  -0.0000564509   0.0000292884  -0.0000900661   0.0000495395
       -0.0000066491   0.0000121072   0.0000293672  -0.0000460990   0.0000025691
       -0.0000949200   0.0001040777   0.0000922274   0.0000175391  -0.0003962644
        0.0002090484   0.0007203657   0.0001232140  -0.0006143668  -0.0004992285
        0.0004939555   0.0002705921  -0.0088249477  -0.0120777723   0.0086233540
        0.0008654673   0.0042554761  -0.0005873017   0.1178948457   0.2246097225
       -0.0380529915   0.0000486148   0.0000532880  -0.0000603030   0.0000038864
       -0.0000097261   0.0000172028  -0.0000335714   0.0000117710   0.0000031159
       -0.0000230432   0.0000079853  -0.0000331076   0.0000225584  -0.0000076913
       -0.0000224631
       -0.0011943178  -0.0007570243   0.0008972090  -0.0113316300  -0.0228337434
        0.0004867789   0.0269211659   0.0403079614  -0.0529875921   0.0018045481
       -0.0032845277   0.0006177945  -0.0005777157  -0.0001414166  -0.0017630735
        0.0002192082   0.0001225668  -0.0000573877  -0.0000587896   0.0001311416
       -0.0000878435   0.0000018565  -0.0000173851   0.0000406975   0.0000174538
       -0.0000046031  -0.0000138798  -0.0000048075  -0.0000169788   0.0000066619
       -0.0000180049   0.0000073225   0.0000417981   0.0000847212   0.0003191502
       -0.0003542460   0.0000012774   0.0003355166  -0.0000475463  -0.0003649250
        0.0001734705   0.0000102787   0.0167866288   0.0260831850  -0.0107213901
       -0.0020408916  -0.0022205644   0.0014901674  -0.0302581210  -0.0380529915
        0.0623716185  -0.0000119886  -0.0001053822   0.0000212842  -0.0000068774
       -0.0000011022   0.0000069007   0.0000175601  -0.0000080382   0.0000105242
        0.0000047172  -0.0000063752   0.0000090744   0.0000089320  -0.0000301818
        0.0000221709
       -0.0001069049   0.0000834522   0.0000152726   0.0001890194   0.0001578405
       -0.0000307477  -0.0001025388  -0.0004276497   0.0001171331   0.0003583629
       -0.0007348042   0.0009125415   0.0002273017  -0.0001804314  -0.0003833055
        0.0067922356  -0.0047613908   0.0076723371  -0.1180154319   0.0604390399
       -0.0987063312  -0.0188926253   0.0134195339  -0.0217673656  -0.0056602172
        0.0018745356   0.0015823413  -0.0001366647  -0.0002850506   0.0006279753
       -0.0001506002   0.0002317288   0.0028843106  -0.0000728661  -0.0000026064
       -0.0000325195   0.0000505770   0.0000128888  -0.0000292460  -0.0000196333
        0.0000197888   0.0000182754  -0.0000835976  -0.0001792569  -0.0000737744
        0.0000292260   0.0000544108  -0.0000127627  -0.0001010965   0.0000486148
       -0.0000119886   0.1357091980  -0.0696399244   0.1087532204   0.0006514617
       -0.0002110398  -0.0009056240  -0.0009432829   0.0006523627  -0.0011338887
        0.0000067575  -0.0003102242  -0.0000765450   0.0002713196  -0.0002618184
        0.0005806915
       -0.0001447357  -0.0001236213  -0.0000191890  -0.0008478426   0.0001691137
       -0.0004104703  -0.0000711957  -0.0001366602   0.0001193494  -0.0001881692
       -0.0013382504  -0.0003475042   0.0008333675  -0.0005030416  -0.0007696000
        0.0049380832  -0.0037453175   0.0082802084   0.0605211608  -0.0829373646
        0.0831486144   0.0036899687  -0.0015725918   0.0037799442   0.0020595730
        0.0067868149   0.0022002697  -0.0003674473  -0.0000635692  -0.0002607269
        0.0001124761   0.0059945513   0.0042079389  -0.0000371960   0.0000255120
       -0.0000208288   0.0000146334   0.0000136466   0.0000021636   0.0000436315
       -0.0000197831  -0.0000158901  -0.0003385446  -0.0000844447  -0.0002550444
        0.0000650832  -0.0004817070   0.0003973912   0.0001117839   0.0000532880
       -0.0001053822  -0.0696399244   0.0817755955  -0.0985758776  -0.0008414494
       -0.0019508422  -0.0012006608   0.0000908924  -0.0001241506   0.0001870665
       -0.0003256088  -0.0015193581  -0.0007081353   0.0003214599  -0.0002178198
        0.0003663632
        0.0000200791   0.0001969367  -0.0002309959   0.0003860156  -0.0001518605
        0.0007728129  -0.0000115021   0.0000787014   0.0000919250  -0.0022193911
       -0.0007070885  -0.0009656162   0.0003399857  -0.0002921011   0.0000696438
       -0.0118710412   0.0121119623  -0.0216030335  -0.0994735253   0.0827343882
       -0.1758799045  -0.0002350778  -0.0001285157   0.0013048508   0.0010181607
        0.0024817625   0.0022566863   0.0005686396  -0.0003390601   0.0003742386
        0.0033096860   0.0041485738  -0.0032215270  -0.0000196463   0.0000105409
        0.0000957711  -0.0000327156  -0.0000559593  -0.0000107871  -0.0000270315
        0.0000095850  -0.0000740464   0.0000830961  -0.0000710431   0.0002426299
       -0.0001217193   0.0002986606  -0.0001678537  -0.0002089892  -0.0000603030
        0.0000212842   0.1087532204  -0.0985758776   0.1976789104   0.0004797074
       -0.0014768159   0.0004492744   0.0001271690  -0.0000512744   0.0000014132
       -0.0000752252  -0.0007487744  -0.0001939139  -0.0007898951   0.0005875622
       -0.0010117624
       -0.0000398294   0.0000042414  -0.0001094513  -0.0002055393   0.0000104701
       -0.0000877969  -0.0000199192   0.0000002100   0.0000514763   0.0004946367
       -0.0008521815   0.0011151173  -0.0005076887   0.0004651139   0.0000971533
       -0.0060528652   0.0018186156   0.0014214522  -0.0159034960  -0.0082301594
        0.0257644511  -0.0935880243  -0.0316288016   0.0967332683   0.0064932566
        0.0045064629  -0.0125523787  -0.0006857930   0.0026056307  -0.0021769182
       -0.0001768707   0.0002242174  -0.0005841140  -0.0000588753   0.0000193701
       -0.0000297748  -0.0000098332  -0.0000192948   0.0000019297   0.0000599438
       -0.0000037396   0.0000086967  -0.0000438206   0.0000173216  -0.0000181778
       -0.0000080545   0.0000966597   0.0001030235   0.0000060051   0.0000038864
       -0.0000068774   0.0006514617  -0.0008414494   0.0004797074   0.1085394978
        0.0320204231  -0.1082342501   0.0008270529  -0.0001917810  -0.0010559747
        0.0002395425   0.0002465914  -0.0007432924  -0.0000107877  -0.0002718071
       -0.0001772692
        0.0000184390  -0.0000305801   0.0000046875  -0.0000048173  -0.0000364321
       -0.0000091044  -0.0000681690   0.0000589594   0.0000344481   0.0000931883
        0.0001392052   0.0000146954  -0.0000510849  -0.0000248046  -0.0001037946
        0.0018317206   0.0067625060   0.0021759766   0.0010892243   0.0015264972
       -0.0022033741  -0.0314667939  -0.0583025676   0.0671788225  -0.0051001843
       -0.0035845071   0.0120850092   0.0027731582   0.0055574516   0.0046911421
        0.0003940816  -0.0002694096  -0.0002566109   0.0000009467   0.0000020369
       -0.0000013011  -0.0000074536  -0.0000029001   0.0000039285   0.0000098481
       -0.0000000046   0.0000032284   0.0000047788   0.0000009401  -0.0000158779
        0.0000729980   0.0000210920   0.0000240014  -0.0000034743  -0.0000097261
       -0.0000011022  -0.0002110398  -0.0019508422  -0.0014768159   0.0320204231
        0.0538789615  -0.0810044163  -0.0008064919  -0.0019783303  -0.0010758324
       -0.0003015777  -0.0002287089   0.0006056471  -0.0002877202  -0.0015288367
       -0.0006733569
       -0.0000289133   0.0000354334   0.0000307546   0.0001891228   0.0000154467
        0.0001337612  -0.0000075246  -0.0000087866  -0.0000317401  -0.0006612188
        0.0002351684  -0.0002862645   0.0002137432  -0.0001390130  -0.0000435462
        0.0017612949   0.0022888158   0.0021817406   0.0043474807   0.0017440000
       -0.0050827243   0.0966872413   0.0669683557  -0.2266998171   0.0091084388
        0.0083216179  -0.0219106569  -0.0026674939   0.0047794826  -0.0015920195
       -0.0005300377  -0.0002796487   0.0005669373   0.0000306662  -0.0000114165
        0.0000327811   0.0000144392   0.0000130252  -0.0000084411  -0.0000336670
        0.0000016194  -0.0000132746   0.0000395547  -0.0000183364   0.0000603357
        0.0000441979  -0.0000094499  -0.0001139108  -0.0000311589   0.0000172028
        0.0000069007  -0.0009056240  -0.0012006608   0.0004492744  -0.1082342501
       -0.0810044163   0.2532120206   0.0003105315  -0.0013247235   0.0003065965
        0.0005293204   0.0003058483  -0.0010513364  -0.0001761433  -0.0007295647
       -0.0001473712
        0.0000469534  -0.0000217109  -0.0000489739  -0.0001355327  -0.0000450611
       -0.0000197922  -0.0000250054   0.0000396110   0.0000511740   0.0005115479
       -0.0003558655  -0.0001745652  -0.0000394335   0.0000334803  -0.0000284866
        0.0007995083  -0.0001060766  -0.0000745961  -0.0007637618   0.0028549131
       -0.0026389034  -0.0196595378   0.0036162231   0.0005274816  -0.2922101619
        0.0349121388   0.0313104205  -0.0164081243   0.0015347099   0.0039555075
       -0.0000298503   0.0000557877   0.0034758474  -0.0000249386   0.0000123488
       -0.0000219673  -0.0000237996  -0.0000244226   0.0000114345   0.0000274460
        0.0000028820   0.0000078078   0.0000188296   0.0000188949  -0.0000155853
        0.0000051499   0.0001062660   0.0000441526  -0.0000201216  -0.0000335714
        0.0000175601  -0.0009432829   0.0000908924   0.0001271690   0.0008270529
       -0.0008064919   0.0003105315   0.3279530485  -0.0416831157  -0.0360039211
        0.0008600127  -0.0003146759  -0.0008261202  -0.0007659989   0.0001128435
        0.0000138248
       -0.0000654355   0.0000041099  -0.0000656291  -0.0003052069   0.0000580719
       -0.0000403862  -0.0000286492   0.0000554767   0.0000172312  -0.0005710816
       -0.0013708344  -0.0004648167   0.0005582051  -0.0001926748  -0.0003790152
       -0.0001167945  -0.0002562917   0.0005214345   0.0025445886   0.0054959140
        0.0046299272   0.0130909871  -0.0014049680  -0.0005755234   0.0348760923
       -0.0407412695  -0.0006989268  -0.0077452283   0.0016714636   0.0014279175
        0.0002652816   0.0062771984   0.0040612788  -0.0000243258   0.0000033930
        0.0000053114   0.0000034973   0.0000095358  -0.0000019360   0.0000000232
       -0.0000096810  -0.0000064453  -0.0000149227  -0.0000011876  -0.0000090357
        0.0000373667  -0.0000321841   0.0000380865   0.0000258811   0.0000117710
       -0.0000080382   0.0006523627  -0.0001241506  -0.0000512744  -0.0001917810
       -0.0019783303  -0.0013247235  -0.0416831157   0.0345025327  -0.0060459818
       -0.0008879200  -0.0019758651  -0.0010891839  -0.0004198244  -0.0000020298
        0.0000597289
       -0.0000284856   0.0000375338  -0.0000506668  -0.0000780053  -0.0000150312
        0.0000783599  -0.0000271379   0.0000075833   0.0000046432  -0.0003340171
       -0.0006480026  -0.0003607397   0.0002523373  -0.0000654440  -0.0000415465
       -0.0001414993   0.0001388728  -0.0003914609  -0.0022699738   0.0046150763
       -0.0015500273  -0.0212169757   0.0034564883   0.0019983596   0.0313341156
       -0.0007194797  -0.0463317968   0.0257287622  -0.0025855088  -0.0042510291
        0.0030765414   0.0041669482  -0.0030564810  -0.0000073593   0.0000025375
        0.0000081836   0.0000091217  -0.0000038752  -0.0000064007  -0.0000066329
        0.0000052949  -0.0000060081   0.0000294722   0.0000023731   0.0000291183
        0.0000247560   0.0000354937  -0.0000385972  -0.0000138280   0.0000031159
        0.0000105242  -0.0011338887   0.0001870665   0.0000014132  -0.0010559747
       -0.0010758324   0.0003065965  -0.0360039211  -0.0060459818   0.0536538459
        0.0005717888  -0.0013345181   0.0002612545   0.0012908044  -0.0001647105
       -0.0002675447
       -0.0000628041  -0.0001380894  -0.0000074127  -0.0004622691  -0.0000239160
        0.0000080135  -0.0000120906   0.0000427400   0.0000146667   0.0003316426
        0.0003951700  -0.0014371960  -0.0001754724   0.0000282140   0.0002846417
       -0.0060511816   0.0024526713   0.0013593886  -0.0000530807  -0.0002987801
        0.0006478565   0.0000472746   0.0002517951   0.0029381444   0.0063409677
       -0.0045411340   0.0083238977  -0.1188876268   0.0587881842  -0.1014050517
       -0.0190589563   0.0128836413  -0.0215445068  -0.0000133245   0.0000070408
       -0.0000119015  -0.0000767615  -0.0000258096   0.0000134206   0.0000589125
       -0.0000066283  -0.0000014962  -0.0000022506   0.0000075379   0.0000012361
       -0.0000125934   0.0000930228   0.0000618768  -0.0000220444  -0.0000230432
        0.0000047172   0.0000067575  -0.0003256088  -0.0000752252   0.0002395425
       -0.0003015777   0.0005293204   0.0008600127  -0.0008879200   0.0005717888
        0.1363595613  -0.0680991100   0.1106618880   0.0006457846  -0.0002784005
       -0.0009380669
       -0.0000004631   0.0000260804   0.0000105788   0.0001126650   0.0000185659
       -0.0000174776   0.0000035040   0.0000101477  -0.0000093223  -0.0002195523
        0.0000193606   0.0002468443   0.0001568826  -0.0001097711  -0.0001119579
        0.0022068354   0.0065485473   0.0025538515  -0.0002118306  -0.0000113450
       -0.0004924495   0.0000225097   0.0064066554   0.0041895022   0.0046638804
       -0.0035686675   0.0082747420   0.0588256251  -0.0799669060   0.0807578111
        0.0037238801  -0.0014503481   0.0037963986   0.0000035612  -0.0000037661
        0.0000054408   0.0000204416   0.0000100143  -0.0000071515  -0.0000160641
       -0.0000045365  -0.0000034802  -0.0000071286  -0.0000030629   0.0000019721
        0.0000109431  -0.0000624544   0.0000018742   0.0000052867   0.0000079853
       -0.0000063752  -0.0003102242  -0.0015193581  -0.0007487744   0.0002465914
       -0.0002287089   0.0003058483  -0.0003146759  -0.0019758651  -0.0013345181
       -0.0680991100   0.0778362073  -0.0963169258  -0.0008235575  -0.0019787747
       -0.0010964315
        0.0000642714   0.0000030616  -0.0000341658  -0.0000599706  -0.0000215063
        0.0000099657  -0.0000088545   0.0000422624   0.0000294720   0.0004034388
       -0.0001292693  -0.0001500229  -0.0000614898   0.0000496415   0.0001259069
        0.0009984721   0.0022201118   0.0023741681   0.0006780895  -0.0003367908
        0.0002308116   0.0033756954   0.0041735120  -0.0030824092  -0.0134384858
        0.0121194141  -0.0217580149  -0.1012515529   0.0809398731  -0.1805530807
       -0.0002218224  -0.0001499892   0.0014521813  -0.0000122112   0.0000064056
       -0.0000079944  -0.0000141129  -0.0000206750   0.0000055235   0.0000126868
        0.0000078294   0.0000047954   0.0000282570  -0.0000049730  -0.0000017332
        0.0000268927   0.0000613597  -0.0000179338  -0.0000311477  -0.0000331076
        0.0000090744  -0.0000765450  -0.0007081353  -0.0001939139  -0.0007432924
        0.0006056471  -0.0010513364  -0.0008261202  -0.0010891839   0.0002612545
        0.1106618880  -0.0963169258   0.2018753526   0.0004959138  -0.0014185622
        0.0004720994
       -0.0000711989   0.0000344925  -0.0000049598   0.0001503855  -0.0000018868
        0.0001697904   0.0000197030  -0.0000280029  -0.0000830534   0.0003913334
        0.0000024066  -0.0017237245   0.0003146049  -0.0005390603   0.0002148842
        0.0066560321   0.0040682946  -0.0122997998  -0.0008774461   0.0026436609
       -0.0021179756  -0.0002953539   0.0002211101  -0.0005135822  -0.0055209228
        0.0021664849   0.0011210470  -0.0152585894  -0.0076733195   0.0256188212
       -0.0945360577  -0.0291994235   0.0987469637   0.0000133474  -0.0000072549
        0.0000343816  -0.0000172393  -0.0000195846  -0.0000140033  -0.0000385438
        0.0000329558  -0.0000150998  -0.0000122019   0.0000238847   0.0000560915
        0.0000044520   0.0000517335   0.0000696790  -0.0000157981   0.0000225584
        0.0000089320   0.0002713196   0.0003214599  -0.0007898951  -0.0000107877
       -0.0002877202  -0.0001761433  -0.0007659989  -0.0004198244   0.0012908044
        0.0006457846  -0.0008235575   0.0004959138   0.1089531761   0.0294105928
       -0.1100890719
       -0.0001432557  -0.0000599244  -0.0000824078  -0.0006365413  -0.0000693949
       -0.0002770704  -0.0000923541   0.0000656233   0.0000198898  -0.0009783908
       -0.0012252589   0.0003593940   0.0006133491  -0.0003914580  -0.0013580560
       -0.0048969400  -0.0030403228   0.0125300556   0.0029228132   0.0054719549
        0.0044347044   0.0000611961  -0.0001108731  -0.0002576344   0.0019591491
        0.0067236119   0.0024940323   0.0013062705   0.0016874786  -0.0024840625
       -0.0288258598  -0.0540076504   0.0614433508  -0.0000507341   0.0000001266
       -0.0000149975  -0.0000171072   0.0000231622  -0.0000033340   0.0000383981
       -0.0000274410   0.0000074640  -0.0000397828  -0.0000196428  -0.0000460486
        0.0000498868  -0.0000431497   0.0000794256   0.0000184926  -0.0000076913
       -0.0000301818  -0.0002618184  -0.0002178198   0.0005875622  -0.0002718071
       -0.0015288367  -0.0007295647   0.0001128435  -0.0000020298  -0.0001647105
       -0.0002784005  -0.0019787747  -0.0014185622   0.0294105928   0.0487583107
       -0.0750892483
        0.0001133871   0.0001829652  -0.0001568158  -0.0001229120  -0.0002870787
        0.0001502918  -0.0000343670   0.0000430032  -0.0000436960   0.0008570101
       -0.0015220900  -0.0012704690   0.0002091358   0.0002441188   0.0008542667
        0.0076083570   0.0079180893  -0.0220100026  -0.0024073839   0.0044515004
       -0.0019437778  -0.0005757383  -0.0002190397   0.0005825640   0.0015174793
        0.0020993294   0.0021627459   0.0041591545   0.0017093659  -0.0047962427
        0.0991764767   0.0617037124  -0.2316839749   0.0000011280   0.0000100919
        0.0000444757   0.0000006815  -0.0000575566  -0.0000003161  -0.0000091738
        0.0000450117  -0.0000026213   0.0000921447  -0.0000193179   0.0001143812
        0.0001093054   0.0001533023  -0.0001121406  -0.0000847932  -0.0000224631
        0.0000221709   0.0005806915   0.0003663632  -0.0010117624  -0.0001772692
       -0.0006733569  -0.0001473712   0.0000138248   0.0000597289  -0.0002675447
       -0.0009380669  -0.0010964315   0.0004720994  -0.1100890719  -0.0750892483
        0.2590437396
