$hessian                                                                        
        0.4982884409  -0.0315100298   0.0000089385  -0.1437270690  -0.0718184208
       -0.0000043594  -0.0351610635  -0.0198493048  -0.0000018345  -0.0026265284
        0.0052040990  -0.0000008739   0.0008027041  -0.0025870329   0.0000002083
       -0.0016765737   0.0016253704  -0.0000010665   0.0090805008  -0.0056519456
        0.0000002775  -0.0081262717  -0.0009525272   0.0000005512   0.0027286459
        0.0071704687   0.0000002631  -0.1187541897   0.0159769683   0.1138896010
       -0.1188130992   0.0160174936  -0.1139078177  -0.0821203036   0.0883146642
        0.0000156738   0.0006550095  -0.0017684583   0.0000007518  -0.0011443193
       -0.0009275859  -0.0000002460   0.0001621943   0.0000023524   0.0000000884
        0.0002203136   0.0005191195   0.0000000198   0.0002116090   0.0002347689
       -0.0000001756
       -0.0315100298   0.5107066086   0.0000031954  -0.0817377000  -0.1432334055
       -0.0000035465  -0.0012953108   0.0027475915  -0.0000010897   0.0019954627
        0.0006426310   0.0000000825  -0.0002139943  -0.0005522248  -0.0000001363
        0.0020057377  -0.0043782648   0.0000007786  -0.0191957190  -0.0276274412
        0.0000006917  -0.0020445551   0.0008919407  -0.0000000613   0.0024546916
       -0.0032950642  -0.0000003053   0.0195594581  -0.0459665952  -0.0234351966
        0.0195999650  -0.0459835668   0.0234766882   0.0893882717  -0.2446792103
       -0.0000415359   0.0020626697   0.0013016309   0.0000007944   0.0003771398
        0.0001617851   0.0000001097   0.0000405653   0.0001465593  -0.0000000634
       -0.0010870653  -0.0011043123   0.0000000533  -0.0003995871   0.0002213379
       -0.0000004588
        0.0000089385   0.0000031954   0.4831332357  -0.0000064936  -0.0000067302
       -0.0591988486  -0.0000033075  -0.0000022188   0.0054525048  -0.0000015084
        0.0000006685   0.0079321467   0.0000002341  -0.0000001190  -0.0001183667
       -0.0000007853   0.0000002285   0.0063437943  -0.0000000947   0.0000020082
       -0.0017250141   0.0000009638  -0.0000001798  -0.0028021955  -0.0000003076
       -0.0000003559   0.0003362386   0.1161065634  -0.0220259655  -0.1957224239
       -0.1161212395   0.0220703595  -0.1956573599   0.0000166586  -0.0000405262
       -0.0447453180   0.0000004066  -0.0000004224  -0.0022752089  -0.0000001259
       -0.0000001811  -0.0007052094   0.0000002059  -0.0000001357  -0.0017171533
       -0.0000000171  -0.0000000537   0.0002124362  -0.0000000913   0.0000004282
        0.0012567420
       -0.1437270690  -0.0817377000  -0.0000064936   0.6365865446  -0.0055911156
        0.0000451138  -0.2925141707   0.1017325538  -0.0000303231  -0.0614615608
       -0.0580472048  -0.0000031368  -0.0283942308   0.0358016996  -0.0000044797
        0.0466180004  -0.0090400565   0.0000055685  -0.0992637002   0.0111705912
       -0.0000011986  -0.0033727251   0.0284555337  -0.0000029746  -0.0003450498
       -0.0050541740  -0.0000006412  -0.0211228958  -0.0122553318   0.0031260310
       -0.0211282568  -0.0122551356  -0.0031239778   0.0076715118   0.0043829162
        0.0000011386  -0.0086761294   0.0053060230  -0.0000012508  -0.0027227911
       -0.0032667979  -0.0000006962   0.0000099642   0.0006666307  -0.0000003201
       -0.0031848828  -0.0038782517  -0.0000009130  -0.0049725587   0.0036098198
       -0.0000014464
       -0.0718184208  -0.1432334055  -0.0000067302  -0.0055911156   0.6152336051
       -0.0000235735   0.0268580688  -0.1110854411   0.0000060453   0.0007196142
        0.0496557753  -0.0000024908   0.0322499074  -0.0294500569   0.0000045446
       -0.0551153175  -0.0493078553  -0.0000033975   0.0560529653  -0.2730448806
        0.0000150742   0.0322601508  -0.0115682133   0.0000026422  -0.0111306247
       -0.0070234342   0.0000001492  -0.0043663128   0.0025105541   0.0015481925
       -0.0043599156   0.0025175920  -0.0015448151  -0.0191098006  -0.0272187953
        0.0000000951   0.0276649556  -0.0132802976   0.0000032057  -0.0036382837
       -0.0021263465  -0.0000001999   0.0007809476  -0.0000021317   0.0000003847
       -0.0027794437  -0.0020172620   0.0000007871   0.0013226252  -0.0005594066
        0.0000000865
       -0.0000043594  -0.0000035465  -0.0591988486   0.0000451138  -0.0000235735
        0.1524453530  -0.0000245459   0.0000135045  -0.0512781585  -0.0000061304
       -0.0000079792  -0.0006249981  -0.0000040885   0.0000039264  -0.0053969679
        0.0000075814   0.0000021894  -0.0000490814  -0.0000036582   0.0000096588
       -0.0539626990  -0.0000051908   0.0000020547   0.0000465285   0.0000017998
        0.0000005127  -0.0007871965   0.0181184259   0.0163654152  -0.0005128368
       -0.0181153079  -0.0163618781  -0.0005138150  -0.0000040965  -0.0000037932
        0.0001259131  -0.0000026503   0.0000012369   0.0011872383  -0.0000009930
        0.0000002139   0.0084293732  -0.0000000836   0.0000001311   0.0000849978
       -0.0000008560   0.0000005419   0.0070841662  -0.0000009605   0.0000013848
        0.0029210318
       -0.0351610635  -0.0012953108  -0.0000033075  -0.2925141707   0.0268580688
       -0.0000245459   0.6479539713   0.0102381700   0.0000551040  -0.2260231500
       -0.0796367288  -0.0000149987   0.0482860239  -0.0646103141   0.0000083697
       -0.0604618152  -0.0120318077  -0.0000046623  -0.0015213690   0.0790675840
       -0.0000063950   0.0018104249   0.0022202103  -0.0000005816   0.0001508641
        0.0006684943   0.0000005110  -0.0010849925  -0.0020751300  -0.0001761802
       -0.0010855652  -0.0020776053   0.0001750027   0.0007313839   0.0024536252
        0.0000001082  -0.0565255927   0.0562215968  -0.0000066119  -0.0248371181
       -0.0182403079  -0.0000018129   0.0009664694   0.0019270845  -0.0000007372
       -0.0003925086  -0.0000093723   0.0000003358  -0.0002917921   0.0003217431
        0.0000004017
       -0.0198493048   0.0027475915  -0.0000022188   0.1017325538  -0.1110854411
        0.0000135045   0.0102381700   0.6711195440  -0.0000285746  -0.1588227348
       -0.2053639137  -0.0000082411  -0.0081111992  -0.0557043584   0.0000027794
       -0.0143873110   0.0001933396  -0.0000019935   0.0318408383  -0.0084084775
        0.0000022499   0.0017464628  -0.0058445831   0.0000012120  -0.0012435479
        0.0004750752  -0.0000002164  -0.0023303340  -0.0015548080   0.0000778342
       -0.0023311907  -0.0015560676  -0.0000780853  -0.0028080182   0.0009339625
       -0.0000002717   0.0563534502  -0.2855168086   0.0000204216   0.0055022116
        0.0053678208   0.0000002250   0.0012815751  -0.0056431487   0.0000008530
       -0.0002475424   0.0008847436  -0.0000000648   0.0014359213  -0.0010444707
        0.0000005866
       -0.0000018345  -0.0000010897   0.0054525048  -0.0000303231   0.0000060453
       -0.0512781585   0.0000551040  -0.0000285746   0.1139545475  -0.0000107452
       -0.0000004760  -0.0472582320   0.0000046528  -0.0000030824   0.0013634002
       -0.0000037366  -0.0000015462  -0.0053176618  -0.0000020649   0.0000095730
        0.0042358315   0.0000001867   0.0000003434   0.0081770762  -0.0000003781
       -0.0000005451  -0.0013563214   0.0003230186   0.0000073730  -0.0003126566
       -0.0003242815  -0.0000067842  -0.0003122823   0.0000001002   0.0000005308
       -0.0003572935  -0.0000060538   0.0000202696  -0.0344886683  -0.0000032028
       -0.0000022609   0.0018237669  -0.0000007379   0.0000010988   0.0076418963
       -0.0000000380  -0.0000000890  -0.0001097713   0.0000003341  -0.0000007859
       -0.0018579778
       -0.0026265284   0.0019954627  -0.0000015084  -0.0614615608   0.0007196142
       -0.0000061304  -0.2260231500  -0.1588227348  -0.0000107452   0.6732561533
       -0.0047368541   0.0000603252  -0.1050611442   0.0863426472  -0.0000108286
        0.0008286160   0.0342799022  -0.0000023021  -0.0015539121  -0.0168372872
        0.0000015196  -0.0013774815  -0.0005769856  -0.0000004089   0.0009190635
       -0.0000848186   0.0000000511  -0.0010044794  -0.0002653449  -0.0002739054
       -0.0010055358  -0.0002656552   0.0002742477   0.0002488961   0.0002812183
       -0.0000000029   0.0037087246   0.0026132584   0.0000003454  -0.2771642783
        0.0751734727  -0.0000308815   0.0034596816  -0.0218461528   0.0000018671
       -0.0054487259   0.0023821429  -0.0000016136   0.0003056614  -0.0003518850
       -0.0000000292
        0.0052040990   0.0006426310   0.0000006685  -0.0580472048   0.0496557753
       -0.0000079792  -0.0796367288  -0.2053639137  -0.0000004760  -0.0047368541
        0.6532031229  -0.0000324676   0.0063038327  -0.3167798432   0.0000179515
        0.0942208231  -0.0125463931   0.0000104639  -0.0220405367  -0.0508968647
        0.0000004486   0.0045817119  -0.0008877700  -0.0000007837  -0.0026363142
       -0.0022204657   0.0000000025  -0.0006123064   0.0006245437  -0.0002595617
       -0.0006126578   0.0006255305   0.0002602603   0.0002274625  -0.0002955311
        0.0000001577  -0.0213708066  -0.0244047479  -0.0000012509   0.0752558432
       -0.0682878538   0.0000104177   0.0020056435  -0.0231717285   0.0000015200
        0.0018368714   0.0001255954   0.0000000530   0.0000571220  -0.0000220871
        0.0000005753
       -0.0000008739   0.0000000825   0.0079321467  -0.0000031368  -0.0000024908
       -0.0006249981  -0.0000149987  -0.0000082411  -0.0472582320   0.0000603252
       -0.0000324676   0.1185460274  -0.0000061408   0.0000258822  -0.0482628250
       -0.0000059663   0.0000043552   0.0012835106   0.0000018117   0.0000007946
       -0.0056688874   0.0000000443  -0.0000001035  -0.0002727995   0.0000001521
        0.0000000831   0.0000249108  -0.0013784294  -0.0009039591   0.0000999525
        0.0013778142   0.0009037332   0.0001000918  -0.0000000317   0.0000002961
       -0.0000300302   0.0000015337   0.0000016327   0.0006993858  -0.0000306446
        0.0000100907  -0.0355020959   0.0000001421  -0.0000006247   0.0006153147
       -0.0000014517   0.0000009006   0.0082397077  -0.0000001497   0.0000000357
        0.0000788200
        0.0008027041  -0.0002139943   0.0000002341  -0.0283942308   0.0322499074
       -0.0000040885   0.0482860239  -0.0081111992   0.0000046528  -0.1050611442
        0.0063038327  -0.0000061408   0.6746625513   0.0154261124   0.0000543239
       -0.3243398022   0.1070297793  -0.0000349728  -0.0624523690  -0.0464702239
       -0.0000025221   0.0040149820  -0.0039863986  -0.0000005498  -0.0045770655
       -0.0021075683   0.0000000410  -0.0001115969   0.0002990230  -0.0003459026
       -0.0001119941   0.0002994806   0.0003460922   0.0002202238  -0.0000651940
       -0.0000000952  -0.0026101072  -0.0040152678  -0.0000006376  -0.0083996604
        0.0281703811  -0.0000027300  -0.1842355499  -0.1288473543  -0.0000062613
       -0.0081324464   0.0042757325  -0.0000013251   0.0004394815  -0.0002370483
       -0.0000001182
       -0.0025870329  -0.0005522248  -0.0000001190   0.0358016996  -0.0294500569
        0.0000039264  -0.0646103141  -0.0557043584  -0.0000030824   0.0863426472
       -0.3167798432   0.0000258822   0.0154261124   0.6577050042  -0.0000340604
        0.0297635999  -0.1146753005   0.0000074157   0.0065856385   0.0438662801
       -0.0000015778  -0.0101218416  -0.0020038595   0.0000006189   0.0022350356
        0.0033433123   0.0000000860   0.0003720060  -0.0003863856   0.0002115427
        0.0003725164  -0.0003867133  -0.0002119339  -0.0001513741   0.0005634458
       -0.0000000151  -0.0033264667  -0.0018739220   0.0000004789   0.0043274284
       -0.0105989981   0.0000009154  -0.1286946309  -0.1615598863  -0.0000035182
        0.0286972318  -0.0114631138   0.0000040297  -0.0004322553  -0.0000433799
       -0.0000005892
        0.0000002083  -0.0000001363  -0.0001183667  -0.0000044797   0.0000045446
       -0.0053969679   0.0000083697   0.0000027794   0.0013634002  -0.0000108286
        0.0000179515  -0.0482628250   0.0000543239  -0.0000340604   0.1136482567
       -0.0000301711   0.0000141144  -0.0477324792  -0.0000054999  -0.0000052508
        0.0033468273   0.0000003598   0.0000006180   0.0087882443  -0.0000010841
       -0.0000009506  -0.0020484856   0.0000192347  -0.0000118332  -0.0000098829
       -0.0000193421   0.0000119403  -0.0000097757  -0.0000000351  -0.0000000549
        0.0000035617  -0.0000009875   0.0000001951   0.0080153517  -0.0000013221
        0.0000037125   0.0016982148  -0.0000060600  -0.0000039987  -0.0340688764
       -0.0000026583   0.0000010645   0.0015432182  -0.0000000279  -0.0000006352
       -0.0007594158
       -0.0016765737   0.0020057377  -0.0000007853   0.0466180004  -0.0551153175
        0.0000075814  -0.0604618152  -0.0143873110  -0.0000037366   0.0008286160
        0.0942208231  -0.0000059663  -0.3243398022   0.0297635999  -0.0000301711
        0.6672185826  -0.0225761757   0.0000544900  -0.1975522974  -0.0819065361
       -0.0000104091  -0.0468722371  -0.0159569431  -0.0000025610  -0.0022055687
        0.0059134057  -0.0000000747  -0.0000808762  -0.0005641785   0.0004604904
       -0.0000802299  -0.0005648263  -0.0004608824  -0.0000691824   0.0008859187
        0.0000002823  -0.0006204823  -0.0000669134  -0.0000005497   0.0005842400
        0.0015844377  -0.0000005630  -0.0252248746   0.0045869678  -0.0000026363
       -0.0553919381   0.0547390826  -0.0000061235  -0.0006735610  -0.0025617715
        0.0000016151
        0.0016253704  -0.0043782648   0.0000002285  -0.0090400565  -0.0493078553
        0.0000021894  -0.0120318077   0.0001933396  -0.0000015462   0.0342799022
       -0.0125463931   0.0000043552   0.1070297793  -0.1146753005   0.0000141144
       -0.0225761757   0.6507865132  -0.0000407442  -0.1344237854  -0.1922348400
       -0.0000011869  -0.0113211091   0.0046326176   0.0000001133   0.0090225722
        0.0029320560  -0.0000005150   0.0001740126  -0.0001355583   0.0000914147
        0.0001744922  -0.0001354617  -0.0000915706  -0.0011170961  -0.0008900848
        0.0000000787  -0.0004319727   0.0009506190  -0.0000000247   0.0018481064
       -0.0058320215   0.0000013002  -0.0193846334   0.0049927328  -0.0000024817
        0.0523637160  -0.2852987807   0.0000243994   0.0038086851   0.0009466824
       -0.0000001245
       -0.0000010665   0.0000007786   0.0063437943   0.0000055685  -0.0000033975
       -0.0000490814  -0.0000046623  -0.0000019935  -0.0053176618  -0.0000023021
        0.0000104639   0.0012835106  -0.0000349728   0.0000074157  -0.0477324792
        0.0000544900  -0.0000407442   0.1185856486  -0.0000065888   0.0000042749
       -0.0484516325  -0.0000004846  -0.0000012728  -0.0012677562  -0.0000013942
       -0.0000000259   0.0029678437  -0.0008247988  -0.0008161463   0.0000991033
        0.0008242933   0.0008156966   0.0000990915   0.0000004163   0.0000005296
        0.0002688086  -0.0000000775  -0.0000000814  -0.0001355135  -0.0000009449
        0.0000010102   0.0079129233  -0.0000012672   0.0000001796   0.0003489817
       -0.0000060294   0.0000242042  -0.0342305826  -0.0000001791  -0.0000008915
       -0.0007249986
        0.0090805008  -0.0191957190  -0.0000000947  -0.0992637002   0.0560529653
       -0.0000036582  -0.0015213690   0.0318408383  -0.0000020649  -0.0015539121
       -0.0220405367   0.0000018117  -0.0624523690   0.0065856385  -0.0000054999
       -0.1975522974  -0.1344237854  -0.0000065888   0.6063179799   0.0233389706
        0.0000295079  -0.1605331904   0.0663541485  -0.0000125286  -0.0779445899
       -0.0185937436   0.0000017116  -0.0007128480   0.0011843300  -0.0008034932
       -0.0007132799   0.0011855375   0.0008043395  -0.0028403030  -0.0041761109
       -0.0000001778  -0.0053450978   0.0023243328  -0.0000014349   0.0008882591
       -0.0005856366  -0.0000002390  -0.0049656446   0.0017031592  -0.0000013065
        0.0044565478   0.0012625000   0.0000000422  -0.0053446862   0.0071831116
       -0.0000003263
       -0.0056519456  -0.0276274412   0.0000020082   0.0111705912  -0.2730448806
        0.0000096588   0.0790675840  -0.0084084775   0.0000095730  -0.0168372872
       -0.0508968647   0.0000007946  -0.0464702239   0.0438662801  -0.0000052508
       -0.0819065361  -0.1922348400   0.0000042749   0.0233389706   0.6406804545
       -0.0000345625   0.0445412197  -0.0990951541   0.0000043367  -0.0168414962
        0.0183745694   0.0000008171   0.0013313903  -0.0011341272  -0.0000997508
        0.0013321210  -0.0011336344   0.0000997146  -0.0030462305  -0.0025181316
        0.0000000060   0.0016717961   0.0001556337   0.0000002485  -0.0004416295
       -0.0004436804  -0.0000002420   0.0025444416   0.0005245615   0.0000005503
       -0.0183116863  -0.0244243316  -0.0000016036   0.0245089210  -0.0226399362
        0.0000094271
        0.0000002775   0.0000006917  -0.0017250141  -0.0000011986   0.0000150742
       -0.0539626990  -0.0000063950   0.0000022499   0.0042358315   0.0000015196
        0.0000004486  -0.0056688874  -0.0000025221  -0.0000015778   0.0033468273
       -0.0000104091  -0.0000011869  -0.0484516325   0.0000295079  -0.0000345625
        0.1179012778  -0.0000059959   0.0000088882  -0.0638782768   0.0000021938
       -0.0000013296   0.0157528093  -0.0001813799   0.0006981519   0.0007879810
        0.0001824236  -0.0006985870   0.0007879242  -0.0000002495  -0.0000010682
        0.0016111116  -0.0000008417   0.0000004207   0.0076621151   0.0000001877
        0.0000000911  -0.0007729556  -0.0000014848   0.0000006447   0.0080613649
        0.0000016728   0.0000018980   0.0005385749  -0.0000073061   0.0000097532
        0.0137736476
       -0.0081262717  -0.0020445551   0.0000009638  -0.0033727251   0.0322601508
       -0.0000051908   0.0018104249   0.0017464628   0.0000001867  -0.0013774815
        0.0045817119   0.0000000443   0.0040149820  -0.0101218416   0.0000003598
       -0.0468722371  -0.0113211091  -0.0000004846  -0.1605331904   0.0445412197
       -0.0000059959   0.7764831403   0.1909615262  -0.0000394400  -0.5155928369
       -0.2763564296   0.0000606338   0.0015862844  -0.0036874789   0.0017399231
        0.0015879683  -0.0036894880  -0.0017412356  -0.0008756700   0.0005503566
       -0.0000002739   0.0001967354  -0.0006824187   0.0000003400   0.0002863445
       -0.0000078946   0.0000006515  -0.0002950626   0.0005543019   0.0000002878
       -0.0004260110   0.0023656386  -0.0000000870  -0.0484943935   0.0303498473
       -0.0000106832
       -0.0009525272   0.0008919407  -0.0000001798   0.0284555337  -0.0115682133
        0.0000020547   0.0022202103  -0.0058445831   0.0000003434  -0.0005769856
       -0.0008877700  -0.0000001035  -0.0039863986  -0.0020038595   0.0000006180
       -0.0159569431   0.0046326176  -0.0000012728   0.0663541485  -0.0990951541
        0.0000088882   0.1909615262   0.5858935933  -0.0001114216  -0.2845803015
       -0.2620438085   0.0000465965   0.0000893522  -0.0019344083   0.0013035009
        0.0000890146  -0.0019356838  -0.0013044194  -0.0005396441   0.0006235132
       -0.0000003480   0.0014615821  -0.0007208460  -0.0000002265  -0.0001394135
       -0.0000892950  -0.0000002262  -0.0012124350   0.0000453227   0.0000001788
       -0.0040968744  -0.0003066550  -0.0000002280   0.0224101554  -0.2056567111
        0.0000562452
        0.0000005512  -0.0000000613  -0.0028021955  -0.0000029746   0.0000026422
        0.0000465285  -0.0000005816   0.0000012120   0.0081770762  -0.0000004089
       -0.0000007837  -0.0002727995  -0.0000005498   0.0000006189   0.0087882443
       -0.0000025610   0.0000001133  -0.0012677562  -0.0000125286   0.0000043367
       -0.0638782768  -0.0000394400  -0.0001114216   0.1551027514   0.0000637936
        0.0000488396  -0.0508007936   0.0006649371   0.0008183153   0.0000080143
       -0.0006646516  -0.0008184175   0.0000086152   0.0000000352  -0.0000001868
       -0.0000658263   0.0000000301   0.0000001156  -0.0000868941   0.0000002612
        0.0000000250  -0.0021962100  -0.0000001357   0.0000000946   0.0003009290
        0.0000011863   0.0000001473  -0.0029914345  -0.0000069628   0.0000544103
       -0.0480699726
        0.0027286459   0.0024546916  -0.0000003076  -0.0003450498  -0.0111306247
        0.0000017998   0.0001508641  -0.0012435479  -0.0000003781   0.0009190635
       -0.0026363142   0.0000001521  -0.0045770655   0.0022350356  -0.0000010841
       -0.0022055687   0.0090225722  -0.0000013942  -0.0779445899  -0.0168414962
        0.0000021938  -0.5155928369  -0.2845803015   0.0000637936   0.6062117242
        0.3315505083  -0.0000753897  -0.0006871631   0.0021218667  -0.0009274643
       -0.0006882180   0.0021235972   0.0009286428  -0.0004495429   0.0001088969
        0.0000000372   0.0000216837   0.0003227624   0.0000000371  -0.0001147023
        0.0000902135  -0.0000000806  -0.0009895986   0.0000178659  -0.0000003379
        0.0009879247   0.0003597199   0.0000004579  -0.0074255706  -0.0339754457
        0.0000093222
        0.0071704687  -0.0032950642  -0.0000003559  -0.0050541740  -0.0070234342
        0.0000005127   0.0006684943   0.0004750752  -0.0000005451  -0.0000848186
       -0.0022204657   0.0000000831  -0.0021075683   0.0033433123  -0.0000009506
        0.0059134057   0.0029320560  -0.0000000259  -0.0185937436   0.0183745694
       -0.0000013296  -0.2763564296  -0.2620438085   0.0000488396   0.3315505083
        0.2897934950  -0.0000609555   0.0000855660   0.0005522463  -0.0012508396
        0.0000866827   0.0005507803   0.0012505045   0.0017368950  -0.0010203077
        0.0000004781  -0.0001836332   0.0002418638   0.0000001597   0.0000299104
        0.0001154264   0.0000002127   0.0000701231   0.0000449075  -0.0000000894
        0.0011734833   0.0006156482   0.0000002753  -0.0461051700  -0.0414363002
        0.0000140260
        0.0000002631  -0.0000003053   0.0003362386  -0.0000006412   0.0000001492
       -0.0007871965   0.0000005110  -0.0000002164  -0.0013563214   0.0000000511
        0.0000000025   0.0000249108   0.0000000410   0.0000000860  -0.0020484856
       -0.0000000747  -0.0000005150   0.0029678437   0.0000017116   0.0000008171
        0.0157528093   0.0000606338   0.0000465965  -0.0508007936  -0.0000753897
       -0.0000609555   0.0191798395  -0.0006024290  -0.0002682844  -0.0000285965
        0.0006024836   0.0002682040  -0.0000290044   0.0000001145  -0.0000000636
        0.0005209496  -0.0000000176  -0.0000000551  -0.0000253229  -0.0000000352
       -0.0000000387   0.0005015494   0.0000001337  -0.0000000769  -0.0002048669
       -0.0000003053  -0.0000001203   0.0004801540   0.0000129493   0.0000147759
        0.0155162927
       -0.1187541897   0.0195594581   0.1161065634  -0.0211228958  -0.0043663128
        0.0181184259  -0.0010849925  -0.0023303340   0.0003230186  -0.0010044794
       -0.0006123064  -0.0013784294  -0.0001115969   0.0003720060   0.0000192347
       -0.0000808762   0.0001740126  -0.0008247988  -0.0007128480   0.0013313903
       -0.0001813799   0.0015862844   0.0000893522   0.0006649371  -0.0006871631
        0.0000855660  -0.0006024290   0.1411568940  -0.0174951184  -0.1317207581
        0.0094485988  -0.0012211700  -0.0136660045  -0.0086095626   0.0046252193
        0.0122284436   0.0001729457  -0.0002341189   0.0004307580  -0.0000943091
       -0.0000997025   0.0000597299   0.0000353414   0.0000142584   0.0002564827
        0.0000582814   0.0000972650  -0.0000416283  -0.0001954324   0.0000105349
        0.0002078341
        0.0159769683  -0.0459665952  -0.0220259655  -0.0122553318   0.0025105541
        0.0163654152  -0.0020751300  -0.0015548080   0.0000073730  -0.0002653449
        0.0006245437  -0.0009039591   0.0002990230  -0.0003863856  -0.0000118332
       -0.0005641785  -0.0001355583  -0.0008161463   0.0011843300  -0.0011341272
        0.0006981519  -0.0036874789  -0.0019344083   0.0008183153   0.0021218667
        0.0005522463  -0.0002682844  -0.0174951184   0.0513246776   0.0268879409
       -0.0012246863   0.0019431339   0.0030995751   0.0179728441  -0.0060320073
       -0.0238860862  -0.0000511380  -0.0000635635   0.0000902717  -0.0001041844
       -0.0000870862   0.0000925197   0.0000594201   0.0000212601   0.0001875961
        0.0000261038   0.0000536523  -0.0000308790   0.0000820353   0.0002644715
       -0.0003040051
        0.1138896010  -0.0234351966  -0.1957224239   0.0031260310   0.0015481925
       -0.0005128368  -0.0001761802   0.0000778342  -0.0003126566  -0.0002739054
       -0.0002595617   0.0000999525  -0.0003459026   0.0002115427  -0.0000098829
        0.0004604904   0.0000914147   0.0000991033  -0.0008034932  -0.0000997508
        0.0007879810   0.0017399231   0.0013035009   0.0000080143  -0.0009274643
       -0.0012508396  -0.0000285965  -0.1317207581   0.0268879409   0.2266853731
        0.0136558442  -0.0030892197  -0.0295666642   0.0017256494  -0.0017180265
       -0.0013262008  -0.0001072418   0.0001241233  -0.0000693513  -0.0000528940
       -0.0000174658   0.0000262905  -0.0000356838   0.0000095711  -0.0000249839
       -0.0000446772  -0.0000456775  -0.0000005726  -0.0001093386  -0.0003383820
       -0.0001325453
       -0.1188130992   0.0195999650  -0.1161212395  -0.0211282568  -0.0043599156
       -0.0181153079  -0.0010855652  -0.0023311907  -0.0003242815  -0.0010055358
       -0.0006126578   0.0013778142  -0.0001119941   0.0003725164  -0.0000193421
       -0.0000802299   0.0001744922   0.0008242933  -0.0007132799   0.0013321210
        0.0001824236   0.0015879683   0.0000890146  -0.0006646516  -0.0006882180
        0.0000866827   0.0006024836   0.0094485988  -0.0012246863   0.0136558442
        0.1412250039  -0.0175426533   0.1317392210  -0.0086124127   0.0046287846
       -0.0122242998   0.0001732820  -0.0002344693  -0.0004305310  -0.0000944058
       -0.0000998223  -0.0000595438   0.0000354016   0.0000141800  -0.0002563235
        0.0000583171   0.0000972979   0.0000416041  -0.0001955743   0.0000103409
       -0.0002081633
        0.0160174936  -0.0459835668   0.0220703595  -0.0122551356   0.0025175920
       -0.0163618781  -0.0020776053  -0.0015560676  -0.0000067842  -0.0002656552
        0.0006255305   0.0009037332   0.0002994806  -0.0003867133   0.0000119403
       -0.0005648263  -0.0001354617   0.0008156966   0.0011855375  -0.0011336344
       -0.0006985870  -0.0036894880  -0.0019356838  -0.0008184175   0.0021235972
        0.0005507803   0.0002682040  -0.0012211700   0.0019431339  -0.0030892197
       -0.0175426533   0.0513449877  -0.0269391235   0.0179783365  -0.0060395898
        0.0238797411  -0.0000512843  -0.0000635148  -0.0000902256  -0.0001042935
       -0.0000871635  -0.0000926183   0.0000594617   0.0000212364  -0.0001875267
        0.0000261154   0.0000536254   0.0000308732   0.0000820890   0.0002645095
        0.0003038328
       -0.1139078177   0.0234766882  -0.1956573599  -0.0031239778  -0.0015448151
       -0.0005138150   0.0001750027  -0.0000780853  -0.0003122823   0.0002742477
        0.0002602603   0.0001000918   0.0003460922  -0.0002119339  -0.0000097757
       -0.0004608824  -0.0000915706   0.0000990915   0.0008043395   0.0000997146
        0.0007879242  -0.0017412356  -0.0013044194   0.0000086152   0.0009286428
        0.0012505045  -0.0000290044  -0.0136660045   0.0030995751  -0.0295666642
        0.1317392210  -0.0269391235   0.2266092358  -0.0017178844   0.0017152348
       -0.0013147552   0.0001073322  -0.0001241849  -0.0000692791   0.0000528623
        0.0000174487   0.0000262625   0.0000357080  -0.0000095976  -0.0000249649
        0.0000447419   0.0000457064  -0.0000006173   0.0001096120   0.0003385979
       -0.0001327030
       -0.0821203036   0.0893882717   0.0000166586   0.0076715118  -0.0191098006
       -0.0000040965   0.0007313839  -0.0028080182   0.0000001002   0.0002488961
        0.0002274625  -0.0000000317   0.0002202238  -0.0001513741  -0.0000000351
       -0.0000691824  -0.0011170961   0.0000004163  -0.0028403030  -0.0030462305
       -0.0000002495  -0.0008756700  -0.0005396441   0.0000000352  -0.0004495429
        0.0017368950   0.0000001145  -0.0086095626   0.0179728441   0.0017256494
       -0.0086124127   0.0179783365  -0.0017178844   0.0958554616  -0.1006714382
       -0.0000203565  -0.0011122297   0.0000327275  -0.0000002345   0.0000806309
        0.0000485093   0.0000000262   0.0000271607   0.0000553424  -0.0000000163
       -0.0002006337  -0.0001933357   0.0000000666   0.0000545719   0.0001965484
       -0.0000001625
        0.0883146642  -0.2446792103  -0.0000405262   0.0043829162  -0.0272187953
       -0.0000037932   0.0024536252   0.0009339625   0.0000005308   0.0002812183
       -0.0002955311   0.0000002961  -0.0000651940   0.0005634458  -0.0000000549
        0.0008859187  -0.0008900848   0.0000005296  -0.0041761109  -0.0025181316
       -0.0000010682   0.0005503566   0.0006235132  -0.0000001868   0.0001088969
       -0.0010203077  -0.0000000636   0.0046252193  -0.0060320073  -0.0017180265
        0.0046287846  -0.0060395898   0.0017152348  -0.1006714382   0.2858979251
        0.0000474724  -0.0010828673   0.0007452183  -0.0000004324   0.0000964763
        0.0001470530   0.0000000412  -0.0000327761   0.0000755815  -0.0000001049
       -0.0002034063  -0.0002603528  -0.0000000082  -0.0000962835  -0.0000326888
        0.0000001599
        0.0000156738  -0.0000415359  -0.0447453180   0.0000011386   0.0000000951
        0.0001259131   0.0000001082  -0.0000002717  -0.0003572935  -0.0000000029
        0.0000001577  -0.0000300302  -0.0000000952  -0.0000000151   0.0000035617
        0.0000002823   0.0000000787   0.0002688086  -0.0000001778   0.0000000060
        0.0016111116  -0.0000002739  -0.0000003480  -0.0000658263   0.0000000372
        0.0000004781   0.0005209496   0.0122284436  -0.0238860862  -0.0013262008
       -0.0122242998   0.0238797411  -0.0013147552  -0.0000203565   0.0000474724
        0.0455322749  -0.0000005664   0.0000000365   0.0000906354   0.0000000468
        0.0000000031   0.0000179228   0.0000000038   0.0000000432  -0.0000201210
       -0.0000000071   0.0000000591  -0.0000635035   0.0000000455   0.0000000859
       -0.0002481292
        0.0006550095   0.0020626697   0.0000004066  -0.0086761294   0.0276649556
       -0.0000026503  -0.0565255927   0.0563534502  -0.0000060538   0.0037087246
       -0.0213708066   0.0000015337  -0.0026101072  -0.0033264667  -0.0000009875
       -0.0006204823  -0.0004319727  -0.0000000775  -0.0053450978   0.0016717961
       -0.0000008417   0.0001967354   0.0014615821   0.0000000301   0.0000216837
       -0.0001836332  -0.0000000176   0.0001729457  -0.0000511380  -0.0001072418
        0.0001732820  -0.0000512843   0.0001073322  -0.0011122297  -0.0010828673
       -0.0000005664   0.0694639717  -0.0608806904   0.0000086356   0.0008288847
       -0.0010048567   0.0000004493   0.0001229376  -0.0011119163   0.0000000963
       -0.0000348291  -0.0000401818   0.0000002437  -0.0004197068   0.0003213601
       -0.0000002909
       -0.0017684583   0.0013016309  -0.0000004224   0.0053060230  -0.0132802976
        0.0000012369   0.0562215968  -0.2855168086   0.0000202696   0.0026132584
       -0.0244047479   0.0000016327  -0.0040152678  -0.0018739220   0.0000001951
       -0.0000669134   0.0009506190  -0.0000000814   0.0023243328   0.0001556337
        0.0000004207  -0.0006824187  -0.0007208460   0.0000001156   0.0003227624
        0.0002418638  -0.0000000551  -0.0002341189  -0.0000635635   0.0001241233
       -0.0002344693  -0.0000635148  -0.0001241849   0.0000327275   0.0007452183
        0.0000000365  -0.0608806904   0.3228188158  -0.0000232475   0.0006063636
        0.0008828865  -0.0000001535   0.0002593845  -0.0010960372   0.0000001196
        0.0000193672   0.0000908280  -0.0000001116   0.0001765206  -0.0001677584
        0.0000001064
        0.0000007518   0.0000007944  -0.0022752089  -0.0000012508   0.0000032057
        0.0011872383  -0.0000066119   0.0000204216  -0.0344886683   0.0000003454
       -0.0000012509   0.0006993858  -0.0000006376   0.0000004789   0.0080153517
       -0.0000005497  -0.0000000247  -0.0001355135  -0.0000014349   0.0000002485
        0.0076621151   0.0000003400  -0.0000002265  -0.0000868941   0.0000000371
        0.0000001597  -0.0000253229   0.0004307580   0.0000902717  -0.0000693513
       -0.0004305310  -0.0000902256  -0.0000692791  -0.0000002345  -0.0000004324
        0.0000906354   0.0000086356  -0.0000232475   0.0239779488   0.0000003521
       -0.0000002385  -0.0027005145  -0.0000000199  -0.0000001268   0.0000595793
        0.0000002052  -0.0000001144  -0.0017299309  -0.0000001549   0.0000003069
       -0.0001115710
       -0.0011443193   0.0003771398  -0.0000001259  -0.0027227911  -0.0036382837
       -0.0000009930  -0.0248371181   0.0055022116  -0.0000032028  -0.2771642783
        0.0752558432  -0.0000306446  -0.0083996604   0.0043274284  -0.0000013221
        0.0005842400   0.0018481064  -0.0000009449   0.0008882591  -0.0004416295
        0.0000001877   0.0002863445  -0.0001394135   0.0000002612  -0.0001147023
        0.0000299104  -0.0000000352  -0.0000943091  -0.0001041844  -0.0000528940
       -0.0000944058  -0.0001042935   0.0000528623   0.0000806309   0.0000964763
        0.0000000468   0.0008288847   0.0006063636   0.0000003521   0.3113766518
       -0.0830250269   0.0000360895   0.0009617255  -0.0006955725   0.0000003987
       -0.0004447348   0.0000687813  -0.0000000057   0.0000095826   0.0000361431
       -0.0000000300
       -0.0009275859   0.0001617851  -0.0000001811  -0.0032667979  -0.0021263465
        0.0000002139  -0.0182403079   0.0053678208  -0.0000022609   0.0751734727
       -0.0682878538   0.0000100907   0.0281703811  -0.0105989981   0.0000037125
        0.0015844377  -0.0058320215   0.0000010102  -0.0005856366  -0.0004436804
        0.0000000911  -0.0000078946  -0.0000892950   0.0000000250   0.0000902135
        0.0001154264  -0.0000000387  -0.0000997025  -0.0000870862  -0.0000174658
       -0.0000998223  -0.0000871635   0.0000174487   0.0000485093   0.0001470530
        0.0000000031  -0.0010048567   0.0008828865  -0.0000002385  -0.0830250269
        0.0806587963  -0.0000123533   0.0008025163   0.0007286923  -0.0000001386
        0.0014745289  -0.0005865307   0.0000001967  -0.0000864281   0.0000765152
       -0.0000001148
       -0.0000002460   0.0000001097  -0.0007052094  -0.0000006962  -0.0000001999
        0.0084293732  -0.0000018129   0.0000002250   0.0018237669  -0.0000308815
        0.0000104177  -0.0355020959  -0.0000027300   0.0000009154   0.0016982148
       -0.0000005630   0.0000013002   0.0079129233  -0.0000002390  -0.0000002420
       -0.0007729556   0.0000006515  -0.0000002262  -0.0021962100  -0.0000000806
        0.0000002127   0.0005015494   0.0000597299   0.0000925197   0.0000262905
       -0.0000595438  -0.0000926183   0.0000262625   0.0000000262   0.0000000412
        0.0000179228   0.0000004493  -0.0000001535  -0.0027005145   0.0000360895
       -0.0000123533   0.0238136148   0.0000002651  -0.0000002395  -0.0024194324
       -0.0000002435   0.0000000965  -0.0002824113  -0.0000001750   0.0000001944
        0.0003289109
        0.0001621943   0.0000405653   0.0000002059   0.0000099642   0.0007809476
       -0.0000000836   0.0009664694   0.0012815751  -0.0000007379   0.0034596816
        0.0020056435   0.0000001421  -0.1842355499  -0.1286946309  -0.0000060600
       -0.0252248746  -0.0193846334  -0.0000012672  -0.0049656446   0.0025444416
       -0.0000014848  -0.0002950626  -0.0012124350  -0.0000001357  -0.0009895986
        0.0000701231   0.0000001337   0.0000353414   0.0000594201  -0.0000356838
        0.0000354016   0.0000594617   0.0000357080   0.0000271607  -0.0000327761
        0.0000000038   0.0001229376   0.0002593845  -0.0000000199   0.0009617255
        0.0008025163   0.0000002651   0.2091745830   0.1421833395   0.0000086122
        0.0007563283  -0.0006927685   0.0000003618  -0.0000010572  -0.0000701742
        0.0000000401
        0.0000023524   0.0001465593  -0.0000001357   0.0006666307  -0.0000021317
        0.0000001311   0.0019270845  -0.0056431487   0.0000010988  -0.0218461528
       -0.0231717285  -0.0000006247  -0.1288473543  -0.1615598863  -0.0000039987
        0.0045869678   0.0049927328   0.0000001796   0.0017031592   0.0005245615
        0.0000006447   0.0005543019   0.0000453227   0.0000000946   0.0000178659
        0.0000449075  -0.0000000769   0.0000142584   0.0000212601   0.0000095711
        0.0000141800   0.0000212364  -0.0000095976   0.0000553424   0.0000755815
        0.0000000432  -0.0011119163  -0.0010960372  -0.0000001268  -0.0006955725
        0.0007286923  -0.0000002395   0.1421833395   0.1837744607   0.0000032065
        0.0008423989   0.0009941754  -0.0000001645  -0.0000668855   0.0001034420
       -0.0000000051
        0.0000000884  -0.0000000634  -0.0017171533  -0.0000003201   0.0000003847
        0.0000849978  -0.0000007372   0.0000008530   0.0076418963   0.0000018671
        0.0000015200   0.0006153147  -0.0000062613  -0.0000035182  -0.0340688764
       -0.0000026363  -0.0000024817   0.0003489817  -0.0000013065   0.0000005503
        0.0080613649   0.0000002878   0.0000001788   0.0003009290  -0.0000003379
       -0.0000000894  -0.0002048669   0.0002564827   0.0001875961  -0.0000249839
       -0.0002563235  -0.0001875267  -0.0000249649  -0.0000000163  -0.0000001049
       -0.0000201210   0.0000000963   0.0000001196   0.0000595793   0.0000003987
       -0.0000001386  -0.0024194324   0.0000086122   0.0000032065   0.0240369084
        0.0000002592  -0.0000003575  -0.0026930131  -0.0000001533  -0.0000001287
        0.0000234397
        0.0002203136  -0.0010870653  -0.0000000171  -0.0031848828  -0.0027794437
       -0.0000008560  -0.0003925086  -0.0002475424  -0.0000000380  -0.0054487259
        0.0018368714  -0.0000014517  -0.0081324464   0.0286972318  -0.0000026583
       -0.0553919381   0.0523637160  -0.0000060294   0.0044565478  -0.0183116863
        0.0000016728  -0.0004260110  -0.0040968744   0.0000011863   0.0009879247
        0.0011734833  -0.0000003053   0.0000582814   0.0000261038  -0.0000446772
        0.0000583171   0.0000261154   0.0000447419  -0.0002006337  -0.0002034063
       -0.0000000071  -0.0000348291   0.0000193672   0.0000002052  -0.0004447348
        0.0014745289  -0.0000002435   0.0007563283   0.0008423989   0.0000002592
        0.0684341043  -0.0602752708   0.0000087989  -0.0013151069   0.0005414725
       -0.0000005806
        0.0005191195  -0.0011043123  -0.0000000537  -0.0038782517  -0.0020172620
        0.0000005419  -0.0000093723   0.0008847436  -0.0000000890   0.0023821429
        0.0001255954   0.0000009006   0.0042757325  -0.0114631138   0.0000010645
        0.0547390826  -0.2852987807   0.0000242042   0.0012625000  -0.0244243316
        0.0000018980   0.0023656386  -0.0003066550   0.0000001473   0.0003597199
        0.0006156482  -0.0000001203   0.0000972650   0.0000536523  -0.0000456775
        0.0000972979   0.0000536254   0.0000457064  -0.0001933357  -0.0002603528
        0.0000000591  -0.0000401818   0.0000908280  -0.0000001144   0.0000687813
       -0.0005865307   0.0000000965  -0.0006927685   0.0009941754  -0.0000003575
       -0.0602752708   0.3216634005  -0.0000278352  -0.0010780995   0.0009796701
       -0.0000003710
        0.0000000198   0.0000000533   0.0002124362  -0.0000009130   0.0000007871
        0.0070841662   0.0000003358  -0.0000000648  -0.0001097713  -0.0000016136
        0.0000000530   0.0082397077  -0.0000013251   0.0000040297   0.0015432182
       -0.0000061235   0.0000243994  -0.0342305826   0.0000000422  -0.0000016036
        0.0005385749  -0.0000000870  -0.0000002280  -0.0029914345   0.0000004579
        0.0000002753   0.0004801540  -0.0000416283  -0.0000308790  -0.0000005726
        0.0000416041   0.0000308732  -0.0000006173   0.0000000666  -0.0000000082
       -0.0000635035   0.0000002437  -0.0000001116  -0.0017299309  -0.0000000057
        0.0000001967  -0.0002824113   0.0000003618  -0.0000001645  -0.0026930131
        0.0000087989  -0.0000278352   0.0235124472  -0.0000002348   0.0000002272
        0.0004911327
        0.0002116090  -0.0003995871  -0.0000000913  -0.0049725587   0.0013226252
       -0.0000009605  -0.0002917921   0.0014359213   0.0000003341   0.0003056614
        0.0000571220  -0.0000001497   0.0004394815  -0.0004322553  -0.0000000279
       -0.0006735610   0.0038086851  -0.0000001791  -0.0053446862   0.0245089210
       -0.0000073061  -0.0484943935   0.0224101554  -0.0000069628  -0.0074255706
       -0.0461051700   0.0000129493  -0.0001954324   0.0000820353  -0.0001093386
       -0.0001955743   0.0000820890   0.0001096120   0.0000545719  -0.0000962835
        0.0000000455  -0.0004197068   0.0001765206  -0.0000001549   0.0000095826
       -0.0000864281  -0.0000001750  -0.0000010572  -0.0000668855  -0.0000001533
       -0.0013151069  -0.0010780995  -0.0000002348   0.0683085333  -0.0056193660
        0.0000027930
        0.0002347689   0.0002213379   0.0000004282   0.0036098198  -0.0005594066
        0.0000013848   0.0003217431  -0.0010444707  -0.0000007859  -0.0003518850
       -0.0000220871   0.0000000357  -0.0002370483  -0.0000433799  -0.0000006352
       -0.0025617715   0.0009466824  -0.0000008915   0.0071831116  -0.0226399362
        0.0000097532   0.0303498473  -0.2056567111   0.0000544103  -0.0339754457
       -0.0414363002   0.0000147759   0.0000105349   0.0002644715  -0.0003383820
        0.0000103409   0.0002645095   0.0003385979   0.0001965484  -0.0000326888
        0.0000000859   0.0003213601  -0.0001677584   0.0000003069   0.0000361431
        0.0000765152   0.0000001944  -0.0000701742   0.0001034420  -0.0000001287
        0.0005414725   0.0009796701   0.0000002272  -0.0056193660   0.2687461102
       -0.0000793772
       -0.0000001756  -0.0000004588   0.0012567420  -0.0000014464   0.0000000865
        0.0029210318   0.0000004017   0.0000005866  -0.0018579778  -0.0000000292
        0.0000005753   0.0000788200  -0.0000001182  -0.0000005892  -0.0007594158
        0.0000016151  -0.0000001245  -0.0007249986  -0.0000003263   0.0000094271
        0.0137736476  -0.0000106832   0.0000562452  -0.0480699726   0.0000093222
        0.0000140260   0.0155162927   0.0002078341  -0.0003040051  -0.0001325453
       -0.0002081633   0.0003038328  -0.0001327030  -0.0000001625   0.0000001599
       -0.0002481292  -0.0000002909   0.0000001064  -0.0001115710  -0.0000000300
       -0.0000001148   0.0003289109   0.0000000401  -0.0000000051   0.0000234397
       -0.0000005806  -0.0000003710   0.0004911327   0.0000027930  -0.0000793772
        0.0176472958
