           1           2   1.04237658374756     
           2           3   1.41279921517149     
           3           4   1.44784559024540     
           4           5   1.41444446939584     
           3           6  0.104352413300150     
           5           6   1.46859358121736     
           2           7   1.33432840234552     
           6           7   1.36616589979550     
           7           8   1.07618829157789     
           8           9   1.85379471093127     
           1          10  0.959610067218665     
           1          11  0.959620525807259     
           1          12  0.984224215827394     
           3          13  0.967449627889829     
           4          14  0.970610881121750     
           5          15  0.970276987193677     
           6          16  0.966480411025337     
           8          17  0.929262634449934     
