$hessian                                                                        
        0.3094032766  -0.0000170189  -0.0068829701  -0.1295494991   0.0000177262
        0.0573562181  -0.0190866416   0.0127933028   0.0028412646  -0.0190987113
       -0.0127903140   0.0028431934  -0.0502452160  -0.0460092960  -0.0142096434
       -0.0502172764   0.0460029580  -0.0142035577  -0.0409765216   0.0000024380
       -0.0297462409  -0.0002294106   0.0000002039   0.0020017359
       -0.0000170189   0.2167559101   0.0000022246   0.0000176343  -0.0353476837
       -0.0000109202   0.0200617412  -0.0107980276  -0.0045148952  -0.0200586451
       -0.0107856110   0.0045141025  -0.0284502586  -0.0657970469  -0.0154199565
        0.0284441973  -0.0658244073   0.0154251013   0.0000020672  -0.0288079975
        0.0000048332   0.0000002827   0.0006048639  -0.0000004897
       -0.0068829701   0.0000022246   0.4633091677   0.0573562171  -0.0000109448
       -0.1053772637  -0.0028956661  -0.0006422268   0.0047353951  -0.0028951583
        0.0006434161   0.0047353536  -0.0167046409  -0.0270752947  -0.0370162546
       -0.0166945720   0.0270814879  -0.0370164744  -0.0367627956   0.0000060082
       -0.2739434470   0.0254795861  -0.0000046705  -0.0194264766
       -0.1295494991   0.0000176343   0.0573562171   0.3094032733  -0.0000166322
       -0.0068829655  -0.0502173952   0.0460028607  -0.0142039888  -0.0502450953
       -0.0460093900  -0.0142092152  -0.0190988570  -0.0127903893   0.0028431473
       -0.0190864938   0.0127932259   0.0028413122  -0.0002294101   0.0000002609
        0.0020017363  -0.0409765227   0.0000024297  -0.0297462434
        0.0000177262  -0.0353476837  -0.0000109448  -0.0000166322   0.2167559109
        0.0000032127   0.0284441238  -0.0658239834   0.0154253552  -0.0284503318
       -0.0657974676  -0.0154197040  -0.0200587313  -0.0107856434   0.0045139879
        0.0200616530  -0.0107979921  -0.0045150101   0.0000002206   0.0006048629
       -0.0000004279   0.0000019717  -0.0288080035   0.0000035310
        0.0573562181  -0.0000109202  -0.1053772637  -0.0068829655   0.0000032127
        0.4633091649  -0.0166947976   0.0270816575  -0.0370168088  -0.0167044171
       -0.0270751284  -0.0370159228  -0.0028952639   0.0006433285   0.0047353548
       -0.0028955606  -0.0006423140   0.0047353944   0.0254795854  -0.0000045722
       -0.0194264765  -0.0367627989   0.0000047361  -0.2739434422
       -0.0190866416   0.0200617412  -0.0028956661  -0.0502173952   0.0284441238
       -0.0166947976   0.0707516431  -0.0638301718   0.0192727125   0.0096117669
        0.0037605924   0.0038574241  -0.0037420299   0.0005086073  -0.0002420491
       -0.0036410758   0.0015213450   0.0018394951   0.0008872717  -0.0000191871
       -0.0002464865  -0.0045635392   0.0095529492  -0.0048906323
        0.0127933028  -0.0107980276  -0.0006422268   0.0460028607  -0.0658239834
        0.0270816575  -0.0638301718   0.1268196652  -0.0302592759  -0.0037796859
       -0.0426626884  -0.0021999840  -0.0005061341   0.0026139237   0.0006961250
        0.0015213522  -0.0007677951  -0.0009822380  -0.0009638224   0.0001798110
       -0.0005683462   0.0087622984  -0.0095609053   0.0068742883
        0.0028412646  -0.0045148952   0.0047353951  -0.0142039888   0.0154253552
       -0.0370168088   0.0192727125  -0.0302592759   0.0310555691   0.0038582713
        0.0021989741   0.0052138657  -0.0002423892  -0.0006963289   0.0001112611
        0.0018395180  -0.0009822583   0.0002659791  -0.0000053242  -0.0003654296
        0.0007393664  -0.0133600641   0.0191938585  -0.0051046278
       -0.0190987113  -0.0200586451  -0.0028951583  -0.0502450953  -0.0284503318
       -0.0167044171   0.0096117669  -0.0037796859   0.0038582713   0.0707990039
        0.0638513899   0.0192829885  -0.0036421869  -0.0015201562   0.0018399495
       -0.0037420869  -0.0005061629  -0.0002423450   0.0008876283   0.0000186753
       -0.0002462602  -0.0045703186  -0.0095550833  -0.0048930287
       -0.0127903140  -0.0107856110   0.0006434161  -0.0460093900  -0.0657974676
       -0.0270751284   0.0037605924  -0.0426626884   0.0021989741   0.0638513899
        0.1267740712   0.0302511748  -0.0015201487  -0.0007663905   0.0009818730
        0.0005086359   0.0026139660  -0.0006963409   0.0009636033   0.0001791503
        0.0005684571  -0.0087643690  -0.0095550300  -0.0068724259
        0.0028431934   0.0045141025   0.0047353536  -0.0142092152  -0.0154197040
       -0.0370159228   0.0038574241  -0.0021999840   0.0052138657   0.0192829885
        0.0302511748   0.0310545342   0.0018399264   0.0009818522   0.0002659051
       -0.0002420038   0.0006961363   0.0001112834  -0.0000052631   0.0003653316
        0.0007392775  -0.0133670503  -0.0191889094  -0.0051042968
       -0.0502452160  -0.0284502586  -0.0167046409  -0.0190988570  -0.0200587313
       -0.0028952639  -0.0037420299  -0.0005061341  -0.0002423892  -0.0036421869
       -0.0015201487   0.0018399264   0.0707991734   0.0638513366   0.0192834566
        0.0096117672  -0.0037797857   0.0038582447  -0.0045702879  -0.0095549334
       -0.0048930523   0.0008876371   0.0000186552  -0.0002462813
       -0.0460092960  -0.0657970469  -0.0270752947  -0.0127903893  -0.0107856434
        0.0006433285   0.0005086073   0.0026139237  -0.0006963289  -0.0015201562
       -0.0007663905   0.0009818522   0.0638513366   0.1267734021   0.0302518513
        0.0037604931  -0.0426626856   0.0021985511  -0.0087641971  -0.0095547000
       -0.0068723997   0.0009636016   0.0001791406   0.0005684402
       -0.0142096434  -0.0154199565  -0.0370162546   0.0028431473   0.0045139879
        0.0047353548  -0.0002420491   0.0006961250   0.0001112611   0.0018399495
        0.0009818730   0.0002659051   0.0192834566   0.0302518513   0.0310550015
        0.0038574496  -0.0022004057   0.0052138653  -0.0133670884  -0.0191888474
       -0.0051044434  -0.0000052221   0.0003653723   0.0007393103
       -0.0502172764   0.0284441973  -0.0166945720  -0.0190864938   0.0200616530
       -0.0028955606  -0.0036410758   0.0015213522   0.0018395180  -0.0037420869
        0.0005086359  -0.0002420038   0.0096117672   0.0037604931   0.0038574496
        0.0707514740  -0.0638302290   0.0192722438  -0.0045635716   0.0095531046
       -0.0048906100   0.0008872633  -0.0000192071  -0.0002464650
        0.0460029580  -0.0658244073   0.0270814879   0.0127932259  -0.0107979921
       -0.0006423140   0.0015213450  -0.0007677951  -0.0009822583  -0.0005061629
        0.0026139660   0.0006961363  -0.0037797857  -0.0426626856  -0.0022004057
       -0.0638302290   0.1268203383  -0.0302585989   0.0087624731  -0.0095612440
        0.0068743161  -0.0009638242   0.0001798198  -0.0005683636
       -0.0142035577   0.0154251013  -0.0370164744   0.0028413122  -0.0045150101
        0.0047353944   0.0018394951  -0.0009822380   0.0002659791  -0.0002423450
       -0.0006963409   0.0001112834   0.0038582447   0.0021985511   0.0052138653
        0.0192722438  -0.0302585989   0.0310551008  -0.0133600277   0.0191939238
       -0.0051044815  -0.0000053654  -0.0003653884   0.0007393330
       -0.0409765216   0.0000020672  -0.0367627956  -0.0002294101   0.0000002206
        0.0254795854   0.0008872717  -0.0009638224  -0.0000053242   0.0008876283
        0.0009636033  -0.0000052631  -0.0045702879  -0.0087641971  -0.0133670884
       -0.0045635716   0.0087624731  -0.0133600277   0.0523915339  -0.0000011599
        0.0355236195  -0.0038266427   0.0000008153   0.0024972940
        0.0000024380  -0.0288079975   0.0000060082   0.0000002609   0.0006048629
       -0.0000045722  -0.0000191871   0.0001798110  -0.0003654296   0.0000186753
        0.0001791503   0.0003653316  -0.0095549334  -0.0095547000  -0.0191888474
        0.0095531046  -0.0095612440   0.0191939238  -0.0000011599   0.0464699983
       -0.0000059189   0.0000008017   0.0004901190  -0.0000004955
       -0.0297462409   0.0000048332  -0.2739434470   0.0020017363  -0.0000004279
       -0.0194264765  -0.0002464865  -0.0005683462   0.0007393664  -0.0002462602
        0.0005684571   0.0007392775  -0.0048930523  -0.0068723997  -0.0051044434
       -0.0048906100   0.0068743161  -0.0051044815   0.0355236195  -0.0000059189
        0.3033342735   0.0024972940  -0.0000005138  -0.0012340690
       -0.0002294106   0.0000002827   0.0254795861  -0.0409765227   0.0000019717
       -0.0367627989  -0.0045635392   0.0087622984  -0.0133600641  -0.0045703186
       -0.0087643690  -0.0133670503   0.0008876371   0.0009636016  -0.0000052221
        0.0008872633  -0.0009638242  -0.0000053654  -0.0038266427   0.0000008017
        0.0024972940   0.0523915334  -0.0000007628   0.0355236207
        0.0000002039   0.0006048639  -0.0000046705   0.0000024297  -0.0288080035
        0.0000047361   0.0095529492  -0.0095609053   0.0191938585  -0.0095550833
       -0.0095550300  -0.0191889094   0.0000186552   0.0001791406   0.0003653723
       -0.0000192071   0.0001798198  -0.0003653884   0.0000008153   0.0004901190
       -0.0000005138  -0.0000007628   0.0464699955  -0.0000044848
        0.0020017359  -0.0000004897  -0.0194264766  -0.0297462434   0.0000035310
       -0.2739434422  -0.0048906323   0.0068742883  -0.0051046278  -0.0048930287
       -0.0068724259  -0.0051042968  -0.0002462813   0.0005684402   0.0007393103
       -0.0002464650  -0.0005683636   0.0007393330   0.0024972940  -0.0000004955
       -0.0012340690   0.0355236207  -0.0000044848   0.3033342692
