           1           2   1.00109016239917     
           2           3   1.01225739063227     
           3           4   1.41062677837062     
           4           5   1.43475770298058     
           3           6  0.106228955147448     
           5           6   1.45446825524513     
           6           7   1.36328547234618     
           3           8   1.41684563242467     
           5           8  0.103787639103381     
           7           8   1.38113485090435     
           7           9   1.06698274594920     
           1          10  0.988319556939968     
           1          11  0.986409367096401     
           1          12  0.988487888417087     
           2          13  0.974677655908659     
           2          14  0.974197761417161     
           4          15  0.969669745575469     
           5          16  0.970827006126310     
           6          17  0.968780475161103     
           8          18  0.964557656205956     
           9          19  0.890445673176575     
