$hessian                                                                        
        0.5042509759  -0.0053532420   0.0330940540  -0.0913213640  -0.0108047453
        0.0609480800  -0.0264579843  -0.0042349354   0.0222127817  -0.0005932414
       -0.0008958352  -0.0002873602   0.0004249769   0.0001646144  -0.0013980353
        0.0001534494  -0.0005101845   0.0000027872  -0.0011130729   0.0001642311
       -0.0024028896  -0.0010637842   0.0010469682   0.0016144642  -0.0607927825
       -0.0426308613  -0.0443994911  -0.2743262614   0.0169198852  -0.0463275176
       -0.0547240187   0.0455465028  -0.0192076463   0.0034471817   0.0009896831
       -0.0027751598   0.0024549142  -0.0003371039  -0.0018881299  -0.0001056906
       -0.0000411547   0.0003882397  -0.0000702037  -0.0000104491   0.0001256781
       -0.0000706207  -0.0000241705   0.0004479936  -0.0000924736   0.0000107970
       -0.0001478485
       -0.0053532420   0.5213252461   0.0105095070  -0.0092964094  -0.0685625909
        0.0178992136  -0.0016799475   0.0015483051  -0.0014032096   0.0014047021
       -0.0005692197   0.0008179837  -0.0006327419  -0.0002314238   0.0000157362
        0.0000599173   0.0003782730   0.0000676879   0.0003154629  -0.0002149092
       -0.0000531589  -0.0006248271   0.0000978072  -0.0006329681  -0.0428170778
       -0.1597735793  -0.1126483500   0.0172492815  -0.0462763511   0.0026721642
        0.0453107707  -0.2437506720   0.0759857996   0.0094316991   0.0029552001
       -0.0180931660  -0.0135736905  -0.0067581820   0.0250799388   0.0001881538
       -0.0001467621  -0.0001813730   0.0000358345  -0.0000214616  -0.0000504001
       -0.0000037773   0.0000166123   0.0000073132  -0.0000141084  -0.0000162921
        0.0000072814
        0.0330940540   0.0105095070   0.4699548843   0.0501251147   0.0178470215
       -0.1574975562   0.0097783550  -0.0003858498   0.0040579522  -0.0018406312
        0.0011602564  -0.0002822662   0.0007050796   0.0001987612   0.0001195751
       -0.0001989600  -0.0002347855  -0.0000172044   0.0003001210   0.0002306828
       -0.0000989212  -0.0014767723  -0.0016551044  -0.0007858373  -0.0443620160
       -0.1130641000  -0.1539381409  -0.0466425186   0.0025566060  -0.0504739427
       -0.0189028867   0.0760121915  -0.0729154662   0.0121852125   0.0009459096
       -0.0248024742   0.0074058827   0.0057893129  -0.0134649841  -0.0000607749
        0.0000946991   0.0001105756  -0.0000274888   0.0000398206   0.0000060398
       -0.0000277794   0.0000005870   0.0000309510  -0.0000539918  -0.0000455160
       -0.0000031847
       -0.0913213640  -0.0092964094   0.0501251147   0.4600030214   0.0002555744
        0.0325211565  -0.1952824077   0.0125652060  -0.0269444836  -0.0225824788
        0.0096095374  -0.0051407686   0.0021028918   0.0032678959  -0.0007756859
       -0.0007614568  -0.0012463758  -0.0002798633  -0.0009195046  -0.0022815856
       -0.0018758886  -0.0285073399  -0.0125965028  -0.0062983372   0.0030971870
        0.0017145982  -0.0029983867  -0.0196636287  -0.0049663422   0.0268482492
        0.0022748412  -0.0009673497  -0.0022873714  -0.0559426634  -0.0392284115
       -0.0441508484  -0.0513741976   0.0441242368  -0.0196609279   0.0004079433
       -0.0011254883   0.0006243051  -0.0007073052  -0.0000363461  -0.0000200331
        0.0000446518   0.0000535946   0.0004738937  -0.0008681898   0.0001541680
       -0.0001601245
       -0.0108047453  -0.0685625909   0.0178470215   0.0002555744   0.5515566714
        0.0108325756   0.0165661752  -0.0671468209   0.0024665733   0.0250287643
       -0.0035974728   0.0041113429   0.0028195643  -0.0043658671  -0.0003594099
       -0.0002757832  -0.0001887788  -0.0000719528  -0.0031919077  -0.0045256888
       -0.0007434475  -0.0314358057  -0.0008542712  -0.0057374673   0.0098923647
        0.0028649037  -0.0176116618   0.0004301857   0.0007203595  -0.0010464104
       -0.0139089158  -0.0067586134   0.0252933235  -0.0398037359  -0.1541555754
       -0.1060560498   0.0435852650  -0.2451933988   0.0704974827   0.0009217214
        0.0005766382   0.0004909930   0.0015009784  -0.0002664791   0.0004284197
       -0.0000320130   0.0000958685   0.0000709237  -0.0015476867  -0.0001988841
       -0.0004122565
        0.0609480800   0.0178992136  -0.1574975562   0.0325211565   0.0108325756
        0.4645537250  -0.0352418972   0.0026690958  -0.0654977628  -0.0035693193
        0.0001970134   0.0021218130  -0.0021037263   0.0000236984   0.0064069699
        0.0001164371   0.0002473747   0.0000474013  -0.0028360409  -0.0015963426
        0.0086551898  -0.0070959939  -0.0011579160  -0.0037264559   0.0114572092
        0.0007312639  -0.0234076746   0.0015264916   0.0000600947   0.0007580918
        0.0066910520   0.0059243451  -0.0133589421  -0.0444341419  -0.1067669674
       -0.1463485389  -0.0187509787   0.0711678388  -0.0691236119   0.0007108852
       -0.0003535796  -0.0013741158  -0.0000209493   0.0000025637  -0.0005207518
        0.0004479677   0.0001189167  -0.0019976981  -0.0003662319   0.0000008113
        0.0003099173
       -0.0264579843  -0.0016799475   0.0097783550  -0.1952824077   0.0165661752
       -0.0352418972   0.6095415514   0.0007842244   0.0851725769  -0.1360793341
        0.1238221609  -0.0104809770  -0.0314427877   0.0266165088  -0.0050373309
        0.0056871824  -0.0032034944   0.0032274766  -0.0511333810  -0.0392392284
       -0.0124965646  -0.1445835520  -0.1117329278  -0.0232479060   0.0007348508
        0.0002121675  -0.0005729076  -0.0016143312  -0.0002826242   0.0021374899
        0.0007179764   0.0001039149  -0.0006130322  -0.0130390914  -0.0038554480
       -0.0036562721  -0.0120949494   0.0059646442  -0.0022250479   0.0060844102
       -0.0138359249  -0.0000045260  -0.0055863207   0.0004021466  -0.0032686818
        0.0012776240  -0.0004061857   0.0001410894  -0.0067294557  -0.0002361616
       -0.0036118444
       -0.0042349354   0.0015483051  -0.0003858498   0.0125652060  -0.0671468209
        0.0026690958   0.0007842244   0.6425069774   0.0221488153   0.0478253452
       -0.2435308559   0.0005258209   0.0878925527   0.0291420704   0.0196153525
        0.0050446615  -0.0713970514  -0.0018533635  -0.1005317568   0.0260000812
       -0.0196848986  -0.0633346079  -0.2911147348  -0.0238425129   0.0008353803
        0.0000042237  -0.0007829178  -0.0006598026   0.0004368717   0.0006898843
       -0.0010343375  -0.0001983021   0.0002456026  -0.0204674573  -0.0001426543
       -0.0057983534   0.0296339839  -0.0052952693   0.0069954795   0.0075500530
       -0.0226653879   0.0006818513  -0.0011448424   0.0022642109  -0.0005859687
        0.0004498362  -0.0008544938   0.0000326284  -0.0011735034   0.0004428301
       -0.0006706658
        0.0222127817  -0.0014032096   0.0040579522  -0.0269444836   0.0024665733
       -0.0654977628   0.0851725769   0.0221488153   0.1845448851  -0.0141841293
        0.0163910397  -0.0578742691  -0.0023461412   0.0067553262   0.0003510463
        0.0032912441  -0.0040181483  -0.0090194183  -0.0166923927  -0.0064843456
       -0.0019203229  -0.0194892381  -0.0332275946  -0.0641108567   0.0009936692
       -0.0001817716   0.0002174879   0.0039046279   0.0008688026  -0.0042398441
        0.0004467153  -0.0000210036   0.0006024741  -0.0207038514  -0.0005753260
       -0.0044346741  -0.0109927452   0.0022828479  -0.0012284033   0.0015993098
       -0.0041093359   0.0002801228  -0.0031584939  -0.0003281233   0.0090598243
        0.0003636974  -0.0001200864  -0.0001317807  -0.0034731470  -0.0004444601
        0.0093435392
       -0.0005932414   0.0014047021  -0.0018406312  -0.0225824788   0.0250287643
       -0.0035693193  -0.1360793341   0.0478253452  -0.0141841293   0.6414032861
        0.0201675861   0.1113743892  -0.3275323203   0.0432930865  -0.0563731305
       -0.0329300366  -0.0800092991  -0.0104230018  -0.0502679593   0.0280996553
       -0.0073623480   0.0598422660   0.0200880541   0.0100196310  -0.0000683309
       -0.0000209647   0.0001636764  -0.0003643804  -0.0000522922   0.0006529221
        0.0001078796   0.0000559192  -0.0001393444  -0.0000146246   0.0018110101
        0.0004639890  -0.0055909456   0.0010422267  -0.0013666106  -0.1083502682
       -0.1104012358  -0.0214781237  -0.0170881632   0.0037853606  -0.0039779002
        0.0001642655  -0.0027223677  -0.0018857071  -0.0000556138   0.0006044494
       -0.0000743618
       -0.0008958352  -0.0005692197   0.0011602564   0.0096095374  -0.0035974728
        0.0001970134   0.1238221609  -0.2435308559   0.0163910397   0.0201675861
        0.6504083683   0.0309914198  -0.0323536010  -0.0968740727  -0.0089688448
       -0.0272176178   0.0301841064  -0.0041173371   0.0365996273  -0.0142883120
        0.0074071011  -0.0425501216  -0.0876009337  -0.0138923787   0.0001366660
       -0.0003168938  -0.0002281101  -0.0001345622   0.0000121329  -0.0001669459
       -0.0002268091   0.0001603321   0.0004752021  -0.0014079772   0.0001731047
       -0.0004380270   0.0000351129  -0.0001423902   0.0001296783  -0.1094662020
       -0.2283157375  -0.0329869286   0.0267584328  -0.0025141711   0.0052737209
       -0.0034433070  -0.0042366258  -0.0013887781   0.0005669098   0.0010486406
        0.0001619186
       -0.0002873602   0.0008179837  -0.0002822662  -0.0051407686   0.0041113429
        0.0021218130  -0.0104809770   0.0005258209  -0.0578742691   0.1113743892
        0.0309914198   0.1362944168  -0.0595942481   0.0067955381  -0.0590909224
       -0.0079191090  -0.0154605851  -0.0036440941  -0.0072235238   0.0056892368
       -0.0098103746   0.0071314143  -0.0007134731   0.0197366757  -0.0000049390
       -0.0000745203   0.0000703370  -0.0000384183  -0.0001404885   0.0003381839
       -0.0000342588  -0.0002097333   0.0000860504   0.0001818427   0.0005551991
        0.0005090679  -0.0017176541   0.0005206145   0.0005431778  -0.0214203172
       -0.0329090180  -0.0398769614  -0.0028451531   0.0005159078   0.0023608097
       -0.0019696852  -0.0011908058   0.0083941159  -0.0000112340   0.0001755605
        0.0001242398
        0.0004249769  -0.0006327419   0.0007050796   0.0021028918   0.0028195643
       -0.0021037263  -0.0314427877   0.0878925527  -0.0023461412  -0.3275323203
       -0.0323536010  -0.0595942481   0.6341695563  -0.0204687387   0.1059246890
       -0.1486417284  -0.0585382419  -0.0235514768   0.0632206294  -0.0280007792
        0.0113894211  -0.0521928992  -0.0335109013  -0.0112349681  -0.0000215803
        0.0000798709  -0.0001976192   0.0003083595  -0.0000924414  -0.0002191237
       -0.0001626655  -0.0002202681   0.0001300081   0.0003157819  -0.0005391485
        0.0000401625  -0.0008837055   0.0001016358   0.0002337358  -0.0177009828
       -0.0022931185  -0.0038307421  -0.1044701114   0.1077772513  -0.0088938092
       -0.0169457901  -0.0256495754  -0.0048560960  -0.0005476246   0.0036286810
       -0.0015951453
        0.0001646144  -0.0002314238   0.0001987612   0.0032678959  -0.0043658671
        0.0000236984   0.0266165088   0.0291420704   0.0067553262   0.0432930865
       -0.0968740727   0.0067955381  -0.0204687387   0.6685803851   0.0222952612
       -0.1351387207  -0.2731737553  -0.0388460126   0.0338332549  -0.0678173458
        0.0037965579  -0.0354332671  -0.0118744939  -0.0077904028   0.0000588913
        0.0000517903   0.0000050782  -0.0000448790   0.0000009252  -0.0001321374
       -0.0000253335  -0.0001069368   0.0000037922  -0.0002178447  -0.0003929919
       -0.0001391657   0.0012124102  -0.0001752741   0.0004052803  -0.0257650832
       -0.0012980620  -0.0054214281   0.1078432958  -0.2357604009   0.0125716368
       -0.0021748002  -0.0013780576  -0.0005893544   0.0029787095  -0.0043264893
        0.0000675704
       -0.0013980353   0.0000157362   0.0001195751  -0.0007756859  -0.0003594099
        0.0064069699  -0.0050373309   0.0196153525   0.0003510463  -0.0563731305
       -0.0089688448  -0.0590909224   0.1059246890   0.0222952612   0.1434400106
       -0.0272290826  -0.0230052725  -0.0551666095   0.0143560778  -0.0091305544
        0.0044744512  -0.0111257932  -0.0072647341  -0.0098036101  -0.0000121746
        0.0000220534  -0.0000954476  -0.0002040773  -0.0001440890   0.0002727794
       -0.0000552780   0.0000200815  -0.0000762438   0.0005974312   0.0001141795
        0.0001704616   0.0005520936  -0.0000932263   0.0002743293  -0.0050037331
       -0.0005560046  -0.0005092569  -0.0088677541   0.0126504607  -0.0378484896
       -0.0036954647  -0.0053935833  -0.0006458124  -0.0016527513   0.0001825939
        0.0077267689
        0.0001534494   0.0000599173  -0.0001989600  -0.0007614568  -0.0002757832
        0.0001164371   0.0056871824   0.0050446615   0.0032912441  -0.0329300366
       -0.0272176178  -0.0079191090  -0.1486417284  -0.1351387207  -0.0272290826
        0.6651108248  -0.0015089696   0.1152772624  -0.1468402110   0.1346327913
       -0.0134317603  -0.0582500081   0.0268110247  -0.0147774318  -0.0000024220
        0.0000040759  -0.0001199126   0.0001098988  -0.0000107362   0.0000219679
        0.0000114639  -0.0000135420  -0.0000480536   0.0001394336   0.0000876869
        0.0001403611   0.0003627231  -0.0002888741   0.0001204401  -0.0054600402
       -0.0000685141  -0.0031258919   0.0070518348   0.0124812979   0.0014942789
       -0.2913567080  -0.0046935606  -0.0537334487   0.0056158003  -0.0099051372
        0.0001216589
       -0.0005101845   0.0003782730  -0.0002347855  -0.0012463758  -0.0001887788
        0.0002473747  -0.0032034944  -0.0713970514  -0.0040181483  -0.0800092991
        0.0301841064  -0.0154605851  -0.0585382419  -0.2731737553  -0.0230052725
       -0.0015089696   0.6329434326   0.0242063392   0.0555028175  -0.2572881018
        0.0021753316   0.0940928185   0.0332116992   0.0206197588  -0.0000843079
       -0.0000038432   0.0001912541  -0.0001347392   0.0000995002   0.0001590371
        0.0001465695   0.0002479099  -0.0002861396  -0.0002341096   0.0005198936
        0.0002317396  -0.0001143589   0.0001899238  -0.0002704726   0.0007765253
        0.0018935666  -0.0002436528  -0.0107339347  -0.0270353907  -0.0036035133
       -0.0054089797  -0.0432707671  -0.0015893650   0.0112082646  -0.0273106169
        0.0008810998
        0.0000027872   0.0000676879  -0.0000172044  -0.0002798633  -0.0000719528
        0.0000474013   0.0032274766  -0.0018533635  -0.0090194183  -0.0104230018
       -0.0041173371  -0.0036440941  -0.0235514768  -0.0388460126  -0.0551666095
        0.1152772624   0.0242063392   0.1358260979  -0.0171029445   0.0185705620
       -0.0547984566  -0.0116376163   0.0062238108   0.0164407021   0.0000274765
       -0.0000020475  -0.0000758038   0.0000105056   0.0000009125  -0.0000017921
       -0.0000060767   0.0000034307  -0.0000527198  -0.0000096276   0.0000387664
        0.0000144107  -0.0000283377  -0.0000623425   0.0000814773  -0.0030972804
       -0.0004113986   0.0088167655   0.0003386916   0.0011296539   0.0030058971
       -0.0537981052  -0.0014474192  -0.0445139558   0.0010501303  -0.0034292897
        0.0030573025
       -0.0011130729   0.0003154629   0.0003001210  -0.0009195046  -0.0031919077
       -0.0028360409  -0.0511333810  -0.1005317568  -0.0166923927  -0.0502679593
        0.0365996273  -0.0072235238   0.0632206294   0.0338332549   0.0143560778
       -0.1468402110   0.0555028175  -0.0171029445   0.6290589634   0.0032192975
        0.1039652235  -0.3413054532   0.0437433810  -0.0568666485  -0.0002060051
       -0.0000112153   0.0002804995  -0.0000506020   0.0001394964   0.0002526999
        0.0000788897   0.0003953654  -0.0004491863  -0.0017702928   0.0003853660
        0.0002429991  -0.0002055604   0.0000142283  -0.0002169002  -0.0001115270
        0.0013761045   0.0001153094   0.0000519082  -0.0043333405  -0.0020773154
       -0.0168989439   0.0223661411  -0.0024345783  -0.0815878777  -0.0898223225
       -0.0136133997
        0.0001642311  -0.0002149092   0.0002306828  -0.0022815856  -0.0045256888
       -0.0015963426  -0.0392392284   0.0260000812  -0.0064843456   0.0280996553
       -0.0142883120   0.0056892368  -0.0280007792  -0.0678173458  -0.0091305544
        0.1346327913  -0.2572881018   0.0185705620   0.0032192975   0.6686547456
        0.0252904864  -0.0033806865  -0.1042079783  -0.0031780154   0.0000032921
        0.0000935627  -0.0000544038   0.0002804924   0.0000097070  -0.0000755150
       -0.0001000848  -0.0001867391   0.0001106076  -0.0009976343  -0.0002801555
       -0.0004381885   0.0005060623  -0.0001000649   0.0001667664   0.0002846821
        0.0007892776   0.0001482856  -0.0029716173  -0.0040127883  -0.0012650209
       -0.0002344757   0.0013407696   0.0000705581  -0.0899844121  -0.2439660600
       -0.0280547993
       -0.0024028896  -0.0000531589  -0.0000989212  -0.0018758886  -0.0007434475
        0.0086551898  -0.0124965646  -0.0196848986  -0.0019203229  -0.0073623480
        0.0074071011  -0.0098103746   0.0113894211   0.0037965579   0.0044744512
       -0.0134317603   0.0021753316  -0.0547984566   0.1039652235   0.0252904864
        0.1532169767  -0.0596060523   0.0064526738  -0.0674322879  -0.0000084293
       -0.0000958836  -0.0001840927  -0.0004069135  -0.0000523124   0.0004810634
        0.0000257280   0.0001452605  -0.0001557435   0.0009771931   0.0001021916
        0.0003565802   0.0001787824  -0.0002069813   0.0000880766   0.0000819184
        0.0003532572  -0.0004622824  -0.0020408432  -0.0015277009   0.0086874251
       -0.0034138000   0.0047179939  -0.0009949909  -0.0135727771  -0.0280764707
       -0.0401022902
       -0.0010637842  -0.0006248271  -0.0014767723  -0.0285073399  -0.0314358057
       -0.0070959939  -0.1445835520  -0.0633346079  -0.0194892381   0.0598422660
       -0.0425501216   0.0071314143  -0.0521928992  -0.0354332671  -0.0111257932
       -0.0582500081   0.0940928185  -0.0116376163  -0.3413054532  -0.0033806865
       -0.0596060523   0.5954496504   0.0868807440   0.1100322432   0.0003435094
        0.0002813424  -0.0003370166  -0.0001833015  -0.0001011405   0.0005718547
       -0.0001189511  -0.0003790391   0.0002583702  -0.0053350515  -0.0009275855
       -0.0016996449   0.0021273086  -0.0012788180   0.0010940409   0.0001710772
        0.0019045035  -0.0012673239  -0.0002381955  -0.0004314786   0.0008818255
       -0.0031049427   0.0060667430  -0.0020259442  -0.0230503326  -0.0093487737
       -0.0042083531
        0.0010469682   0.0000978072  -0.0016551044  -0.0125965028  -0.0008542712
       -0.0011579160  -0.1117329278  -0.2911147348  -0.0332275946   0.0200880541
       -0.0876009337  -0.0007134731  -0.0335109013  -0.0118744939  -0.0072647341
        0.0268110247   0.0332116992   0.0062238108   0.0437433810  -0.1042079783
        0.0064526738   0.0868807440   0.4743594859   0.0362803855  -0.0000204187
        0.0001332742   0.0003256571  -0.0001371029  -0.0001369738   0.0003613375
        0.0000175929  -0.0000275906  -0.0001008734   0.0004368814   0.0006774034
        0.0000916219   0.0002655446   0.0006242836  -0.0003900152   0.0043897857
       -0.0089729901   0.0001344948  -0.0003702129   0.0004794511   0.0001659189
        0.0042314920  -0.0048031336   0.0004021456  -0.0295434022   0.0000096954
       -0.0059283350
        0.0016144642  -0.0006329681  -0.0007858373  -0.0062983372  -0.0057374673
       -0.0037264559  -0.0232479060  -0.0238425129  -0.0641108567   0.0100196310
       -0.0138923787   0.0197366757  -0.0112349681  -0.0077904028  -0.0098036101
       -0.0147774318   0.0206197588   0.0164407021  -0.0568666485  -0.0031780154
       -0.0674322879   0.1100322432   0.0362803855   0.1050483994  -0.0003351479
        0.0002394829   0.0005288263   0.0003416257  -0.0000078662   0.0000874791
       -0.0001103747  -0.0001658076   0.0002388596  -0.0024817819  -0.0003112656
       -0.0003886556   0.0009763444  -0.0002764100  -0.0002866533  -0.0012927495
       -0.0004175133   0.0073810916   0.0009524816   0.0001765309  -0.0047125915
       -0.0021389114   0.0006770929   0.0076735075  -0.0051525330  -0.0017406431
       -0.0058885930
       -0.0607927825  -0.0428170778  -0.0443620160   0.0030971870   0.0098923647
        0.0114572092   0.0007348508   0.0008353803   0.0009936692  -0.0000683309
        0.0001366660  -0.0000049390  -0.0000215803   0.0000588913  -0.0000121746
       -0.0000024220  -0.0000843079   0.0000274765  -0.0002060051   0.0000032921
       -0.0000084293   0.0003435094  -0.0000204187  -0.0003351479   0.0674576105
        0.0499553712   0.0483563511  -0.0122016554  -0.0231102961  -0.0231840164
        0.0022660461   0.0052088802   0.0041444557  -0.0010407197  -0.0001020017
        0.0034273947   0.0003011995   0.0002048624  -0.0004751943   0.0000181743
       -0.0001083933  -0.0000107559   0.0000335307  -0.0000299043  -0.0000058529
        0.0000335160  -0.0000191132   0.0000051534   0.0000478717  -0.0000041956
       -0.0000131836
       -0.0426308613  -0.1597735793  -0.1130641000   0.0017145982   0.0028649037
        0.0007312639   0.0002121675   0.0000042237  -0.0001817716  -0.0000209647
       -0.0003168938  -0.0000745203   0.0000798709   0.0000517903   0.0000220534
        0.0000040759  -0.0000038432  -0.0000020475  -0.0000112153   0.0000935627
       -0.0000958836   0.0002813424   0.0001332742   0.0002394829   0.0499553712
        0.1810885305   0.1310953787  -0.0008126972   0.0006549181   0.0001229332
       -0.0082762811  -0.0267412671  -0.0203525258  -0.0003773508   0.0011235986
        0.0008680503   0.0000608811   0.0007336899   0.0006307901  -0.0001209154
        0.0000794815   0.0000494952  -0.0000346406  -0.0000021560  -0.0000042297
        0.0000009146   0.0000044416   0.0000111306  -0.0000242954   0.0000053247
        0.0000045002
       -0.0443994911  -0.1126483500  -0.1539381409  -0.0029983867  -0.0176116618
       -0.0234076746  -0.0005729076  -0.0007829178   0.0002174879   0.0001636764
       -0.0002281101   0.0000703370  -0.0001976192   0.0000050782  -0.0000954476
       -0.0001199126   0.0001912541  -0.0000758038   0.0002804995  -0.0000544038
       -0.0001840927  -0.0003370166   0.0003256571   0.0005288263   0.0483563511
        0.1310953787   0.1806260686  -0.0050072576  -0.0066185709  -0.0057330961
        0.0021244634   0.0058412709   0.0069290272   0.0034097761   0.0007593432
       -0.0053855469  -0.0005347805  -0.0004707529   0.0004253009  -0.0000431845
        0.0001255726  -0.0000190004  -0.0000468128   0.0000143039   0.0000036511
       -0.0000336052   0.0000373887   0.0000256287  -0.0000437921   0.0000195199
        0.0000124752
       -0.2743262614   0.0172492815  -0.0466425186  -0.0196636287   0.0004301857
        0.0015264916  -0.0016143312  -0.0006598026   0.0039046279  -0.0003643804
       -0.0001345622  -0.0000384183   0.0003083595  -0.0000448790  -0.0002040773
        0.0001098988  -0.0001347392   0.0000105056  -0.0000506020   0.0002804924
       -0.0004069135  -0.0001833015  -0.0001371029   0.0003416257  -0.0122016554
       -0.0008126972  -0.0050072576   0.3176112612  -0.0193677348   0.0509136856
       -0.0103846098   0.0032192430  -0.0036785123   0.0005286479   0.0002717949
       -0.0003842942   0.0004018222  -0.0001216916  -0.0004214674  -0.0000433104
       -0.0000395593   0.0000302464  -0.0000231557   0.0000324465   0.0000227496
       -0.0000638533   0.0000007896   0.0000686222  -0.0000408995  -0.0000314646
       -0.0000350955
        0.0169198852  -0.0462763511   0.0025566060  -0.0049663422   0.0007203595
        0.0000600947  -0.0002826242   0.0004368717   0.0008688026  -0.0000522922
        0.0000121329  -0.0001404885  -0.0000924414   0.0000009252  -0.0001440890
       -0.0000107362   0.0000995002   0.0000009125   0.0001394964   0.0000097070
       -0.0000523124  -0.0001011405  -0.0001369738  -0.0000078662  -0.0231102961
        0.0006549181  -0.0066185709  -0.0193677348   0.0491380896  -0.0042554637
        0.0310584686  -0.0049911927   0.0077741965   0.0005137054   0.0000602462
       -0.0001275362  -0.0005996758   0.0001639502  -0.0000586185  -0.0000261032
        0.0000830005   0.0001059160  -0.0000183461   0.0000127205  -0.0000083803
       -0.0000060438   0.0000035285   0.0000297284   0.0000022206   0.0000085674
        0.0000170688
       -0.0463275176   0.0026721642  -0.0504739427   0.0268482492  -0.0010464104
        0.0007580918   0.0021374899   0.0006898843  -0.0042398441   0.0006529221
       -0.0001669459   0.0003381839  -0.0002191237  -0.0001321374   0.0002727794
        0.0000219679   0.0001590371  -0.0000017921   0.0002526999  -0.0000755150
        0.0004810634   0.0005718547   0.0003613375   0.0000874791  -0.0231840164
        0.0001229332  -0.0057330961   0.0509136856  -0.0042554637   0.0595613540
       -0.0120141810   0.0019647753  -0.0022300220   0.0002435118  -0.0000038673
        0.0007517430   0.0000620215  -0.0002760205   0.0006363667  -0.0000159024
       -0.0000087232  -0.0001185867   0.0000232207  -0.0000086276  -0.0000297981
        0.0000139877   0.0000016091  -0.0001001340   0.0000191302   0.0000019703
        0.0000401546
       -0.0547240187   0.0453107707  -0.0189028867   0.0022748412  -0.0139089158
        0.0066910520   0.0007179764  -0.0010343375   0.0004467153   0.0001078796
       -0.0002268091  -0.0000342588  -0.0001626655  -0.0000253335  -0.0000552780
        0.0000114639   0.0001465695  -0.0000060767   0.0000788897  -0.0001000848
        0.0000257280  -0.0001189511   0.0000175929  -0.0001103747   0.0022660461
       -0.0082762811   0.0021244634  -0.0103846098   0.0310584686  -0.0120141810
        0.0606796129  -0.0524365059   0.0189589607   0.0002852465   0.0000943888
       -0.0005705612  -0.0010771508  -0.0009998465   0.0031538149  -0.0000576753
        0.0003096062   0.0002575290   0.0000353522   0.0000100298   0.0000194562
        0.0000337893   0.0000268259   0.0000116492   0.0000339735   0.0000338619
        0.0000042483
        0.0455465028  -0.2437506720   0.0760121915  -0.0009673497  -0.0067586134
        0.0059243451   0.0001039149  -0.0001983021  -0.0000210036   0.0000559192
        0.0001603321  -0.0002097333  -0.0002202681  -0.0001069368   0.0000200815
       -0.0000135420   0.0002479099   0.0000034307   0.0003953654  -0.0001867391
        0.0001452605  -0.0003790391  -0.0000275906  -0.0001658076   0.0052088802
       -0.0267412671   0.0058412709   0.0032192430  -0.0049911927   0.0019647753
       -0.0524365059   0.2804709043  -0.0905953777   0.0001623454   0.0007353665
       -0.0004613140  -0.0008653847   0.0008488575   0.0016552177   0.0001094260
        0.0002547784  -0.0001103024   0.0000467587   0.0000212655   0.0000075478
        0.0000062440   0.0000101480  -0.0000122142   0.0000274899   0.0000117514
        0.0000016318
       -0.0192076463   0.0759857996  -0.0729154662  -0.0022873714   0.0252933235
       -0.0133589421  -0.0006130322   0.0002456026   0.0006024741  -0.0001393444
        0.0004752021   0.0000860504   0.0001300081   0.0000037922  -0.0000762438
       -0.0000480536  -0.0002861396  -0.0000527198  -0.0004491863   0.0001106076
       -0.0001557435   0.0002583702  -0.0001008734   0.0002388596   0.0041444557
       -0.0203525258   0.0069290272  -0.0036785123   0.0077741965  -0.0022300220
        0.0189589607  -0.0905953777   0.0854584224  -0.0004712037   0.0005098501
        0.0005832648   0.0032409943   0.0014804632  -0.0049722570   0.0002449010
       -0.0004791036  -0.0001481103  -0.0000396279  -0.0000127756   0.0000089176
       -0.0000282364  -0.0000353638   0.0000044690  -0.0000154754  -0.0000166780
       -0.0000019803
        0.0034471817   0.0094316991   0.0121852125  -0.0559426634  -0.0398037359
       -0.0444341419  -0.0130390914  -0.0204674573  -0.0207038514  -0.0000146246
       -0.0014079772   0.0001818427   0.0003157819  -0.0002178447   0.0005974312
        0.0001394336  -0.0002341096  -0.0000096276  -0.0017702928  -0.0009976343
        0.0009771931  -0.0053350515   0.0004368814  -0.0024817819  -0.0010407197
       -0.0003773508   0.0034097761   0.0005286479   0.0005137054   0.0002435118
        0.0002852465   0.0001623454  -0.0004712037   0.0701623158   0.0480142659
        0.0471522682   0.0024471374   0.0042297360   0.0037452539  -0.0000173847
        0.0006631304  -0.0002477739   0.0001477846   0.0000037586  -0.0000038425
        0.0000908974   0.0000647736  -0.0002116754  -0.0004045988  -0.0000141859
        0.0000714090
        0.0009896831   0.0029552001   0.0009459096  -0.0392284115  -0.1541555754
       -0.1067669674  -0.0038554480  -0.0001426543  -0.0005753260   0.0018110101
        0.0001731047   0.0005551991  -0.0005391485  -0.0003929919   0.0001141795
        0.0000876869   0.0005198936   0.0000387664   0.0003853660  -0.0002801555
        0.0001021916  -0.0009275855   0.0006774034  -0.0003112656  -0.0001020017
        0.0011235986   0.0007593432   0.0002717949   0.0000602462  -0.0000038673
        0.0000943888   0.0007353665   0.0005098501   0.0480142659   0.1740175001
        0.1244648080  -0.0072697364  -0.0253786462  -0.0197464907   0.0003058520
        0.0000379646  -0.0000111483   0.0000323782   0.0000271462   0.0000169114
       -0.0000243238   0.0000253440  -0.0000937219  -0.0000457705  -0.0000027447
        0.0000016282
       -0.0027751598  -0.0180931660  -0.0248024742  -0.0441508484  -0.1060560498
       -0.1463485389  -0.0036562721  -0.0057983534  -0.0044346741   0.0004639890
       -0.0004380270   0.0005090679   0.0000401625  -0.0001391657   0.0001704616
        0.0001403611   0.0002317396   0.0000144107   0.0002429991  -0.0004381885
        0.0003565802  -0.0016996449   0.0000916219  -0.0003886556   0.0034273947
        0.0008680503  -0.0053855469  -0.0003842942  -0.0001275362   0.0007517430
       -0.0005705612  -0.0004613140   0.0005832648   0.0471522682   0.1244648080
        0.1729636102   0.0019299296   0.0051519974   0.0061695590  -0.0002345751
        0.0006725398  -0.0000954690   0.0000878434   0.0000159021   0.0000014816
        0.0000517170   0.0000328246  -0.0000587514  -0.0000653087   0.0000223168
       -0.0000060687
        0.0024549142  -0.0135736905   0.0074058827  -0.0513741976   0.0435852650
       -0.0187509787  -0.0120949494   0.0296339839  -0.0109927452  -0.0055909456
        0.0000351129  -0.0017176541  -0.0008837055   0.0012124102   0.0005520936
        0.0003627231  -0.0001143589  -0.0000283377  -0.0002055604   0.0005060623
        0.0001787824   0.0021273086   0.0002655446   0.0009763444   0.0003011995
        0.0000608811  -0.0005347805   0.0004018222  -0.0005996758   0.0000620215
       -0.0010771508  -0.0008653847   0.0032409943   0.0024471374  -0.0072697364
        0.0019299296   0.0633441741  -0.0524942733   0.0178652732  -0.0000285402
       -0.0003314346  -0.0001427907  -0.0004300054   0.0000359376  -0.0000594297
        0.0000810527  -0.0000707342  -0.0000806833   0.0001647231  -0.0000159092
        0.0000960783
       -0.0003371039  -0.0067581820   0.0057893129   0.0441242368  -0.2451933988
        0.0711678388   0.0059646442  -0.0052952693   0.0022828479   0.0010422267
       -0.0001423902   0.0005206145   0.0001016358  -0.0001752741  -0.0000932263
       -0.0002888741   0.0001899238  -0.0000623425   0.0000142283  -0.0001000649
       -0.0002069813  -0.0012788180   0.0006242836  -0.0002764100   0.0002048624
        0.0007336899  -0.0004707529  -0.0001216916   0.0001639502  -0.0002760205
       -0.0009998465   0.0008488575   0.0014804632   0.0042297360  -0.0253786462
        0.0051519974  -0.0524942733   0.2799775540  -0.0850640767  -0.0001086498
        0.0004087457  -0.0000033658   0.0000568704   0.0000073001   0.0000089518
       -0.0000120000   0.0000530355   0.0000759196  -0.0000971835   0.0000358850
       -0.0000247701
       -0.0018881299   0.0250799388  -0.0134649841  -0.0196609279   0.0704974827
       -0.0691236119  -0.0022250479   0.0069954795  -0.0012284033  -0.0013666106
        0.0001296783   0.0005431778   0.0002337358   0.0004052803   0.0002743293
        0.0001204401  -0.0002704726   0.0000814773  -0.0002169002   0.0001667664
        0.0000880766   0.0010940409  -0.0003900152  -0.0002866533  -0.0004751943
        0.0006307901   0.0004253009  -0.0004214674  -0.0000586185   0.0006363667
        0.0031538149   0.0016552177  -0.0049722570   0.0037452539  -0.0197464907
        0.0061695590   0.0178652732  -0.0850640767   0.0811146772  -0.0000327207
        0.0000162411  -0.0000823521  -0.0000342282  -0.0000072322  -0.0001276605
        0.0000509647  -0.0000336328  -0.0000255895   0.0000577037  -0.0000063361
       -0.0000214529
       -0.0001056906   0.0001881538  -0.0000607749   0.0004079433   0.0009217214
        0.0007108852   0.0060844102   0.0075500530   0.0015993098  -0.1083502682
       -0.1094662020  -0.0214203172  -0.0177009828  -0.0257650832  -0.0050037331
       -0.0054600402   0.0007765253  -0.0030972804  -0.0001115270   0.0002846821
        0.0000819184   0.0001710772   0.0043897857  -0.0012927495   0.0000181743
       -0.0001209154  -0.0000431845  -0.0000433104  -0.0000261032  -0.0000159024
       -0.0000576753   0.0001094260   0.0002449010  -0.0000173847   0.0003058520
       -0.0002345751  -0.0000285402  -0.0001086498  -0.0000327207   0.1252502613
        0.1231074983   0.0275951419   0.0007270701  -0.0007711539   0.0007502653
       -0.0006967776  -0.0013998222  -0.0002703571  -0.0000867394   0.0000242323
        0.0004891733
       -0.0000411547  -0.0001467621   0.0000946991  -0.0011254883   0.0005766382
       -0.0003535796  -0.0138359249  -0.0226653879  -0.0041093359  -0.1104012358
       -0.2283157375  -0.0329090180  -0.0022931185  -0.0012980620  -0.0005560046
       -0.0000685141   0.0018935666  -0.0004113986   0.0013761045   0.0007892776
        0.0003532572   0.0019045035  -0.0089729901  -0.0004175133  -0.0001083933
        0.0000794815   0.0001255726  -0.0000395593   0.0000830005  -0.0000087232
        0.0003096062   0.0002547784  -0.0004791036   0.0006631304   0.0000379646
        0.0006725398  -0.0003314346   0.0004087457   0.0000162411   0.1231074983
        0.2560881500   0.0374834520   0.0006218747   0.0011738549   0.0003362171
        0.0002677939  -0.0000690979   0.0000385075  -0.0000056881   0.0000825795
        0.0001241904
        0.0003882397  -0.0001813730   0.0001105756   0.0006243051   0.0004909930
       -0.0013741158  -0.0000045260   0.0006818513   0.0002801228  -0.0214781237
       -0.0329869286  -0.0398769614  -0.0038307421  -0.0054214281  -0.0005092569
       -0.0031258919  -0.0002436528   0.0088167655   0.0001153094   0.0001482856
       -0.0004622824  -0.0012673239   0.0001344948   0.0073810916  -0.0000107559
        0.0000494952  -0.0000190004   0.0000302464   0.0001059160  -0.0001185867
        0.0002575290  -0.0001103024  -0.0001481103  -0.0002477739  -0.0000111483
       -0.0000954690  -0.0001427907  -0.0000033658  -0.0000823521   0.0275951419
        0.0374834520   0.0310865117   0.0007914490   0.0000543768  -0.0028149489
       -0.0001738899  -0.0003082518   0.0001235726   0.0004795975   0.0001175859
       -0.0022975557
       -0.0000702037   0.0000358345  -0.0000274888  -0.0007073052   0.0015009784
       -0.0000209493  -0.0055863207  -0.0011448424  -0.0031584939  -0.0170881632
        0.0267584328  -0.0028451531  -0.1044701114   0.1078432958  -0.0088677541
        0.0070518348  -0.0107339347   0.0003386916   0.0000519082  -0.0029716173
       -0.0020408432  -0.0002381955  -0.0003702129   0.0009524816   0.0000335307
       -0.0000346406  -0.0000468128  -0.0000231557  -0.0000183461   0.0000232207
        0.0000353522   0.0000467587  -0.0000396279   0.0001477846   0.0000323782
        0.0000878434  -0.0004300054   0.0000568704  -0.0000342282   0.0007270701
        0.0006218747   0.0007914490   0.1194538907  -0.1201206052   0.0140360553
        0.0008603254  -0.0008122915   0.0007126333   0.0002517640  -0.0006899328
        0.0001389763
       -0.0000104491  -0.0000214616   0.0000398206  -0.0000363461  -0.0002664791
        0.0000025637   0.0004021466   0.0022642109  -0.0003281233   0.0037853606
       -0.0025141711   0.0005159078   0.1077772513  -0.2357604009   0.0126504607
        0.0124812979  -0.0270353907   0.0011296539  -0.0043333405  -0.0040127883
       -0.0015277009  -0.0004314786   0.0004794511   0.0001765309  -0.0000299043
       -0.0000021560   0.0000143039   0.0000324465   0.0000127205  -0.0000086276
        0.0000100298   0.0000212655  -0.0000127756   0.0000037586   0.0000271462
        0.0000159021   0.0000359376   0.0000073001  -0.0000072322  -0.0007711539
        0.0011738549   0.0000543768  -0.1201206052   0.2660970394  -0.0131071716
        0.0005032850   0.0009535133   0.0002770728   0.0007017637  -0.0014236544
        0.0001150378
        0.0001256781  -0.0000504001   0.0000060398  -0.0000200331   0.0004284197
       -0.0005207518  -0.0032686818  -0.0005859687   0.0090598243  -0.0039779002
        0.0052737209   0.0023608097  -0.0088938092   0.0125716368  -0.0378484896
        0.0014942789  -0.0036035133   0.0030058971  -0.0020773154  -0.0012650209
        0.0086874251   0.0008818255   0.0001659189  -0.0047125915  -0.0000058529
       -0.0000042297   0.0000036511   0.0000227496  -0.0000083803  -0.0000297981
        0.0000194562   0.0000075478   0.0000089176  -0.0000038425   0.0000169114
        0.0000014816  -0.0000594297   0.0000089518  -0.0001276605   0.0007502653
        0.0003362171  -0.0028149489   0.0140360553  -0.0131071716   0.0260087758
        0.0007732014   0.0000098345  -0.0025765360   0.0002033546  -0.0001944742
       -0.0005120456
       -0.0000706207  -0.0000037773  -0.0000277794   0.0000446518  -0.0000320130
        0.0004479677   0.0012776240   0.0004498362   0.0003636974   0.0001642655
       -0.0034433070  -0.0019696852  -0.0169457901  -0.0021748002  -0.0036954647
       -0.2913567080  -0.0054089797  -0.0537981052  -0.0168989439  -0.0002344757
       -0.0034138000  -0.0031049427   0.0042314920  -0.0021389114   0.0000335160
        0.0000009146  -0.0000336052  -0.0000638533  -0.0000060438   0.0000139877
        0.0000337893   0.0000062440  -0.0000282364   0.0000908974  -0.0000243238
        0.0000517170   0.0000810527  -0.0000120000   0.0000509647  -0.0006967776
        0.0002677939  -0.0001738899   0.0008603254   0.0005032850   0.0007732014
        0.3260566736   0.0064911671   0.0631169042   0.0004948407  -0.0006110124
        0.0004610374
       -0.0000241705   0.0000166123   0.0000005870   0.0000535946   0.0000958685
        0.0001189167  -0.0004061857  -0.0008544938  -0.0001200864  -0.0027223677
       -0.0042366258  -0.0011908058  -0.0256495754  -0.0013780576  -0.0053935833
       -0.0046935606  -0.0432707671  -0.0014474192   0.0223661411   0.0013407696
        0.0047179939   0.0060667430  -0.0048031336   0.0006770929  -0.0000191132
        0.0000044416   0.0000373887   0.0000007896   0.0000035285   0.0000016091
        0.0000268259   0.0000101480  -0.0000353638   0.0000647736   0.0000253440
        0.0000328246  -0.0000707342   0.0000530355  -0.0000336328  -0.0013998222
       -0.0000690979  -0.0003082518  -0.0008122915   0.0009535133   0.0000098345
        0.0064911671   0.0513744740   0.0026639417   0.0007277861   0.0007344404
        0.0002689540
        0.0004479936   0.0000073132   0.0000309510   0.0004738937   0.0000709237
       -0.0019976981   0.0001410894   0.0000326284  -0.0001317807  -0.0018857071
       -0.0013887781   0.0083941159  -0.0048560960  -0.0005893544  -0.0006458124
       -0.0537334487  -0.0015893650  -0.0445139558  -0.0024345783   0.0000705581
       -0.0009949909  -0.0020259442   0.0004021456   0.0076735075   0.0000051534
        0.0000111306   0.0000256287   0.0000686222   0.0000297284  -0.0001001340
        0.0000116492  -0.0000122142   0.0000044690  -0.0002116754  -0.0000937219
       -0.0000587514  -0.0000806833   0.0000759196  -0.0000255895  -0.0002703571
        0.0000385075   0.0001235726   0.0007126333   0.0002770728  -0.0025765360
        0.0631169042   0.0026639417   0.0365326811   0.0005205512  -0.0000064360
       -0.0017396771
       -0.0000924736  -0.0000141084  -0.0000539918  -0.0008681898  -0.0015476867
       -0.0003662319  -0.0067294557  -0.0011735034  -0.0034731470  -0.0000556138
        0.0005669098  -0.0000112340  -0.0005476246   0.0029787095  -0.0016527513
        0.0056158003   0.0112082646   0.0010501303  -0.0815878777  -0.0899844121
       -0.0135727771  -0.0230503326  -0.0295434022  -0.0051525330   0.0000478717
       -0.0000242954  -0.0000437921  -0.0000408995   0.0000022206   0.0000191302
        0.0000339735   0.0000274899  -0.0000154754  -0.0004045988  -0.0000457705
       -0.0000653087   0.0001647231  -0.0000971835   0.0000577037  -0.0000867394
       -0.0000056881   0.0004795975   0.0002517640   0.0007017637   0.0002033546
        0.0004948407   0.0007277861   0.0005205512   0.1068548321   0.1062229059
        0.0220767748
        0.0000107970  -0.0000162921  -0.0000455160   0.0001541680  -0.0001988841
        0.0000008113  -0.0002361616   0.0004428301  -0.0004444601   0.0006044494
        0.0010486406   0.0001755605   0.0036286810  -0.0043264893   0.0001825939
       -0.0099051372  -0.0273106169  -0.0034292897  -0.0898223225  -0.2439660600
       -0.0280764707  -0.0093487737   0.0000096954  -0.0017406431  -0.0000041956
        0.0000053247   0.0000195199  -0.0000314646   0.0000085674   0.0000019703
        0.0000338619   0.0000117514  -0.0000166780  -0.0000141859  -0.0000027447
        0.0000223168  -0.0000159092   0.0000358850  -0.0000063361   0.0000242323
        0.0000825795   0.0001175859  -0.0006899328  -0.0014236544  -0.0001944742
       -0.0006110124   0.0007344404  -0.0000064360   0.1062229059   0.2748650269
        0.0334399453
       -0.0001478485   0.0000072814  -0.0000031847  -0.0001601245  -0.0004122565
        0.0003099173  -0.0036118444  -0.0006706658   0.0093435392  -0.0000743618
        0.0001619186   0.0001242398  -0.0015951453   0.0000675704   0.0077267689
        0.0001216589   0.0008810998   0.0030573025  -0.0136133997  -0.0280547993
       -0.0401022902  -0.0042083531  -0.0059283350  -0.0058885930  -0.0000131836
        0.0000045002   0.0000124752  -0.0000350955   0.0000170688   0.0000401546
        0.0000042483   0.0000016318  -0.0000019803   0.0000714090   0.0000016282
       -0.0000060687   0.0000960783  -0.0000247701  -0.0000214529   0.0004891733
        0.0001241904  -0.0022975557   0.0001389763   0.0001150378  -0.0005120456
        0.0004610374   0.0002689540  -0.0017396771   0.0220767748   0.0334399453
        0.0299584508
