$hessian                                                                        
        0.5115223765   0.0171571278  -0.0298902389  -0.1018250114  -0.0203447735
       -0.0639196176  -0.0100282893   0.0025593388  -0.0165740820  -0.0050292147
       -0.0057026231  -0.0067037882  -0.0019313633  -0.0006259383  -0.0017051897
        0.0003026516  -0.0003922312  -0.0005161754  -0.0001244261  -0.0000532806
       -0.0000001392   0.0000263625  -0.0000266758   0.0000739850   0.0000183590
        0.0000119933   0.0000027041   0.0000138913   0.0000129761   0.0000269303
        0.0000742130  -0.0000155894   0.0000071459  -0.0001023373  -0.0000960688
       -0.0000190040   0.0000510976   0.0000009024   0.0000014480   0.0000092369
        0.0000074781  -0.0000005793  -0.0000047020   0.0000201787  -0.0000027072
       -0.1581530203   0.1090262413  -0.0096934671  -0.0756547016  -0.0801018783
       -0.0016163371  -0.1657296532  -0.0244389868   0.1177645271   0.0066363107
        0.0028143938   0.0127849135  -0.0000040020   0.0000239001  -0.0000317927
       -0.0000107276   0.0000120520  -0.0000049015   0.0000133654   0.0000127678
       -0.0000109964  -0.0000966195   0.0001180629   0.0000172562  -0.0000112719
        0.0000114482   0.0000015519   0.0000204331  -0.0000041691   0.0000057397
        0.0000170424   0.0000133537   0.0000028148
        0.0171571278   0.4991981579  -0.0103154088  -0.0170764061  -0.0471365748
       -0.0039795687  -0.0023957098  -0.0094109807  -0.0117917800  -0.0071167165
        0.0026798866  -0.0026935194  -0.0011515292  -0.0007890014  -0.0022313055
        0.0000032816   0.0004306017  -0.0002761571   0.0000076602   0.0000400744
       -0.0000109488  -0.0000102956  -0.0000359849   0.0000072485   0.0000032642
        0.0000079965  -0.0000015993  -0.0000009868   0.0000199882   0.0000149489
       -0.0001218150  -0.0000387721  -0.0000127226   0.0001172648   0.0000113544
        0.0000385261  -0.0000131060  -0.0000066388  -0.0000018412   0.0000123458
        0.0000106038  -0.0000046321  -0.0000302407  -0.0000192426  -0.0000050197
        0.1102620559  -0.1500486616   0.0133474861  -0.0797756524  -0.2433608782
       -0.0114536885  -0.0247588609  -0.0488984463   0.0242376131   0.0048571323
       -0.0025299975   0.0051408570   0.0000016700  -0.0000701577   0.0000226588
       -0.0000066151  -0.0000108329   0.0000018384   0.0000061652  -0.0000089825
       -0.0000005509   0.0000302727   0.0000009252  -0.0000456886   0.0000145684
       -0.0000248561   0.0000075194  -0.0000068169  -0.0000067145   0.0000022855
       -0.0000080577  -0.0000028662   0.0000034493
       -0.0298902389  -0.0103154088   0.4725136122  -0.0600859195  -0.0062020416
       -0.2071351480  -0.0123458442  -0.0074970757  -0.0024645866  -0.0012344585
        0.0001665692  -0.0003148432   0.0023799233   0.0004877528  -0.0023003753
       -0.0008045816   0.0000106936  -0.0002086041   0.0002380503   0.0000193235
       -0.0000369909  -0.0000219285  -0.0000444333  -0.0000057816  -0.0000151331
       -0.0000212833  -0.0000176394  -0.0000083195  -0.0000254462   0.0000433990
        0.0000878022   0.0001100428   0.0000312954  -0.0000060430  -0.0000117493
       -0.0001374661   0.0000156144   0.0000063617  -0.0000007069  -0.0000122224
        0.0000262114  -0.0000070079  -0.0000723466   0.0000200336  -0.0000284452
       -0.0088277824   0.0111433693  -0.0401817528  -0.0042734515  -0.0128597931
       -0.0403662308   0.1234110097   0.0263604531  -0.1572942644  -0.0085271923
       -0.0015254186  -0.0223278921  -0.0000377114   0.0000324974   0.0000343987
        0.0000161286   0.0000586525   0.0000096948   0.0000352635   0.0000194762
        0.0000123362  -0.0000794298   0.0000713741   0.0001323576  -0.0000044565
       -0.0000254485   0.0000176870   0.0000267701  -0.0000203753   0.0000186758
        0.0000364975   0.0000156624   0.0000142787
       -0.1018250114  -0.0170764061  -0.0600859195   0.5858767599   0.2630827942
        0.0054089087  -0.2496441527  -0.1232866089  -0.0565446391  -0.0272953531
       -0.0214757802  -0.0304724728  -0.0449327264  -0.0316325075   0.0254323870
        0.0011895160  -0.0008644232   0.0035112498  -0.0015487034  -0.0001449559
       -0.0002386321   0.0002220777   0.0001095564  -0.0002029466   0.0001248307
        0.0000357723   0.0000704511   0.0002284715   0.0002146517  -0.0002498794
       -0.0000710451  -0.0005267718   0.0000302249  -0.0001645290  -0.0003143861
        0.0001817554   0.0000772256  -0.0002043321   0.0000410262   0.0002108624
       -0.0000412853   0.0000715923   0.0002200306  -0.0000068664   0.0000770694
       -0.0170470759   0.0010635303  -0.0313305685  -0.0103085864  -0.0078659352
       -0.0211671115   0.0095881675   0.0009614059   0.0172482155  -0.1439154557
       -0.0616799461   0.1483177810   0.0000020204  -0.0001550834   0.0001127025
       -0.0001441911  -0.0002763245  -0.0000074677  -0.0001749086  -0.0000922022
        0.0000335847  -0.0003010526  -0.0000645038  -0.0000723587  -0.0000399950
        0.0001816387  -0.0000614367  -0.0001439876   0.0001044943  -0.0000519855
       -0.0001831882  -0.0000455249  -0.0000515305
       -0.0203447735  -0.0471365748  -0.0062020416   0.2630827942   0.1839725224
       -0.0388657940  -0.1133443037  -0.0984903772  -0.0275514983  -0.0189136377
        0.0037029305  -0.0171653687  -0.0331514316  -0.0134034651   0.0189550386
        0.0009185992   0.0013940123   0.0021920355  -0.0005316694  -0.0001788049
       -0.0000502802   0.0002653576   0.0003367519  -0.0001171412  -0.0000292640
        0.0000884279   0.0000309716   0.0000068489   0.0002309747  -0.0002250514
       -0.0001737368  -0.0008587297   0.0001489627  -0.0011118870  -0.0007352302
       -0.0001221113   0.0002838179  -0.0000051715   0.0000365148   0.0001639577
       -0.0000740867   0.0000693561   0.0001791066   0.0000501653   0.0000511779
        0.0042114232   0.0077975710   0.0131727377  -0.0140035561  -0.0013321755
       -0.0259058757   0.0017792697   0.0005203043   0.0058561952  -0.0686505592
       -0.0366779953   0.0757478107  -0.0000101002   0.0002547264  -0.0000168036
       -0.0000775591  -0.0001253980  -0.0000217516  -0.0001385401   0.0000020007
        0.0000097461  -0.0001871336   0.0002644961   0.0001169869  -0.0001075602
        0.0002687251  -0.0000649067  -0.0000159077   0.0001142226  -0.0000278669
       -0.0000995552   0.0000201774  -0.0000510426
       -0.0639196176  -0.0039795687  -0.2071351480   0.0054089087  -0.0388657940
        0.6738158805  -0.0390694951  -0.0187797419  -0.0898778905  -0.0577835772
       -0.0301719871  -0.0343426584   0.0353747732   0.0207666586  -0.0038481037
        0.0014840982   0.0017252933  -0.0049736819   0.0008163750   0.0004507139
        0.0000484528  -0.0000327082   0.0003097151   0.0004356854   0.0000658649
        0.0000704609   0.0000284072   0.0000345086  -0.0000110983   0.0001895306
        0.0001635087   0.0002242023   0.0000183537   0.0000571634  -0.0000293786
        0.0000321000   0.0000176632  -0.0000578978   0.0000024509   0.0000510070
       -0.0000118607   0.0000090771   0.0000561707  -0.0000007398   0.0000312534
       -0.0174021847   0.0064078431  -0.0170223221  -0.0076438615  -0.0081706468
       -0.0119967086  -0.0073550031  -0.0013421621  -0.0331879870   0.1495349487
        0.0716159701  -0.2718667652   0.0001019814  -0.0001207992  -0.0001800338
        0.0000687989   0.0000075929  -0.0000128028   0.0000078843  -0.0000331923
       -0.0001014240   0.0000004358  -0.0000059281  -0.0000451225  -0.0000020496
        0.0000080406  -0.0000113086  -0.0000223505   0.0000050262  -0.0000151143
       -0.0000132432  -0.0000107216   0.0000058797
       -0.0100282893  -0.0023957098  -0.0123458442  -0.2496441527  -0.1133443037
       -0.0390694951   0.5373284129   0.1955256770   0.2026125293  -0.1564136207
       -0.0343446161  -0.2119583753  -0.0773021718  -0.0180335670   0.0262190955
       -0.0323852742  -0.0198942370   0.0233271331   0.0005988714   0.0009044926
        0.0007337727  -0.0011324736  -0.0016142487  -0.0015830657   0.0000800881
       -0.0003130786  -0.0000093438  -0.0007567455  -0.0006675920  -0.0008625816
       -0.0003115132  -0.0006684210   0.0003739350   0.0003101855   0.0005311939
       -0.0001687821  -0.0000518947   0.0007017377  -0.0000565332  -0.0003300273
        0.0001326050  -0.0000669785  -0.0004422868  -0.0001359319  -0.0000853932
        0.0017112881  -0.0016505572   0.0013192594   0.0015075472   0.0022538232
        0.0030001973   0.0020437851   0.0011126831   0.0018558340  -0.0162219885
       -0.0111636299   0.0052252312  -0.0002508308   0.0005873917   0.0006402116
        0.0001549790   0.0006002497  -0.0000723177   0.0004113529   0.0003472790
        0.0003854954  -0.0000380963   0.0022343667   0.0003403157   0.0002447594
       -0.0005527387   0.0001558933   0.0004067221  -0.0002423789   0.0001166016
        0.0005113737   0.0000895111  -0.0000267949
        0.0025593388  -0.0094109807  -0.0074970757  -0.1232866089  -0.0984903772
       -0.0187797419   0.1955256770   0.2695675687   0.0614345667  -0.0353018889
       -0.0796901328  -0.0794256297  -0.0158301720  -0.0559447789   0.0282965092
       -0.0228975189  -0.0150652844   0.0101404428  -0.0015897012   0.0007655843
       -0.0004384247  -0.0009027536  -0.0020383242  -0.0012157632   0.0004811943
        0.0001221639  -0.0000312041  -0.0002680597  -0.0005719103  -0.0001411938
        0.0017014121   0.0006562868   0.0006954931   0.0027700759   0.0020518449
        0.0005914779  -0.0000821958  -0.0002211814  -0.0000028044  -0.0003427619
        0.0000825768  -0.0000451692  -0.0005179623  -0.0001540379  -0.0001666127
        0.0050984642  -0.0009559437   0.0055744911  -0.0018657349  -0.0009544445
       -0.0021140204  -0.0000051875   0.0015472057   0.0005321060  -0.0061563523
       -0.0087022645   0.0023003100   0.0001302644  -0.0007958364   0.0003497885
        0.0000088749   0.0001747609   0.0000815150   0.0002837539   0.0000142738
        0.0002429886   0.0001521584  -0.0012199705  -0.0004979674   0.0001547734
       -0.0005097045  -0.0000083873   0.0000028868  -0.0002355126   0.0000512541
        0.0001780238  -0.0000215813   0.0000730515
       -0.0165740820  -0.0117917800  -0.0024645866  -0.0565446391  -0.0275514983
       -0.0898778905   0.2026125293   0.0614345667   0.8464998880  -0.2060377044
       -0.0762297619  -0.5855321425   0.0315732652   0.0335966225  -0.1774327789
        0.0316303227   0.0137770059   0.0123658861  -0.0046540201  -0.0044257920
       -0.0013026751   0.0015278827   0.0004600905  -0.0001953695  -0.0004453313
       -0.0000196138  -0.0002538953   0.0000137618   0.0008854736  -0.0001643218
       -0.0033562466  -0.0011985141  -0.0005799100  -0.0009714483  -0.0005160679
       -0.0016987432  -0.0003324402  -0.0000284886  -0.0000060290   0.0001351945
        0.0000071565   0.0000664450   0.0003722368  -0.0000503199  -0.0000466010
       -0.0012267032  -0.0005128238  -0.0015588866  -0.0024991923  -0.0002891040
       -0.0040323122  -0.0003080496  -0.0006102137  -0.0022943672   0.0252184578
        0.0134166207   0.0054810164   0.0001649170   0.0006717746   0.0008658595
       -0.0004563740  -0.0005494602   0.0002094017  -0.0004125509  -0.0000636898
        0.0001822451   0.0011726823  -0.0009724818   0.0016336413  -0.0001146368
        0.0004142366   0.0001168430  -0.0001482266   0.0001841929   0.0000405231
       -0.0003396050  -0.0000381306  -0.0000212394
       -0.0050292147  -0.0071167165  -0.0012344585  -0.0272953531  -0.0189136377
       -0.0577835772  -0.1564136207  -0.0353018889  -0.2060377044   0.1747769484
        0.0620239595   0.2507265448   0.0146238242  -0.0045555657   0.0158408600
       -0.0015296417   0.0007543965   0.0008697377   0.0004296539   0.0011996059
        0.0001380329  -0.0002210025   0.0001420471   0.0000811933   0.0002063279
        0.0001139971   0.0000896287   0.0004413726   0.0001534450  -0.0000487143
        0.0002474264   0.0000677703   0.0005135849  -0.0002845285   0.0002589544
        0.0010346751   0.0001284869  -0.0004341525   0.0000927310   0.0000219782
       -0.0001670644  -0.0000046231   0.0000491064   0.0001157190   0.0000478340
       -0.0003013724   0.0000832971  -0.0003692695  -0.0013795277  -0.0005712975
       -0.0028983891  -0.0002041970  -0.0001041604   0.0004279666   0.0026086466
        0.0029364926  -0.0008393825   0.0000706851  -0.0002243060  -0.0001995211
        0.0000198857  -0.0001372353  -0.0000234825  -0.0000905023  -0.0001214155
       -0.0000834268  -0.0005410541  -0.0003209690  -0.0001393695  -0.0000460495
        0.0000991153  -0.0001031149  -0.0001461137   0.0000554331  -0.0000794192
       -0.0001421646  -0.0000358236  -0.0000183365
       -0.0057026231   0.0026798866   0.0001665692  -0.0214757802   0.0037029305
       -0.0301719871  -0.0343446161  -0.0796901328  -0.0762297619   0.0620239595
        0.0594014704   0.0894352646  -0.0040830062   0.0158123029   0.0188782167
        0.0020842632  -0.0017787528   0.0002202155   0.0000747773   0.0005315907
        0.0002314684  -0.0001106933   0.0002808821   0.0001736631   0.0000095961
       -0.0001790840   0.0000830101   0.0001657147   0.0000344012   0.0001522769
        0.0003509668  -0.0002220927   0.0001522369  -0.0006546763  -0.0007094725
       -0.0005859783  -0.0000020410   0.0001261136  -0.0000549289  -0.0000598031
        0.0000250145   0.0000379328   0.0001903168   0.0000653707   0.0000342533
       -0.0013224223  -0.0000834365  -0.0019582035   0.0000324705   0.0002553466
       -0.0000782171   0.0001434098  -0.0001585422   0.0004707447   0.0023372596
       -0.0009096757  -0.0004219982  -0.0001278090   0.0003042655  -0.0003089091
       -0.0000379951  -0.0000078064  -0.0000811427  -0.0000633981   0.0000261294
       -0.0000907948   0.0005710703   0.0001970154  -0.0000154150  -0.0000626671
        0.0001841330  -0.0000047396   0.0000475949   0.0000683067  -0.0000041486
        0.0000161310   0.0000438359  -0.0000296276
       -0.0067037882  -0.0026935194  -0.0003148432  -0.0304724728  -0.0171653687
       -0.0343426584  -0.2119583753  -0.0794256297  -0.5855321425   0.2507265448
        0.0894352646   0.7197870981   0.0056092972   0.0120010903  -0.0940084667
       -0.0083923539  -0.0041028838  -0.0015052123   0.0010689313   0.0012802839
        0.0007959231  -0.0005211050  -0.0003882358  -0.0000247183   0.0003018531
        0.0000479292   0.0001483150   0.0000880354  -0.0001428333  -0.0000901570
        0.0008807117   0.0006599963   0.0000909155   0.0005444137   0.0000310753
        0.0006477738   0.0000254424  -0.0000744620   0.0000070081  -0.0000735701
       -0.0000266761   0.0000030319  -0.0001764831   0.0000053505   0.0000422703
       -0.0010713305   0.0003609289  -0.0014162812  -0.0007054611  -0.0006040296
       -0.0018419878   0.0003913008   0.0001539620   0.0018151119  -0.0002071492
        0.0011884252  -0.0026807746   0.0000597630  -0.0003263558  -0.0002884939
        0.0001432813   0.0001373541  -0.0001302239   0.0001414474   0.0000008702
       -0.0000596552   0.0000845725  -0.0001287328  -0.0009313011   0.0000526020
       -0.0001396908  -0.0000862667   0.0000554215  -0.0000735212  -0.0000399869
        0.0001084710  -0.0000105913  -0.0000442778
       -0.0019313633  -0.0011515292   0.0023799233  -0.0449327264  -0.0331514316
        0.0353747732  -0.0773021718  -0.0158301720   0.0315732652   0.0146238242
       -0.0040830062   0.0056092972   0.3671107838   0.1501294068  -0.0268620650
       -0.1826081411  -0.0582653271  -0.0366869107  -0.0188830802  -0.0210012559
       -0.0014709799   0.0019154853  -0.0006800372   0.0012242818  -0.0001663202
       -0.0002998827   0.0000102438  -0.0035534890   0.0056406018  -0.0010769308
       -0.0480086667  -0.0113288376  -0.0078060874  -0.0002956205  -0.0035814634
       -0.0001258912  -0.0004763448  -0.0007966675   0.0000599608   0.0008491225
       -0.0002938858   0.0001647150  -0.0008919670  -0.0010060531  -0.0000084023
        0.0003007224   0.0004809501  -0.0001472711  -0.0004405125  -0.0003281211
        0.0005109966  -0.0016169039  -0.0011173323  -0.0007905284  -0.0044604906
       -0.0050084757  -0.0023552401   0.0014635448   0.0003852698   0.0003206121
       -0.0007898182  -0.0006899485   0.0000291158   0.0000473617   0.0000404582
       -0.0000588019   0.0008307039   0.0011603079   0.0002375571   0.0000968790
        0.0003275890   0.0000477227  -0.0001907811   0.0002410575  -0.0000237860
       -0.0006900304   0.0002077858  -0.0001295698
       -0.0006259383  -0.0007890014   0.0004877528  -0.0316325075  -0.0134034651
        0.0207666586  -0.0180335670  -0.0559447789   0.0335966225  -0.0045555657
        0.0158123029   0.0120010903   0.1501294068   0.1551010135  -0.0553340970
       -0.0578230116  -0.0766871064  -0.0115247563  -0.0427202569  -0.0278970490
       -0.0015186307   0.0018575764  -0.0046796662   0.0040630968  -0.0010767602
        0.0002477273  -0.0001550507   0.0018523853  -0.0016310044   0.0015334304
        0.0063243854   0.0074701173  -0.0010234536  -0.0001309155  -0.0014834703
       -0.0004287281   0.0001041446   0.0008131158   0.0000550309   0.0003515149
       -0.0002922604  -0.0000057592   0.0010811821   0.0005903504   0.0001569484
       -0.0010353845   0.0002790605   0.0001584318   0.0001616217   0.0002567486
        0.0001017275  -0.0009798836  -0.0015302423  -0.0002154640  -0.0039308473
        0.0009401674  -0.0012199404  -0.0003323070   0.0030433563  -0.0011048202
       -0.0017148510  -0.0010805123  -0.0002814995   0.0000181020   0.0001204480
       -0.0005537413   0.0025374008   0.0003511206   0.0002570676  -0.0000527695
        0.0002798019   0.0001329349   0.0000534542   0.0001643523  -0.0000208392
        0.0001733916  -0.0000511262   0.0000759876
       -0.0017051897  -0.0022313055  -0.0023003753   0.0254323870   0.0189550386
       -0.0038481037   0.0262190955   0.0282965092  -0.1774327789   0.0158408600
        0.0188782167  -0.0940084667  -0.0268620650  -0.0553340970   0.3252310498
       -0.0307858061  -0.0075558002  -0.0648375282   0.0042616536   0.0003132160
        0.0040678429  -0.0013504780   0.0018676176   0.0089664612  -0.0003818852
        0.0000472617  -0.0000835651  -0.0022449731   0.0010672752   0.0053636260
       -0.0084128685  -0.0018404124   0.0011632751   0.0009452639  -0.0004940558
       -0.0010830939   0.0000899087   0.0001100218  -0.0003016594   0.0000527408
       -0.0000238994  -0.0003064959  -0.0004873163  -0.0002052139  -0.0003369340
        0.0010789511  -0.0004718549   0.0012103236  -0.0001959107  -0.0000293901
        0.0008438649  -0.0011268168  -0.0001092170   0.0014144321  -0.0014169292
       -0.0014055211   0.0021947840   0.0005389246  -0.0008692196  -0.0040437379
        0.0003786102   0.0004169228  -0.0001732937   0.0006403714  -0.0001686579
       -0.0020227213  -0.0007321965   0.0009668406  -0.0003131643   0.0000606870
       -0.0002423279   0.0001930444   0.0001037984  -0.0000940804   0.0000482240
        0.0000591827   0.0001561328   0.0003949905
        0.0003026516   0.0000032816  -0.0008045816   0.0011895160   0.0009185992
        0.0014840982  -0.0323852742  -0.0228975189   0.0316303227  -0.0015296417
        0.0020842632  -0.0083923539  -0.1826081411  -0.0578230116  -0.0307858061
        0.5409529497   0.0074891434   0.0538614548  -0.0848079192  -0.0437890215
        0.0004000419   0.0115517382  -0.0286750134   0.0057414916  -0.0074470089
        0.0186396956  -0.0031698803  -0.0423969357  -0.0132373280  -0.0045526924
       -0.1930115888   0.0948195814  -0.0340621873  -0.0041943694   0.0294640084
       -0.0043910938   0.0137597924  -0.0031506399   0.0015864325  -0.0068811736
       -0.0068656650  -0.0002770454  -0.0071392270   0.0032289847  -0.0027260505
        0.0001488318  -0.0002723178   0.0003565244   0.0004053977   0.0005503242
       -0.0000610916  -0.0009219243  -0.0008607484  -0.0008659916   0.0000968409
       -0.0011308652   0.0000033140  -0.0005815685   0.0262410928  -0.0044271086
       -0.0038430402  -0.0025655633  -0.0011692209   0.0005313418   0.0005424357
       -0.0001140900  -0.0009980016  -0.0022449245   0.0004373063   0.0003096577
       -0.0007388769   0.0001098874   0.0001058288  -0.0003254534   0.0003066831
       -0.0006087325   0.0005955375  -0.0001183630
       -0.0003922312   0.0004306017   0.0000106936  -0.0008644232   0.0013940123
        0.0017252933  -0.0198942370  -0.0150652844   0.0137770059   0.0007543965
       -0.0017787528  -0.0041028838  -0.0582653271  -0.0766871064  -0.0075558002
        0.0074891434   0.6659596095  -0.0837636004   0.0264432764  -0.3547386945
        0.0477609167  -0.0832857409  -0.0272327247  -0.0096430157   0.0257087230
       -0.0422150232   0.0094813808   0.0106161177   0.0461473802  -0.0052512722
        0.0656551862  -0.1197319393   0.0206310012   0.0355276561  -0.0520961815
        0.0129642925  -0.0218008787  -0.0039763725  -0.0023832335   0.0099000688
        0.0120085040   0.0001298524   0.0026979273  -0.0117024043   0.0028877246
        0.0004217541  -0.0001943665   0.0000036278   0.0001355441   0.0001189206
        0.0002294274  -0.0002907754  -0.0000669905  -0.0005168412  -0.0012677881
        0.0005676995   0.0001511292   0.0017940112  -0.0202298179   0.0029053019
       -0.0018751146   0.0004276805   0.0005296742   0.0005388813  -0.0004340277
        0.0004336914   0.0002534382  -0.0000499259  -0.0002211009   0.0010957052
       -0.0010031159   0.0002453512  -0.0000613821   0.0000293031  -0.0002194432
       -0.0010339313   0.0001190167  -0.0002091728
       -0.0005161754  -0.0002761571  -0.0002086041   0.0035112498   0.0021920355
       -0.0049736819   0.0233271331   0.0101404428   0.0123658861   0.0008697377
        0.0002202155  -0.0015052123  -0.0366869107  -0.0115247563  -0.0648375282
        0.0538614548  -0.0837636004   0.1627907181  -0.0082293919   0.0407736376
       -0.0514140173   0.0126071423  -0.0009373496  -0.0007656754  -0.0039210305
        0.0077661350  -0.0052809067  -0.0080845787  -0.0085875964  -0.0011005977
       -0.0292067991   0.0229870344  -0.0597532768  -0.0053853604   0.0121394085
       -0.0021332924   0.0042548376   0.0006977576   0.0067253026  -0.0025093230
       -0.0027180256  -0.0001719002  -0.0025853233   0.0029838548   0.0056092285
       -0.0000442509  -0.0000272499  -0.0000918889  -0.0000991719  -0.0000151313
        0.0000390102  -0.0003138625  -0.0001633275   0.0000337061   0.0009877811
        0.0010086123   0.0001326663  -0.0008074551   0.0070914692   0.0009698298
       -0.0012564371   0.0005586919   0.0060764062  -0.0001259539   0.0002762446
        0.0007737732   0.0000837930  -0.0006336402  -0.0017790293  -0.0001308158
        0.0000371949   0.0002151921   0.0002810345  -0.0002624910  -0.0014284354
        0.0001186763   0.0000365906  -0.0002876724
       -0.0001244261   0.0000076602   0.0002380503  -0.0015487034  -0.0005316694
        0.0008163750   0.0005988714  -0.0015897012  -0.0046540201   0.0004296539
        0.0000747773   0.0010689313  -0.0188830802  -0.0427202569   0.0042616536
       -0.0848079192   0.0264432764  -0.0082293919   0.6374812479  -0.0030925150
        0.0799576500  -0.2530135121  -0.1200854701  -0.0151678486  -0.0662182152
        0.0321672362  -0.0151934801  -0.0020555372  -0.0284710603   0.0046237526
        0.0217055978   0.0084765126   0.0019835373  -0.0081079877   0.0138694433
       -0.0041012039   0.0107621226   0.0001885928   0.0017384683  -0.0057425112
       -0.0091432423   0.0001551770  -0.0065005540   0.0102395063  -0.0024952041
       -0.0000411930   0.0000155051  -0.0000164260  -0.0000456914  -0.0000291143
        0.0000456633   0.0001395011   0.0000584215   0.0002306235  -0.0004436114
        0.0000488049  -0.0000359187  -0.2164311004   0.1150029506  -0.0429617529
       -0.0034994349  -0.0034572967  -0.0001277569  -0.0033715101   0.0025431337
       -0.0023378532  -0.0002810584  -0.0001857979   0.0000317579  -0.0002446790
        0.0002865123   0.0000877527   0.0000064335  -0.0001301977   0.0000232096
        0.0002372969   0.0000139888   0.0000582539
       -0.0000532806   0.0000400744   0.0000193235  -0.0001449559  -0.0001788049
        0.0004507139   0.0009044926   0.0007655843  -0.0044257920   0.0011996059
        0.0005315907   0.0012802839  -0.0210012559  -0.0278970490   0.0003132160
       -0.0437890215  -0.3547386945   0.0407736376  -0.0030925150   0.6744190793
       -0.0797621652  -0.0440043987  -0.1316529703   0.0048466695  -0.0202283136
        0.0513970612  -0.0101479761  -0.0093489136  -0.0358268645   0.0031313172
        0.0511304099  -0.0564207392   0.0152630073  -0.0040222965   0.0188857991
       -0.0025362626   0.0166628102  -0.0019360569   0.0030337724  -0.0089092889
       -0.0118266271   0.0000681057  -0.0072590741   0.0115833291  -0.0028464913
        0.0000985641  -0.0000045685   0.0000080388  -0.0000374929  -0.0000822636
        0.0000875334  -0.0000538466   0.0001236091   0.0001942286  -0.0001522056
        0.0000860046  -0.0000256305   0.1156950970  -0.1206271292   0.0301993390
       -0.0266254096  -0.0164013271  -0.0017217529   0.0030213345  -0.0006332386
        0.0018560729  -0.0000963880   0.0003212918  -0.0000054538   0.0002621240
       -0.0000741047  -0.0000188129  -0.0000752878   0.0000383372  -0.0000024604
       -0.0000804933   0.0001086773  -0.0000324620
       -0.0000001392  -0.0000109488  -0.0000369909  -0.0002386321  -0.0000502802
        0.0000484528   0.0007337727  -0.0004384247  -0.0013026751   0.0001380329
        0.0002314684   0.0007959231  -0.0014709799  -0.0015186307   0.0040678429
        0.0004000419   0.0477609167  -0.0514140173   0.0799576500  -0.0797621652
        0.1324332935  -0.0253466430  -0.0070044902  -0.0493019501  -0.0076146547
       -0.0019386587   0.0002879532   0.0018080928  -0.0000145120  -0.0045880153
       -0.0036332882   0.0091610668  -0.0010266444  -0.0014951092   0.0002684421
        0.0052366104  -0.0006598619   0.0002490657   0.0000228660   0.0002102115
        0.0002893335   0.0004975429  -0.0000109695  -0.0000546321  -0.0000952482
       -0.0000084106  -0.0000031390   0.0000039392   0.0000084507   0.0000111608
        0.0000131664   0.0000377147   0.0000189881  -0.0000237755   0.0000092456
       -0.0000093682   0.0000004563  -0.0433245130   0.0294761780  -0.0440328221
        0.0029063369   0.0018397217   0.0012052571  -0.0025158766   0.0017534311
        0.0082802467  -0.0000163126  -0.0001424135  -0.0001772184   0.0000758263
       -0.0000606955  -0.0008594357   0.0000081085  -0.0000238378   0.0000435159
        0.0000419059  -0.0000275764  -0.0000782739
        0.0000263625  -0.0000102956  -0.0000219285   0.0002220777   0.0002653576
       -0.0000327082  -0.0011324736  -0.0009027536   0.0015278827  -0.0002210025
       -0.0001106933  -0.0005211050   0.0019154853   0.0018575764  -0.0013504780
        0.0115517382  -0.0832857409   0.0126071423  -0.2530135121  -0.0440043987
       -0.0253466430   0.6385817354  -0.0226383417   0.0874547716  -0.2813539051
        0.0909914344  -0.0527862125   0.0046514415   0.0706637595  -0.0096288153
       -0.0400057929   0.0203585278  -0.0082931384   0.0060537862  -0.0167839076
        0.0033910575  -0.0178854111   0.0002833359  -0.0030900575   0.0108771572
        0.0171287498  -0.0004317377   0.0139530183  -0.0212291301   0.0043932206
       -0.0000169198  -0.0000090385   0.0000195101   0.0000255331   0.0000009010
       -0.0000024660   0.0000002360  -0.0000255445   0.0000050465   0.0000036787
       -0.0000182846   0.0000125137  -0.0236269180  -0.0091183331  -0.0025973338
       -0.0446126065  -0.0165726451   0.0007062509  -0.0261277347   0.0134506156
       -0.0061424559   0.0000653481  -0.0000516130   0.0000194061  -0.0000793484
        0.0000065468  -0.0000856556   0.0001063845   0.0000402097   0.0001269693
        0.0000416421  -0.0002862941   0.0000669642
       -0.0000266758  -0.0000359849  -0.0000444333   0.0001095564   0.0003367519
        0.0003097151  -0.0016142487  -0.0020383242   0.0004600905   0.0001420471
        0.0002808821  -0.0003882358  -0.0006800372  -0.0046796662   0.0018676176
       -0.0286750134  -0.0272327247  -0.0009373496  -0.1200854701  -0.1316529703
       -0.0070044902  -0.0226383417   0.6670743848  -0.0828977070   0.1613471033
       -0.1777121734   0.0456616486   0.0251480872  -0.0387797236   0.0097455373
        0.0025245660   0.0042357189  -0.0006582809   0.0004865811  -0.0014697001
        0.0003000998   0.0003429445   0.0006855377   0.0000170355   0.0001017447
       -0.0020980081   0.0003569512  -0.0027867533  -0.0033847071   0.0007706145
        0.0000237132  -0.0000360547   0.0000276848   0.0000191269   0.0000477498
        0.0000180124   0.0000232675  -0.0000123636   0.0000390057  -0.0001100676
        0.0000017991   0.0000360564   0.0137049151   0.0066059497   0.0011128034
       -0.0166777704  -0.2965165061   0.0340042267  -0.0103553937   0.0064031220
       -0.0025748874   0.0000500727   0.0002445182  -0.0000449356  -0.0000596125
        0.0001402179  -0.0000328873  -0.0000002306  -0.0003978315  -0.0000706463
       -0.0003141105  -0.0000098937  -0.0000732462
        0.0000739850   0.0000072485  -0.0000057816  -0.0002029466  -0.0001171412
        0.0004356854  -0.0015830657  -0.0012157632  -0.0001953695   0.0000811933
        0.0001736631  -0.0000247183   0.0012242818   0.0040630968   0.0089664612
        0.0057414916  -0.0096430157  -0.0007656754  -0.0151678486   0.0048466695
       -0.0493019501   0.0874547716  -0.0828977070   0.1392303233  -0.0623158483
        0.0344658006  -0.0584196013  -0.0030964765   0.0168582264  -0.0014413094
       -0.0058521260   0.0017993649  -0.0048504731   0.0008978437  -0.0022907515
        0.0002113252  -0.0028185934  -0.0000032073  -0.0000389256   0.0016015167
        0.0029599812   0.0001772943   0.0016568344  -0.0020722330   0.0061007245
       -0.0000036611   0.0000009951   0.0000162789   0.0000186627   0.0000074244
       -0.0000101241  -0.0000041111  -0.0000057733  -0.0000277416  -0.0001091778
       -0.0001148347  -0.0000037066  -0.0056086611  -0.0021289729   0.0001405142
        0.0006506793   0.0341145554  -0.0388498561  -0.0029128457   0.0013889303
       -0.0002983343   0.0000415582  -0.0000689287  -0.0001860616  -0.0000045683
       -0.0000208557   0.0000175133   0.0001623714  -0.0000516559  -0.0008181841
        0.0000747406  -0.0000551157  -0.0000583075
        0.0000183590   0.0000032642  -0.0000151331   0.0001248307  -0.0000292640
        0.0000658649   0.0000800881   0.0004811943  -0.0004453313   0.0002063279
        0.0000095961   0.0003018531  -0.0001663202  -0.0010767602  -0.0003818852
       -0.0074470089   0.0257087230  -0.0039210305  -0.0662182152  -0.0202283136
       -0.0076146547  -0.2813539051   0.1613471033  -0.0623158483   0.6876736534
       -0.0170092188   0.0974446991  -0.0785716110  -0.0489470157   0.0025974529
        0.0105638277  -0.0319307359   0.0057843075  -0.0066136431   0.0021349483
       -0.0023953239   0.0058706419   0.0005055050   0.0009516433  -0.0079835587
       -0.0038717239  -0.0018187692  -0.0058380854   0.0348683613  -0.0058724219
        0.0000598973  -0.0000169712  -0.0000099132  -0.0000273540   0.0000042986
        0.0000117264  -0.0000058637   0.0000464265   0.0000655855  -0.0000127048
        0.0000168198  -0.0000107751  -0.0044201428  -0.0027994561  -0.0011199018
        0.0006387731   0.0010316173  -0.0002437401  -0.2467487916  -0.1023132431
       -0.0213227403  -0.0002733537  -0.0013714282   0.0001268411  -0.0000033712
        0.0000901341   0.0002528795  -0.0001591721   0.0013763963  -0.0002322823
        0.0006067024   0.0019697425   0.0001168976
        0.0000119933   0.0000079965  -0.0000212833   0.0000357723   0.0000884279
        0.0000704609  -0.0003130786   0.0001221639  -0.0000196138   0.0001139971
       -0.0001790840   0.0000479292  -0.0002998827   0.0002477273   0.0000472617
        0.0186396956  -0.0422150232   0.0077661350   0.0321672362   0.0513970612
       -0.0019386587   0.0909914344  -0.1777121734   0.0344658006  -0.0170092188
        0.6125643335  -0.0732652070  -0.0165283876  -0.2711323854   0.0281532479
       -0.0523717161  -0.0110199528  -0.0066120288   0.0022324279  -0.0118660322
        0.0029096856  -0.0169701134  -0.0015253785  -0.0026440249   0.0145286237
        0.0196455604   0.0007372901   0.0260401391  -0.0539059183   0.0119326011
        0.0000013775  -0.0000114915  -0.0000042367  -0.0000092466   0.0000428349
        0.0000002406   0.0000273170  -0.0000286272   0.0000433227  -0.0000018226
       -0.0000286284  -0.0000261116  -0.0031843618  -0.0003159238   0.0003242808
        0.0244920791  -0.0201197563   0.0070090903  -0.1008982237  -0.0942582251
       -0.0080777630   0.0001568358  -0.0004854902   0.0000358959  -0.0000796300
        0.0001661996  -0.0002881492  -0.0001157789  -0.0006195181   0.0000533971
       -0.0016574681   0.0011413034  -0.0006995626
        0.0000027041  -0.0000015993  -0.0000176394   0.0000704511   0.0000309716
        0.0000284072  -0.0000093438  -0.0000312041  -0.0002538953   0.0000896287
        0.0000830101   0.0001483150   0.0000102438  -0.0001550507  -0.0000835651
       -0.0031698803   0.0094813808  -0.0052809067  -0.0151934801  -0.0101479761
        0.0002879532  -0.0527862125   0.0456616486  -0.0584196013   0.0974446991
       -0.0732652070   0.1399351249  -0.0018811788   0.0230412380  -0.0552267541
        0.0086527860  -0.0036169269   0.0029873811  -0.0024180780   0.0028268725
        0.0053513703   0.0033876887   0.0002448382   0.0004038460  -0.0043467999
       -0.0026166296   0.0055417665  -0.0047286511   0.0133732270  -0.0020631820
        0.0000129687  -0.0000026984   0.0000050110   0.0000018470  -0.0000020958
        0.0000061900  -0.0000042648   0.0000109234   0.0000042855  -0.0000033671
        0.0000047784   0.0000062146  -0.0011482403   0.0004381024   0.0057773140
       -0.0034511451   0.0031034509  -0.0004728647  -0.0213497999  -0.0083327315
       -0.0355091179  -0.0000495272  -0.0001657171  -0.0001190810   0.0002648120
       -0.0001965093  -0.0013856778  -0.0000419636   0.0003295229   0.0001389383
        0.0006441035  -0.0000956189  -0.0017898321
        0.0000138913  -0.0000009868  -0.0000083195   0.0002284715   0.0000068489
        0.0000345086  -0.0007567455  -0.0002680597   0.0000137618   0.0004413726
        0.0001657147   0.0000880354  -0.0035534890   0.0018523853  -0.0022449731
       -0.0423969357   0.0106161177  -0.0080845787  -0.0020555372  -0.0093489136
        0.0018080928   0.0046514415   0.0251480872  -0.0030964765  -0.0785716110
       -0.0165283876  -0.0018811788   0.6114326102  -0.0045719284   0.0787886000
       -0.2268774079  -0.0636021622  -0.0186059983   0.0119657166  -0.0541067133
        0.0087971020  -0.0418462509   0.0019283245  -0.0062596095   0.0241190116
        0.0560871947  -0.0036807944  -0.2245344587   0.0653558514  -0.0379541210
        0.0000033648   0.0000179670   0.0000273471   0.0000223246  -0.0000334767
        0.0000289137  -0.0000509324   0.0000228828   0.0000148201   0.0000113169
       -0.0000150008   0.0000136205   0.0004010132  -0.0005336803   0.0001814423
       -0.0033678485   0.0032875058  -0.0026297882  -0.0049515495  -0.0262762560
        0.0026878335   0.0010161519   0.0004236504  -0.0008368415  -0.0005731927
        0.0001271447  -0.0001495709   0.0014033092  -0.0012872575  -0.0011989510
       -0.0261740370   0.0115331479  -0.0058528763
        0.0000129761   0.0000199882  -0.0000254462   0.0002146517   0.0002309747
       -0.0000110983  -0.0006675920  -0.0005719103   0.0008854736   0.0001534450
        0.0000344012  -0.0001428333   0.0056406018  -0.0016310044   0.0010672752
       -0.0132373280   0.0461473802  -0.0085875964  -0.0284710603  -0.0358268645
       -0.0000145120   0.0706637595  -0.0387797236   0.0168582264  -0.0489470157
       -0.2711323854   0.0230412380  -0.0045719284   0.6435809885  -0.0710717052
       -0.0633621894  -0.1372144118   0.0006055924  -0.0320180703  -0.0123835598
       -0.0035093314   0.0201166135   0.0045479430   0.0019495441   0.0101145645
       -0.0580548315   0.0096216556   0.0982533063  -0.1193218618   0.0253523208
        0.0000054003   0.0000026863   0.0000223718   0.0000274316  -0.0000267037
        0.0000113368  -0.0000335071  -0.0000034317  -0.0000385272   0.0000045571
       -0.0000112371   0.0000167757  -0.0005938145  -0.0001721884  -0.0000113049
        0.0023425593  -0.0004878227   0.0017504495  -0.0048229320  -0.0152506787
        0.0014247909  -0.0005333366  -0.0055837859   0.0013382707   0.0002439378
        0.0008704002  -0.0000692001  -0.0005287668  -0.0054344308   0.0020073255
       -0.0100062635   0.0064520698  -0.0024710921
        0.0000269303   0.0000149489   0.0000433990  -0.0002498794  -0.0002250514
        0.0001895306  -0.0008625816  -0.0001411938  -0.0001643218  -0.0000487143
        0.0001522769  -0.0000901570  -0.0010769308   0.0015334304   0.0053636260
       -0.0045526924  -0.0052512722  -0.0011005977   0.0046237526   0.0031313172
       -0.0045880153  -0.0096288153   0.0097455373  -0.0014413094   0.0025974529
        0.0281532479  -0.0552267541   0.0787886000  -0.0710717052   0.1576443737
       -0.0195717651   0.0013081655  -0.0590434380   0.0061631641  -0.0076428345
        0.0033273741  -0.0089446367  -0.0010992983  -0.0073144626   0.0026411415
        0.0176249444  -0.0007910396  -0.0418834579   0.0195988496  -0.0615555626
       -0.0000071188   0.0000068136  -0.0000045532   0.0000025309  -0.0000007549
       -0.0000110927   0.0000003633   0.0000034024  -0.0000062625  -0.0000235730
       -0.0000882920  -0.0000181370   0.0001956651  -0.0000972607  -0.0002388202
       -0.0024294708   0.0019203635   0.0087744502  -0.0002961974  -0.0020443474
        0.0012774952  -0.0007899929   0.0015160090   0.0055466824  -0.0000905818
       -0.0001250497  -0.0002806473  -0.0013616106   0.0018487433   0.0092161260
       -0.0032215818   0.0012290102   0.0004921137
        0.0000742130  -0.0001218150   0.0000878022  -0.0000710451  -0.0001737368
        0.0001635087  -0.0003115132   0.0017014121  -0.0033562466   0.0002474264
        0.0003509668   0.0008807117  -0.0480086667   0.0063243854  -0.0084128685
       -0.1930115888   0.0656551862  -0.0292067991   0.0217055978   0.0511304099
       -0.0036332882  -0.0400057929   0.0025245660  -0.0058521260   0.0105638277
       -0.0523717161   0.0086527860  -0.2268774079  -0.0633621894  -0.0195717651
        0.6054564245   0.0016563323   0.0756918488  -0.0798411920  -0.0153569682
       -0.0027186214   0.0050467787   0.0253408083  -0.0025553889  -0.0024851525
       -0.0105165145   0.0021049295  -0.0439673810   0.0103894845  -0.0086043375
       -0.0000651594   0.0000578187   0.0000471981   0.0000332028  -0.0000351713
        0.0000197674  -0.0000501966  -0.0000205707   0.0002116023   0.0001704087
       -0.0001966009  -0.0000786704   0.0009010380  -0.0015485146  -0.0011017489
       -0.0005377951   0.0000928456  -0.0001206920   0.0006694857   0.0000683021
       -0.0006860550  -0.0034890785  -0.0267991877   0.0024925754  -0.0034224866
        0.0032793448  -0.0026890305   0.0005436316  -0.0004924906   0.0001899645
       -0.0032675788   0.0024236131  -0.0019550564
       -0.0000155894  -0.0000387721   0.0001100428  -0.0005267718  -0.0008587297
        0.0002242023  -0.0006684210   0.0006562868  -0.0011985141   0.0000677703
       -0.0002220927   0.0006599963  -0.0113288376   0.0074701173  -0.0018404124
        0.0948195814  -0.1197319393   0.0229870344   0.0084765126  -0.0564207392
        0.0091610668   0.0203585278   0.0042357189   0.0017993649  -0.0319307359
       -0.0110199528  -0.0036169269  -0.0636021622  -0.1372144118   0.0013081655
        0.0016563323   0.6419734342  -0.0652619270  -0.0476303689  -0.2712144556
        0.0191461801   0.0720361610  -0.0385200624   0.0169613618  -0.0289820338
       -0.0370931454  -0.0008080045  -0.0113515172   0.0457287322  -0.0077156940
       -0.0000012807   0.0000119851  -0.0000090239  -0.0000254163  -0.0000438805
        0.0000067228   0.0000258744   0.0001012369   0.0000683626  -0.0000864922
       -0.0000592514  -0.0000089090  -0.0005638405  -0.0052416217   0.0020241879
        0.0001520881   0.0007821002  -0.0000676756  -0.0007545902  -0.0053401817
        0.0013868823  -0.0054396156  -0.0158181171   0.0015114779   0.0025114568
       -0.0005989149   0.0018719034  -0.0006935445  -0.0002704680  -0.0001158255
        0.0034969129  -0.0012528753   0.0014159611
        0.0000071459  -0.0000127226   0.0000312954   0.0000302249   0.0001489627
        0.0000183537   0.0003739350   0.0006954931  -0.0005799100   0.0005135849
        0.0001522369   0.0000909155  -0.0078060874  -0.0010234536   0.0011632751
       -0.0340621873   0.0206310012  -0.0597532768   0.0019835373   0.0152630073
       -0.0010266444  -0.0082931384  -0.0006582809  -0.0048504731   0.0057843075
       -0.0066120288   0.0029873811  -0.0186059983   0.0006055924  -0.0590434380
        0.0756918488  -0.0652619270   0.1522138228   0.0012406921   0.0244552011
       -0.0539482840  -0.0087228989   0.0093397329  -0.0016043129   0.0041823751
        0.0023228593  -0.0054680766  -0.0061187886  -0.0039337710   0.0008173432
       -0.0000144709   0.0000157746  -0.0000053810   0.0000053259  -0.0000067190
       -0.0000081804   0.0000158916  -0.0000006092   0.0000289135   0.0000597697
       -0.0000466995  -0.0000098338  -0.0011043156   0.0017122757   0.0083030454
       -0.0000630851  -0.0001177136  -0.0002162467  -0.0007153121   0.0015023828
        0.0051558821  -0.0000397965  -0.0023644239   0.0014882357  -0.0025278245
        0.0018749330   0.0089095761   0.0002165446  -0.0000714243  -0.0001630756
       -0.0020312797   0.0013903205   0.0054690935
       -0.0001023373   0.0001172648  -0.0000060430  -0.0001645290  -0.0011118870
        0.0000571634   0.0003101855   0.0027700759  -0.0009714483  -0.0002845285
       -0.0006546763   0.0005444137  -0.0002956205  -0.0001309155   0.0009452639
       -0.0041943694   0.0355276561  -0.0053853604  -0.0081079877  -0.0040222965
       -0.0014951092   0.0060537862   0.0004865811   0.0008978437  -0.0066136431
        0.0022324279  -0.0024180780   0.0119657166  -0.0320180703   0.0061631641
       -0.0798411920  -0.0476303689   0.0012406921   0.6847493046  -0.0138846489
        0.0987541817  -0.2826108409   0.1597481855  -0.0616168560  -0.0655371183
       -0.0211497227  -0.0085838954  -0.0075096044   0.0255112125  -0.0040230267
        0.0001127974  -0.0000885817  -0.0000671980  -0.0001007442  -0.0000470927
        0.0000019101  -0.0000426385   0.0001841345  -0.0000605745  -0.0001620234
        0.0002149372   0.0000025027  -0.0001155109   0.0013656124  -0.0002601574
       -0.0000137050   0.0000447976   0.0002202521  -0.0003831159  -0.0013923652
        0.0001438326  -0.2432389599  -0.1051476606  -0.0225883682   0.0000419922
        0.0014002302  -0.0000318573  -0.0045333950  -0.0027914049  -0.0014666614
        0.0006180813   0.0004665756   0.0000034138
       -0.0000960688   0.0000113544  -0.0000117493  -0.0003143861  -0.0007352302
       -0.0000293786   0.0005311939   0.0020518449  -0.0005160679   0.0002589544
       -0.0007094725   0.0000310753  -0.0035814634  -0.0014834703  -0.0004940558
        0.0294640084  -0.0520961815   0.0121394085   0.0138694433   0.0188857991
        0.0002684421  -0.0167839076  -0.0014697001  -0.0022907515   0.0021349483
       -0.0118660322   0.0028268725  -0.0541067133  -0.0123835598  -0.0076428345
       -0.0153569682  -0.2712144556   0.0244552011  -0.0138846489   0.6144102865
       -0.0653517428   0.0882991289  -0.1746285599   0.0323834466   0.0320449876
        0.0527119270  -0.0014343973   0.0191225183  -0.0420386781   0.0082831034
        0.0000473829  -0.0000351704  -0.0000515223  -0.0000563746   0.0000081130
       -0.0000235594   0.0000059730   0.0000566061  -0.0000582701  -0.0000216025
        0.0000714650  -0.0000130217  -0.0001266176  -0.0005948424   0.0000656780
       -0.0000493747   0.0001890794  -0.0002521272   0.0001939920  -0.0005347718
        0.0000492964  -0.1038089172  -0.0980046907  -0.0095947307   0.0248777620
       -0.0201528639   0.0067549838  -0.0031904460  -0.0002349311   0.0002703167
        0.0005271961  -0.0002138651   0.0002363846
       -0.0000190040   0.0000385261  -0.0001374661   0.0001817554  -0.0001221113
        0.0000321000  -0.0001687821   0.0005914779  -0.0016987432   0.0010346751
       -0.0005859783   0.0006477738  -0.0001258912  -0.0004287281  -0.0010830939
       -0.0043910938   0.0129642925  -0.0021332924  -0.0041012039  -0.0025362626
        0.0052366104   0.0033910575   0.0003000998   0.0002113252  -0.0023953239
        0.0029096856   0.0053513703   0.0087971020  -0.0035093314   0.0033273741
       -0.0027186214   0.0191461801  -0.0539482840   0.0987541817  -0.0653517428
        0.1396608281  -0.0519097270   0.0442022667  -0.0583065413  -0.0155672012
       -0.0104415264  -0.0002041921  -0.0032052915   0.0093240647  -0.0054464932
        0.0000277866  -0.0000125838   0.0000534732   0.0000121146   0.0000089575
        0.0000333108   0.0000495229  -0.0000122586   0.0000515637  -0.0000662218
        0.0000473117   0.0000355503  -0.0000483733   0.0003438736   0.0001933572
        0.0002319149  -0.0002072349  -0.0013030217  -0.0000505283  -0.0001723429
       -0.0001532847  -0.0230425012  -0.0098446242  -0.0358400646  -0.0032929524
        0.0028803677  -0.0002880641  -0.0014411752   0.0003695779   0.0058721381
        0.0000637816   0.0000980435  -0.0001642339
        0.0000510976  -0.0000131060   0.0000156144   0.0000772256   0.0002838179
        0.0000176632  -0.0000518947  -0.0000821958  -0.0003324402   0.0001284869
       -0.0000020410   0.0000254424  -0.0004763448   0.0001041446   0.0000899087
        0.0137597924  -0.0218008787   0.0042548376   0.0107621226   0.0166628102
       -0.0006598619  -0.0178854111   0.0003429445  -0.0028185934   0.0058706419
       -0.0169701134   0.0033876887  -0.0418462509   0.0201166135  -0.0089446367
        0.0050467787   0.0720361610  -0.0087228989  -0.2826108409   0.0882991289
       -0.0519097270   0.6367644385  -0.0216942655   0.0922472193  -0.2485945862
       -0.0426412997  -0.0287270669   0.0133242329  -0.0823785469   0.0129548849
       -0.0000464209   0.0000230792   0.0000184087   0.0000384884  -0.0000055675
        0.0000098713  -0.0000163007  -0.0000355398   0.0000303366   0.0000293791
       -0.0000341879  -0.0000273367   0.0001157741   0.0000279375   0.0001163087
       -0.0000617336   0.0000206796  -0.0000470113   0.0001864474  -0.0000238468
        0.0000602920  -0.0265347961   0.0133110686  -0.0066225064  -0.0446308728
       -0.0160282186  -0.0000008884  -0.0248172559  -0.0092730931  -0.0032042176
        0.0014178028  -0.0002454847  -0.0012112909
        0.0000009024  -0.0000066388   0.0000063617  -0.0002043321  -0.0000051715
       -0.0000578978   0.0007017377  -0.0002211814  -0.0000284886  -0.0004341525
        0.0001261136  -0.0000744620  -0.0007966675   0.0008131158   0.0001100218
       -0.0031506399  -0.0039763725   0.0006977576   0.0001885928  -0.0019360569
        0.0002490657   0.0002833359   0.0006855377  -0.0000032073   0.0005055050
       -0.0015253785   0.0002448382   0.0019283245   0.0045479430  -0.0010992983
        0.0253408083  -0.0385200624   0.0093397329   0.1597481855  -0.1746285599
        0.0442022667  -0.0216942655   0.6665421184  -0.0753552091  -0.1191086019
       -0.1330182731  -0.0095199027  -0.0292738057  -0.0301368456  -0.0007914946
       -0.0000361396   0.0000107035   0.0000062903   0.0000027571  -0.0000110379
       -0.0000126915   0.0000386853  -0.0000203722   0.0000471787   0.0000170824
        0.0000071010  -0.0000197438   0.0000063905  -0.0003929782  -0.0000328946
       -0.0000545974   0.0001441077  -0.0000110579   0.0001365709   0.0002822015
       -0.0000434984  -0.0106595991   0.0065068042  -0.0025723039  -0.0163461516
       -0.2960727529   0.0311738083   0.0139656967   0.0063877305   0.0016931452
       -0.0011056220  -0.0055817954   0.0018516833
        0.0000014480  -0.0000018412  -0.0000007069   0.0000410262   0.0000365148
        0.0000024509  -0.0000565332  -0.0000028044  -0.0000060290   0.0000927310
       -0.0000549289   0.0000070081   0.0000599608   0.0000550309  -0.0003016594
        0.0015864325  -0.0023832335   0.0067253026   0.0017384683   0.0030337724
        0.0000228660  -0.0030900575   0.0000170355  -0.0000389256   0.0009516433
       -0.0026440249   0.0004038460  -0.0062596095   0.0019495441  -0.0073144626
       -0.0025553889   0.0169613618  -0.0016043129  -0.0616168560   0.0323834466
       -0.0583065413   0.0922472193  -0.0753552091   0.1398862270  -0.0186682917
        0.0034614643  -0.0531221754   0.0059081828  -0.0097419461   0.0034277498
       -0.0000034945   0.0000034422   0.0000078347   0.0000107746   0.0000016200
        0.0000005455  -0.0000041434  -0.0000119714  -0.0000022991  -0.0000133168
       -0.0000000950  -0.0000044958   0.0001510831  -0.0000714523  -0.0008195741
       -0.0000090238  -0.0000129507   0.0000308299   0.0000461781  -0.0000758382
       -0.0001953380  -0.0033293421   0.0015876187   0.0002570997   0.0002747072
        0.0311447962  -0.0384770258  -0.0063239533  -0.0022755575   0.0004965478
       -0.0011798445   0.0019962056   0.0089252380
        0.0000092369   0.0000123458  -0.0000122224   0.0002108624   0.0001639577
        0.0000510070  -0.0003300273  -0.0003427619   0.0001351945   0.0000219782
       -0.0000598031  -0.0000735701   0.0008491225   0.0003515149   0.0000527408
       -0.0068811736   0.0099000688  -0.0025093230  -0.0057425112  -0.0089092889
        0.0002102115   0.0108771572   0.0001017447   0.0016015167  -0.0079835587
        0.0145286237  -0.0043467999   0.0241190116   0.0101145645   0.0026411415
       -0.0024851525  -0.0289820338   0.0041823751  -0.0655371183   0.0320449876
       -0.0155672012  -0.2485945862  -0.1191086019  -0.0186682917   0.6187040774
       -0.0090496350   0.0878677322  -0.0941256279   0.0141907892  -0.0103208945
        0.0000163514  -0.0000093701   0.0000105489   0.0000041610   0.0000233539
        0.0000160694   0.0000034808  -0.0000088932   0.0000324016  -0.0000362683
       -0.0000030794   0.0000099957   0.0000336370  -0.0001292776   0.0000530474
       -0.0002203471   0.0002426550   0.0000887699  -0.0002980338  -0.0000250430
       -0.0000121646  -0.0033028232   0.0025123609  -0.0024675266  -0.0029255606
       -0.0029633097  -0.0001849404  -0.2119691494   0.1131181619  -0.0456213008
       -0.0044171384  -0.0277140310   0.0028314832
        0.0000074781   0.0000106038   0.0000262114  -0.0000412853  -0.0000740867
       -0.0000118607   0.0001326050   0.0000825768   0.0000071565  -0.0001670644
        0.0000250145  -0.0000266761  -0.0002938858  -0.0002922604  -0.0000238994
       -0.0068656650   0.0120085040  -0.0027180256  -0.0091432423  -0.0118266271
        0.0002893335   0.0171287498  -0.0020980081   0.0029599812  -0.0038717239
        0.0196455604  -0.0026166296   0.0560871947  -0.0580548315   0.0176249444
       -0.0105165145  -0.0370931454   0.0023228593  -0.0211497227   0.0527119270
       -0.0104415264  -0.0426412997  -0.1330182731   0.0034614643  -0.0090496350
        0.6841117704  -0.0781354088  -0.0563011770  -0.3724285382   0.0350913354
       -0.0000184955   0.0000126609  -0.0000044036  -0.0000019986  -0.0000153647
        0.0000014634   0.0000021060   0.0000114944   0.0000026799  -0.0000214016
        0.0000046237   0.0000079214  -0.0000623347   0.0000330322   0.0000213509
        0.0002600884  -0.0000929223  -0.0000527067  -0.0000805445   0.0003576703
       -0.0000587451   0.0032607236  -0.0006722618   0.0019361599  -0.0262065069
       -0.0165480758  -0.0021277622   0.1133365047  -0.1202031741   0.0309243508
       -0.0037829529  -0.0165978693   0.0015404320
       -0.0000005793  -0.0000046321  -0.0000070079   0.0000715923   0.0000693561
        0.0000090771  -0.0000669785  -0.0000451692   0.0000664450  -0.0000046231
        0.0000379328   0.0000030319   0.0001647150  -0.0000057592  -0.0003064959
       -0.0002770454   0.0001298524  -0.0001719002   0.0001551770   0.0000681057
        0.0004975429  -0.0004317377   0.0003569512   0.0001772943  -0.0018187692
        0.0007372901   0.0055417665  -0.0036807944   0.0096216556  -0.0007910396
        0.0021049295  -0.0008080045  -0.0054680766  -0.0085838954  -0.0014343973
       -0.0002041921  -0.0287270669  -0.0095199027  -0.0531221754   0.0878677322
       -0.0781354088   0.1404477219  -0.0009462860   0.0470443225  -0.0502922441
        0.0000074593  -0.0000049066   0.0000008693   0.0000013113   0.0000076656
        0.0000019483  -0.0000026238  -0.0000016654   0.0000044360   0.0000016002
        0.0000031417  -0.0000012933   0.0000113404  -0.0000246143   0.0000263305
        0.0000717639  -0.0000714027  -0.0008639700  -0.0000165804  -0.0000676297
       -0.0001266103  -0.0026101025   0.0016873242   0.0086851084   0.0026701956
        0.0017843372   0.0014588045  -0.0456101222   0.0308753703  -0.0466113829
       -0.0003506119  -0.0022998129   0.0010460117
       -0.0000047020  -0.0000302407  -0.0000723466   0.0002200306   0.0001791066
        0.0000561707  -0.0004422868  -0.0005179623   0.0003722368   0.0000491064
        0.0001903168  -0.0001764831  -0.0008919670   0.0010811821  -0.0004873163
       -0.0071392270   0.0026979273  -0.0025853233  -0.0065005540  -0.0072590741
       -0.0000109695   0.0139530183  -0.0027867533   0.0016568344  -0.0058380854
        0.0260401391  -0.0047286511  -0.2245344587   0.0982533063  -0.0418834579
       -0.0439673810  -0.0113515172  -0.0061187886  -0.0075096044   0.0191225183
       -0.0032052915   0.0133242329  -0.0292738057   0.0059081828  -0.0941256279
       -0.0563011770  -0.0009462860   0.6101029119   0.0418623803   0.0775495934
        0.0000362263  -0.0000345521   0.0000174368  -0.0000030956   0.0000467419
        0.0000093535   0.0000127606  -0.0000104854   0.0000590923   0.0000189065
       -0.0000236770  -0.0000028413  -0.0000020980  -0.0001444042   0.0002735612
        0.0002065288  -0.0003125007   0.0000641328   0.0009702789  -0.0019545474
        0.0007475399   0.0005171495   0.0005698193   0.0001039470  -0.0044227399
       -0.0033129668  -0.0013779709   0.0000361561   0.0249973436  -0.0034347473
       -0.2440654791  -0.1017271178  -0.0217876082
        0.0000201787  -0.0000192426   0.0000200336  -0.0000068664   0.0000501653
       -0.0000007398  -0.0001359319  -0.0001540379  -0.0000503199   0.0001157190
        0.0000653707   0.0000053505  -0.0010060531   0.0005903504  -0.0002052139
        0.0032289847  -0.0117024043   0.0029838548   0.0102395063   0.0115833291
       -0.0000546321  -0.0212291301  -0.0033847071  -0.0020722330   0.0348683613
       -0.0539059183   0.0133732270   0.0653558514  -0.1193218618   0.0195988496
        0.0103894845   0.0457287322  -0.0039337710   0.0255112125  -0.0420386781
        0.0093240647  -0.0823785469  -0.0301368456  -0.0097419461   0.0141907892
       -0.3724285382   0.0470443225   0.0418623803   0.6914594592  -0.0709629790
       -0.0000010717   0.0000055892  -0.0000026162   0.0000146790   0.0000178904
       -0.0000067862  -0.0000050043  -0.0000209746  -0.0000163163   0.0000265681
       -0.0000249103  -0.0000006688   0.0000084652   0.0000886458  -0.0002347295
        0.0011048085  -0.0009668782   0.0003427314   0.0016511117   0.0006908516
       -0.0000862776   0.0005576734  -0.0001646857   0.0000561487  -0.0028301755
       -0.0003794155   0.0002780647   0.0013970823  -0.0199261792   0.0029878663
       -0.1029500764  -0.0957051064  -0.0086452846
       -0.0000027072  -0.0000050197  -0.0000284452   0.0000770694   0.0000511779
        0.0000312534  -0.0000853932  -0.0001666127  -0.0000466010   0.0000478340
        0.0000342533   0.0000422703  -0.0000084023   0.0001569484  -0.0003369340
       -0.0027260505   0.0028877246   0.0056092285  -0.0024952041  -0.0028464913
       -0.0000952482   0.0043932206   0.0007706145   0.0061007245  -0.0058724219
        0.0119326011  -0.0020631820  -0.0379541210   0.0253523208  -0.0615555626
       -0.0086043375  -0.0077156940   0.0008173432  -0.0040230267   0.0082831034
       -0.0054464932   0.0129548849  -0.0007914946   0.0034277498  -0.0103208945
        0.0350913354  -0.0502922441   0.0775495934  -0.0709629790   0.1370810033
        0.0000102829  -0.0000083349   0.0000081883   0.0000007991   0.0000078036
        0.0000057630   0.0000006167  -0.0000006646   0.0000122686  -0.0000088164
        0.0000020460   0.0000034599   0.0001962938  -0.0002305368  -0.0012530924
       -0.0001526312   0.0000995035   0.0001569328   0.0002257012  -0.0006830751
       -0.0016769534   0.0000371811   0.0000996820  -0.0001096257  -0.0014537227
        0.0002704427   0.0058975908  -0.0002863126   0.0070187900  -0.0003345855
       -0.0214994353  -0.0086474443  -0.0359548091
       -0.1581530203   0.1102620559  -0.0088277824  -0.0170470759   0.0042114232
       -0.0174021847   0.0017112881   0.0050984642  -0.0012267032  -0.0003013724
       -0.0013224223  -0.0010713305   0.0003007224  -0.0010353845   0.0010789511
        0.0001488318   0.0004217541  -0.0000442509  -0.0000411930   0.0000985641
       -0.0000084106  -0.0000169198   0.0000237132  -0.0000036611   0.0000598973
        0.0000013775   0.0000129687   0.0000033648   0.0000054003  -0.0000071188
       -0.0000651594  -0.0000012807  -0.0000144709   0.0001127974   0.0000473829
        0.0000277866  -0.0000464209  -0.0000361396  -0.0000034945   0.0000163514
       -0.0000184955   0.0000074593   0.0000362263  -0.0000010717   0.0000102829
        0.1870880883  -0.1295015436   0.0236864296   0.0071323232  -0.0059497225
        0.0012749306  -0.0205268107   0.0180443553   0.0020750466  -0.0003853795
       -0.0001010303   0.0004339100  -0.0000091161  -0.0001074203  -0.0000014437
        0.0000039179  -0.0000241284   0.0000020867  -0.0000088811  -0.0000176154
        0.0000004504   0.0000139912  -0.0000890323   0.0000071640   0.0000101140
       -0.0000040203  -0.0000000944  -0.0000169697   0.0000071629  -0.0000051011
       -0.0000195955  -0.0000123461  -0.0000014198
        0.1090262413  -0.1500486616   0.0111433693   0.0010635303   0.0077975710
        0.0064078431  -0.0016505572  -0.0009559437  -0.0005128238   0.0000832971
       -0.0000834365   0.0003609289   0.0004809501   0.0002790605  -0.0004718549
       -0.0002723178  -0.0001943665  -0.0000272499   0.0000155051  -0.0000045685
       -0.0000031390  -0.0000090385  -0.0000360547   0.0000009951  -0.0000169712
       -0.0000114915  -0.0000026984   0.0000179670   0.0000026863   0.0000068136
        0.0000578187   0.0000119851   0.0000157746  -0.0000885817  -0.0000351704
       -0.0000125838   0.0000230792   0.0000107035   0.0000034422  -0.0000093701
        0.0000126609  -0.0000049066  -0.0000345521   0.0000055892  -0.0000083349
       -0.1295015436   0.1684670290  -0.0168275683   0.0217734731  -0.0276424612
        0.0005644940  -0.0011593281   0.0023131139  -0.0006332017   0.0001759099
        0.0000614797   0.0000025844  -0.0000225257   0.0000246213  -0.0000038528
        0.0000018548   0.0000182754  -0.0000010393   0.0000152236   0.0000075595
        0.0000010175   0.0000075624   0.0000027280  -0.0000020862  -0.0000103107
       -0.0000034571  -0.0000017969   0.0000150286  -0.0000086359   0.0000041224
        0.0000176557   0.0000091842   0.0000017514
       -0.0096934671   0.0133474861  -0.0401817528  -0.0313305685   0.0131727377
       -0.0170223221   0.0013192594   0.0055744911  -0.0015588866  -0.0003692695
       -0.0019582035  -0.0014162812  -0.0001472711   0.0001584318   0.0012103236
        0.0003565244   0.0000036278  -0.0000918889  -0.0000164260   0.0000080388
        0.0000039392   0.0000195101   0.0000276848   0.0000162789  -0.0000099132
       -0.0000042367   0.0000050110   0.0000273471   0.0000223718  -0.0000045532
        0.0000471981  -0.0000090239  -0.0000053810  -0.0000671980  -0.0000515223
        0.0000534732   0.0000184087   0.0000062903   0.0000078347   0.0000105489
       -0.0000044036   0.0000008693   0.0000174368  -0.0000026162   0.0000081883
        0.0236864296  -0.0168275683   0.0556478967   0.0010790837   0.0005390216
        0.0017760353   0.0164410799  -0.0148328758   0.0012722914  -0.0013579741
        0.0008393297   0.0003728743   0.0000013094  -0.0000032430   0.0000020904
       -0.0000043811  -0.0000100866  -0.0000025906  -0.0000090852  -0.0000017363
       -0.0000057018  -0.0000036886  -0.0000162421  -0.0000767898  -0.0000068198
        0.0000143429  -0.0000053526  -0.0000009808   0.0000077490  -0.0000034406
       -0.0000070930   0.0000001548  -0.0000021653
       -0.0756547016  -0.0797756524  -0.0042734515  -0.0103085864  -0.0140035561
       -0.0076438615   0.0015075472  -0.0018657349  -0.0024991923  -0.0013795277
        0.0000324705  -0.0007054611  -0.0004405125   0.0001616217  -0.0001959107
        0.0004053977   0.0001355441  -0.0000991719  -0.0000456914  -0.0000374929
        0.0000084507   0.0000255331   0.0000191269   0.0000186627  -0.0000273540
       -0.0000092466   0.0000018470   0.0000223246   0.0000274316   0.0000025309
        0.0000332028  -0.0000254163   0.0000053259  -0.0001007442  -0.0000563746
        0.0000121146   0.0000384884   0.0000027571   0.0000107746   0.0000041610
       -0.0000019986   0.0000013113  -0.0000030956   0.0000146790   0.0000007991
        0.0071323232   0.0217734731   0.0010790837   0.0884179858   0.0962303716
        0.0127923986  -0.0097198701  -0.0227680475   0.0010068202   0.0001817111
        0.0001555730   0.0005502699  -0.0000171497   0.0000330815  -0.0000146426
       -0.0000093253  -0.0000050906  -0.0000030161  -0.0000079137   0.0000006346
       -0.0000051390  -0.0000254774  -0.0000720850  -0.0000342193  -0.0000238389
        0.0000239579  -0.0000117608   0.0000004548   0.0000070707  -0.0000030770
       -0.0000053412   0.0000029021  -0.0000014852
       -0.0801018783  -0.2433608782  -0.0128597931  -0.0078659352  -0.0013321755
       -0.0081706468   0.0022538232  -0.0009544445  -0.0002891040  -0.0005712975
        0.0002553466  -0.0006040296  -0.0003281211   0.0002567486  -0.0000293901
        0.0005503242   0.0001189206  -0.0000151313  -0.0000291143  -0.0000822636
        0.0000111608   0.0000009010   0.0000477498   0.0000074244   0.0000042986
        0.0000428349  -0.0000020958  -0.0000334767  -0.0000267037  -0.0000007549
       -0.0000351713  -0.0000438805  -0.0000067190  -0.0000470927   0.0000081130
        0.0000089575  -0.0000055675  -0.0000110379   0.0000016200   0.0000233539
       -0.0000153647   0.0000076656   0.0000467419   0.0000178904   0.0000078036
       -0.0059497225  -0.0276424612   0.0005390216   0.0962303716   0.2785768712
        0.0199762045  -0.0037668762  -0.0064971208   0.0012123687  -0.0002828220
        0.0005652714   0.0002662134   0.0000155213   0.0000699739  -0.0000127052
       -0.0000026898  -0.0000141296   0.0000005497  -0.0000238611  -0.0000044064
       -0.0000052445  -0.0000499748  -0.0000154675  -0.0000279974  -0.0000063730
        0.0000306446  -0.0000074587  -0.0000094023   0.0000156271  -0.0000059782
       -0.0000159594  -0.0000056580  -0.0000019411
       -0.0016163371  -0.0114536885  -0.0403662308  -0.0211671115  -0.0259058757
       -0.0119967086   0.0030001973  -0.0021140204  -0.0040323122  -0.0028983891
       -0.0000782171  -0.0018419878   0.0005109966   0.0001017275   0.0008438649
       -0.0000610916   0.0002294274   0.0000390102   0.0000456633   0.0000875334
        0.0000131664  -0.0000024660   0.0000180124  -0.0000101241   0.0000117264
        0.0000002406   0.0000061900   0.0000289137   0.0000113368  -0.0000110927
        0.0000197674   0.0000067228  -0.0000081804   0.0000019101  -0.0000235594
        0.0000333108   0.0000098713  -0.0000126915   0.0000005455   0.0000160694
        0.0000014634   0.0000019483   0.0000093535  -0.0000067862   0.0000057630
        0.0012749306   0.0005644940   0.0017760353   0.0127923986   0.0199762045
        0.0536261016   0.0085973829   0.0201495073   0.0011577296  -0.0005708760
       -0.0014752763   0.0007962501   0.0000029754  -0.0000450178  -0.0000055017
        0.0000072100  -0.0000044638   0.0000002808  -0.0000007614  -0.0000069927
        0.0000018539  -0.0000020876  -0.0000203941  -0.0000236726  -0.0000009619
        0.0000028779  -0.0000014588  -0.0000047294   0.0000018333  -0.0000027281
       -0.0000045547  -0.0000043980  -0.0000020526
       -0.1657296532  -0.0247588609   0.1234110097   0.0095881675   0.0017792697
       -0.0073550031   0.0020437851  -0.0000051875  -0.0003080496  -0.0002041970
        0.0001434098   0.0003913008  -0.0016169039  -0.0009798836  -0.0011268168
       -0.0009219243  -0.0002907754  -0.0003138625   0.0001395011  -0.0000538466
        0.0000377147   0.0000002360   0.0000232675  -0.0000041111  -0.0000058637
        0.0000273170  -0.0000042648  -0.0000509324  -0.0000335071   0.0000003633
       -0.0000501966   0.0000258744   0.0000158916  -0.0000426385   0.0000059730
        0.0000495229  -0.0000163007   0.0000386853  -0.0000041434   0.0000034808
        0.0000021060  -0.0000026238   0.0000127606  -0.0000050043   0.0000006167
       -0.0205268107  -0.0011593281   0.0164410799  -0.0097198701  -0.0037668762
        0.0085973829   0.1874905018   0.0290124893  -0.1366843343  -0.0005266606
       -0.0001655329  -0.0030744159   0.0000166281   0.0000438340   0.0000008755
        0.0000237201   0.0000272229  -0.0000001331   0.0000087580   0.0000099736
       -0.0000006377   0.0000330096   0.0000971102  -0.0000799280   0.0000184472
       -0.0000174698   0.0000058969   0.0000196782  -0.0000016852   0.0000030695
        0.0000132777   0.0000014250   0.0000035998
       -0.0244389868  -0.0488984463   0.0263604531   0.0009614059   0.0005203043
       -0.0013421621   0.0011126831   0.0015472057  -0.0006102137  -0.0001041604
       -0.0001585422   0.0001539620  -0.0011173323  -0.0015302423  -0.0001092170
       -0.0008607484  -0.0000669905  -0.0001633275   0.0000584215   0.0001236091
        0.0000189881  -0.0000255445  -0.0000123636  -0.0000057733   0.0000464265
       -0.0000286272   0.0000109234   0.0000228828  -0.0000034317   0.0000034024
       -0.0000205707   0.0001012369  -0.0000006092   0.0001841345   0.0000566061
       -0.0000122586  -0.0000355398  -0.0000203722  -0.0000119714  -0.0000088932
        0.0000114944  -0.0000016654  -0.0000104854  -0.0000209746  -0.0000006646
        0.0180443553   0.0023131139  -0.0148328758  -0.0227680475  -0.0064971208
        0.0201495073   0.0290124893   0.0521462055  -0.0292615974  -0.0001430537
        0.0006212257  -0.0004304189   0.0000193516  -0.0001282158  -0.0000096243
        0.0000205109   0.0000061397   0.0000029973   0.0000175104  -0.0000083702
        0.0000053259   0.0000132600  -0.0000179292   0.0000734690   0.0000172622
       -0.0000350430   0.0000092603  -0.0000042419  -0.0000135282   0.0000019146
        0.0000069107  -0.0000069435   0.0000021761
        0.1177645271   0.0242376131  -0.1572942644   0.0172482155   0.0058561952
       -0.0331879870   0.0018558340   0.0005321060  -0.0022943672   0.0004279666
        0.0004707447   0.0018151119  -0.0007905284  -0.0002154640   0.0014144321
       -0.0008659916  -0.0005168412   0.0000337061   0.0002306235   0.0001942286
       -0.0000237755   0.0000050465   0.0000390057  -0.0000277416   0.0000655855
        0.0000433227   0.0000042855   0.0000148201  -0.0000385272  -0.0000062625
        0.0002116023   0.0000683626   0.0000289135  -0.0000605745  -0.0000582701
        0.0000515637   0.0000303366   0.0000471787  -0.0000022991   0.0000324016
        0.0000026799   0.0000044360   0.0000590923  -0.0000163163   0.0000122686
        0.0020750466  -0.0006332017   0.0012722914   0.0010068202   0.0012123687
        0.0011577296  -0.1366843343  -0.0292615974   0.1919785451  -0.0026544708
       -0.0020908350  -0.0048501364  -0.0000020625  -0.0000523777   0.0000090508
        0.0000389586   0.0000361554   0.0000034678   0.0000227709   0.0000109057
        0.0000050897  -0.0001068911   0.0001543774  -0.0001136706   0.0000172561
       -0.0000198886   0.0000016548   0.0000309023  -0.0000030870   0.0000041508
        0.0000270468   0.0000011618   0.0000038071
        0.0066363107   0.0048571323  -0.0085271923  -0.1439154557  -0.0686505592
        0.1495349487  -0.0162219885  -0.0061563523   0.0252184578   0.0026086466
        0.0023372596  -0.0002071492  -0.0044604906  -0.0039308473  -0.0014169292
        0.0000968409  -0.0012677881   0.0009877811  -0.0004436114  -0.0001522056
        0.0000092456   0.0000036787  -0.0001100676  -0.0001091778  -0.0000127048
       -0.0000018226  -0.0000033671   0.0000113169   0.0000045571  -0.0000235730
        0.0001704087  -0.0000864922   0.0000597697  -0.0001620234  -0.0000216025
       -0.0000662218   0.0000293791   0.0000170824  -0.0000133168  -0.0000362683
       -0.0000214016   0.0000016002   0.0000189065   0.0000265681  -0.0000088164
       -0.0003853795   0.0001759099  -0.0013579741   0.0001817111  -0.0002828220
       -0.0005708760  -0.0005266606  -0.0001430537  -0.0026544708   0.1565229838
        0.0733160131  -0.1609709734  -0.0000360168   0.0001022911  -0.0000042598
       -0.0000392128  -0.0000124869  -0.0000050980  -0.0000165940   0.0000105043
        0.0000169313  -0.0000156496  -0.0000692516   0.0001186535  -0.0000227043
        0.0000360788  -0.0000080271   0.0000158715   0.0000138471   0.0000019552
       -0.0000012944   0.0000095096  -0.0000019202
        0.0028143938  -0.0025299975  -0.0015254186  -0.0616799461  -0.0366779953
        0.0716159701  -0.0111636299  -0.0087022645   0.0134166207   0.0029364926
       -0.0009096757   0.0011884252  -0.0050084757   0.0009401674  -0.0014055211
       -0.0011308652   0.0005676995   0.0010086123   0.0000488049   0.0000860046
       -0.0000093682  -0.0000182846   0.0000017991  -0.0001148347   0.0000168198
       -0.0000286284   0.0000047784  -0.0000150008  -0.0000112371  -0.0000882920
       -0.0001966009  -0.0000592514  -0.0000466995   0.0002149372   0.0000714650
        0.0000473117  -0.0000341879   0.0000071010  -0.0000000950  -0.0000030794
        0.0000046237   0.0000031417  -0.0000236770  -0.0000249103   0.0000020460
       -0.0001010303   0.0000614797   0.0008393297   0.0001555730   0.0005652714
       -0.0014752763  -0.0001655329   0.0006212257  -0.0020908350   0.0733160131
        0.0461750260  -0.0814673029  -0.0000072575  -0.0000523936   0.0000948675
        0.0000114147  -0.0000017514   0.0000041631   0.0000034798  -0.0000049113
        0.0000335954   0.0000134600  -0.0000333843  -0.0000353368   0.0000266858
       -0.0000450338   0.0000071596  -0.0000068147  -0.0000095291   0.0000001065
       -0.0000036917  -0.0000108992  -0.0000071478
        0.0127849135   0.0051408570  -0.0223278921   0.1483177810   0.0757478107
       -0.2718667652   0.0052252312   0.0023003100   0.0054810164  -0.0008393825
       -0.0004219982  -0.0026807746  -0.0023552401  -0.0012199404   0.0021947840
        0.0000033140   0.0001511292   0.0001326663  -0.0000359187  -0.0000256305
        0.0000004563   0.0000125137   0.0000360564  -0.0000037066  -0.0000107751
       -0.0000261116   0.0000062146   0.0000136205   0.0000167757  -0.0000181370
       -0.0000786704  -0.0000089090  -0.0000098338   0.0000025027  -0.0000130217
        0.0000355503  -0.0000273367  -0.0000197438  -0.0000044958   0.0000099957
        0.0000079214  -0.0000012933  -0.0000028413  -0.0000006688   0.0000034599
        0.0004339100   0.0000025844   0.0003728743   0.0005502699   0.0002662134
        0.0007962501  -0.0030744159  -0.0004304189  -0.0048501364  -0.1609709734
       -0.0814673029   0.2927871637   0.0000168543  -0.0000168782  -0.0000020315
       -0.0000028912  -0.0000169875   0.0000016099  -0.0000111723  -0.0000051718
       -0.0000004108   0.0000628856   0.0000005670  -0.0000442831   0.0000036956
        0.0000055899   0.0000017520  -0.0000170166   0.0000018863  -0.0000024116
       -0.0000108536  -0.0000049181  -0.0000016258
       -0.0000040020   0.0000016700  -0.0000377114   0.0000020204  -0.0000101002
        0.0001019814  -0.0002508308   0.0001302644   0.0001649170   0.0000706851
       -0.0001278090   0.0000597630   0.0014635448  -0.0003323070   0.0005389246
       -0.0005815685   0.0017940112  -0.0008074551  -0.2164311004   0.1156950970
       -0.0433245130  -0.0236269180   0.0137049151  -0.0056086611  -0.0044201428
       -0.0031843618  -0.0011482403   0.0004010132  -0.0005938145   0.0001956651
        0.0009010380  -0.0005638405  -0.0011043156  -0.0001155109  -0.0001266176
       -0.0000483733   0.0001157741   0.0000063905   0.0001510831   0.0000336370
       -0.0000623347   0.0000113404  -0.0000020980   0.0000084652   0.0001962938
       -0.0000091161  -0.0000225257   0.0000013094  -0.0000171497   0.0000155213
        0.0000029754   0.0000166281   0.0000193516  -0.0000020625  -0.0000360168
       -0.0000072575   0.0000168543   0.2428354943  -0.1278498633   0.0506931913
        0.0007251804   0.0007497345   0.0003256965  -0.0011595876   0.0007259069
       -0.0003190443   0.0000363915   0.0000220867  -0.0000213984  -0.0000048390
        0.0000298250  -0.0000022058  -0.0000066749   0.0000091422  -0.0000479327
        0.0000641486  -0.0000315499   0.0000119182
        0.0000239001  -0.0000701577   0.0000324974  -0.0001550834   0.0002547264
       -0.0001207992   0.0005873917  -0.0007958364   0.0006717746  -0.0002243060
        0.0003042655  -0.0003263558   0.0003852698   0.0030433563  -0.0008692196
        0.0262410928  -0.0202298179   0.0070914692   0.1150029506  -0.1206271292
        0.0294761780  -0.0091183331   0.0066059497  -0.0021289729  -0.0027994561
       -0.0003159238   0.0004381024  -0.0005336803  -0.0001721884  -0.0000972607
       -0.0015485146  -0.0052416217   0.0017122757   0.0013656124  -0.0005948424
        0.0003438736   0.0000279375  -0.0003929782  -0.0000714523  -0.0001292776
        0.0000330322  -0.0000246143  -0.0001444042   0.0000886458  -0.0002305368
       -0.0001074203   0.0000246213  -0.0000032430   0.0000330815   0.0000699739
       -0.0000450178   0.0000438340  -0.0001282158  -0.0000523777   0.0001022911
       -0.0000523936  -0.0000168782  -0.1278498633   0.1371106529  -0.0352028767
       -0.0008289565   0.0008741492  -0.0005268296  -0.0006093362   0.0002498304
       -0.0001638548   0.0000703746   0.0000879669   0.0000241064   0.0001102746
       -0.0001145891   0.0000342438   0.0000085691  -0.0000117593   0.0000473336
        0.0000460518   0.0000002831   0.0000084346
       -0.0000317927   0.0000226588   0.0000343987   0.0001127025  -0.0000168036
       -0.0001800338   0.0006402116   0.0003497885   0.0008658595  -0.0001995211
       -0.0003089091  -0.0002884939   0.0003206121  -0.0011048202  -0.0040437379
       -0.0044271086   0.0029053019   0.0009698298  -0.0429617529   0.0301993390
       -0.0440328221  -0.0025973338   0.0011128034   0.0001405142  -0.0011199018
        0.0003242808   0.0057773140   0.0001814423  -0.0000113049  -0.0002388202
       -0.0011017489   0.0020241879   0.0083030454  -0.0002601574   0.0000656780
        0.0001933572   0.0001163087  -0.0000328946  -0.0008195741   0.0000530474
        0.0000213509   0.0000263305   0.0002735612  -0.0002347295  -0.0012530924
       -0.0000014437  -0.0000038528   0.0000020904  -0.0000146426  -0.0000127052
       -0.0000055017   0.0000008755  -0.0000096243   0.0000090508  -0.0000042598
        0.0000948675  -0.0000020315   0.0506931913  -0.0352028767   0.0359215648
        0.0005154416  -0.0003286977  -0.0018634867  -0.0000766865   0.0000675904
        0.0000237174  -0.0000394228   0.0000162623   0.0001858177  -0.0000185740
        0.0000232494  -0.0000223064  -0.0000525398   0.0000426106   0.0002799988
       -0.0000005077  -0.0000027509   0.0000170115
       -0.0000107276  -0.0000066151   0.0000161286  -0.0001441911  -0.0000775591
        0.0000687989   0.0001549790   0.0000088749  -0.0004563740   0.0000198857
       -0.0000379951   0.0001432813  -0.0007898182  -0.0017148510   0.0003786102
       -0.0038430402  -0.0018751146  -0.0012564371  -0.0034994349  -0.0266254096
        0.0029063369  -0.0446126065  -0.0166777704   0.0006506793   0.0006387731
        0.0244920791  -0.0034511451  -0.0033678485   0.0023425593  -0.0024294708
       -0.0005377951   0.0001520881  -0.0000630851  -0.0000137050  -0.0000493747
        0.0002319149  -0.0000617336  -0.0000545974  -0.0000090238  -0.0002203471
        0.0002600884   0.0000717639   0.0002065288   0.0011048085  -0.0001526312
        0.0000039179   0.0000018548  -0.0000043811  -0.0000093253  -0.0000026898
        0.0000072100   0.0000237201   0.0000205109   0.0000389586  -0.0000392128
        0.0000114147  -0.0000028912   0.0007251804  -0.0008289565   0.0005154416
        0.0545231118   0.0184545671   0.0023691337   0.0007010864   0.0009225781
        0.0005031437   0.0000211726   0.0000697118  -0.0000099866   0.0000128080
        0.0000001752  -0.0000472545  -0.0000077653   0.0001094098  -0.0000129039
        0.0001263872   0.0000002126  -0.0000058174
        0.0000120520  -0.0000108329   0.0000586525  -0.0002763245  -0.0001253980
        0.0000075929   0.0006002497   0.0001747609  -0.0005494602  -0.0001372353
       -0.0000078064   0.0001373541  -0.0006899485  -0.0010805123   0.0004169228
       -0.0025655633   0.0004276805   0.0005586919  -0.0034572967  -0.0164013271
        0.0018397217  -0.0165726451  -0.2965165061   0.0341145554   0.0010316173
       -0.0201197563   0.0031034509   0.0032875058  -0.0004878227   0.0019203635
        0.0000928456   0.0007821002  -0.0001177136   0.0000447976   0.0001890794
       -0.0002072349   0.0000206796   0.0001441077  -0.0000129507   0.0002426550
       -0.0000929223  -0.0000714027  -0.0003125007  -0.0009668782   0.0000995035
       -0.0000241284   0.0000182754  -0.0000100866  -0.0000050906  -0.0000141296
       -0.0000044638   0.0000272229   0.0000061397   0.0000361554  -0.0000124869
       -0.0000017514  -0.0000169875   0.0007497345   0.0008741492  -0.0003286977
        0.0184545671   0.3324621829  -0.0404135935  -0.0004971565   0.0008829964
       -0.0006451035  -0.0000082671   0.0000184179  -0.0000023916  -0.0000056528
       -0.0000315338   0.0000469693   0.0000277844  -0.0001184256   0.0000229185
       -0.0000274150  -0.0000042875   0.0000172340
       -0.0000049015   0.0000018384   0.0000096948  -0.0000074677  -0.0000217516
       -0.0000128028  -0.0000723177   0.0000815150   0.0002094017  -0.0000234825
       -0.0000811427  -0.0001302239   0.0000291158  -0.0002814995  -0.0001732937
       -0.0011692209   0.0005296742   0.0060764062  -0.0001277569  -0.0017217529
        0.0012052571   0.0007062509   0.0340042267  -0.0388498561  -0.0002437401
        0.0070090903  -0.0004728647  -0.0026297882   0.0017504495   0.0087744502
       -0.0001206920  -0.0000676756  -0.0002162467   0.0002202521  -0.0002521272
       -0.0013030217  -0.0000470113  -0.0000110579   0.0000308299   0.0000887699
       -0.0000527067  -0.0008639700   0.0000641328   0.0003427314   0.0001569328
        0.0000020867  -0.0000010393  -0.0000025906  -0.0000030161   0.0000005497
        0.0000002808  -0.0000001331   0.0000029973   0.0000034678  -0.0000050980
        0.0000041631   0.0000016099   0.0003256965  -0.0005268296  -0.0018634867
        0.0023691337  -0.0404135935   0.0298930685   0.0007029753  -0.0004140717
       -0.0029360242   0.0000024552   0.0000132093   0.0000244474  -0.0000494559
        0.0000447452   0.0002967002  -0.0000040727   0.0000374585  -0.0000127925
       -0.0000027142   0.0000225994   0.0001546264
        0.0000133654   0.0000061652   0.0000352635  -0.0001749086  -0.0001385401
        0.0000078843   0.0004113529   0.0002837539  -0.0004125509  -0.0000905023
       -0.0000633981   0.0001414474   0.0000473617   0.0000181020   0.0006403714
        0.0005313418   0.0005388813  -0.0001259539  -0.0033715101   0.0030213345
       -0.0025158766  -0.0261277347  -0.0103553937  -0.0029128457  -0.2467487916
       -0.1008982237  -0.0213497999  -0.0049515495  -0.0048229320  -0.0002961974
        0.0006694857  -0.0007545902  -0.0007153121  -0.0003831159   0.0001939920
       -0.0000505283   0.0001864474   0.0001365709   0.0000461781  -0.0002980338
       -0.0000805445  -0.0000165804   0.0009702789   0.0016511117   0.0002257012
       -0.0000088811   0.0000152236  -0.0000090852  -0.0000079137  -0.0000238611
       -0.0000007614   0.0000087580   0.0000175104   0.0000227709  -0.0000165940
        0.0000034798  -0.0000111723  -0.0011595876  -0.0006093362  -0.0000766865
        0.0007010864  -0.0004971565   0.0007029753   0.2793692256   0.1123541889
        0.0267313697   0.0000111759  -0.0001030425  -0.0000549797   0.0000289957
       -0.0000091688   0.0000010691   0.0000444888   0.0000742421  -0.0000345058
        0.0003457584   0.0000416311   0.0000278051
        0.0000127678  -0.0000089825   0.0000194762  -0.0000922022   0.0000020007
       -0.0000331923   0.0003472790   0.0000142738  -0.0000636898  -0.0001214155
        0.0000261294   0.0000008702   0.0000404582   0.0001204480  -0.0001686579
        0.0005424357  -0.0004340277   0.0002762446   0.0025431337  -0.0006332386
        0.0017534311   0.0134506156   0.0064031220   0.0013889303  -0.1023132431
       -0.0942582251  -0.0083327315  -0.0262762560  -0.0152506787  -0.0020443474
        0.0000683021  -0.0053401817   0.0015023828  -0.0013923652  -0.0005347718
       -0.0001723429  -0.0000238468   0.0002822015  -0.0000758382  -0.0000250430
        0.0003576703  -0.0000676297  -0.0019545474   0.0006908516  -0.0006830751
       -0.0000176154   0.0000075595  -0.0000017363   0.0000006346  -0.0000044064
       -0.0000069927   0.0000099736  -0.0000083702   0.0000109057   0.0000105043
       -0.0000049113  -0.0000051718   0.0007259069   0.0002498304   0.0000675904
        0.0009225781   0.0008829964  -0.0004140717   0.1123541889   0.1083010773
        0.0066427089  -0.0000430293  -0.0004768266   0.0000938334   0.0000779259
        0.0000367341   0.0000124748   0.0000428672   0.0000972927   0.0000224081
        0.0011099923  -0.0005175672   0.0002782207
       -0.0000109964  -0.0000005509   0.0000123362   0.0000335847   0.0000097461
       -0.0001014240   0.0003854954   0.0002429886   0.0001822451  -0.0000834268
       -0.0000907948  -0.0000596552  -0.0000588019  -0.0005537413  -0.0020227213
       -0.0001140900   0.0004336914   0.0007737732  -0.0023378532   0.0018560729
        0.0082802467  -0.0061424559  -0.0025748874  -0.0002983343  -0.0213227403
       -0.0080777630  -0.0355091179   0.0026878335   0.0014247909   0.0012774952
       -0.0006860550   0.0013868823   0.0051558821   0.0001438326   0.0000492964
       -0.0001532847   0.0000602920  -0.0000434984  -0.0001953380  -0.0000121646
       -0.0000587451  -0.0001266103   0.0007475399  -0.0000862776  -0.0016769534
        0.0000004504   0.0000010175  -0.0000057018  -0.0000051390  -0.0000052445
        0.0000018539  -0.0000006377   0.0000053259   0.0000050897   0.0000169313
        0.0000335954  -0.0000004108  -0.0003190443  -0.0001638548   0.0000237174
        0.0005031437  -0.0006451035  -0.0029360242   0.0267313697   0.0066427089
        0.0266906054  -0.0000483487   0.0000922962   0.0003516857  -0.0000127716
       -0.0000041150   0.0000243032  -0.0000322415   0.0000230687   0.0001880168
       -0.0001237063   0.0001030952   0.0001183253
       -0.0000966195   0.0000302727  -0.0000794298  -0.0003010526  -0.0001871336
        0.0000004358  -0.0000380963   0.0001521584   0.0011726823  -0.0005410541
        0.0005710703   0.0000845725   0.0008307039   0.0025374008  -0.0007321965
       -0.0009980016   0.0002534382   0.0000837930  -0.0002810584  -0.0000963880
       -0.0000163126   0.0000653481   0.0000500727   0.0000415582  -0.0002733537
        0.0001568358  -0.0000495272   0.0010161519  -0.0005333366  -0.0007899929
       -0.0034890785  -0.0054396156  -0.0000397965  -0.2432389599  -0.1038089172
       -0.0230425012  -0.0265347961  -0.0106595991  -0.0033293421  -0.0033028232
        0.0032607236  -0.0026101025   0.0005171495   0.0005576734   0.0000371811
        0.0000139912   0.0000075624  -0.0000036886  -0.0000254774  -0.0000499748
       -0.0000020876   0.0000330096   0.0000132600  -0.0001068911  -0.0000156496
        0.0000134600   0.0000628856   0.0000363915   0.0000703746  -0.0000394228
        0.0000211726  -0.0000082671   0.0000024552   0.0000111759  -0.0000430293
       -0.0000483487   0.2770631570   0.1141919176   0.0284234972   0.0007420346
       -0.0005155200   0.0007581055  -0.0012415116  -0.0005925258  -0.0001175937
        0.0000272468   0.0000680867   0.0003400672
        0.0001180629   0.0000009252   0.0000713741  -0.0000645038   0.0002644961
       -0.0000059281   0.0022343667  -0.0012199705  -0.0009724818  -0.0003209690
        0.0001970154  -0.0001287328   0.0011603079   0.0003511206   0.0009668406
       -0.0022449245  -0.0000499259  -0.0006336402  -0.0001857979   0.0003212918
       -0.0001424135  -0.0000516130   0.0002445182  -0.0000689287  -0.0013714282
       -0.0004854902  -0.0001657171   0.0004236504  -0.0055837859   0.0015160090
       -0.0267991877  -0.0158181171  -0.0023644239  -0.1051476606  -0.0980046907
       -0.0098446242   0.0133110686   0.0065068042   0.0015876187   0.0025123609
       -0.0006722618   0.0016873242   0.0005698193  -0.0001646857   0.0000996820
       -0.0000890323   0.0000027280  -0.0000162421  -0.0000720850  -0.0000154675
       -0.0000203941   0.0000971102  -0.0000179292   0.0001543774  -0.0000692516
       -0.0000333843   0.0000005670   0.0000220867   0.0000879669   0.0000162623
        0.0000697118   0.0000184179   0.0000132093  -0.0001030425  -0.0004768266
        0.0000922962   0.1141919176   0.1133636322   0.0086394029   0.0010011397
        0.0009546071  -0.0003385381   0.0007204890   0.0002412897   0.0000796117
        0.0000874045  -0.0000122778  -0.0002225106
        0.0000172562  -0.0000456886   0.0001323576  -0.0000723587   0.0001169869
       -0.0000451225   0.0003403157  -0.0004979674   0.0016336413  -0.0001393695
       -0.0000154150  -0.0009313011   0.0002375571   0.0002570676  -0.0003131643
        0.0004373063  -0.0002211009  -0.0017790293   0.0000317579  -0.0000054538
       -0.0001772184   0.0000194061  -0.0000449356  -0.0001860616   0.0001268411
        0.0000358959  -0.0001190810  -0.0008368415   0.0013382707   0.0055466824
        0.0024925754   0.0015114779   0.0014882357  -0.0225883682  -0.0095947307
       -0.0358400646  -0.0066225064  -0.0025723039   0.0002570997  -0.0024675266
        0.0019361599   0.0086851084   0.0001039470   0.0000561487  -0.0001096257
        0.0000071640  -0.0000020862  -0.0000767898  -0.0000342193  -0.0000279974
       -0.0000236726  -0.0000799280   0.0000734690  -0.0001136706   0.0001186535
       -0.0000353368  -0.0000442831  -0.0000213984   0.0000241064   0.0001858177
       -0.0000099866  -0.0000023916   0.0000244474  -0.0000549797   0.0000938334
        0.0003516857   0.0284234972   0.0086394029   0.0265653967   0.0005430471
       -0.0006088759  -0.0030651052  -0.0002990226  -0.0001426223  -0.0001357103
        0.0003271807  -0.0002659131  -0.0019105725
       -0.0000112719   0.0000145684  -0.0000044565  -0.0000399950  -0.0001075602
       -0.0000020496   0.0002447594   0.0001547734  -0.0001146368  -0.0000460495
       -0.0000626671   0.0000526020   0.0000968790  -0.0000527695   0.0000606870
        0.0003096577   0.0010957052  -0.0001308158  -0.0002446790   0.0002621240
        0.0000758263  -0.0000793484  -0.0000596125  -0.0000045683  -0.0000033712
       -0.0000796300   0.0002648120  -0.0005731927   0.0002439378  -0.0000905818
       -0.0034224866   0.0025114568  -0.0025278245   0.0000419922   0.0248777620
       -0.0032929524  -0.0446308728  -0.0163461516   0.0002747072  -0.0029255606
       -0.0262065069   0.0026701956  -0.0044227399  -0.0028301755  -0.0014537227
        0.0000101140  -0.0000103107  -0.0000068198  -0.0000238389  -0.0000063730
       -0.0000009619   0.0000184472   0.0000172622   0.0000172561  -0.0000227043
        0.0000266858   0.0000036956  -0.0000048390   0.0001102746  -0.0000185740
        0.0000128080  -0.0000056528  -0.0000494559   0.0000289957   0.0000779259
       -0.0000127716   0.0007420346   0.0010011397   0.0005430471   0.0545280008
        0.0175797713   0.0030184156   0.0006647547  -0.0008331958   0.0005577051
       -0.0002474935  -0.0013727815   0.0001712418
        0.0000114482  -0.0000248561  -0.0000254485   0.0001816387   0.0002687251
        0.0000080406  -0.0005527387  -0.0005097045   0.0004142366   0.0000991153
        0.0001841330  -0.0001396908   0.0003275890   0.0002798019  -0.0002423279
       -0.0007388769  -0.0010031159   0.0000371949   0.0002865123  -0.0000741047
       -0.0000606955   0.0000065468   0.0001402179  -0.0000208557   0.0000901341
        0.0001661996  -0.0001965093   0.0001271447   0.0008704002  -0.0001250497
        0.0032793448  -0.0005989149   0.0018749330   0.0014002302  -0.0201528639
        0.0028803677  -0.0160282186  -0.2960727529   0.0311447962  -0.0029633097
       -0.0165480758   0.0017843372  -0.0033129668  -0.0003794155   0.0002704427
       -0.0000040203  -0.0000034571   0.0000143429   0.0000239579   0.0000306446
        0.0000028779  -0.0000174698  -0.0000350430  -0.0000198886   0.0000360788
       -0.0000450338   0.0000055899   0.0000298250  -0.0001145891   0.0000232494
        0.0000001752  -0.0000315338   0.0000447452  -0.0000091688   0.0000367341
       -0.0000041150  -0.0005155200   0.0009546071  -0.0006088759   0.0175797713
        0.3325816274  -0.0369318588   0.0007088912   0.0008878036  -0.0002420273
       -0.0000461137  -0.0008074336   0.0001121888
        0.0000015519   0.0000075194   0.0000176870  -0.0000614367  -0.0000649067
       -0.0000113086   0.0001558933  -0.0000083873   0.0001168430  -0.0001031149
       -0.0000047396  -0.0000862667   0.0000477227   0.0001329349   0.0001930444
        0.0001098874   0.0002453512   0.0002151921   0.0000877527  -0.0000188129
       -0.0008594357  -0.0000856556  -0.0000328873   0.0000175133   0.0002528795
       -0.0002881492  -0.0013856778  -0.0001495709  -0.0000692001  -0.0002806473
       -0.0026890305   0.0018719034   0.0089095761  -0.0000318573   0.0067549838
       -0.0002880641  -0.0000008884   0.0311738083  -0.0384770258  -0.0001849404
       -0.0021277622   0.0014588045  -0.0013779709   0.0002780647   0.0058975908
       -0.0000000944  -0.0000017969  -0.0000053526  -0.0000117608  -0.0000074587
       -0.0000014588   0.0000058969   0.0000092603   0.0000016548  -0.0000080271
        0.0000071596   0.0000017520  -0.0000022058   0.0000342438  -0.0000223064
       -0.0000472545   0.0000469693   0.0002967002   0.0000010691   0.0000124748
        0.0000243032   0.0007581055  -0.0003385381  -0.0030651052   0.0030184156
       -0.0369318588   0.0291632796   0.0003520414  -0.0005181928  -0.0017937108
       -0.0000374079  -0.0001619830  -0.0000375811
        0.0000204331  -0.0000068169   0.0000267701  -0.0001439876  -0.0000159077
       -0.0000223505   0.0004067221   0.0000028868  -0.0001482266  -0.0001461137
        0.0000475949   0.0000554215  -0.0001907811   0.0000534542   0.0001037984
        0.0001058288  -0.0000613821   0.0002810345   0.0000064335  -0.0000752878
        0.0000081085   0.0001063845  -0.0000002306   0.0001623714  -0.0001591721
       -0.0001157789  -0.0000419636   0.0014033092  -0.0005287668  -0.0013616106
        0.0005436316  -0.0006935445   0.0002165446  -0.0045333950  -0.0031904460
       -0.0014411752  -0.0248172559   0.0139656967  -0.0063239533  -0.2119691494
        0.1133365047  -0.0456101222   0.0000361561   0.0013970823  -0.0002863126
       -0.0000169697   0.0000150286  -0.0000009808   0.0000004548  -0.0000094023
       -0.0000047294   0.0000196782  -0.0000042419   0.0000309023   0.0000158715
       -0.0000068147  -0.0000170166  -0.0000066749   0.0000085691  -0.0000525398
       -0.0000077653   0.0000277844  -0.0000040727   0.0000444888   0.0000428672
       -0.0000322415  -0.0012415116   0.0007204890  -0.0002990226   0.0006647547
        0.0007088912   0.0003520414   0.2388862255  -0.1249680149   0.0536050408
        0.0009724039  -0.0006502140   0.0008042844
       -0.0000041691  -0.0000067145  -0.0000203753   0.0001044943   0.0001142226
        0.0000050262  -0.0002423789  -0.0002355126   0.0001841929   0.0000554331
        0.0000683067  -0.0000735212   0.0002410575   0.0001643523  -0.0000940804
       -0.0003254534   0.0000293031  -0.0002624910  -0.0001301977   0.0000383372
       -0.0000238378   0.0000402097  -0.0003978315  -0.0000516559   0.0013763963
       -0.0006195181   0.0003295229  -0.0012872575  -0.0054344308   0.0018487433
       -0.0004924906  -0.0002704680  -0.0000714243  -0.0027914049  -0.0002349311
        0.0003695779  -0.0092730931   0.0063877305  -0.0022755575   0.1131181619
       -0.1202031741   0.0308753703   0.0249973436  -0.0199261792   0.0070187900
        0.0000071629  -0.0000086359   0.0000077490   0.0000070707   0.0000156271
        0.0000018333  -0.0000016852  -0.0000135282  -0.0000030870   0.0000138471
       -0.0000095291   0.0000018863   0.0000091422  -0.0000117593   0.0000426106
        0.0001094098  -0.0001184256   0.0000374585   0.0000742421   0.0000972927
        0.0000230687  -0.0005925258   0.0002412897  -0.0001426223  -0.0008331958
        0.0008878036  -0.0005181928  -0.1249680149   0.1387538987  -0.0368132991
        0.0007878957   0.0006924737  -0.0003956852
        0.0000057397   0.0000022855   0.0000186758  -0.0000519855  -0.0000278669
       -0.0000151143   0.0001166016   0.0000512541   0.0000405231  -0.0000794192
       -0.0000041486  -0.0000399869  -0.0000237860  -0.0000208392   0.0000482240
        0.0003066831  -0.0002194432  -0.0014284354   0.0000232096  -0.0000024604
        0.0000435159   0.0001269693  -0.0000706463  -0.0008181841  -0.0002322823
        0.0000533971   0.0001389383  -0.0011989510   0.0020073255   0.0092161260
        0.0001899645  -0.0001158255  -0.0001630756  -0.0014666614   0.0002703167
        0.0058721381  -0.0032042176   0.0016931452   0.0004965478  -0.0456213008
        0.0309243508  -0.0466113829  -0.0034347473   0.0029878663  -0.0003345855
       -0.0000051011   0.0000041224  -0.0000034406  -0.0000030770  -0.0000059782
       -0.0000027281   0.0000030695   0.0000019146   0.0000041508   0.0000019552
        0.0000001065  -0.0000024116  -0.0000479327   0.0000473336   0.0002799988
       -0.0000129039   0.0000229185  -0.0000127925  -0.0000345058   0.0000224081
        0.0001880168  -0.0001175937   0.0000796117  -0.0001357103   0.0005577051
       -0.0002420273  -0.0017937108   0.0536050408  -0.0368132991   0.0380563359
        0.0005975270  -0.0006458221  -0.0030416325
        0.0000170424  -0.0000080577   0.0000364975  -0.0001831882  -0.0000995552
       -0.0000132432   0.0005113737   0.0001780238  -0.0003396050  -0.0001421646
        0.0000161310   0.0001084710  -0.0006900304   0.0001733916   0.0000591827
       -0.0006087325  -0.0010339313   0.0001186763   0.0002372969  -0.0000804933
        0.0000419059   0.0000416421  -0.0003141105   0.0000747406   0.0006067024
       -0.0016574681   0.0006441035  -0.0261740370  -0.0100062635  -0.0032215818
       -0.0032675788   0.0034969129  -0.0020312797   0.0006180813   0.0005271961
        0.0000637816   0.0014178028  -0.0011056220  -0.0011798445  -0.0044171384
       -0.0037829529  -0.0003506119  -0.2440654791  -0.1029500764  -0.0214994353
       -0.0000195955   0.0000176557  -0.0000070930  -0.0000053412  -0.0000159594
       -0.0000045547   0.0000132777   0.0000069107   0.0000270468  -0.0000012944
       -0.0000036917  -0.0000108536   0.0000641486   0.0000460518  -0.0000005077
        0.0001263872  -0.0000274150  -0.0000027142   0.0003457584   0.0011099923
       -0.0001237063   0.0000272468   0.0000874045   0.0003271807  -0.0002474935
       -0.0000461137  -0.0000374079   0.0009724039   0.0007878957   0.0005975270
        0.2748229094   0.1146841446   0.0267233251
        0.0000133537  -0.0000028662   0.0000156624  -0.0000455249   0.0000201774
       -0.0000107216   0.0000895111  -0.0000215813  -0.0000381306  -0.0000358236
        0.0000438359  -0.0000105913   0.0002077858  -0.0000511262   0.0001561328
        0.0005955375   0.0001190167   0.0000365906   0.0000139888   0.0001086773
       -0.0000275764  -0.0002862941  -0.0000098937  -0.0000551157   0.0019697425
        0.0011413034  -0.0000956189   0.0115331479   0.0064520698   0.0012290102
        0.0024236131  -0.0012528753   0.0013903205   0.0004665756  -0.0002138651
        0.0000980435  -0.0002454847  -0.0055817954   0.0019962056  -0.0277140310
       -0.0165978693  -0.0022998129  -0.1017271178  -0.0957051064  -0.0086474443
       -0.0000123461   0.0000091842   0.0000001548   0.0000029021  -0.0000056580
       -0.0000043980   0.0000014250  -0.0000069435   0.0000011618   0.0000095096
       -0.0000108992  -0.0000049181  -0.0000315499   0.0000002831  -0.0000027509
        0.0000002126  -0.0000042875   0.0000225994   0.0000416311  -0.0005175672
        0.0001030952   0.0000680867  -0.0000122778  -0.0002659131  -0.0013727815
       -0.0008074336  -0.0001619830  -0.0006502140   0.0006924737  -0.0006458221
        0.1146841446   0.1122150243   0.0072218202
        0.0000028148   0.0000034493   0.0000142787  -0.0000515305  -0.0000510426
        0.0000058797  -0.0000267949   0.0000730515  -0.0000212394  -0.0000183365
       -0.0000296276  -0.0000442778  -0.0001295698   0.0000759876   0.0003949905
       -0.0001183630  -0.0002091728  -0.0002876724   0.0000582539  -0.0000324620
       -0.0000782739   0.0000669642  -0.0000732462  -0.0000583075   0.0001168976
       -0.0006995626  -0.0017898321  -0.0058528763  -0.0024710921   0.0004921137
       -0.0019550564   0.0014159611   0.0054690935   0.0000034138   0.0002363846
       -0.0001642339  -0.0012112909   0.0018516833   0.0089252380   0.0028314832
        0.0015404320   0.0010460117  -0.0217876082  -0.0086452846  -0.0359548091
       -0.0000014198   0.0000017514  -0.0000021653  -0.0000014852  -0.0000019411
       -0.0000020526   0.0000035998   0.0000021761   0.0000038071  -0.0000019202
       -0.0000071478  -0.0000016258   0.0000119182   0.0000084346   0.0000170115
       -0.0000058174   0.0000172340   0.0001546264   0.0000278051   0.0002782207
        0.0001183253   0.0003400672  -0.0002225106  -0.0019105725   0.0001712418
        0.0001121888  -0.0000375811   0.0008042844  -0.0003956852  -0.0030416325
        0.0267233251   0.0072218202   0.0267528998
