           1           2  0.998383634524873     
           2           3  0.975639619446615     
           3           4   1.01266855256955     
           4           5   1.44434446434201     
           5           6   1.41433848202545     
           4           7  0.100533205704648     
           6           7   1.44693303673247     
           7           8   1.39171559276226     
           4           9   1.32018160862983     
           8           9   1.33498207862985     
           2          10  0.926559037157096     
           9          10   1.08945859181953     
           8          11  0.972072703989638     
          11          12   1.01684205953841     
          11          13  0.125769072022566     
          12          13   1.65550116875787     
          12          14   1.21295490070626     
          13          14  0.173824706099392     
          14          15   1.00670481225707     
           2          16  0.995356344672100     
           1          17  0.984608324476625     
           1          18  0.984509529936909     
           1          19  0.983411934526602     
           3          20  0.965429289451408     
           3          21  0.962795702411378     
           5          22  0.969449967209936     
           6          23  0.970473935209326     
           7          24  0.967862217687217     
          14          25  0.940084968203042     
          15          26  0.977774302271024     
          15          27  0.977791887007066     
          15          28  0.975731119548417     
          16          29  0.983730519879044     
          16          30  0.984312361534178     
          16          31  0.983343472373310     
