$hessian                                                                        
        0.7853349328  -0.0834578099   0.0000043179  -0.4548150701   0.1765974094
       -0.0000025906  -0.0633300771   0.0001813740  -0.0000002003   0.0071292789
       -0.0074656842   0.0000002442  -0.2173489502  -0.1280243267  -0.0000008893
       -0.0498463366   0.0346891372  -0.0000005093  -0.0070385192   0.0059093389
       -0.0000000929   0.0010387452   0.0015882978   0.0000000753  -0.0011746030
        0.0003799626  -0.0000001857   0.0000505994  -0.0003976991  -0.0000001694
       -0.0834578099   0.6011963061  -0.0000013009   0.1591899591  -0.1575528357
        0.0000007771  -0.0034266147   0.0097818338  -0.0000000930  -0.0074656850
        0.0000118931  -0.0000001444  -0.1254477437  -0.1369970726  -0.0000006581
        0.0337028330  -0.3008101139   0.0000011187   0.0299353099  -0.0172027347
        0.0000001690  -0.0018892303   0.0011219772  -0.0000000064  -0.0009596395
        0.0004827193   0.0000000879  -0.0001813789  -0.0000319728   0.0000000501
        0.0000043179  -0.0000013009   0.0928765255  -0.0000027423   0.0000009479
       -0.0322138737  -0.0000004057   0.0000000561   0.0006082323  -0.0000001254
       -0.0000000301   0.0014941643  -0.0000009431  -0.0000006500  -0.0307662299
       -0.0000002296   0.0000009408  -0.0319049419   0.0000000123   0.0000000346
        0.0003636181   0.0000000422   0.0000000069  -0.0007778937   0.0000000247
        0.0000000020   0.0003564482   0.0000000490  -0.0000000070  -0.0000360491
       -0.4548150701   0.1591899591  -0.0000027423   0.7599491565  -0.1099520660
        0.0000043197  -0.1587988355  -0.0911249850  -0.0000014079  -0.0633301174
       -0.0034266139  -0.0000005616  -0.0285516319   0.0085818866  -0.0000002702
       -0.0056450171   0.0069391023   0.0000002591  -0.0474968100   0.0306289250
        0.0000002034   0.0013526476  -0.0008635139  -0.0000000790  -0.0038959816
        0.0015425601   0.0000000074   0.0012316595  -0.0015152543   0.0000002714
        0.1765974094  -0.1575528357   0.0000009479  -0.1099520660   0.6147988589
        0.0000017724  -0.0911249838  -0.1433424174  -0.0000008316   0.0001813688
        0.0097818282  -0.0000001172  -0.0169058423   0.0059325244  -0.0000000819
        0.0297020223  -0.0183285523   0.0000001224   0.0287119903  -0.2897591155
       -0.0000015977  -0.0227084339  -0.0227270776  -0.0000001606   0.0031619824
       -0.0001081721  -0.0000001450   0.0023365529   0.0013049592   0.0000000914
       -0.0000025906   0.0000007771  -0.0322138737   0.0000043197   0.0000017724
        0.1134118201  -0.0000017377  -0.0000010755  -0.0543862705  -0.0000000345
       -0.0000000408   0.0006082333  -0.0000003258   0.0000000689   0.0002639651
        0.0000000319  -0.0000000017   0.0002478540   0.0000001526  -0.0000015328
       -0.0372425004  -0.0000000356  -0.0000000826   0.0017965832   0.0000003025
       -0.0000000675   0.0130918528  -0.0000000826   0.0000001825  -0.0055776637
       -0.0633300771  -0.0034266147  -0.0000004057  -0.1587988355  -0.0911249838
       -0.0000017377   0.7599497027  -0.1099524059   0.0000007215  -0.4548156348
        0.1591903143   0.0000032575  -0.0038959797   0.0015425628  -0.0000001112
        0.0012316628  -0.0015152500   0.0000000301   0.0013526443  -0.0008635133
       -0.0000000413  -0.0474968115   0.0306288939  -0.0000008739  -0.0285516533
        0.0085818904  -0.0000001793  -0.0056450179   0.0069391063  -0.0000006600
        0.0001813740   0.0097818338   0.0000000561  -0.0911249850  -0.1433424174
       -0.0000010755  -0.1099524059   0.6147989301  -0.0000003733   0.1765977751
       -0.1575529630  -0.0000011577   0.0031619795  -0.0001081629  -0.0000001259
        0.0023365533   0.0013049659   0.0000001710  -0.0227084381  -0.0227270823
       -0.0000004280   0.0287119619  -0.2897590420   0.0000028811  -0.0169058389
        0.0059325165   0.0000003370   0.0297020242  -0.0183285788  -0.0000002847
       -0.0000002003  -0.0000000930   0.0006082323  -0.0000014079  -0.0000008316
       -0.0543862705   0.0000007215  -0.0000003733   0.1134117159   0.0000008155
       -0.0000004297  -0.0322138068  -0.0000001048   0.0000000451   0.0130918592
        0.0000000429  -0.0000000239  -0.0055776344  -0.0000000524  -0.0000000938
        0.0017965795  -0.0000005011   0.0000021777  -0.0372424949   0.0000002473
       -0.0000001566   0.0002639673   0.0000004392  -0.0000002209   0.0002478524
        0.0071292789  -0.0074656850  -0.0000001254  -0.0633301174   0.0001813688
       -0.0000000345  -0.4548156348   0.1765977751   0.0000008155   0.7853354984
       -0.0834581423  -0.0000104760  -0.0011746026   0.0003799607  -0.0000002817
        0.0000505982  -0.0003977006  -0.0000001158   0.0010387456   0.0015882986
       -0.0000000117  -0.0070385176   0.0059093412   0.0000004756  -0.2173489336
       -0.1280242889   0.0000069943  -0.0498463151   0.0346890724   0.0000027596
       -0.0074656842   0.0000118931  -0.0000000301  -0.0034266139   0.0097818282
       -0.0000000408   0.1591903143  -0.1575529630  -0.0000004297  -0.0834581423
        0.6011964182   0.0000079361  -0.0009596366   0.0004827095  -0.0000001460
       -0.0001813826  -0.0000319793   0.0000002739  -0.0018892285   0.0011219759
       -0.0000003362   0.0299353102  -0.0172027445   0.0000001846  -0.1254477007
       -0.1369970237   0.0000037793   0.0337027642  -0.3008101144  -0.0000111910
        0.0000002442  -0.0000001444   0.0014941643  -0.0000005616  -0.0000001172
        0.0006082333   0.0000032575  -0.0000011577  -0.0322138068  -0.0000104760
        0.0000079361   0.0928765285   0.0000000148  -0.0000000008   0.0003564379
       -0.0000000018  -0.0000000119  -0.0000360664  -0.0000000590   0.0000000070
       -0.0007778912   0.0000002852  -0.0000002452   0.0003636129   0.0000055099
        0.0000032526  -0.0307662569   0.0000017868  -0.0000095185  -0.0319049556
       -0.2173489502  -0.1254477437  -0.0000009431  -0.0285516319  -0.0169058423
       -0.0000003258  -0.0038959797   0.0031619795  -0.0000001048  -0.0011746026
       -0.0009596366   0.0000000148   0.2482148324   0.1390324942   0.0000012936
        0.0019844194   0.0012974848  -0.0000000098   0.0009627021  -0.0007552081
        0.0000000153   0.0002042391   0.0004733777  -0.0000000061  -0.0004423144
        0.0001574146   0.0000000506   0.0000472859  -0.0000543200   0.0000000153
       -0.1280243267  -0.1369970726  -0.0000006500   0.0085818866   0.0059325244
        0.0000000689   0.0015425628  -0.0001081629   0.0000000451   0.0003799607
        0.0004827095  -0.0000000008   0.1390324942   0.1478693470   0.0000007310
       -0.0230338969  -0.0189760037  -0.0000001716   0.0010669289   0.0012894826
       -0.0000000431   0.0004317895   0.0003561660   0.0000000197   0.0001574136
        0.0000118899   0.0000000126  -0.0001348128   0.0001391197  -0.0000000118
       -0.0000008893  -0.0000006581  -0.0307662299  -0.0000002702  -0.0000000819
        0.0002639651  -0.0000001112  -0.0000001259   0.0130918592  -0.0000002817
       -0.0000001460   0.0003564379   0.0000012936   0.0000007310   0.0209781175
        0.0000000011   0.0000000119   0.0027780064   0.0000000734   0.0000000749
       -0.0050412357   0.0000000581   0.0000000605  -0.0001003727   0.0000000280
        0.0000000794  -0.0020081795   0.0000000982   0.0000000542   0.0004476316
       -0.0498463366   0.0337028330  -0.0000002296  -0.0056450171   0.0297020223
        0.0000000319   0.0012316628   0.0023365533   0.0000000429   0.0000505982
       -0.0001813826  -0.0000000018   0.0019844194  -0.0230338969   0.0000000011
        0.0569627031  -0.0437302960   0.0000003137  -0.0043473906   0.0022879591
       -0.0000001140  -0.0005961604  -0.0006477109   0.0000000085   0.0000472856
       -0.0001348130  -0.0000000248   0.0001582355  -0.0003012682  -0.0000000278
        0.0346891372  -0.3008101139   0.0000009408   0.0069391023  -0.0183285523
       -0.0000000017  -0.0015152500   0.0013049659  -0.0000000239  -0.0003977006
       -0.0000319793  -0.0000000119   0.0012974848  -0.0189760037   0.0000000119
       -0.0437302960   0.3358539716  -0.0000010238   0.0026132379   0.0000648048
        0.0000001206   0.0004598727   0.0007105298  -0.0000000279  -0.0000543207
        0.0001391201  -0.0000000209  -0.0003012675   0.0000732571   0.0000000368
       -0.0000005093   0.0000011187  -0.0319049419   0.0000002591   0.0000001224
        0.0002478540   0.0000000301   0.0000001710  -0.0055776344  -0.0000001158
        0.0000002739  -0.0000360664  -0.0000000098  -0.0000001716   0.0027780064
        0.0000003137  -0.0000010238   0.0214135670  -0.0000001053  -0.0000001257
        0.0125021845   0.0000000371  -0.0000001131   0.0001721511   0.0000000554
       -0.0000000966   0.0004476302   0.0000000448  -0.0000001551  -0.0000427504
       -0.0070385192   0.0299353099   0.0000000123  -0.0474968100   0.0287119903
        0.0000001526   0.0013526443  -0.0227084381  -0.0000000524   0.0010387456
       -0.0018892285  -0.0000000590   0.0009627021   0.0010669289   0.0000000734
       -0.0043473906   0.0026132379  -0.0000001053   0.0597549679  -0.0357818664
        0.0000000272  -0.0038344181  -0.0028395984  -0.0000000582   0.0002042397
        0.0004317905  -0.0000000127  -0.0005961617   0.0004598738   0.0000000221
        0.0059093389  -0.0172027347   0.0000000346   0.0306289250  -0.2897591155
       -0.0000015328  -0.0008635133  -0.0227270823  -0.0000000938   0.0015882986
        0.0011219759   0.0000000070  -0.0007552081   0.0012894826   0.0000000749
        0.0022879591   0.0000648048  -0.0000001257  -0.0357818664   0.3277859368
        0.0000016912  -0.0028396003  -0.0016399642  -0.0000001343   0.0004733780
        0.0003561662   0.0000000077  -0.0006477115   0.0007105304   0.0000000712
       -0.0000000929   0.0000001690   0.0003636181   0.0000002034  -0.0000015977
       -0.0372425004  -0.0000000413  -0.0000004280   0.0017965795  -0.0000000117
       -0.0000003362  -0.0007778912   0.0000000153  -0.0000000431  -0.0050412357
       -0.0000001140   0.0000001206   0.0125021845   0.0000000272   0.0000016912
        0.0252903386  -0.0000000299   0.0000001156   0.0030371240   0.0000000132
        0.0000001304  -0.0001003703   0.0000000309   0.0000001782   0.0001721529
        0.0010387452  -0.0018892303   0.0000000422   0.0013526476  -0.0227084339
       -0.0000000356  -0.0474968115   0.0287119619  -0.0000005011  -0.0070385176
        0.0299353102   0.0000002852   0.0002042391   0.0004317895   0.0000000581
       -0.0005961604   0.0004598727   0.0000000371  -0.0038344181  -0.0028396003
       -0.0000000299   0.0597549638  -0.0357818399   0.0000003634   0.0009627012
        0.0010669307  -0.0000000667  -0.0043473893   0.0026132394  -0.0000001528
        0.0015882978   0.0011219772   0.0000000069  -0.0008635139  -0.0227270776
       -0.0000000826   0.0306288939  -0.2897590420   0.0000021777   0.0059093412
       -0.0172027445  -0.0000002452   0.0004733777   0.0003561660   0.0000000605
       -0.0006477109   0.0007105298  -0.0000001131  -0.0028395984  -0.0016399642
        0.0000001156  -0.0357818399   0.3277858679  -0.0000021414  -0.0007552075
        0.0012894831  -0.0000000744   0.0022879599   0.0000648042   0.0000002961
        0.0000000753  -0.0000000064  -0.0007778937  -0.0000000790  -0.0000001606
        0.0017965832  -0.0000008739   0.0000028811  -0.0372424949   0.0000004756
        0.0000001846   0.0003636129  -0.0000000061   0.0000000197  -0.0001003727
        0.0000000085  -0.0000000279   0.0001721511  -0.0000000582  -0.0000001343
        0.0030371240   0.0000003634  -0.0000021414   0.0252903421  -0.0000001211
       -0.0000001084  -0.0050412393   0.0000002155  -0.0000005063   0.0125021874
       -0.0011746030  -0.0009596395   0.0000000247  -0.0038959816   0.0031619824
        0.0000003025  -0.0285516533  -0.0169058389   0.0000002473  -0.2173489336
       -0.1254477007   0.0000055099  -0.0004423144   0.0001574136   0.0000000280
        0.0000472856  -0.0000543207   0.0000000554   0.0002042397   0.0004733780
        0.0000000132   0.0009627012  -0.0007552075  -0.0000001211   0.2482148440
        0.1390324498  -0.0000060320   0.0019844154   0.0012974834  -0.0000000278
        0.0003799626   0.0004827193   0.0000000020   0.0015425601  -0.0001081721
       -0.0000000675   0.0085818904   0.0059325165  -0.0000001566  -0.1280242889
       -0.1369970237   0.0000032526   0.0001574146   0.0000118899   0.0000000794
       -0.0001348130   0.0001391201  -0.0000000966   0.0004317905   0.0003561662
        0.0000001304   0.0010669307   0.0012894831  -0.0000001084   0.1390324498
        0.1478692923  -0.0000034684  -0.0230338968  -0.0189759915   0.0000004331
       -0.0000001857   0.0000000879   0.0003564482   0.0000000074  -0.0000001450
        0.0130918528  -0.0000001793   0.0000003370   0.0002639673   0.0000069943
        0.0000037793  -0.0307662569   0.0000000506   0.0000000126  -0.0020081795
       -0.0000000248  -0.0000000209   0.0004476302  -0.0000000127   0.0000000077
       -0.0001003703  -0.0000000667  -0.0000000744  -0.0050412393  -0.0000060320
       -0.0000034684   0.0209781360  -0.0000005512  -0.0000005157   0.0027780114
        0.0000505994  -0.0001813789   0.0000000490   0.0012316595   0.0023365529
       -0.0000000826  -0.0056450179   0.0297020242   0.0000004392  -0.0498463151
        0.0337027642   0.0000017868   0.0000472859  -0.0001348128   0.0000000982
        0.0001582355  -0.0003012675   0.0000000448  -0.0005961617  -0.0006477115
        0.0000000309  -0.0043473893   0.0022879599   0.0000002155   0.0019844154
       -0.0230338968  -0.0000005512   0.0569626884  -0.0437302336  -0.0000020306
       -0.0003976991  -0.0000319728  -0.0000000070  -0.0015152543   0.0013049592
        0.0000001825   0.0069391063  -0.0183285788  -0.0000002209   0.0346890724
       -0.3008101144  -0.0000095185  -0.0000543200   0.0001391197   0.0000000542
       -0.0003012682   0.0000732571  -0.0000001551   0.0004598738   0.0007105304
        0.0000001782   0.0026132394   0.0000648042  -0.0000005063   0.0012974834
       -0.0189759915  -0.0000005157  -0.0437302336   0.3358539870   0.0000105087
       -0.0000001694   0.0000000501  -0.0000360491   0.0000002714   0.0000000914
       -0.0055776637  -0.0000006600  -0.0000002847   0.0002478524   0.0000027596
       -0.0000111910  -0.0319049556   0.0000000153  -0.0000000118   0.0004476316
       -0.0000000278   0.0000000368  -0.0000427504   0.0000000221   0.0000000712
        0.0001721529  -0.0000001528   0.0000002961   0.0125021874  -0.0000000278
        0.0000004331   0.0027780114  -0.0000020306   0.0000105087   0.0214135832
