$hessian                                                                        
        0.6757927164   0.0054133792  -0.0000018187  -0.3239445784   0.0997653643
        0.0000007191  -0.0592578129  -0.0617393299   0.0000002769  -0.0293124338
        0.0346099022   0.0000000258   0.0444340501  -0.0030561168  -0.0000001060
       -0.0999024957   0.0045641868   0.0000001619  -0.0301648823   0.0460942693
        0.0000000503  -0.0001865305  -0.0011647027  -0.0000000047  -0.0015049991
       -0.0008141431   0.0000000112  -0.1656737506  -0.1277260926   0.0000006563
       -0.0094021370   0.0045384425   0.0000000182  -0.0028835826  -0.0031780598
        0.0000000287   0.0020064364   0.0026929006  -0.0000000190
        0.0054133792   0.6503298718  -0.0000008308   0.0232879451  -0.1088360951
        0.0000000606  -0.0032235387   0.0474676581  -0.0000000731   0.0319483600
       -0.0296224409  -0.0000000510  -0.0530900601  -0.0536426186   0.0000002496
        0.0894673769  -0.2979176208   0.0000000356   0.0140915596  -0.0176438100
       -0.0000000220  -0.0011480861   0.0000368003  -0.0000000056  -0.0027216442
       -0.0025907638   0.0000000246  -0.1270066491  -0.1780573066   0.0000006679
        0.0273541677  -0.0091162364  -0.0000000729  -0.0029170211  -0.0026545723
        0.0000000173  -0.0014557891   0.0022471342  -0.0000000004
       -0.0000018187  -0.0000008308   0.1062147677   0.0000008458  -0.0000001934
       -0.0412830998   0.0000001994   0.0000001180   0.0012805024   0.0000000228
       -0.0000000573  -0.0027099682  -0.0000000373   0.0000000860   0.0009360572
        0.0000000319   0.0000003045  -0.0502943498   0.0000000882  -0.0000001026
        0.0061613138  -0.0000000043  -0.0000000043  -0.0001023751   0.0000000157
        0.0000000125   0.0048675490   0.0000006490   0.0000006551  -0.0307554747
       -0.0000000161  -0.0000000002   0.0004764017   0.0000000318   0.0000000267
        0.0066674846  -0.0000000083  -0.0000000142  -0.0014588088
       -0.3239445784   0.0232879451   0.0000008458   0.6569141811  -0.0162869292
       -0.0000016994  -0.1906971175  -0.0836778943   0.0000005900   0.0433457303
       -0.0596183175  -0.0000000371  -0.0547113404  -0.0153979166   0.0000001484
       -0.0043421124   0.0912308611  -0.0000001186  -0.0017102528  -0.0006326067
        0.0000000404   0.0003505155   0.0038246542   0.0000000087  -0.0388432326
       -0.0130017941   0.0000001662  -0.0241793484   0.0030345464   0.0000000735
       -0.0613468054   0.0684146159  -0.0000000268  -0.0003676833  -0.0006991669
        0.0000000065  -0.0004679558  -0.0004779975   0.0000000022
        0.0997653643  -0.1088360951  -0.0000001934  -0.0162869292   0.6706040214
       -0.0000009863  -0.1524196170  -0.2143142039   0.0000007484  -0.0014834158
       -0.0564753558   0.0000000950  -0.0160040974  -0.0019397874   0.0000000393
        0.0334396869  -0.0008943519  -0.0000000963   0.0027838821  -0.0066562575
        0.0000000222   0.0011037322  -0.0030079785   0.0000000018   0.0006117175
        0.0059784884   0.0000000017  -0.0204067296   0.0043478626   0.0000000595
        0.0691058833  -0.2890565711   0.0000003151  -0.0000828444   0.0005941569
       -0.0000000012  -0.0001266328  -0.0003439280  -0.0000000057
        0.0000007191   0.0000000606  -0.0412830998  -0.0000016994  -0.0000009863
        0.1101494342   0.0000006973   0.0000005677  -0.0441097267  -0.0000001441
        0.0000002894  -0.0003872773   0.0000001677   0.0000000418  -0.0013756789
       -0.0000000712  -0.0000002918  -0.0014780100   0.0000000630   0.0000000131
        0.0063466937   0.0000000228   0.0000000043   0.0045314501   0.0000001712
        0.0000000165   0.0015981550   0.0000001102  -0.0000000208  -0.0005873397
       -0.0000000449   0.0000003024  -0.0333561569   0.0000000066   0.0000000022
       -0.0001322774   0.0000000017   0.0000000009   0.0000838338
       -0.0592578129  -0.0032235387   0.0000001994  -0.1906971175  -0.1524196170
        0.0000006973   0.4959642160   0.0400836055  -0.0000012908  -0.0844719650
        0.0889806354  -0.0000000058  -0.0079619289   0.0298266925   0.0000000002
       -0.0043808648  -0.0153450042   0.0000000226   0.0038119861  -0.0008519232
       -0.0000000062  -0.0046521403  -0.0245619875   0.0000000503  -0.1436503460
        0.0304232442   0.0000002908  -0.0044719951   0.0015299534   0.0000000340
        0.0042746598   0.0041110639  -0.0000000335  -0.0042234126   0.0012827735
        0.0000000314  -0.0002832788   0.0001641021   0.0000000101
       -0.0617393299   0.0474676581   0.0000001180  -0.0836778943  -0.2143142039
        0.0000005677   0.0400836055   0.5997388859  -0.0000007969   0.0306682048
       -0.2789531336   0.0000001170   0.0835421539  -0.0041249586  -0.0000002773
       -0.0138539601  -0.0621132108   0.0000001320  -0.0008782700   0.0023686729
        0.0000000019  -0.0095870201  -0.0345332668   0.0000000889   0.0325428672
       -0.0334625545  -0.0000000681   0.0018589428   0.0009575556   0.0000000060
       -0.0201718783  -0.0243000529   0.0000001031   0.0007508268   0.0007820671
        0.0000000103   0.0004617518   0.0004865415  -0.0000000025
        0.0000002769  -0.0000000731   0.0012805024   0.0000005900   0.0000007484
       -0.0441097267  -0.0000012908  -0.0000007969   0.0936928262   0.0000001060
       -0.0000000437  -0.0460842242  -0.0000000915  -0.0000000790   0.0004402523
        0.0000000188   0.0000001418  -0.0041110454  -0.0000000074  -0.0000000039
       -0.0001071343   0.0000000271   0.0000001280   0.0020728402   0.0000002860
       -0.0000000621  -0.0186308278   0.0000000331   0.0000000060   0.0074980409
        0.0000000217   0.0000000267   0.0006315158   0.0000000298   0.0000000080
        0.0072548275   0.0000000003  -0.0000000002   0.0001721532
       -0.0293124338   0.0319483600   0.0000000228   0.0433457303  -0.0014834158
       -0.0000001441  -0.0844719650   0.0306682048   0.0000001060   0.5621307203
       -0.0714933446  -0.0000013167  -0.3083855289   0.1029138236   0.0000005956
       -0.0571859956  -0.0614974350   0.0000002553   0.0003254448  -0.0013656472
        0.0000000294  -0.0869392212  -0.0613592531   0.0000003319  -0.0258646971
        0.0281499193   0.0000000525  -0.0000032403   0.0010420170   0.0000000053
       -0.0021911011  -0.0027060179   0.0000000379  -0.0099583516   0.0046459808
        0.0000000257  -0.0014893606   0.0005368083  -0.0000000016
        0.0346099022  -0.0296224409  -0.0000000573  -0.0596183175  -0.0564753558
        0.0000002894   0.0889806354  -0.2789531336  -0.0000000437  -0.0714933446
        0.5375594925  -0.0000003532   0.0409433991  -0.1048515729  -0.0000000160
       -0.0052796806   0.0515397055  -0.0000000787  -0.0010318212  -0.0058928562
       -0.0000000035  -0.0635887472  -0.0901189788   0.0000003541   0.0124647339
       -0.0116818580  -0.0000000564   0.0004739663  -0.0001306291  -0.0000000050
       -0.0022890117  -0.0020547093   0.0000000142   0.0275828549  -0.0092705530
       -0.0000000644  -0.0017545689  -0.0000471105   0.0000000207
        0.0000000258  -0.0000000510  -0.0027099682  -0.0000000371   0.0000000950
       -0.0003872773  -0.0000000058   0.0000001170  -0.0460842242  -0.0000013167
       -0.0000003532   0.0983036139   0.0000007112  -0.0000002062  -0.0408750265
        0.0000001887   0.0000000969  -0.0027355337   0.0000000064   0.0000000204
        0.0050464912   0.0000003231   0.0000003138  -0.0205563485   0.0000000690
       -0.0000000600   0.0012382505   0.0000000018  -0.0000000006   0.0003601984
        0.0000000321   0.0000000282   0.0071318824  -0.0000000118  -0.0000000021
       -0.0001697615   0.0000000133   0.0000000017   0.0014377036
        0.0444340501  -0.0530900601  -0.0000000373  -0.0547113404  -0.0160040974
        0.0000001677  -0.0079619289   0.0835421539  -0.0000000915  -0.3083855289
        0.0409433991   0.0000007112   0.6651146043  -0.0162012504  -0.0000016520
       -0.1864568186  -0.0702870362   0.0000005184  -0.0493380543  -0.0273259100
        0.0000002017  -0.0348319564  -0.0123022541   0.0000001547   0.0000788459
       -0.0005776985   0.0000000032   0.0002358175   0.0015891099   0.0000000216
       -0.0003163133  -0.0005920565   0.0000000133  -0.0619152107   0.0701468993
       -0.0000000336  -0.0059461662   0.0001588012   0.0000000225
       -0.0030561168  -0.0536426186   0.0000000860  -0.0153979166  -0.0019397874
        0.0000000418   0.0298266925  -0.0041249586  -0.0000000790   0.1029138236
       -0.1048515729  -0.0000002062  -0.0162012504   0.6686816784  -0.0000008986
       -0.1469262285  -0.2119682115   0.0000006907  -0.0015095252   0.0088345150
        0.0000000034  -0.0239060042  -0.0005620140   0.0000000811   0.0009890819
       -0.0038880635   0.0000000082   0.0013427226  -0.0057285600   0.0000000183
       -0.0003109986   0.0005548538   0.0000000026   0.0701912173  -0.2916324225
        0.0000002598   0.0020445023   0.0002671616  -0.0000000081
       -0.0000001060   0.0000002496   0.0009360572   0.0000001484   0.0000000393
       -0.0013756789   0.0000000002  -0.0000002773   0.0004402523   0.0000005956
       -0.0000000160  -0.0408750265  -0.0000016520  -0.0000008986   0.1034691551
        0.0000006173   0.0000004737  -0.0487944908   0.0000001868   0.0000000651
        0.0039012511   0.0000001887   0.0000000764   0.0022591053   0.0000000119
        0.0000000166   0.0042151571   0.0000000184   0.0000000114   0.0062357373
        0.0000000048   0.0000000042  -0.0000951025  -0.0000000322   0.0000002536
       -0.0318206611   0.0000000180   0.0000000020   0.0015042445
       -0.0999024957   0.0894673769   0.0000000319  -0.0043421124   0.0334396869
       -0.0000000712  -0.0043808648  -0.0138539601   0.0000000188  -0.0571859956
       -0.0052796806   0.0000001887  -0.1864568186  -0.1469262285   0.0000006173
        0.6555365781   0.0013816304  -0.0000015525  -0.2748659845   0.0560814949
        0.0000006360  -0.0021793108   0.0018521358  -0.0000000006   0.0029884313
       -0.0008797335   0.0000000235   0.0018949928  -0.0208011326   0.0000000239
       -0.0047468705   0.0018245382   0.0000000394   0.0067221659   0.0044448429
       -0.0000000200  -0.0330817152  -0.0007509707   0.0000000648
        0.0045641868  -0.2979176208   0.0000003045   0.0912308611  -0.0008943519
       -0.0000002918  -0.0153450042  -0.0621132108   0.0000001418  -0.0614974350
        0.0515397055   0.0000000969  -0.0702870362  -0.2119682115   0.0000004737
        0.0013816304   0.6606469049  -0.0000007477   0.0901776708  -0.1069619715
       -0.0000001685   0.0044460147   0.0010570178   0.0000000025  -0.0015591992
        0.0012974241  -0.0000000066   0.0032200307  -0.0236211175   0.0000000092
        0.0005771945   0.0010251370   0.0000000135  -0.0194172942  -0.0243347092
        0.0000001009  -0.0274916201   0.0122450039   0.0000000715
        0.0000001619   0.0000000356  -0.0502943498  -0.0000001186  -0.0000000963
       -0.0014780100   0.0000000226   0.0000001320  -0.0041110454   0.0000002553
       -0.0000000787  -0.0027355337   0.0000005184   0.0000006907  -0.0487944908
       -0.0000015525  -0.0000007477   0.1281535789   0.0000005442  -0.0000000614
       -0.0362536040   0.0000000162   0.0000000003   0.0056493052  -0.0000000134
        0.0000000022   0.0001884852  -0.0000000106   0.0000001045   0.0007883803
        0.0000000341   0.0000000084   0.0079585570   0.0000000157   0.0000000266
        0.0019858483   0.0000001266  -0.0000000162  -0.0010571213
       -0.0301648823   0.0140915596   0.0000000882  -0.0017102528   0.0027838821
        0.0000000630   0.0038119861  -0.0008782700  -0.0000000074   0.0003254448
       -0.0010318212   0.0000000064  -0.0493380543  -0.0015095252   0.0000001868
       -0.2748659845   0.0901776708   0.0000005442   0.5144042958   0.0912728563
       -0.0000015495  -0.0011297454  -0.0004765194   0.0000000192  -0.0034010511
        0.0010361984  -0.0000000287   0.0031627310  -0.0020989217  -0.0000000151
       -0.0011875259   0.0000724787  -0.0000000031   0.0010009270   0.0010762664
       -0.0000000174  -0.1609078884  -0.1945158547   0.0000007136
        0.0460942693  -0.0176438100  -0.0000001026  -0.0006326067  -0.0066562575
        0.0000000131  -0.0008519232   0.0023686729  -0.0000000039  -0.0013656472
       -0.0058928562   0.0000000204  -0.0273259100   0.0088345150   0.0000000651
        0.0560814949  -0.1069619715  -0.0000000614   0.0912728563   0.4303416922
       -0.0000007693  -0.0011072199   0.0002761296  -0.0000000016   0.0011585235
       -0.0002304043   0.0000000069   0.0010001742   0.0019950806  -0.0000000064
        0.0017844239  -0.0005474765  -0.0000000049   0.0009467549   0.0013157581
       -0.0000000092  -0.1670551900  -0.3071990724   0.0000008538
        0.0000000503  -0.0000000220   0.0061613138   0.0000000404   0.0000000222
        0.0063466937  -0.0000000062   0.0000000019  -0.0001071343   0.0000000294
       -0.0000000035   0.0050464912   0.0000002017   0.0000000034   0.0039012511
        0.0000006360  -0.0000001685  -0.0362536040  -0.0000015495  -0.0000007693
        0.0270235798   0.0000000014   0.0000000012   0.0000762495  -0.0000000193
        0.0000000034  -0.0008554579  -0.0000000175   0.0000000028  -0.0014454868
       -0.0000000027  -0.0000000006  -0.0003013330  -0.0000000160  -0.0000000117
       -0.0030892490   0.0000006521   0.0000009405  -0.0065033141
       -0.0001865305  -0.0011480861  -0.0000000043   0.0003505155   0.0011037322
        0.0000000228  -0.0046521403  -0.0095870201   0.0000000271  -0.0869392212
       -0.0635887472   0.0000003231  -0.0348319564  -0.0239060042   0.0000001887
       -0.0021793108   0.0044460147   0.0000000162  -0.0011297454  -0.0011072199
        0.0000000014   0.1234279148   0.0916922561  -0.0000005316   0.0056405214
        0.0021678884  -0.0000000101   0.0001676069   0.0002365564  -0.0000000081
       -0.0001405537   0.0001147178  -0.0000000123   0.0006457201  -0.0003051172
       -0.0000000128  -0.0001728205  -0.0001189708  -0.0000000002
       -0.0011647027   0.0000368003  -0.0000000043   0.0038246542  -0.0030079785
        0.0000000043  -0.0245619875  -0.0345332668   0.0000001280  -0.0613592531
       -0.0901189788   0.0000003138  -0.0123022541  -0.0005620140   0.0000000764
        0.0018521358   0.0010570178   0.0000000003  -0.0004765194   0.0002761296
        0.0000000012   0.0916922561   0.1282551264  -0.0000005048   0.0024928254
       -0.0019297040   0.0000000110   0.0001348400   0.0003372532  -0.0000000045
       -0.0011879007  -0.0009514231  -0.0000000048   0.0007015800   0.0012236192
       -0.0000000117   0.0003543262  -0.0000825812  -0.0000000051
       -0.0000000047  -0.0000000056  -0.0001023751   0.0000000087   0.0000000018
        0.0045314501   0.0000000503   0.0000000889   0.0020728402   0.0000003319
        0.0000003541  -0.0205563485   0.0000001547   0.0000000811   0.0022591053
       -0.0000000006   0.0000000025   0.0056493052   0.0000000192  -0.0000000016
        0.0000762495  -0.0000005316  -0.0000005048   0.0106891604  -0.0000000116
       -0.0000000097  -0.0010207452  -0.0000000042  -0.0000000031  -0.0011280159
        0.0000000019   0.0000000005  -0.0001507677  -0.0000000120  -0.0000000028
       -0.0021046376  -0.0000000021  -0.0000000012  -0.0002152207
       -0.0015049991  -0.0027216442   0.0000000157  -0.0388432326   0.0006117175
        0.0000001712  -0.1436503460   0.0325428672   0.0000002860  -0.0258646971
        0.0124647339   0.0000000690   0.0000788459   0.0009890819   0.0000000119
        0.0029884313  -0.0015591992  -0.0000000134  -0.0034010511   0.0011585235
       -0.0000000193   0.0056405214   0.0024928254  -0.0000000116   0.2048021944
       -0.0460832198  -0.0000005016  -0.0010560825   0.0003998011  -0.0000000018
        0.0009294131  -0.0000499128  -0.0000000127  -0.0007135859  -0.0001968616
        0.0000000040   0.0005945881  -0.0000487129   0.0000000024
       -0.0008141431  -0.0025907638   0.0000000125  -0.0130017941   0.0059784884
        0.0000000165   0.0304232442  -0.0334625545  -0.0000000621   0.0281499193
       -0.0116818580  -0.0000000600  -0.0005776985  -0.0038880635   0.0000000166
       -0.0008797335   0.0012974241   0.0000000022   0.0010361984  -0.0002304043
        0.0000000034   0.0021678884  -0.0019297040  -0.0000000097  -0.0460832198
        0.0456500045   0.0000000857  -0.0006915411   0.0001124225   0.0000000031
       -0.0007863694   0.0009469342  -0.0000000025   0.0011662695  -0.0001786022
       -0.0000000038  -0.0001090203  -0.0000233235  -0.0000000021
        0.0000000112   0.0000000246   0.0048675490   0.0000001662   0.0000000017
        0.0015981550   0.0000002908  -0.0000000681  -0.0186308278   0.0000000525
       -0.0000000564   0.0012382505   0.0000000032   0.0000000082   0.0042151571
        0.0000000235  -0.0000000066   0.0001884852  -0.0000000287   0.0000000069
       -0.0008554579  -0.0000000101   0.0000000110  -0.0010207452  -0.0000005016
        0.0000000857   0.0102350582   0.0000000037  -0.0000000007   0.0001567292
       -0.0000000078  -0.0000000074  -0.0019190610  -0.0000000012   0.0000000013
        0.0000907051  -0.0000000017  -0.0000000001  -0.0001639974
       -0.1656737506  -0.1270066491   0.0000006490  -0.0241793484  -0.0204067296
        0.0000001102  -0.0044719951   0.0018589428   0.0000000331  -0.0000032403
        0.0004739663   0.0000000018   0.0002358175   0.0013427226   0.0000000184
        0.0018949928   0.0032200307  -0.0000000106   0.0031627310   0.0010001742
       -0.0000000175   0.0001676069   0.0001348400  -0.0000000042  -0.0010560825
       -0.0006915411   0.0000000037   0.1893994605   0.1414288466  -0.0000007735
        0.0006151121  -0.0007557578  -0.0000000092   0.0001645565   0.0002549628
       -0.0000000021  -0.0002558603  -0.0008538084   0.0000000009
       -0.1277260926  -0.1780573066   0.0000006551   0.0030345464   0.0043478626
       -0.0000000208   0.0015299534   0.0009575556   0.0000000060   0.0010420170
       -0.0001306291  -0.0000000006   0.0015891099  -0.0057285600   0.0000000114
       -0.0208011326  -0.0236211175   0.0000001045  -0.0020989217   0.0019950806
        0.0000000028   0.0002365564   0.0003372532  -0.0000000031   0.0003998011
        0.0001124225  -0.0000000007   0.1414288466   0.2002943266  -0.0000007464
        0.0008565754   0.0009801506  -0.0000000076  -0.0011189013  -0.0010684340
        0.0000000049   0.0016276420  -0.0004186045  -0.0000000054
        0.0000006563   0.0000006679  -0.0307554747   0.0000000735   0.0000000595
       -0.0005873397   0.0000000340   0.0000000060   0.0074980409   0.0000000053
       -0.0000000050   0.0003601984   0.0000000216   0.0000000183   0.0062357373
        0.0000000239   0.0000000092   0.0007883803  -0.0000000151  -0.0000000064
       -0.0014454868  -0.0000000081  -0.0000000045  -0.0011280159  -0.0000000018
        0.0000000031   0.0001567292  -0.0000007735  -0.0000007464   0.0223633814
       -0.0000000123  -0.0000000068  -0.0026804623  -0.0000000007   0.0000000015
       -0.0003224576  -0.0000000030   0.0000000035  -0.0004832304
       -0.0094021370   0.0273541677  -0.0000000161  -0.0613468054   0.0691058833
       -0.0000000449   0.0042746598  -0.0201718783   0.0000000217  -0.0021911011
       -0.0022890117   0.0000000321  -0.0003163133  -0.0003109986   0.0000000048
       -0.0047468705   0.0005771945   0.0000000341  -0.0011875259   0.0017844239
       -0.0000000027  -0.0001405537  -0.0011879007   0.0000000019   0.0009294131
       -0.0007863694  -0.0000000078   0.0006151121   0.0008565754  -0.0000000123
        0.0733711371  -0.0749265149  -0.0000000053  -0.0000364325  -0.0000488169
       -0.0000000045   0.0001774174   0.0000432458  -0.0000000011
        0.0045384425  -0.0091162364  -0.0000000002   0.0684146159  -0.2890565711
        0.0000003024   0.0041110639  -0.0243000529   0.0000000267  -0.0027060179
       -0.0020547093   0.0000000282  -0.0005920565   0.0005548538   0.0000000042
        0.0018245382   0.0010251370   0.0000000084   0.0000724787  -0.0005474765
       -0.0000000006   0.0001147178  -0.0009514231   0.0000000005  -0.0000499128
        0.0009469342  -0.0000000074  -0.0007557578   0.0009801506  -0.0000000068
       -0.0749265149   0.3224525497  -0.0000003541   0.0000049615   0.0000888219
       -0.0000000013  -0.0000505587  -0.0000219780   0.0000000001
        0.0000000182  -0.0000000729   0.0004764017  -0.0000000268   0.0000003151
       -0.0333561569  -0.0000000335   0.0000001031   0.0006315158   0.0000000379
        0.0000000142   0.0071318824   0.0000000133   0.0000000026  -0.0000951025
        0.0000000394   0.0000000135   0.0079585570  -0.0000000031  -0.0000000049
       -0.0003013330  -0.0000000123  -0.0000000048  -0.0001507677  -0.0000000127
       -0.0000000025  -0.0019190610  -0.0000000092  -0.0000000076  -0.0026804623
       -0.0000000053  -0.0000003541   0.0236081780  -0.0000000057  -0.0000000023
       -0.0013610670  -0.0000000002   0.0000000006   0.0000574153
       -0.0028835826  -0.0029170211   0.0000000318  -0.0003676833  -0.0000828444
        0.0000000066  -0.0042234126   0.0007508268   0.0000000298  -0.0099583516
        0.0275828549  -0.0000000118  -0.0619152107   0.0701912173  -0.0000000322
        0.0067221659  -0.0194172942   0.0000000157   0.0010009270   0.0009467549
       -0.0000000160   0.0006457201   0.0007015800  -0.0000000120  -0.0007135859
        0.0011662695  -0.0000000012   0.0001645565  -0.0011189013  -0.0000000007
       -0.0000364325   0.0000049615  -0.0000000057   0.0713577666  -0.0780106472
       -0.0000000048   0.0002071231   0.0002022434   0.0000000008
       -0.0031780598  -0.0026545723   0.0000000267  -0.0006991669   0.0005941569
        0.0000000022   0.0012827735   0.0007820671   0.0000000080   0.0046459808
       -0.0092705530  -0.0000000021   0.0701468993  -0.2916324225   0.0000002536
        0.0044448429  -0.0243347092   0.0000000266   0.0010762664   0.0013157581
       -0.0000000117  -0.0003051172   0.0012236192  -0.0000000028  -0.0001968616
       -0.0001786022   0.0000000013   0.0002549628  -0.0010684340   0.0000000015
       -0.0000488169   0.0000888219  -0.0000000023  -0.0780106472   0.3245664331
       -0.0000003005   0.0005869440   0.0005684368  -0.0000000005
        0.0000000287   0.0000000173   0.0066674846   0.0000000065  -0.0000000012
       -0.0001322774   0.0000000314   0.0000000103   0.0072548275   0.0000000257
       -0.0000000644  -0.0001697615  -0.0000000336   0.0000002598  -0.0318206611
       -0.0000000200   0.0000001009   0.0019858483  -0.0000000174  -0.0000000092
       -0.0030892490  -0.0000000128  -0.0000000117  -0.0021046376   0.0000000040
       -0.0000000038   0.0000907051  -0.0000000021   0.0000000049  -0.0003224576
       -0.0000000045  -0.0000000013  -0.0013610670  -0.0000000048  -0.0000003005
        0.0228736655  -0.0000000012  -0.0000000011   0.0001275803
        0.0020064364  -0.0014557891  -0.0000000083  -0.0004679558  -0.0001266328
        0.0000000017  -0.0002832788   0.0004617518   0.0000000003  -0.0014893606
       -0.0017545689   0.0000000133  -0.0059461662   0.0020445023   0.0000000180
       -0.0330817152  -0.0274916201   0.0000001266  -0.1609078884  -0.1670551900
        0.0000006521  -0.0001728205   0.0003543262  -0.0000000021   0.0005945881
       -0.0001090203  -0.0000000017  -0.0002558603   0.0016276420  -0.0000000030
        0.0001774174  -0.0000505587  -0.0000000002   0.0002071231   0.0005869440
       -0.0000000012   0.1996194807   0.1929682136  -0.0000007955
        0.0026929006   0.0022471342  -0.0000000142  -0.0004779975  -0.0003439280
        0.0000000009   0.0001641021   0.0004865415  -0.0000000002   0.0005368083
       -0.0000471105   0.0000000017   0.0001588012   0.0002671616   0.0000000020
       -0.0007509707   0.0122450039  -0.0000000162  -0.1945158547  -0.3071990724
        0.0000009405  -0.0001189708  -0.0000825812  -0.0000000012  -0.0000487129
       -0.0000233235  -0.0000000001  -0.0008538084  -0.0004186045   0.0000000035
        0.0000432458  -0.0000219780   0.0000000006   0.0002022434   0.0005684368
       -0.0000000011   0.1929682136   0.2923223201  -0.0000009164
       -0.0000000190  -0.0000000004  -0.0014588088   0.0000000022  -0.0000000057
        0.0000838338   0.0000000101  -0.0000000025   0.0001721532  -0.0000000016
        0.0000000207   0.0014377036   0.0000000225  -0.0000000081   0.0015042445
        0.0000000648   0.0000000715  -0.0010571213   0.0000007136   0.0000008538
       -0.0065033141  -0.0000000002  -0.0000000051  -0.0002152207   0.0000000024
       -0.0000000021  -0.0001639974   0.0000000009  -0.0000000054  -0.0004832304
       -0.0000000011   0.0000000001   0.0000574153   0.0000000008  -0.0000000005
        0.0001275803  -0.0000007955  -0.0000009164   0.0064987619
