           1           2  0.989766165745445     
           2           3   1.05146793139457     
           3           4   1.34091390676286     
           4           5   1.45585251589570     
           5           6   1.43968699589593     
           6           7   1.35634070981808     
           3           8   1.39833479244669     
           7           8   1.34733894490112     
           7           9   1.14849037273978     
           1          10  0.976541947531701     
           1          11  0.979969026004316     
           1          12  0.976514669145916     
           4          13  0.969368574818605     
           5          14  0.970902012721804     
           6          15  0.969102035371949     
           8          16  0.963812060227110     
           9          17  0.956198949736814     
           9          18  0.956152346429755     
