           1           2   1.00251513509464     
           2           3   1.00728766962046     
           2           4  0.918367519263960     
           4           5   1.14308904777634     
           4           6  0.174807866196567     
           5           6   1.74765859736956     
           5           7  0.983856732241313     
           1           8  0.983868225517958     
           1           9  0.984308597920280     
           1          10  0.985493720303003     
           2          11  0.961027376283747     
           3          12  0.985115865181264     
           3          13  0.984453726306554     
           3          14  0.983817421847260     
           7          15  0.980915637997733     
           7          16  0.957206842416374     
           7          17  0.975280557306969     
