           1           2   1.38560163384631     
           2           3   1.38647304888504     
           3           4   1.40442364548871     
           4           5   1.34920538018039     
           1           6   1.40485899358261     
           5           6   1.35028510491132     
           6           7   1.00788797653482     
           5           8   1.01859064145130     
           4           9   1.00947775063395     
           2          10   1.03467566698225     
          10          11   1.38701537778212     
          11          12   1.40081604791143     
          12          13   1.34312241998492     
          13          14   1.35075172364309     
          10          15   1.34653407467748     
          14          15   1.35553632921378     
          15          16   1.01143371724676     
          14          17   1.02329212405189     
          13          18   1.02446412936617     
          12          19   1.01323038205547     
           1          20  0.961582913278768     
           3          21  0.960800170561871     
          11          22  0.959031750511636     
