$hessian                                                                        
        0.4760987339  -0.0468094972  -0.0168375180  -0.1026122225  -0.0323514743
       -0.0348450593   0.0047373816   0.0025793757   0.0053669603  -0.0074947451
       -0.0087232185  -0.0067392501   0.0006727557   0.0015882678  -0.0004360530
       -0.0006790542  -0.0006523937  -0.0005486711  -0.0000078746  -0.0000202787
        0.0000420284  -0.0006272023   0.0001302402  -0.0002301399  -0.0000252273
       -0.0000805290   0.0000477575  -0.0012207817  -0.0006838391  -0.0034313408
       -0.0002583247   0.0000479963   0.0005720343  -0.0349196088   0.0046684005
       -0.0207714989   0.0013962949  -0.0000944507   0.0013549361   0.0004359168
       -0.0000054057   0.0004481206   0.0001230107   0.0005641400   0.0002131176
       -0.0006856625  -0.0011819355   0.0008372080  -0.0738934232   0.0156848531
        0.0342307023  -0.1927829873   0.1102352881  -0.0038662798  -0.0562913006
       -0.0453750886   0.0148358066  -0.0008676852   0.0000949928   0.0004144640
       -0.0002369585   0.0000959402  -0.0001770291  -0.0004315152  -0.0015683882
        0.0016350920   0.0001248347  -0.0001495787  -0.0004353088  -0.0105543547
        0.0020065833   0.0283199209
       -0.0468094972   0.5195577662  -0.0304647999  -0.0325416618  -0.0774253222
       -0.0241946053  -0.0011169026   0.0001466074  -0.0017823547  -0.0170358187
       -0.0140580723  -0.0140668424  -0.0013431211  -0.0005980470  -0.0010533804
       -0.0006115024  -0.0010822412  -0.0002024151  -0.0002107928  -0.0002481799
        0.0001417823   0.0000607800  -0.0002368713  -0.0002529606   0.0000414626
        0.0000088232   0.0000157058  -0.0001102325   0.0009433155   0.0030645364
        0.0005056589  -0.0001232935  -0.0004353097   0.0202015058   0.0024598764
        0.0108988371  -0.0004966813  -0.0003893975  -0.0010379098   0.0001923782
        0.0001153473   0.0000813248  -0.0010878929  -0.0010199688  -0.0000268489
       -0.0017889468  -0.0053283757   0.0004213864   0.0103030076  -0.0640326356
        0.0157734631   0.1083194732  -0.1249081340   0.0041462916  -0.0425661349
       -0.2333343106   0.0619586676   0.0000906383   0.0001070617   0.0002506778
       -0.0001706593  -0.0001455678  -0.0000744637   0.0012640450   0.0019958475
        0.0015378990  -0.0005206023  -0.0010978513  -0.0010643409   0.0054314970
       -0.0013063762  -0.0236343406
       -0.0168375180  -0.0304647999   0.4337613264  -0.0397546757  -0.0201268025
       -0.0879035382  -0.0139986098  -0.0113370720  -0.0217756727   0.0029424002
       -0.0025742367   0.0044351221  -0.0001863159   0.0007455489   0.0004115821
        0.0007248074   0.0017623789   0.0031758373   0.0002445822  -0.0001847172
       -0.0003038117   0.0000899606   0.0004202037   0.0000253300   0.0002234989
       -0.0000115553  -0.0000588682  -0.0005250576   0.0010140463   0.0060209010
        0.0002963301   0.0001704581  -0.0003889814  -0.0078266674   0.0025896055
       -0.0033752847  -0.0050555174  -0.0005889294  -0.0033848567  -0.0000001652
       -0.0003249842  -0.0007950315  -0.0031618609  -0.0037156138  -0.0023661244
        0.0009292265   0.0018899316  -0.0001860692   0.0511159594  -0.0055802183
       -0.2251573703   0.0005901926   0.0018265093  -0.0387327592   0.0133305127
        0.0634581513  -0.0563561899   0.0015463304   0.0003359973  -0.0000323366
       -0.0004974532   0.0000669027   0.0000515427   0.0047281231   0.0064182341
       -0.0015323275  -0.0002530815   0.0003565303   0.0005281463   0.0113349982
       -0.0061455687  -0.0060605656
       -0.1026122225  -0.0325416618  -0.0397546757   0.4324643347   0.0104573327
       -0.0386761913  -0.0702571050  -0.0016806486   0.0813817705  -0.0698130461
       -0.0242246253   0.0102956360   0.0020056986   0.0194381822  -0.0063161118
       -0.0057006687  -0.0209342098   0.0061990035  -0.0039208860  -0.0011956250
        0.0028991370   0.0032634599  -0.0001491066  -0.0016999985   0.0003685467
        0.0003908909  -0.0001326752  -0.0353230658   0.0137401060   0.0059908006
       -0.0050876906   0.0007316632   0.0035560278  -0.1265925252   0.0594675429
       -0.0069650838   0.0009257816  -0.0004696713  -0.0026584816  -0.0001100007
        0.0015511215  -0.0002553560  -0.0009916918   0.0010372012  -0.0005906167
       -0.0026545947  -0.0113596926  -0.0022809281   0.0064425339   0.0037894283
        0.0072264434  -0.0199621256  -0.0063669648  -0.0123191751  -0.0080973999
       -0.0062775140  -0.0052699852   0.0006225959  -0.0007709994   0.0009613959
       -0.0002034640  -0.0019711544  -0.0007697603   0.0015058276   0.0003187226
       -0.0002167218   0.0004822805  -0.0031588471  -0.0012826705   0.0032454274
        0.0001785294   0.0006782168
       -0.0323514743  -0.0774253222  -0.0201268025   0.0104573327   0.4299327168
        0.0007570138  -0.0013791127  -0.0389079412  -0.0024931692  -0.0243800935
       -0.1404423165   0.0193577535  -0.0003022224  -0.0166264583   0.0059105973
       -0.0094741624  -0.0023341702   0.0070793828   0.0007937659   0.0010703476
       -0.0006156869  -0.0007771275   0.0003997215  -0.0002097218   0.0002163250
       -0.0003507895   0.0000920064   0.0123567008   0.0010830131  -0.0192850932
       -0.0009055848   0.0010115306   0.0010052221   0.0661416566  -0.1156339783
        0.0343146490   0.0007326511  -0.0002337040   0.0025169692   0.0004818899
       -0.0014841075   0.0005868205   0.0011385937  -0.0015146555  -0.0011332887
       -0.0083385560  -0.0273374329  -0.0054669849   0.0010738588   0.0005098460
       -0.0106344053   0.0119717562   0.0039489879   0.0075567803  -0.0239138368
       -0.0164615825  -0.0145914709  -0.0003735211   0.0011203230  -0.0006981599
       -0.0003770719   0.0010825268  -0.0004508705  -0.0003027915   0.0010168568
        0.0006032293  -0.0013144732  -0.0029784641  -0.0026767867  -0.0011745025
        0.0005550525  -0.0013979836
       -0.0348450593  -0.0241946053  -0.0879035382  -0.0386761913   0.0007570138
        0.5027867812   0.0784290184  -0.0015969372  -0.2294246309   0.0102983886
        0.0283067521  -0.0677662414   0.0004100929   0.0107194695  -0.0017895853
        0.0087607380   0.0162531584  -0.0050731789   0.0028468207   0.0003825036
       -0.0021004527  -0.0023082436   0.0001019718   0.0014951996  -0.0002112039
       -0.0000161627  -0.0000640494   0.0114889531  -0.0173551074   0.0048233258
        0.0029806330   0.0007502621   0.0000102999  -0.0125278703   0.0340135104
       -0.0707522369  -0.0007792414  -0.0006807555  -0.0011811115  -0.0000203256
        0.0004461287  -0.0004180844  -0.0003910143   0.0001540930   0.0009504861
       -0.0080156358  -0.0300206685   0.0002169590  -0.0171355822  -0.0138220045
       -0.0424373184  -0.0024709989   0.0000904793  -0.0005480798   0.0023484596
        0.0011809127   0.0034540197   0.0006214874  -0.0001285372   0.0002249358
       -0.0002356699  -0.0008497644  -0.0000587422  -0.0000362462  -0.0005207489
       -0.0008045919  -0.0011518023  -0.0039908115  -0.0033862915   0.0006204933
        0.0000198476  -0.0002538739
        0.0047373816  -0.0011169026  -0.0139986098  -0.0702571050  -0.0013791127
        0.0784290184   0.0995165733  -0.0046372276  -0.0946160321  -0.0032102835
       -0.0036768037   0.0105957189  -0.0002387030  -0.0001791811   0.0000502655
       -0.0003423025  -0.0017115359   0.0005132725  -0.0002935763   0.0000140702
        0.0001511020   0.0005596322   0.0003382114   0.0001577750   0.0002046712
        0.0000724190  -0.0001246953  -0.0019347864   0.0050262207   0.0006402140
       -0.0007629217  -0.0002257594   0.0003578800  -0.0263825591   0.0084052829
        0.0232402273   0.0001119116   0.0000502425   0.0008964975   0.0001297497
       -0.0001113511  -0.0002266675   0.0000184186  -0.0000356415  -0.0001333027
       -0.0001033480   0.0004567944   0.0002083469  -0.0014403701  -0.0017262544
       -0.0049329981   0.0003187544  -0.0000312396  -0.0007567375   0.0004589805
        0.0001744347  -0.0002470351  -0.0002909336   0.0000110078  -0.0001142299
       -0.0005064311  -0.0000785455   0.0001899981  -0.0000895583  -0.0000720092
       -0.0000860798   0.0001700217   0.0004232926  -0.0001560972  -0.0003732162
        0.0000095883  -0.0000378311
        0.0025793757   0.0001466074  -0.0113370720  -0.0016806486  -0.0389079412
       -0.0015969372  -0.0046372276   0.0537634996   0.0055395938  -0.0137161368
       -0.0053189481   0.0250650944  -0.0000463173  -0.0004364059   0.0000182024
       -0.0007721176  -0.0047157557   0.0003915081  -0.0010563747  -0.0001611146
        0.0007663799   0.0001642625  -0.0001012742   0.0001220264   0.0000463013
       -0.0000863704  -0.0000315761   0.0015408776  -0.0024422282  -0.0002342657
        0.0005769574   0.0001175365  -0.0002417952   0.0178698457  -0.0028144659
       -0.0151338997  -0.0000655287  -0.0001636147  -0.0004678280   0.0000475607
        0.0001094860  -0.0001361772   0.0000388231   0.0001896867  -0.0002588314
        0.0007145765   0.0009934081   0.0009705789  -0.0015873420  -0.0004458243
       -0.0030935481   0.0002766680   0.0002220688   0.0004636695   0.0001475456
       -0.0002019601  -0.0007793485   0.0000958299  -0.0000472200   0.0000103026
       -0.0002014323  -0.0000619824   0.0000519591   0.0000414785  -0.0000532707
       -0.0000732303  -0.0003007893   0.0003265937   0.0000047240  -0.0000761876
        0.0000894896  -0.0000195299
        0.0053669603  -0.0017823547  -0.0217756727   0.0813817705  -0.0024931692
       -0.2294246309  -0.0946160321   0.0055395938   0.2628154657   0.0068240461
        0.0048458163  -0.0110568658  -0.0000652967   0.0002220465  -0.0002712239
       -0.0003572122   0.0016990824  -0.0002040122   0.0003355424   0.0000227241
       -0.0001406627  -0.0001491028  -0.0000909199   0.0000762800  -0.0001961160
       -0.0000366820   0.0000407251  -0.0006286005  -0.0006949399  -0.0001555198
       -0.0001396610   0.0000896060   0.0000845460   0.0062592093  -0.0033939192
        0.0030474605   0.0000588942   0.0001546168   0.0003144593  -0.0000051090
        0.0000511421   0.0001260476  -0.0002474745  -0.0000886273   0.0000938285
       -0.0007874552  -0.0010810751   0.0011213118  -0.0035463759  -0.0024193898
       -0.0050676213   0.0001788545   0.0002925805  -0.0000377399   0.0004535424
       -0.0000140438   0.0004212200  -0.0001066498  -0.0000244053   0.0001021260
        0.0001533583   0.0000031776   0.0000098249   0.0002284480  -0.0000373703
       -0.0001104444  -0.0001721436  -0.0009267637  -0.0000707090  -0.0002233969
        0.0001632741   0.0000618073
       -0.0074947451  -0.0170358187   0.0029424002  -0.0698130461  -0.0243800935
        0.0102983886  -0.0032102835  -0.0137161368   0.0068240461   0.4766914014
       -0.0169879576   0.0240041947  -0.1668242650   0.0742332509  -0.0640604012
       -0.1344008557  -0.0104893362   0.0496965604  -0.0113938146  -0.0054679177
        0.0084163278  -0.0269612717   0.0063415229   0.0118317475  -0.0033414525
        0.0027788439  -0.0015192192   0.0027275438  -0.0021887906   0.0014765501
        0.0000676355  -0.0003904048  -0.0000145202  -0.0011952276   0.0288542136
       -0.0098085108  -0.0006327757  -0.0005752049  -0.0002275055   0.0016799817
       -0.0011798382   0.0007656402   0.0041636344   0.0008617194  -0.0070553596
       -0.0547955956  -0.0145119810  -0.0209576875   0.0006751775   0.0013553500
        0.0004779852  -0.0004202262  -0.0011743491   0.0001490664  -0.0024910993
       -0.0018345447  -0.0026334672  -0.0000483701   0.0004820185   0.0003113855
       -0.0011894832   0.0008591373  -0.0015186896   0.0032259211  -0.0011501616
       -0.0013301903  -0.0051872459  -0.0048430684  -0.0081986349   0.0001684621
        0.0001595473   0.0001298932
       -0.0087232185  -0.0140580723  -0.0025742367  -0.0242246253  -0.1404423165
        0.0283067521  -0.0036768037  -0.0053189481   0.0048458163  -0.0169879576
        0.4536989510  -0.0218424162   0.0756120596  -0.0866337850   0.0413346615
       -0.0057953345  -0.0664369435   0.0092190351  -0.0247688096  -0.0068412376
        0.0157540640   0.0156707634   0.0029824496  -0.0085334743   0.0033319731
       -0.0015728831   0.0006893518  -0.0020741195   0.0021893173   0.0005178508
       -0.0004145880   0.0003345409   0.0001406929   0.0094527458  -0.0323921961
        0.0076002598  -0.0008917678   0.0001039831   0.0000831664  -0.0000085163
       -0.0012077175  -0.0015986134   0.0045872976   0.0010487084  -0.0080830940
       -0.0148140658  -0.0913643288  -0.0349941654   0.0005300591   0.0011836350
        0.0031963562   0.0009566750   0.0002401836   0.0003437339  -0.0008736633
       -0.0006670785  -0.0009105148   0.0004120154  -0.0001316357  -0.0004028807
       -0.0012661241   0.0017805493   0.0002627904   0.0005430988   0.0013961395
       -0.0013297420  -0.0069268811  -0.0172369166  -0.0316000180   0.0003497872
       -0.0006543983  -0.0004253758
       -0.0067392501  -0.0140668424   0.0044351221   0.0102956360   0.0193577535
       -0.0677662414   0.0105957189   0.0250650944  -0.0110568658   0.0240041947
       -0.0218424162   0.4588253060  -0.0621799378   0.0408058862  -0.0704408010
        0.0454563757   0.0126073111  -0.0822616424   0.0051690651   0.0018889595
       -0.0027935666  -0.0004909619  -0.0027582398   0.0095053370  -0.0024393906
        0.0018048700  -0.0004510779   0.0001551056  -0.0007131241   0.0012469494
        0.0001044086   0.0001550313  -0.0000439844  -0.0051094047   0.0089260171
       -0.0003531347  -0.0002319836   0.0001639815  -0.0006413443   0.0014366740
       -0.0019073045  -0.0036747675   0.0181695326  -0.0019454824  -0.0352170846
       -0.0316634455  -0.0636057834  -0.2019473418   0.0013276133   0.0007829360
       -0.0003643139  -0.0002219651  -0.0006244059   0.0002140786  -0.0027918204
       -0.0017316167  -0.0012453939   0.0001268352  -0.0003998851  -0.0005344241
       -0.0041972399   0.0021991156  -0.0001346206   0.0003266469  -0.0010353732
       -0.0000752432  -0.0007137473  -0.0029336841   0.0049119953  -0.0003886596
       -0.0001927986  -0.0001369403
        0.0006727557  -0.0013431211  -0.0001863159   0.0020056986  -0.0003022224
        0.0004100929  -0.0002387030  -0.0000463173  -0.0000652967  -0.1668242650
        0.0756120596  -0.0621799378   0.1995880051  -0.0819065029   0.0817516128
       -0.0289390593   0.0139643130  -0.0064229669   0.0003496554   0.0001335143
       -0.0005368274  -0.0040606412  -0.0010915960   0.0044742515  -0.0011522504
        0.0011254895  -0.0003573991  -0.0004206623  -0.0004353923  -0.0000985006
        0.0001101387  -0.0001592508   0.0000543190   0.0009301537  -0.0009506192
        0.0001605663   0.0004562773  -0.0000249813   0.0002555991   0.0004704271
       -0.0001963091  -0.0001994421   0.0024312171  -0.0008271662  -0.0015327046
       -0.0048418450  -0.0033126008  -0.0162987084  -0.0001455804  -0.0004399188
        0.0003769664  -0.0000353731  -0.0007327788   0.0000898358  -0.0000620862
       -0.0002343932  -0.0000443755  -0.0002809866   0.0001699206  -0.0001891759
        0.0000481239  -0.0000974370   0.0001172752  -0.0001681079   0.0009885891
        0.0007992548   0.0003393390  -0.0000677868  -0.0004253537  -0.0002322314
        0.0001745081   0.0000472307
        0.0015882678  -0.0005980470   0.0007455489   0.0194381822  -0.0166264583
        0.0107194695  -0.0001791811  -0.0004364059   0.0002220465   0.0742332509
       -0.0866337850   0.0408058862  -0.0819065029   0.1017374462  -0.0420700957
        0.0007676202   0.0014386418  -0.0001497324  -0.0004189118   0.0001965460
        0.0000355231   0.0003712253   0.0006657836  -0.0000161815  -0.0002293568
       -0.0000787141   0.0000423375  -0.0002608996   0.0005451063   0.0003172442
       -0.0001533202   0.0001546288  -0.0000607221   0.0001572368  -0.0078542796
        0.0028516163  -0.0002674846  -0.0000016539  -0.0002781934  -0.0001025099
        0.0000615321  -0.0000853868  -0.0002829437   0.0000592735  -0.0001332556
       -0.0112358303   0.0068470079  -0.0111460219   0.0001904358   0.0003915693
       -0.0003526027  -0.0011808856  -0.0005909030   0.0000528920   0.0000659747
        0.0005064691   0.0001065287   0.0001682209  -0.0000747709   0.0000704249
        0.0000114883  -0.0001266516  -0.0001094250   0.0007022157  -0.0004202788
       -0.0009256281  -0.0014707846   0.0009227210  -0.0007063729  -0.0000055077
       -0.0000847774   0.0000641005
       -0.0004360530  -0.0010533804   0.0004115821  -0.0063161118   0.0059105973
       -0.0017895853   0.0000502655   0.0000182024  -0.0002712239  -0.0640604012
        0.0413346615  -0.0704408010   0.0817516128  -0.0420700957   0.1010041098
        0.0136102424  -0.0065270958   0.0042190959  -0.0002380581  -0.0003041710
        0.0002415693   0.0024556609  -0.0000479774  -0.0021963645   0.0006982589
       -0.0005082185   0.0002819015   0.0001478180   0.0001046891  -0.0002947843
        0.0000050689  -0.0000594184  -0.0000219599   0.0002688617   0.0019245927
       -0.0004205023   0.0000363381   0.0001071095   0.0001974231  -0.0003680641
        0.0002070008   0.0001967700   0.0007120230   0.0002952975   0.0022715633
       -0.0289416025   0.0016602746  -0.0336918530   0.0001066852  -0.0000438527
        0.0002104794   0.0002332104  -0.0000850242   0.0003531382  -0.0000564985
       -0.0002071703  -0.0001853782  -0.0000175139   0.0000160166   0.0000371214
        0.0003774733  -0.0003437150  -0.0002075155  -0.0000246930  -0.0004747240
       -0.0003854534   0.0000213220   0.0001156190   0.0005551025  -0.0000158451
        0.0000307823  -0.0000744354
       -0.0006790542  -0.0006115024   0.0007248074  -0.0057006687  -0.0094741624
        0.0087607380  -0.0003423025  -0.0007721176  -0.0003572122  -0.1344008557
       -0.0057953345   0.0454563757  -0.0289390593   0.0007676202   0.0136102424
        0.4442712291   0.0403022909   0.0029331112  -0.0661690588  -0.0649628954
        0.0036553576  -0.1107919391   0.0397385435  -0.0075343788  -0.0226583719
        0.0163516041  -0.0040899487   0.0100343260   0.0041516402   0.0001129240
       -0.0003328548  -0.0026337029   0.0005729916  -0.0039457194   0.0024904713
        0.0005146695  -0.0018536037   0.0004742213  -0.0020627626  -0.0111109793
        0.0039505338  -0.0156149636  -0.0729407730  -0.0164194590  -0.0163488432
        0.0056069830  -0.0008013614  -0.0032098348   0.0003694842   0.0010120102
       -0.0005256732  -0.0001098868   0.0000762289   0.0001324013   0.0000616045
        0.0000629151  -0.0000827314   0.0016941751  -0.0019032984   0.0012531819
        0.0019704093  -0.0013109216   0.0002889087  -0.0066029632  -0.0043613991
       -0.0275481645   0.0020090085   0.0003587258  -0.0007170324   0.0005608708
       -0.0006906505   0.0000758364
       -0.0006523937  -0.0010822412   0.0017623789  -0.0209342098  -0.0023341702
        0.0162531584  -0.0017115359  -0.0047157557   0.0016990824  -0.0104893362
       -0.0664369435   0.0126073111   0.0139643130   0.0014386418  -0.0065270958
        0.0403022909   0.4960814359   0.0087559681  -0.0652642723  -0.2278048694
        0.0070160132   0.0441531029  -0.1030036100   0.0155302602   0.0028982911
       -0.0001945556   0.0000302970   0.0180826779  -0.0290986566   0.0119523297
       -0.0017493266  -0.0055905069   0.0004803642   0.0029252707   0.0051535248
       -0.0034443789   0.0000097850   0.0021181901   0.0006936840  -0.0075471476
        0.0056445211  -0.0054111530  -0.0195896127  -0.0620655532  -0.0206758909
        0.0065423332  -0.0022622970  -0.0173366257   0.0013712044   0.0008916153
       -0.0007874046   0.0000723970  -0.0001026433   0.0000470864  -0.0002771717
       -0.0001816682  -0.0004511218   0.0007931732  -0.0013310517  -0.0016058513
       -0.0001302542   0.0016158722   0.0000860908  -0.0042453313  -0.0067247441
       -0.0188351793   0.0020542057   0.0008754570  -0.0018865815  -0.0005784530
       -0.0008899916   0.0000472586
       -0.0005486711  -0.0002024151   0.0031758373   0.0061990035   0.0070793828
       -0.0050731789   0.0005132725   0.0003915081  -0.0002040122   0.0496965604
        0.0092190351  -0.0822616424  -0.0064229669  -0.0001497324   0.0042190959
        0.0029331112   0.0087559681   0.4545576768   0.0023561844   0.0071828801
       -0.0372451858  -0.0087418516   0.0143374395  -0.0576242692   0.0136234931
       -0.0104052493   0.0043981750  -0.0000619004   0.0080166016   0.0044901528
       -0.0003139719  -0.0001655929   0.0002766727  -0.0001790681  -0.0033985725
       -0.0005801878  -0.0026875668   0.0014774814  -0.0052337570  -0.0275448253
        0.0106160736  -0.0225984470  -0.0416475136  -0.0332798468  -0.2198620034
        0.0181675228  -0.0065425889  -0.0331750673   0.0036393700   0.0038533722
       -0.0034852189   0.0000644375  -0.0001781929  -0.0000209914   0.0000181944
        0.0002305724  -0.0003209722   0.0026031536  -0.0060205162   0.0007241404
       -0.0004229788   0.0003082771  -0.0007002071  -0.0109806341  -0.0097065810
       -0.0042632802  -0.0002800800  -0.0003773738   0.0001451130   0.0000177252
       -0.0010419298   0.0006615569
       -0.0000078746  -0.0002107928   0.0002445822  -0.0039208860   0.0007937659
        0.0028468207  -0.0002935763  -0.0010563747   0.0003355424  -0.0113938146
       -0.0247688096   0.0051690651   0.0003496554  -0.0004189118  -0.0002380581
       -0.0661690588  -0.0652642723   0.0023561844   0.0801186349   0.0775385691
        0.0018517308   0.0046501724   0.0222332709  -0.0016537006   0.0006759326
        0.0004117763   0.0000241878  -0.0039153834   0.0025838446  -0.0017483688
        0.0003520967   0.0012404548  -0.0001519606   0.0006233442   0.0000978818
       -0.0003204450   0.0002875486  -0.0003612241   0.0001815449   0.0009498150
       -0.0009278848   0.0010331405  -0.0032490108  -0.0109278249  -0.0066413870
        0.0008468382  -0.0002421243  -0.0021424868   0.0000220817  -0.0000326516
        0.0000582613   0.0000824605  -0.0000247304   0.0000461692  -0.0000182006
        0.0000004079  -0.0001122402  -0.0003234475   0.0002957779  -0.0001602222
       -0.0001317329  -0.0000493131   0.0001240880   0.0004229499  -0.0015214053
       -0.0019987284   0.0001518317   0.0005068034   0.0009116436  -0.0001103762
        0.0001037672  -0.0000153634
       -0.0000202787  -0.0002481799  -0.0001847172  -0.0011956250   0.0010703476
        0.0003825036   0.0000140702  -0.0001611146   0.0000227241  -0.0054679177
       -0.0068412376   0.0018889595   0.0001335143   0.0001965460  -0.0003041710
       -0.0649628954  -0.2278048694   0.0071828801   0.0775385691   0.2683044040
        0.0016821567  -0.0026407467  -0.0276832264   0.0025406391  -0.0004663923
        0.0002869230  -0.0003368922   0.0051672165  -0.0023099969   0.0015618011
       -0.0004856594  -0.0012353162   0.0002607812  -0.0001158706   0.0006175047
       -0.0001727928   0.0000279307   0.0004687511  -0.0003908333  -0.0010396720
        0.0026764050  -0.0001271145  -0.0092716902  -0.0060684420  -0.0143095506
        0.0017840738   0.0016763563  -0.0000909144  -0.0002757511  -0.0001495491
        0.0001528449  -0.0000015397   0.0000369048   0.0000226934   0.0000535632
        0.0000438373  -0.0000030950  -0.0001879591  -0.0003395894   0.0002362375
        0.0001952308  -0.0007372834   0.0002956301   0.0017583309  -0.0020497659
       -0.0011368616  -0.0006516635   0.0000868003   0.0007341357   0.0001111624
        0.0001637905   0.0000929554
        0.0000420284   0.0001417823  -0.0003038117   0.0028991370  -0.0006156869
       -0.0021004527   0.0001511020   0.0007663799  -0.0001406627   0.0084163278
        0.0157540640  -0.0027935666  -0.0005368274   0.0000355231   0.0002415693
        0.0036553576   0.0070160132  -0.0372451858   0.0018517308   0.0016821567
        0.0572717523   0.0006831907   0.0087528962   0.0008967873   0.0003461914
       -0.0004628130   0.0001967261  -0.0018637150   0.0009871436  -0.0002969126
        0.0002475907   0.0003148045  -0.0000328270  -0.0000920756  -0.0004371591
        0.0004425949   0.0002640831  -0.0002029566  -0.0000872079   0.0009241829
       -0.0004850850   0.0008113408  -0.0178539120  -0.0305381168  -0.0141994890
        0.0003472441   0.0017695817   0.0015833676  -0.0005406021  -0.0007442469
        0.0003333915  -0.0000450482   0.0000320097  -0.0000220553   0.0000153848
       -0.0000190263   0.0001233966  -0.0003307481   0.0000409080  -0.0000944492
       -0.0000965939   0.0003951284  -0.0003235834   0.0012010682  -0.0033445549
       -0.0033822061   0.0003853251  -0.0009799821  -0.0007557529  -0.0000704223
        0.0001412365  -0.0001227635
       -0.0006272023   0.0000607800   0.0000899606   0.0032634599  -0.0007771275
       -0.0023082436   0.0005596322   0.0001642625  -0.0001491028  -0.0269612717
        0.0156707634  -0.0004909619  -0.0040606412   0.0003712253   0.0024556609
       -0.1107919391   0.0441531029  -0.0087418516   0.0046501724  -0.0026407467
        0.0006831907   0.4995755522   0.0162746701  -0.0518472295  -0.1781594813
       -0.0075187824   0.1088543130  -0.0706756943  -0.0213120783   0.0037509725
        0.0052911657   0.0174471973  -0.0028722589  -0.0231601033  -0.0298373892
        0.0155472588  -0.0012950956  -0.0091944756  -0.0022790322  -0.1073577042
       -0.0348256893  -0.0717927064  -0.0046909527   0.0033627854  -0.0091285641
       -0.0001048480  -0.0004710251  -0.0022883580   0.0007693520   0.0005613275
        0.0000623597   0.0000312963  -0.0000039905  -0.0000249098   0.0001505273
        0.0001742715   0.0000724314   0.0014828277  -0.0004583451   0.0000490648
        0.0139388218   0.0098280135   0.0211770003  -0.0015917812  -0.0007280131
       -0.0010307459   0.0000542942   0.0001390809   0.0006175066  -0.0002903869
       -0.0004398177  -0.0004057545
        0.0001302402  -0.0002368713   0.0004202037  -0.0001491066   0.0003997215
        0.0001019718   0.0003382114  -0.0001012742  -0.0000909199   0.0063415229
        0.0029824496  -0.0027582398  -0.0010915960   0.0006657836  -0.0000479774
        0.0397385435  -0.1030036100   0.0143374395   0.0222332709  -0.0276832264
        0.0087528962   0.0162746701   0.4224481216   0.0146630185  -0.0071148919
       -0.0424543910   0.0068372740  -0.0259545906  -0.1498879720   0.0150566363
       -0.0033122634  -0.0228465816   0.0044612882  -0.0110230786  -0.0053758298
        0.0051362995  -0.0060455076  -0.0140527520  -0.0068422993  -0.0262091883
       -0.0675409967  -0.0571718397  -0.0053958624   0.0080066562   0.0001252697
       -0.0018207273   0.0003711783  -0.0000215931   0.0003454670  -0.0005407948
       -0.0001070358   0.0001387964   0.0000530733   0.0000409320  -0.0000595352
       -0.0000386240  -0.0000611055  -0.0000047786   0.0014104825   0.0000888744
        0.0030190856  -0.0024360468  -0.0018410513  -0.0000195289   0.0006869195
       -0.0010563776   0.0005596758  -0.0008915462   0.0002474910  -0.0009188283
        0.0000661307  -0.0002711554
       -0.0002301399  -0.0002529606   0.0000253300  -0.0016999985  -0.0002097218
        0.0014951996   0.0001577750   0.0001220264   0.0000762800   0.0118317475
       -0.0085334743   0.0095053370   0.0044742515  -0.0000161815  -0.0021963645
       -0.0075343788   0.0155302602  -0.0576242692  -0.0016537006   0.0025406391
        0.0008967873  -0.0518472295   0.0146630185   0.5079597476   0.1114148586
        0.0069290390  -0.1260761176   0.0007771481   0.0188196578  -0.0478209439
        0.0022540430   0.0133093909  -0.0007303911   0.0226806725   0.0188581207
       -0.0131947387  -0.0126095089  -0.0314679647  -0.0156884276  -0.0425267827
       -0.0493924862  -0.1963876794  -0.0245421339   0.0108468500  -0.0241286052
       -0.0045219101   0.0001336434  -0.0029374231   0.0001865878   0.0003682551
       -0.0001023773  -0.0000604744  -0.0000809275   0.0000250681  -0.0001148290
       -0.0000068623  -0.0000292491  -0.0015985807  -0.0028775659  -0.0004224619
       -0.0045399033  -0.0091257247  -0.0315086897  -0.0017006397   0.0004501989
       -0.0013147874   0.0010925795  -0.0003167345   0.0004432857   0.0003105467
       -0.0002904960  -0.0002645098
       -0.0000252273   0.0000414626   0.0002234989   0.0003685467   0.0002163250
       -0.0002112039   0.0002046712   0.0000463013  -0.0001961160  -0.0033414525
        0.0033319731  -0.0024393906  -0.0011522504  -0.0002293568   0.0006982589
       -0.0226583719   0.0028982911   0.0136234931   0.0006759326  -0.0004663923
        0.0003461914  -0.1781594813  -0.0071148919   0.1114148586   0.2031683877
        0.0077999651  -0.1262475599  -0.0100357048  -0.0026337477   0.0079677625
        0.0003153097   0.0003780338  -0.0000982883  -0.0014182167  -0.0032973888
        0.0010744542   0.0008990398   0.0007567371   0.0001813227   0.0093721113
        0.0009270979  -0.0043109019   0.0019612333  -0.0015628136   0.0006347256
        0.0005635652  -0.0000413445   0.0001503849   0.0003296621   0.0000146372
       -0.0002450124   0.0001002486   0.0000178885  -0.0000303400   0.0000597328
        0.0000157232  -0.0000375753  -0.0012111956  -0.0006580798  -0.0009340465
        0.0005267295  -0.0006882451  -0.0016884271  -0.0001696839   0.0002763283
        0.0000389433  -0.0000536709  -0.0000761463  -0.0000336419  -0.0003199152
        0.0000476426   0.0001186099
       -0.0000805290   0.0000088232  -0.0000115553   0.0003908909  -0.0003507895
       -0.0000161627   0.0000724190  -0.0000863704  -0.0000366820   0.0027788439
       -0.0015728831   0.0018048700   0.0011254895  -0.0000787141  -0.0005082185
        0.0163516041  -0.0001945556  -0.0104052493   0.0004117763   0.0002869230
       -0.0004628130  -0.0075187824  -0.0424543910   0.0069290390   0.0077999651
        0.0509998131  -0.0030895740  -0.0205128858  -0.0033944393   0.0148390585
       -0.0003138080   0.0005821444   0.0001365413  -0.0052752431  -0.0063779896
        0.0030340612   0.0009221355   0.0011063763   0.0013437127   0.0070960806
        0.0004754779  -0.0104103568  -0.0011768700   0.0004091856  -0.0003499376
       -0.0002097803  -0.0002063646  -0.0001260257   0.0000901083  -0.0000194344
       -0.0000360253  -0.0000478521   0.0000095986  -0.0000440267   0.0000517314
        0.0000586529   0.0000078369  -0.0007426100   0.0001759698  -0.0005477782
       -0.0009626834   0.0006178838  -0.0020982883  -0.0002065835  -0.0001489767
        0.0000015467   0.0000776105   0.0000987925  -0.0000339464  -0.0001210276
        0.0000552674   0.0000799736
        0.0000477575   0.0000157058  -0.0000588682  -0.0001326752   0.0000920064
       -0.0000640494  -0.0001246953  -0.0000315761   0.0000407251  -0.0015192192
        0.0006893518  -0.0004510779  -0.0003573991   0.0000423375   0.0002819015
       -0.0040899487   0.0000302970   0.0043981750   0.0000241878  -0.0003368922
        0.0001967261   0.1088543130   0.0068372740  -0.1260761176  -0.1262475599
       -0.0030895740   0.1623972139   0.0056421860   0.0010345701  -0.0036060690
        0.0000798804   0.0000785372  -0.0001588170   0.0007622066   0.0014132358
       -0.0003135224  -0.0011068776  -0.0007986152   0.0007855470   0.0196095838
       -0.0037101815  -0.0328256709   0.0001142382   0.0000766116   0.0008790646
        0.0006269918  -0.0002445812   0.0001210225  -0.0000526532   0.0000238775
        0.0001373854  -0.0000094219  -0.0000034466  -0.0000043352  -0.0000155905
       -0.0000160585  -0.0000093871  -0.0002764319  -0.0003948597   0.0000173309
       -0.0018466403  -0.0017767526  -0.0055036352   0.0000102872  -0.0000239774
       -0.0000844116  -0.0000730614   0.0000911308  -0.0000532241   0.0000805417
        0.0000015795  -0.0000459064
       -0.0012207817  -0.0001102325  -0.0005250576  -0.0353230658   0.0123567008
        0.0114889531  -0.0019347864   0.0015408776  -0.0006286005   0.0027275438
       -0.0020741195   0.0001551056  -0.0004206623  -0.0002608996   0.0001478180
        0.0100343260   0.0180826779  -0.0000619004  -0.0039153834   0.0051672165
       -0.0018637150  -0.0706756943  -0.0259545906   0.0007771481  -0.0100357048
       -0.0205128858   0.0056421860   0.4493335272  -0.0347872485   0.0574625853
       -0.1317396664   0.0881813877  -0.0672779878  -0.1372478956  -0.0066541401
        0.0597353341  -0.0644426188  -0.0197002599  -0.0546581386  -0.0059265090
       -0.0134529896  -0.0053938778  -0.0017969315  -0.0022324487  -0.0009834746
       -0.0011962612  -0.0006028966   0.0003974166  -0.0015168630   0.0004943734
        0.0025779008  -0.0001157839  -0.0003344717  -0.0002550873  -0.0005938839
       -0.0003642119   0.0001826816  -0.0001224925   0.0001071124  -0.0026421345
        0.0022054985   0.0011798348  -0.0001049043   0.0012710756   0.0019564496
       -0.0010570806   0.0003556074  -0.0002969449  -0.0002377310   0.0022974058
       -0.0017282907  -0.0028774392
       -0.0006838391   0.0009433155   0.0010140463   0.0137401060   0.0010830131
       -0.0173551074   0.0050262207  -0.0024422282  -0.0006949399  -0.0021887906
        0.0021893173  -0.0007131241  -0.0004353923   0.0005451063   0.0001046891
        0.0041516402  -0.0290986566   0.0080166016   0.0025838446  -0.0023099969
        0.0009871436  -0.0213120783  -0.1498879720   0.0188196578  -0.0026337477
       -0.0033944393   0.0010345701  -0.0347872485   0.4784117613  -0.0504765706
        0.0844057004  -0.1231771851   0.0610083155  -0.0225152782  -0.0695785843
        0.0452018961  -0.0161783173  -0.1046303134  -0.0680710485  -0.0086632544
       -0.0128412840  -0.0101801852  -0.0021225296  -0.0012930923  -0.0032822431
       -0.0011458004  -0.0000291801   0.0002196471   0.0007438500  -0.0015920193
       -0.0005282952   0.0001099296  -0.0002440286  -0.0000233664  -0.0003597631
       -0.0002327692  -0.0000073694   0.0031355775   0.0148753427   0.0172924185
       -0.0003351116   0.0007217043  -0.0013627572   0.0010446225   0.0014486712
        0.0003636678   0.0004209527  -0.0002791130  -0.0004049331  -0.0020012932
        0.0008126306  -0.0009627135
       -0.0034313408   0.0030645364   0.0060209010   0.0059908006  -0.0192850932
        0.0048233258   0.0006402140  -0.0002342657  -0.0001555198   0.0014765501
        0.0005178508   0.0012469494  -0.0000985006   0.0003172442  -0.0002947843
        0.0001129240   0.0119523297   0.0044901528  -0.0017483688   0.0015618011
       -0.0002969126   0.0037509725   0.0150566363  -0.0478209439   0.0079677625
        0.0148390585  -0.0036060690   0.0574625853  -0.0504765706   0.4220065312
       -0.0660555169   0.0606081869  -0.0760225997   0.0469968431   0.0347961897
       -0.0961847051  -0.0229570764  -0.0321243114  -0.1590401887  -0.0160130494
       -0.0306059117  -0.0152304742   0.0028364294  -0.0075791232  -0.0033710343
       -0.0002065775   0.0000282333  -0.0016230154   0.0068223789  -0.0018421351
       -0.0050495118  -0.0005924916  -0.0003899101  -0.0009121621   0.0000148735
        0.0003187661  -0.0002330039  -0.0095959671   0.0002581358  -0.0288469713
       -0.0011008965  -0.0029440348   0.0001678763  -0.0026631441   0.0017722593
        0.0005693136   0.0000635368   0.0001128653  -0.0000705517  -0.0096729407
        0.0002772622  -0.0005666022
       -0.0002583247   0.0005056589   0.0002963301  -0.0050876906  -0.0009055848
        0.0029806330  -0.0007629217   0.0005769574  -0.0001396610   0.0000676355
       -0.0004145880   0.0001044086   0.0001101387  -0.0001533202   0.0000050689
       -0.0003328548  -0.0017493266  -0.0003139719   0.0003520967  -0.0004856594
        0.0002475907   0.0052911657  -0.0033122634   0.0022540430   0.0003153097
       -0.0003138080   0.0000798804  -0.1317396664   0.0844057004  -0.0660555169
        0.1703857375  -0.1028027004   0.0732907688  -0.0354742982   0.0212078067
       -0.0013850342  -0.0012879154   0.0030480045  -0.0112810701   0.0003125024
        0.0001405132   0.0005790325  -0.0000747345   0.0002621897   0.0001318258
        0.0001843155  -0.0000944334  -0.0000049237   0.0000880315  -0.0001518051
        0.0000006549   0.0000141496  -0.0000500034  -0.0001502991   0.0000284272
        0.0000874739   0.0000069329  -0.0016997206  -0.0004250505  -0.0005714828
       -0.0002857184   0.0003649404   0.0000569505  -0.0000156270  -0.0000750189
        0.0000505907  -0.0000565741   0.0000805389  -0.0000629241  -0.0000734637
        0.0002537781  -0.0001198267
        0.0000479963  -0.0001232935   0.0001704581   0.0007316632   0.0010115306
        0.0007502621  -0.0002257594   0.0001175365   0.0000896060  -0.0003904048
        0.0003345409   0.0001550313  -0.0001592508   0.0001546288  -0.0000594184
       -0.0026337029  -0.0055905069  -0.0001655929   0.0012404548  -0.0012353162
        0.0003148045   0.0174471973  -0.0228465816   0.0133093909   0.0003780338
        0.0005821444   0.0000785372   0.0881813877  -0.1231771851   0.0606081869
       -0.1028027004   0.1385718547  -0.0652843621   0.0044459106   0.0005173682
       -0.0026112557  -0.0060835831   0.0081361291  -0.0060662698   0.0004289766
        0.0032314405  -0.0000675503  -0.0003855583   0.0009058478   0.0000846875
       -0.0001174702   0.0001128618  -0.0001690841  -0.0000229975   0.0001676224
       -0.0000566946  -0.0000212949  -0.0000164892  -0.0000033400  -0.0000260794
        0.0000032209  -0.0000260324  -0.0004321276   0.0002668810  -0.0008676157
        0.0002342077  -0.0008331850  -0.0000222040   0.0000065420  -0.0001278118
       -0.0001594898  -0.0000096250   0.0000360046   0.0001437464   0.0001681843
       -0.0001992430  -0.0001458011
        0.0005720343  -0.0004353097  -0.0003889814   0.0035560278   0.0010052221
        0.0000102999   0.0003578800  -0.0002417952   0.0000845460  -0.0000145202
        0.0001406929  -0.0000439844   0.0000543190  -0.0000607221  -0.0000219599
        0.0005729916   0.0004803642   0.0002766727  -0.0001519606   0.0002607812
       -0.0000328270  -0.0028722589   0.0044612882  -0.0007303911  -0.0000982883
        0.0001365413  -0.0001588170  -0.0672779878   0.0610083155  -0.0760225997
        0.0732907688  -0.0652843621   0.1096356376   0.0152277184  -0.0096611731
        0.0030999776  -0.0193522592   0.0097745554  -0.0334741260   0.0002850348
       -0.0005525817   0.0004864021  -0.0003038751   0.0003759905  -0.0000014326
       -0.0000374598   0.0000521996   0.0001479423  -0.0007050708   0.0000803119
        0.0003350242   0.0001626181   0.0000662726   0.0002126030  -0.0000325131
       -0.0000967925   0.0000357677  -0.0044572011  -0.0013324087  -0.0030507516
        0.0001086403  -0.0001473095  -0.0000178460   0.0002609117  -0.0000660837
       -0.0001136376   0.0000071990  -0.0000549085  -0.0000163080   0.0008472511
        0.0000909115  -0.0002512105
       -0.0349196088   0.0202015058  -0.0078266674  -0.1265925252   0.0661416566
       -0.0125278703  -0.0263825591   0.0178698457   0.0062592093  -0.0011952276
        0.0094527458  -0.0051094047   0.0009301537   0.0001572368   0.0002688617
       -0.0039457194   0.0029252707  -0.0001790681   0.0006233442  -0.0001158706
       -0.0000920756  -0.0231601033  -0.0110230786   0.0226806725  -0.0014182167
       -0.0052752431   0.0007622066  -0.1372478956  -0.0225152782   0.0469968431
       -0.0354742982   0.0044459106   0.0152277184   0.3784943945  -0.0905160412
       -0.0905493859   0.0119110153   0.0064437057   0.0300139727   0.0009817345
       -0.0010387115  -0.0012847778   0.0028232971  -0.0009918041   0.0003292035
        0.0028032353  -0.0000558977   0.0007014727   0.0052236237  -0.0002360816
       -0.0036784267  -0.0055344242  -0.0022058303  -0.0042529034   0.0017610818
        0.0013185830   0.0008877963  -0.0029263009   0.0031520173  -0.0003186789
        0.0000408569   0.0020915843  -0.0001253530  -0.0025150718  -0.0010382080
        0.0004893266  -0.0007340117   0.0004501177   0.0002941337  -0.0035467744
        0.0003618651   0.0010331948
        0.0046684005   0.0024598764   0.0025896055   0.0594675429  -0.1156339783
        0.0340135104   0.0084052829  -0.0028144659  -0.0033939192   0.0288542136
       -0.0323921961   0.0089260171  -0.0009506192  -0.0078542796   0.0019245927
        0.0024904713   0.0051535248  -0.0033985725   0.0000978818   0.0006175047
       -0.0004371591  -0.0298373892  -0.0053758298   0.0188581207  -0.0032973888
       -0.0063779896   0.0014132358  -0.0066541401  -0.0695785843   0.0347961897
        0.0212078067   0.0005173682  -0.0096611731  -0.0905160412   0.2203531370
       -0.0806261308   0.0054022950   0.0060346084  -0.0114369910   0.0000851868
        0.0014081467   0.0013283112  -0.0000499272   0.0016005315   0.0010690367
       -0.0005315629   0.0001842508  -0.0005991300  -0.0012696302   0.0019259465
        0.0028576122  -0.0005435504   0.0007811243  -0.0005571049   0.0005521795
        0.0012344530   0.0001206108   0.0007033628  -0.0014647796   0.0003985945
        0.0012104784   0.0009701671   0.0001832835  -0.0001082122  -0.0013393478
        0.0002044412  -0.0002655607   0.0002036923   0.0000510857   0.0008789198
       -0.0006128807   0.0013759330
       -0.0207714989   0.0108988371  -0.0033752847  -0.0069650838   0.0343146490
       -0.0707522369   0.0232402273  -0.0151338997   0.0030474605  -0.0098085108
        0.0076002598  -0.0003531347   0.0001605663   0.0028516163  -0.0004205023
        0.0005146695  -0.0034443789  -0.0005801878  -0.0003204450  -0.0001727928
        0.0004425949   0.0155472588   0.0051362995  -0.0131947387   0.0010744542
        0.0030340612  -0.0003135224   0.0597353341   0.0452018961  -0.0961847051
       -0.0013850342  -0.0026112557   0.0030999776  -0.0905493859  -0.0806261308
        0.2219020629   0.0270816723  -0.0069680896  -0.0506695427  -0.0003362460
       -0.0004955427   0.0047135441  -0.0003962453   0.0017544668   0.0011439194
        0.0001709203  -0.0001616855   0.0013593665  -0.0012625032   0.0013608120
        0.0049140669  -0.0037956281  -0.0007259492  -0.0019228163   0.0013096717
        0.0009482853   0.0003724912   0.0028850482  -0.0037307311  -0.0036898531
        0.0007878455   0.0017613420  -0.0000837248   0.0002291956  -0.0006776697
       -0.0003643512   0.0000047038   0.0001060839  -0.0000348180   0.0028490136
       -0.0002204834   0.0009439345
        0.0013962949  -0.0004966813  -0.0050555174   0.0009257816   0.0007326511
       -0.0007792414   0.0001119116  -0.0000655287   0.0000588942  -0.0006327757
       -0.0008917678  -0.0002319836   0.0004562773  -0.0002674846   0.0000363381
       -0.0018536037   0.0000097850  -0.0026875668   0.0002875486   0.0000279307
        0.0002640831  -0.0012950956  -0.0060455076  -0.0126095089   0.0008990398
        0.0009221355  -0.0011068776  -0.0644426188  -0.0161783173  -0.0229570764
       -0.0012879154  -0.0060835831  -0.0193522592   0.0119110153   0.0054022950
        0.0270816723   0.0692730851   0.0358873744   0.0308906588  -0.0008872657
       -0.0064791151  -0.0025384517   0.0025285145   0.0051756813   0.0013790703
        0.0009949959   0.0002704451   0.0006591355  -0.0192533208   0.0074152436
        0.0000173647  -0.0000689215   0.0004142112   0.0009172952   0.0003496970
       -0.0000378547   0.0002722374  -0.0017552795  -0.0171497400   0.0030862368
       -0.0007873433   0.0004218743   0.0002489032  -0.0013231598  -0.0027834115
        0.0003963783  -0.0002863171   0.0002150082  -0.0000499899   0.0047394554
       -0.0004156437   0.0020602049
       -0.0000944507  -0.0003893975  -0.0005889294  -0.0004696713  -0.0002337040
       -0.0006807555   0.0000502425  -0.0001636147   0.0001546168  -0.0005752049
        0.0001039831   0.0001639815  -0.0000249813  -0.0000016539   0.0001071095
        0.0004742213   0.0021181901   0.0014774814  -0.0003612241   0.0004687511
       -0.0002029566  -0.0091944756  -0.0140527520  -0.0314679647   0.0007567371
        0.0011063763  -0.0007986152  -0.0197002599  -0.1046303134  -0.0321243114
        0.0030480045   0.0081361291   0.0097745554   0.0064437057   0.0060346084
       -0.0069680896   0.0358873744   0.3831242539  -0.1002357338  -0.0055285270
       -0.0112078103  -0.0058465273   0.0057206754  -0.0133565340   0.0017129965
        0.0007414347  -0.0001087964  -0.0003608398   0.0021175860   0.0031884231
        0.0012050297  -0.0001876664   0.0000036969   0.0001328958   0.0000926525
        0.0000994193  -0.0000024022  -0.0203032603  -0.2554791023   0.1641269249
       -0.0001156990   0.0001315131   0.0008235106  -0.0017420634  -0.0015589150
       -0.0004156541  -0.0002923117   0.0002462729   0.0002744287   0.0032571615
       -0.0035790236  -0.0002607512
        0.0013549361  -0.0010379098  -0.0033848567  -0.0026584816   0.0025169692
       -0.0011811115   0.0008964975  -0.0004678280   0.0003144593  -0.0002275055
        0.0000831664  -0.0006413443   0.0002555991  -0.0002781934   0.0001974231
       -0.0020627626   0.0006936840  -0.0052337570   0.0001815449  -0.0003908333
       -0.0000872079  -0.0022790322  -0.0068422993  -0.0156884276   0.0001813227
        0.0013437127   0.0007855470  -0.0546581386  -0.0680710485  -0.1590401887
       -0.0112810701  -0.0060662698  -0.0334741260   0.0300139727  -0.0114369910
       -0.0506695427   0.0308906588  -0.1002357338   0.4448571224  -0.0031084862
       -0.0077744177  -0.0023150294  -0.0021865543   0.0097012701   0.0052907661
        0.0006146567   0.0000190672   0.0009719615  -0.0055448447   0.0022463909
        0.0051964294  -0.0000678978   0.0001057653   0.0004464478  -0.0002170574
       -0.0003642708   0.0001826268   0.0131081239   0.1869065647  -0.1841096372
       -0.0000852884   0.0012295714   0.0006870067   0.0013290625  -0.0010201621
       -0.0007325523  -0.0002844107  -0.0000180855   0.0000629155   0.0058351553
       -0.0008421191  -0.0024349239
        0.0004359168   0.0001923782  -0.0000001652  -0.0001100007   0.0004818899
       -0.0000203256   0.0001297497   0.0000475607  -0.0000051090   0.0016799817
       -0.0000085163   0.0014366740   0.0004704271  -0.0001025099  -0.0003680641
       -0.0111109793  -0.0075471476  -0.0275448253   0.0009498150  -0.0010396720
        0.0009241829  -0.1073577042  -0.0262091883  -0.0425267827   0.0093721113
        0.0070960806   0.0196095838  -0.0059265090  -0.0086632544  -0.0160130494
        0.0003125024   0.0004289766   0.0002850348   0.0009817345   0.0000851868
       -0.0003362460  -0.0008872657  -0.0055285270  -0.0031084862   0.3909415106
        0.0555491321  -0.0948973012  -0.0065088590   0.0023577368  -0.0073141537
       -0.0090262552   0.0036529625   0.0004025184  -0.0005679406  -0.0006554883
       -0.0000953258   0.0000685531   0.0000653031   0.0000394720   0.0000059549
       -0.0001025212   0.0000251027  -0.0005109949   0.0002535300   0.0003194011
       -0.2635682935  -0.0213111271   0.1699394364   0.0002253876   0.0008872432
       -0.0003459682  -0.0001819261  -0.0003224521  -0.0005352184   0.0001830836
        0.0003924239   0.0001296147
       -0.0000054057   0.0001153473  -0.0003249842   0.0015511215  -0.0014841075
        0.0004461287  -0.0001113511   0.0001094860   0.0000511421  -0.0011798382
       -0.0012077175  -0.0019073045  -0.0001963091   0.0000615321   0.0002070008
        0.0039505338   0.0056445211   0.0106160736  -0.0009278848   0.0026764050
       -0.0004850850  -0.0348256893  -0.0675409967  -0.0493924862   0.0009270979
        0.0004754779  -0.0037101815  -0.0134529896  -0.0128412840  -0.0306059117
        0.0001405132   0.0032314405  -0.0005525817  -0.0010387115   0.0014081467
       -0.0004955427  -0.0064791151  -0.0112078103  -0.0077744177   0.0555491321
        0.0912437397   0.0841993006   0.0033752504   0.0004543423   0.0028039611
        0.0060604072   0.0001985525   0.0011713660  -0.0004333487   0.0005790999
       -0.0000490521  -0.0001795900   0.0000819687  -0.0000392152   0.0001483664
        0.0001201478   0.0000520927   0.0004698814  -0.0012589798   0.0011379233
       -0.0132010207  -0.0110162222  -0.0057978439   0.0001130387  -0.0007639619
        0.0004367679  -0.0013222777   0.0010691804  -0.0002244913   0.0010681888
       -0.0001483079   0.0002373411
        0.0004481206   0.0000813248  -0.0007950315  -0.0002553560   0.0005868205
       -0.0004180844  -0.0002266675  -0.0001361772   0.0001260476   0.0007656402
       -0.0015986134  -0.0036747675  -0.0001994421  -0.0000853868   0.0001967700
       -0.0156149636  -0.0054111530  -0.0225984470   0.0010331405  -0.0001271145
        0.0008113408  -0.0717927064  -0.0571718397  -0.1963876794  -0.0043109019
       -0.0104103568  -0.0328256709  -0.0053938778  -0.0101801852  -0.0152304742
        0.0005790325  -0.0000675503   0.0004864021  -0.0012847778   0.0013283112
        0.0047135441  -0.0025384517  -0.0058465273  -0.0023150294  -0.0948973012
        0.0841993006   0.4589154588  -0.0077850118   0.0021882488  -0.0070046974
        0.0046436995  -0.0005609858   0.0045821450  -0.0012858045  -0.0007386742
        0.0007002136  -0.0000137415   0.0001007903   0.0000525759   0.0000236509
       -0.0001327322   0.0000963623   0.0002422649   0.0003134030   0.0007475150
        0.1964798130   0.0017763028  -0.1891029200   0.0008944412   0.0013453630
       -0.0004284535  -0.0002992137   0.0001333680  -0.0007129501   0.0007884140
        0.0004140637   0.0000658300
        0.0001230107  -0.0010878929  -0.0031618609  -0.0009916918   0.0011385937
       -0.0003910143   0.0000184186   0.0000388231  -0.0002474745   0.0041636344
        0.0045872976   0.0181695326   0.0024312171  -0.0002829437   0.0007120230
       -0.0729407730  -0.0195896127  -0.0416475136  -0.0032490108  -0.0092716902
       -0.0178539120  -0.0046909527  -0.0053958624  -0.0245421339   0.0019612333
       -0.0011768700   0.0001142382  -0.0017969315  -0.0021225296   0.0028364294
       -0.0000747345  -0.0003855583  -0.0003038751   0.0028232971  -0.0000499272
       -0.0003962453   0.0025285145   0.0057206754  -0.0021865543  -0.0065088590
        0.0033752504  -0.0077850118   0.3584198637   0.1950258188   0.0422082789
       -0.0011727990   0.0009216394   0.0069063630  -0.0106624978  -0.0154862718
        0.0051905529   0.0003756981   0.0000126707  -0.0002041659  -0.0002222150
       -0.0002666542   0.0007983003  -0.0015535900  -0.0033597406   0.0007325520
       -0.0007773808   0.0002895045   0.0006700720  -0.2647408029  -0.1531551246
        0.0203010931  -0.0007935656   0.0000846354  -0.0000701790  -0.0026690832
        0.0004357695   0.0001505054
        0.0005641400  -0.0010199688  -0.0037156138   0.0010372012  -0.0015146555
        0.0001540930  -0.0000356415   0.0001896867  -0.0000886273   0.0008617194
        0.0010487084  -0.0019454824  -0.0008271662   0.0000592735   0.0002952975
       -0.0164194590  -0.0620655532  -0.0332798468  -0.0109278249  -0.0060684420
       -0.0305381168   0.0033627854   0.0080066562   0.0108468500  -0.0015628136
        0.0004091856   0.0000766116  -0.0022324487  -0.0012930923  -0.0075791232
        0.0002621897   0.0009058478   0.0003759905  -0.0009918041   0.0016005315
        0.0017544668   0.0051756813  -0.0133565340   0.0097012701   0.0023577368
        0.0004543423   0.0021882488   0.1950258188   0.1706910801   0.0400936165
        0.0007225064   0.0006808765  -0.0029941835  -0.0130027050  -0.0101020495
        0.0047092289  -0.0003300072   0.0001420689   0.0001753426  -0.0000564363
        0.0000362220   0.0007708719  -0.0026694019   0.0060836821  -0.0012287859
        0.0002199835  -0.0009018102   0.0001970103  -0.1611767311  -0.0956691334
        0.0094331373   0.0001201439   0.0005275934   0.0006051802   0.0005225334
        0.0011554839  -0.0000074361
        0.0002131176  -0.0000268489  -0.0023661244  -0.0005906167  -0.0011332887
        0.0009504861  -0.0001333027  -0.0002588314   0.0000938285  -0.0070553596
       -0.0080830940  -0.0352170846  -0.0015327046  -0.0001332556   0.0022715633
       -0.0163488432  -0.0206758909  -0.2198620034  -0.0066413870  -0.0143095506
       -0.0141994890  -0.0091285641   0.0001252697  -0.0241286052   0.0006347256
       -0.0003499376   0.0008790646  -0.0009834746  -0.0032822431  -0.0033710343
        0.0001318258   0.0000846875  -0.0000014326   0.0003292035   0.0010690367
        0.0011439194   0.0013790703   0.0017129965   0.0052907661  -0.0073141537
        0.0028039611  -0.0070046974   0.0422082789   0.0400936165   0.3486321870
        0.0072529568  -0.0017502336  -0.0122107852  -0.0003388824  -0.0002929912
        0.0051253862  -0.0000720724  -0.0000058390  -0.0000162169  -0.0000738949
       -0.0001527725   0.0002625678  -0.0018936928   0.0036661427  -0.0029456461
        0.0000313231  -0.0005141394   0.0010965911   0.0004675989  -0.0001079007
       -0.0440094949  -0.0003210486   0.0010777980   0.0006850835  -0.0002201031
        0.0004433086  -0.0010988296
       -0.0006856625  -0.0017889468   0.0009292265  -0.0026545947  -0.0083385560
       -0.0080156358  -0.0001033480   0.0007145765  -0.0007874552  -0.0547955956
       -0.0148140658  -0.0316634455  -0.0048418450  -0.0112358303  -0.0289416025
        0.0056069830   0.0065423332   0.0181675228   0.0008468382   0.0017840738
        0.0003472441  -0.0001048480  -0.0018207273  -0.0045219101   0.0005635652
       -0.0002097803   0.0006269918  -0.0011962612  -0.0011458004  -0.0002065775
        0.0001843155  -0.0001174702  -0.0000374598   0.0028032353  -0.0005315629
        0.0001709203   0.0009949959   0.0007414347   0.0006146567  -0.0090262552
        0.0060604072   0.0046436995  -0.0011727990   0.0007225064   0.0072529568
        0.0969738561   0.1345226491   0.0188187088   0.0008867228   0.0001091236
       -0.0005171963   0.0006484287   0.0000287564   0.0001705984  -0.0002726946
       -0.0003735672  -0.0002269694  -0.0002589475  -0.0002409868  -0.0001957098
        0.0017540350  -0.0029424678   0.0004297089  -0.0015037120  -0.0001828258
        0.0002154653  -0.0340263818  -0.1074701165   0.0226946381  -0.0006200306
       -0.0000131566   0.0000316239
       -0.0011819355  -0.0053283757   0.0018899316  -0.0113596926  -0.0273374329
       -0.0300206685   0.0004567944   0.0009934081  -0.0010810751  -0.0145119810
       -0.0913643288  -0.0636057834  -0.0033126008   0.0068470079   0.0016602746
       -0.0008013614  -0.0022622970  -0.0065425889  -0.0002421243   0.0016763563
        0.0017695817  -0.0004710251   0.0003711783   0.0001336434  -0.0000413445
       -0.0002063646  -0.0002445812  -0.0006028966  -0.0000291801   0.0000282333
       -0.0000944334   0.0001128618   0.0000521996  -0.0000558977   0.0001842508
       -0.0001616855   0.0002704451  -0.0001087964   0.0000190672   0.0036529625
        0.0001985525  -0.0005609858   0.0009216394   0.0006808765  -0.0017502336
        0.1345226491   0.5032172534   0.0057661232   0.0003831847   0.0002363547
       -0.0002593388   0.0001302850   0.0000510235   0.0000366482  -0.0011670399
       -0.0006821071  -0.0005667922  -0.0001584004   0.0000843810   0.0001287819
       -0.0006216718  -0.0009807903   0.0003609613  -0.0001186827   0.0000550761
        0.0001637455  -0.1054719060  -0.3866223688   0.0925895076  -0.0001249666
        0.0002134608   0.0001950339
        0.0008372080   0.0004213864  -0.0001860692  -0.0022809281  -0.0054669849
        0.0002169590   0.0002083469   0.0009705789   0.0011213118  -0.0209576875
       -0.0349941654  -0.2019473418  -0.0162987084  -0.0111460219  -0.0336918530
       -0.0032098348  -0.0173366257  -0.0331750673  -0.0021424868  -0.0000909144
        0.0015833676  -0.0022883580  -0.0000215931  -0.0029374231   0.0001503849
       -0.0001260257   0.0001210225   0.0003974166   0.0002196471  -0.0016230154
       -0.0000049237  -0.0001690841   0.0001479423   0.0007014727  -0.0005991300
        0.0013593665   0.0006591355  -0.0003608398   0.0009719615   0.0004025184
        0.0011713660   0.0045821450   0.0069063630  -0.0029941835  -0.0122107852
        0.0188187088   0.0057661232   0.3352171943  -0.0010308727  -0.0009925528
        0.0011009876   0.0004103075   0.0001990830  -0.0000696167   0.0000168886
       -0.0003522130   0.0000907916  -0.0005944512   0.0009965620   0.0000099890
        0.0024477739  -0.0017883615  -0.0016201844   0.0013373239   0.0021080149
        0.0007319920   0.0153694034   0.0640710640  -0.0598812075   0.0001449991
        0.0005148700   0.0000875328
       -0.0738934232   0.0103030076   0.0511159594   0.0064425339   0.0010738588
       -0.0171355822  -0.0014403701  -0.0015873420  -0.0035463759   0.0006751775
        0.0005300591   0.0013276133  -0.0001455804   0.0001904358   0.0001066852
        0.0003694842   0.0013712044   0.0036393700   0.0000220817  -0.0002757511
       -0.0005406021   0.0007693520   0.0003454670   0.0001865878   0.0003296621
        0.0000901083  -0.0000526532  -0.0015168630   0.0007438500   0.0068223789
        0.0000880315  -0.0000229975  -0.0007050708   0.0052236237  -0.0012696302
       -0.0012625032  -0.0192533208   0.0021175860  -0.0055448447  -0.0005679406
       -0.0004333487  -0.0012858045  -0.0106624978  -0.0130027050  -0.0003388824
        0.0008867228   0.0003831847  -0.0010308727   0.3197894143  -0.1983163262
       -0.0674054760  -0.0118219085   0.0042778839   0.0299055431  -0.0025768085
       -0.0028824203   0.0158452921   0.0009361291   0.0001590361  -0.0012776951
       -0.0001422147   0.0000969626   0.0003902612  -0.0006618929   0.0050313278
       -0.0019384596  -0.0003364790   0.0002790288   0.0004632735  -0.2125129132
        0.1907975197  -0.0077381420
        0.0156848531  -0.0640326356  -0.0055802183   0.0037894283   0.0005098460
       -0.0138220045  -0.0017262544  -0.0004458243  -0.0024193898   0.0013553500
        0.0011836350   0.0007829360  -0.0004399188   0.0003915693  -0.0000438527
        0.0010120102   0.0008916153   0.0038533722  -0.0000326516  -0.0001495491
       -0.0007442469   0.0005613275  -0.0005407948   0.0003682551   0.0000146372
       -0.0000194344   0.0000238775   0.0004943734  -0.0015920193  -0.0018421351
       -0.0001518051   0.0001676224   0.0000803119  -0.0002360816   0.0019259465
        0.0013608120   0.0074152436   0.0031884231   0.0022463909  -0.0006554883
        0.0005790999  -0.0007386742  -0.0154862718  -0.0101020495  -0.0002929912
        0.0001091236   0.0002363547  -0.0009925528  -0.1983163262   0.2521618946
       -0.0046271244   0.0091136918  -0.0013561971  -0.0216651315  -0.0098315306
        0.0030621436   0.0292432601   0.0004342445  -0.0019937070   0.0002004846
        0.0002522623  -0.0002919334   0.0002702800   0.0049940274   0.0013258415
       -0.0019590447   0.0000440319   0.0002494378   0.0004761552   0.1816017237
       -0.1853492852   0.0158212306
        0.0342307023   0.0157734631  -0.2251573703   0.0072264434  -0.0106344053
       -0.0424373184  -0.0049329981  -0.0030935481  -0.0050676213   0.0004779852
        0.0031963562  -0.0003643139   0.0003769664  -0.0003526027   0.0002104794
       -0.0005256732  -0.0007874046  -0.0034852189   0.0000582613   0.0001528449
        0.0003333915   0.0000623597  -0.0001070358  -0.0001023773  -0.0002450124
       -0.0000360253   0.0001373854   0.0025779008  -0.0005282952  -0.0050495118
        0.0000006549  -0.0000566946   0.0003350242  -0.0036784267   0.0028576122
        0.0049140669   0.0000173647   0.0012050297   0.0051964294  -0.0000953258
       -0.0000490521   0.0007002136   0.0051905529   0.0047092289   0.0051253862
       -0.0005171963  -0.0002593388   0.0011009876  -0.0674054760  -0.0046271244
        0.3542320797   0.0087770656  -0.0061164318  -0.0101953784   0.0134677978
        0.0075045799  -0.0340097698  -0.0010329714  -0.0000753140  -0.0008043131
        0.0005661690   0.0002068326   0.0000132130  -0.0039005623  -0.0050632686
       -0.0040179719   0.0000991211  -0.0004410142  -0.0000078550   0.0092042971
       -0.0033783917  -0.0415996371
       -0.1927829873   0.1083194732   0.0005901926  -0.0199621256   0.0119717562
       -0.0024709989   0.0003187544   0.0002766680   0.0001788545  -0.0004202262
        0.0009566750  -0.0002219651  -0.0000353731  -0.0011808856   0.0002332104
       -0.0001098868   0.0000723970   0.0000644375   0.0000824605  -0.0000015397
       -0.0000450482   0.0000312963   0.0001387964  -0.0000604744   0.0001002486
       -0.0000478521  -0.0000094219  -0.0001157839   0.0001099296  -0.0005924916
        0.0000141496  -0.0000212949   0.0001626181  -0.0055344242  -0.0005435504
       -0.0037956281  -0.0000689215  -0.0001876664  -0.0000678978   0.0000685531
       -0.0001795900  -0.0000137415   0.0003756981  -0.0003300072  -0.0000720724
        0.0006484287   0.0001302850   0.0004103075  -0.0118219085   0.0091136918
        0.0087770656   0.2258438486  -0.1281667454  -0.0054269953   0.0043224884
       -0.0013798706  -0.0006154737   0.0001034519   0.0001916525  -0.0000561379
       -0.0000866836   0.0001508982   0.0000293042  -0.0005078228   0.0004068424
        0.0003413125  -0.0001127024   0.0001419503   0.0000127164  -0.0003505323
        0.0000579869   0.0026483273
        0.1102352881  -0.1249081340   0.0018265093  -0.0063669648   0.0039489879
        0.0000904793  -0.0000312396   0.0002220688   0.0002925805  -0.0011743491
        0.0002401836  -0.0006244059  -0.0007327788  -0.0005909030  -0.0000850242
        0.0000762289  -0.0001026433  -0.0001781929  -0.0000247304   0.0000369048
        0.0000320097  -0.0000039905   0.0000530733  -0.0000809275   0.0000178885
        0.0000095986  -0.0000034466  -0.0003344717  -0.0002440286  -0.0003899101
       -0.0000500034  -0.0000164892   0.0000662726  -0.0022058303   0.0007811243
       -0.0007259492   0.0004142112   0.0000036969   0.0001057653   0.0000653031
        0.0000819687   0.0001007903   0.0000126707   0.0001420689  -0.0000058390
        0.0000287564   0.0000510235   0.0001990830   0.0042778839  -0.0013561971
       -0.0061164318  -0.1281667454   0.1416469796   0.0037577893   0.0239723339
       -0.0214501565   0.0024029842  -0.0001488549  -0.0000487684   0.0000858019
       -0.0000020565  -0.0000258093  -0.0000203621   0.0000444948  -0.0001406977
        0.0001127460  -0.0000396886  -0.0000351281  -0.0000191134   0.0001366448
        0.0017012763  -0.0008232088
       -0.0038662798   0.0041462916  -0.0387327592  -0.0123191751   0.0075567803
       -0.0005480798  -0.0007567375   0.0004636695  -0.0000377399   0.0001490664
        0.0003437339   0.0002140786   0.0000898358   0.0000528920   0.0003531382
        0.0001324013   0.0000470864  -0.0000209914   0.0000461692   0.0000226934
       -0.0000220553  -0.0000249098   0.0000409320   0.0000250681  -0.0000303400
       -0.0000440267  -0.0000043352  -0.0002550873  -0.0000233664  -0.0009121621
       -0.0001502991  -0.0000033400   0.0002126030  -0.0042529034  -0.0005571049
       -0.0019228163   0.0009172952   0.0001328958   0.0004464478   0.0000394720
       -0.0000392152   0.0000525759  -0.0002041659   0.0001753426  -0.0000162169
        0.0001705984   0.0000366482  -0.0000696167   0.0299055431  -0.0216651315
       -0.0101953784  -0.0054269953   0.0037577893   0.0555785712  -0.0067503767
        0.0060237560   0.0011421150  -0.0001307733  -0.0001766531  -0.0000069918
       -0.0000173085   0.0000871843   0.0000436006   0.0004451879  -0.0002321010
       -0.0001500595  -0.0000538311   0.0000389781   0.0000430958   0.0023436135
       -0.0001857345  -0.0054720920
       -0.0562913006  -0.0425661349   0.0133305127  -0.0080973999  -0.0239138368
        0.0023484596   0.0004589805   0.0001475456   0.0004535424  -0.0024910993
       -0.0008736633  -0.0027918204  -0.0000620862   0.0000659747  -0.0000564985
        0.0000616045  -0.0002771717   0.0000181944  -0.0000182006   0.0000535632
        0.0000153848   0.0001505273  -0.0000595352  -0.0001148290   0.0000597328
        0.0000517314  -0.0000155905  -0.0005938839  -0.0003597631   0.0000148735
        0.0000284272  -0.0000260794  -0.0000325131   0.0017610818   0.0005521795
        0.0013096717   0.0003496970   0.0000926525  -0.0002170574   0.0000059549
        0.0001483664   0.0000236509  -0.0002222150  -0.0000564363  -0.0000738949
       -0.0002726946  -0.0011670399   0.0000168886  -0.0025768085  -0.0098315306
        0.0134677978   0.0043224884   0.0239723339  -0.0067503767   0.0629182813
        0.0557039322  -0.0220913647   0.0000318136   0.0000038038  -0.0000108083
        0.0000309423  -0.0000926778   0.0000443769   0.0003411425   0.0003301546
        0.0002736923  -0.0000689756  -0.0002308159  -0.0001814091   0.0001739901
       -0.0016675529   0.0010191171
       -0.0453750886  -0.2333343106   0.0634581513  -0.0062775140  -0.0164615825
        0.0011809127   0.0001744347  -0.0002019601  -0.0000140438  -0.0018345447
       -0.0006670785  -0.0017316167  -0.0002343932   0.0005064691  -0.0002071703
        0.0000629151  -0.0001816682   0.0002305724   0.0000004079   0.0000438373
       -0.0000190263   0.0001742715  -0.0000386240  -0.0000068623   0.0000157232
        0.0000586529  -0.0000160585  -0.0003642119  -0.0002327692   0.0003187661
        0.0000874739   0.0000032209  -0.0000967925   0.0013185830   0.0012344530
        0.0009482853  -0.0000378547   0.0000994193  -0.0003642708  -0.0001025212
        0.0001201478  -0.0001327322  -0.0002666542   0.0000362220  -0.0001527725
       -0.0003735672  -0.0006821071  -0.0003522130  -0.0028824203   0.0030621436
        0.0075045799  -0.0013798706  -0.0214501565   0.0060237560   0.0557039322
        0.2663667547  -0.0760578602   0.0001416043  -0.0001521782  -0.0000361707
        0.0000507235  -0.0001195007   0.0000916558   0.0003227257   0.0001851279
       -0.0001442116  -0.0000272148  -0.0000598158  -0.0000109532   0.0011030607
        0.0018653029  -0.0004139249
        0.0148358066   0.0619586676  -0.0563561899  -0.0052699852  -0.0145914709
        0.0034540197  -0.0002470351  -0.0007793485   0.0004212200  -0.0026334672
       -0.0009105148  -0.0012453939  -0.0000443755   0.0001065287  -0.0001853782
       -0.0000827314  -0.0004511218  -0.0003209722  -0.0001122402  -0.0000030950
        0.0001233966   0.0000724314  -0.0000611055  -0.0000292491  -0.0000375753
        0.0000078369  -0.0000093871   0.0001826816  -0.0000073694  -0.0002330039
        0.0000069329  -0.0000260324   0.0000357677   0.0008877963   0.0001206108
        0.0003724912   0.0002722374  -0.0000024022   0.0001826268   0.0000251027
        0.0000520927   0.0000963623   0.0007983003   0.0007708719   0.0002625678
       -0.0002269694  -0.0005667922   0.0000907916   0.0158452921   0.0292432601
       -0.0340097698  -0.0006154737   0.0024029842   0.0011421150  -0.0220913647
       -0.0760578602   0.0864200943  -0.0002470605  -0.0001203652  -0.0000336698
        0.0000378476  -0.0000266776   0.0000376566  -0.0012039893  -0.0014710326
       -0.0001816961  -0.0000519170  -0.0002364029  -0.0001172090  -0.0001002441
        0.0006487382   0.0000828093
       -0.0008676852   0.0000906383   0.0015463304   0.0006225959  -0.0003735211
        0.0006214874  -0.0002909336   0.0000958299  -0.0001066498  -0.0000483701
        0.0004120154   0.0001268352  -0.0002809866   0.0001682209  -0.0000175139
        0.0016941751   0.0007931732   0.0026031536  -0.0003234475  -0.0001879591
       -0.0003307481   0.0014828277  -0.0000047786  -0.0015985807  -0.0012111956
       -0.0007426100  -0.0002764319  -0.0001224925   0.0031355775  -0.0095959671
       -0.0016997206  -0.0004321276  -0.0044572011  -0.0029263009   0.0007033628
        0.0028850482  -0.0017552795  -0.0203032603   0.0131081239  -0.0005109949
        0.0004698814   0.0002422649  -0.0015535900  -0.0026694019  -0.0018936928
       -0.0002589475  -0.0001584004  -0.0005944512   0.0009361291   0.0004342445
       -0.0010329714   0.0001034519  -0.0001488549  -0.0001307733   0.0000318136
        0.0001416043  -0.0002470605   0.0140446096   0.0184931819  -0.0024624144
        0.0001969694  -0.0001786092   0.0001164286  -0.0033541479   0.0035803011
        0.0003524756   0.0000846718  -0.0000365815   0.0000771113  -0.0039931517
       -0.0032819267   0.0010651967
        0.0000949928   0.0001070617   0.0003359973  -0.0007709994   0.0011203230
       -0.0001285372   0.0000110078  -0.0000472200  -0.0000244053   0.0004820185
       -0.0001316357  -0.0003998851   0.0001699206  -0.0000747709   0.0000160166
       -0.0019032984  -0.0013310517  -0.0060205162   0.0002957779  -0.0003395894
        0.0000409080  -0.0004583451   0.0014104825  -0.0028775659  -0.0006580798
        0.0001759698  -0.0003948597   0.0001071124   0.0148753427   0.0002581358
       -0.0004250505   0.0002668810  -0.0013324087   0.0031520173  -0.0014647796
       -0.0037307311  -0.0171497400  -0.2554791023   0.1869065647   0.0002535300
       -0.0012589798   0.0003134030  -0.0033597406   0.0060836821   0.0036661427
       -0.0002409868   0.0000843810   0.0009965620   0.0001590361  -0.0019937070
       -0.0000753140   0.0001916525  -0.0000487684  -0.0001766531   0.0000038038
       -0.0001521782  -0.0001203652   0.0184931819   0.2373856957  -0.1783450273
       -0.0001121982   0.0003343984  -0.0001621633   0.0047149447   0.0003172507
        0.0003822662   0.0000704588  -0.0001619260  -0.0002843575  -0.0031210163
        0.0003222405   0.0011567932
        0.0004144640   0.0002506778  -0.0000323366   0.0009613959  -0.0006981599
        0.0002249358  -0.0001142299   0.0000103026   0.0001021260   0.0003113855
       -0.0004028807  -0.0005344241  -0.0001891759   0.0000704249   0.0000371214
        0.0012531819  -0.0016058513   0.0007241404  -0.0001602222   0.0002362375
       -0.0000944492   0.0000490648   0.0000888744  -0.0004224619  -0.0009340465
       -0.0005477782   0.0000173309  -0.0026421345   0.0172924185  -0.0288469713
       -0.0005714828  -0.0008676157  -0.0030507516  -0.0003186789   0.0003985945
       -0.0036898531   0.0030862368   0.1641269249  -0.1841096372   0.0003194011
        0.0011379233   0.0007475150   0.0007325520  -0.0012287859  -0.0029456461
       -0.0001957098   0.0001287819   0.0000099890  -0.0012776951   0.0002004846
       -0.0008043131  -0.0000561379   0.0000858019  -0.0000069918  -0.0000108083
       -0.0000361707  -0.0000336698  -0.0024624144  -0.1783450273   0.2199562056
       -0.0000194816  -0.0001699304  -0.0001396059  -0.0003378457  -0.0003985377
        0.0015850779   0.0001078644  -0.0000522151  -0.0000576997   0.0020545169
        0.0003255061   0.0013643695
       -0.0002369585  -0.0001706593  -0.0004974532  -0.0002034640  -0.0003770719
       -0.0002356699  -0.0005064311  -0.0002014323   0.0001533583  -0.0011894832
       -0.0012661241  -0.0041972399   0.0000481239   0.0000114883   0.0003774733
        0.0019704093  -0.0001302542  -0.0004229788  -0.0001317329   0.0001952308
       -0.0000965939   0.0139388218   0.0030190856  -0.0045399033   0.0005267295
       -0.0009626834  -0.0018466403   0.0022054985  -0.0003351116  -0.0011008965
       -0.0002857184   0.0002342077   0.0001086403   0.0000408569   0.0012104784
        0.0007878455  -0.0007873433  -0.0001156990  -0.0000852884  -0.2635682935
       -0.0132010207   0.1964798130  -0.0007773808   0.0002199835   0.0000313231
        0.0017540350  -0.0006216718   0.0024477739  -0.0001422147   0.0002522623
        0.0005661690  -0.0000866836  -0.0000020565  -0.0000173085   0.0000309423
        0.0000507235   0.0000378476   0.0001969694  -0.0001121982  -0.0000194816
        0.2463343784   0.0122137765  -0.1881767114   0.0001729043  -0.0000066326
       -0.0002111885   0.0004504159   0.0002535446   0.0005371445   0.0002456188
       -0.0001581658  -0.0000800344
        0.0000959402  -0.0001455678   0.0000669027  -0.0019711544   0.0010825268
       -0.0008497644  -0.0000785455  -0.0000619824   0.0000031776   0.0008591373
        0.0017805493   0.0021991156  -0.0000974370  -0.0001266516  -0.0003437150
       -0.0013109216   0.0016158722   0.0003082771  -0.0000493131  -0.0007372834
        0.0003951284   0.0098280135  -0.0024360468  -0.0091257247  -0.0006882451
        0.0006178838  -0.0017767526   0.0011798348   0.0007217043  -0.0029440348
        0.0003649404  -0.0008331850  -0.0001473095   0.0020915843   0.0009701671
        0.0017613420   0.0004218743   0.0001315131   0.0012295714  -0.0213111271
       -0.0110162222   0.0017763028   0.0002895045  -0.0009018102  -0.0005141394
       -0.0029424678  -0.0009807903  -0.0017883615   0.0000969626  -0.0002919334
        0.0002068326   0.0001508982  -0.0000258093   0.0000871843  -0.0000926778
       -0.0001195007  -0.0000266776  -0.0001786092   0.0003343984  -0.0001699304
        0.0122137765   0.0116977835   0.0092258348   0.0000949061   0.0003470558
       -0.0000003634   0.0013286467  -0.0017128934   0.0006031297  -0.0002955208
        0.0000902221  -0.0001760259
       -0.0001770291  -0.0000744637   0.0000515427  -0.0007697603  -0.0004508705
       -0.0000587422   0.0001899981   0.0000519591   0.0000098249  -0.0015186896
        0.0002627904  -0.0001346206   0.0001172752  -0.0001094250  -0.0002075155
        0.0002889087   0.0000860908  -0.0007002071   0.0001240880   0.0002956301
       -0.0003235834   0.0211770003  -0.0018410513  -0.0315086897  -0.0016884271
       -0.0020982883  -0.0055036352  -0.0001049043  -0.0013627572   0.0001678763
        0.0000569505  -0.0000222040  -0.0000178460  -0.0001253530   0.0001832835
       -0.0000837248   0.0002489032   0.0008235106   0.0006870067   0.1699394364
       -0.0057978439  -0.1891029200   0.0006700720   0.0001970103   0.0010965911
        0.0004297089   0.0003609613  -0.0016201844   0.0003902612   0.0002702800
        0.0000132130   0.0000293042  -0.0000203621   0.0000436006   0.0000443769
        0.0000916558   0.0000376566   0.0001164286  -0.0001621633  -0.0001396059
       -0.1881767114   0.0092258348   0.2268584935  -0.0003332168  -0.0002685549
       -0.0001267917  -0.0007343460   0.0005092304   0.0006926139  -0.0001942745
       -0.0001502532  -0.0001303528
       -0.0004315152   0.0012640450   0.0047281231   0.0015058276  -0.0003027915
       -0.0000362462  -0.0000895583   0.0000414785   0.0002284480   0.0032259211
        0.0005430988   0.0003266469  -0.0001681079   0.0007022157  -0.0000246930
       -0.0066029632  -0.0042453313  -0.0109806341   0.0004229499   0.0017583309
        0.0012010682  -0.0015917812  -0.0000195289  -0.0017006397  -0.0001696839
       -0.0002065835   0.0000102872   0.0012710756   0.0010446225  -0.0026631441
       -0.0000156270   0.0000065420   0.0002609117  -0.0025150718  -0.0001082122
        0.0002291956  -0.0013231598  -0.0017420634   0.0013290625   0.0002253876
        0.0001130387   0.0008944412  -0.2647408029  -0.1611767311   0.0004675989
       -0.0015037120  -0.0001186827   0.0013373239  -0.0006618929   0.0049940274
       -0.0039005623  -0.0005078228   0.0000444948   0.0004451879   0.0003411425
        0.0003227257  -0.0012039893  -0.0033541479   0.0047149447  -0.0003378457
        0.0001729043   0.0000949061  -0.0003332168   0.2721472539   0.1517582662
        0.0106870636   0.0002883703  -0.0002139954  -0.0002918657   0.0040750138
        0.0007311830  -0.0006725218
       -0.0015683882   0.0019958475   0.0064182341   0.0003187226   0.0010168568
       -0.0005207489  -0.0000720092  -0.0000532707  -0.0000373703  -0.0011501616
        0.0013961395  -0.0010353732   0.0009885891  -0.0004202788  -0.0004747240
       -0.0043613991  -0.0067247441  -0.0097065810  -0.0015214053  -0.0020497659
       -0.0033445549  -0.0007280131   0.0006869195   0.0004501989   0.0002763283
       -0.0001489767  -0.0000239774   0.0019564496   0.0014486712   0.0017722593
       -0.0000750189  -0.0001278118  -0.0000660837  -0.0010382080  -0.0013393478
       -0.0006776697  -0.0027834115  -0.0015589150  -0.0010201621   0.0008872432
       -0.0007639619   0.0013453630  -0.1531551246  -0.0956691334  -0.0001079007
       -0.0001828258   0.0000550761   0.0021080149   0.0050313278   0.0013258415
       -0.0050632686   0.0004068424  -0.0001406977  -0.0002321010   0.0003301546
        0.0001851279  -0.0014710326   0.0035803011   0.0003172507  -0.0003985377
       -0.0000066326   0.0003470558  -0.0002685549   0.1517582662   0.1059430750
        0.0120655400  -0.0001519479  -0.0003758789  -0.0003556176   0.0012603208
       -0.0053450788   0.0006446480
        0.0016350920   0.0015378990  -0.0015323275  -0.0002167218   0.0006032293
       -0.0008045919  -0.0000860798  -0.0000732303  -0.0001104444  -0.0013301903
       -0.0013297420  -0.0000752432   0.0007992548  -0.0009256281  -0.0003854534
       -0.0275481645  -0.0188351793  -0.0042632802  -0.0019987284  -0.0011368616
       -0.0033822061  -0.0010307459  -0.0010563776  -0.0013147874   0.0000389433
        0.0000015467  -0.0000844116  -0.0010570806   0.0003636678   0.0005693136
        0.0000505907  -0.0001594898  -0.0001136376   0.0004893266   0.0002044412
       -0.0003643512   0.0003963783  -0.0004156541  -0.0007325523  -0.0003459682
        0.0004367679  -0.0004284535   0.0203010931   0.0094331373  -0.0440094949
        0.0002154653   0.0001637455   0.0007319920  -0.0019384596  -0.0019590447
       -0.0040179719   0.0003413125   0.0001127460  -0.0001500595   0.0002736923
       -0.0001442116  -0.0001816961   0.0003524756   0.0003822662   0.0015850779
       -0.0002111885  -0.0000003634  -0.0001267917   0.0106870636   0.0120655400
        0.0575603672  -0.0000089012  -0.0000031509  -0.0001478347   0.0001915406
        0.0007339464   0.0017788383
        0.0001248347  -0.0005206023  -0.0002530815   0.0004822805  -0.0013144732
       -0.0011518023   0.0001700217  -0.0003007893  -0.0001721436  -0.0051872459
       -0.0069268811  -0.0007137473   0.0003393390  -0.0014707846   0.0000213220
        0.0020090085   0.0020542057  -0.0002800800   0.0001518317  -0.0006516635
        0.0003853251   0.0000542942   0.0005596758   0.0010925795  -0.0000536709
        0.0000776105  -0.0000730614   0.0003556074   0.0004209527   0.0000635368
       -0.0000565741  -0.0000096250   0.0000071990  -0.0007340117  -0.0002655607
        0.0000047038  -0.0002863171  -0.0002923117  -0.0002844107  -0.0001819261
       -0.0013222777  -0.0002992137  -0.0007935656   0.0001201439  -0.0003210486
       -0.0340263818  -0.1054719060   0.0153694034  -0.0003364790   0.0000440319
        0.0000991211  -0.0001127024  -0.0000396886  -0.0000538311  -0.0000689756
       -0.0000272148  -0.0000519170   0.0000846718   0.0000704588   0.0001078644
        0.0004504159   0.0013286467  -0.0007343460   0.0002883703  -0.0001519479
       -0.0000089012   0.0371437278   0.1140697633  -0.0128163490   0.0001834467
        0.0000202370   0.0000628783
       -0.0001495787  -0.0010978513   0.0003565303  -0.0031588471  -0.0029784641
       -0.0039908115   0.0004232926   0.0003265937  -0.0009267637  -0.0048430684
       -0.0172369166  -0.0029336841  -0.0000677868   0.0009227210   0.0001156190
        0.0003587258   0.0008754570  -0.0003773738   0.0005068034   0.0000868003
       -0.0009799821   0.0001390809  -0.0008915462  -0.0003167345  -0.0000761463
        0.0000987925   0.0000911308  -0.0002969449  -0.0002791130   0.0001128653
        0.0000805389   0.0000360046  -0.0000549085   0.0004501177   0.0002036923
        0.0001060839   0.0002150082   0.0002462729  -0.0000180855  -0.0003224521
        0.0010691804   0.0001333680   0.0000846354   0.0005275934   0.0010777980
       -0.1074701165  -0.3866223688   0.0640710640   0.0002790288   0.0002494378
       -0.0004410142   0.0001419503  -0.0000351281   0.0000389781  -0.0002308159
       -0.0000598158  -0.0002364029  -0.0000365815  -0.0001619260  -0.0000522151
        0.0002535446  -0.0017128934   0.0005092304  -0.0002139954  -0.0003758789
       -0.0000031509   0.1140697633   0.4068342986  -0.0563137315  -0.0001361560
       -0.0000249421   0.0000321906
       -0.0004353088  -0.0010643409   0.0005281463  -0.0012826705  -0.0026767867
       -0.0033862915  -0.0001560972   0.0000047240  -0.0000707090  -0.0081986349
       -0.0316000180   0.0049119953  -0.0004253537  -0.0007063729   0.0005551025
       -0.0007170324  -0.0018865815   0.0001451130   0.0009116436   0.0007341357
       -0.0007557529   0.0006175066   0.0002474910   0.0004432857  -0.0000336419
       -0.0000339464  -0.0000532241  -0.0002377310  -0.0004049331  -0.0000705517
       -0.0000629241   0.0001437464  -0.0000163080   0.0002941337   0.0000510857
       -0.0000348180  -0.0000499899   0.0002744287   0.0000629155  -0.0005352184
       -0.0002244913  -0.0007129501  -0.0000701790   0.0006051802   0.0006850835
        0.0226946381   0.0925895076  -0.0598812075   0.0004632735   0.0004761552
       -0.0000078550   0.0000127164  -0.0000191134   0.0000430958  -0.0001814091
       -0.0000109532  -0.0001172090   0.0000771113  -0.0002843575  -0.0000576997
        0.0005371445   0.0006031297   0.0006926139  -0.0002918657  -0.0003556176
       -0.0001478347  -0.0128163490  -0.0563137315   0.0572756808  -0.0001137622
       -0.0001483402  -0.0000306208
       -0.0105543547   0.0054314970   0.0113349982   0.0032454274  -0.0011745025
        0.0006204933  -0.0003732162  -0.0000761876  -0.0002233969   0.0001684621
        0.0003497872  -0.0003886596  -0.0002322314  -0.0000055077  -0.0000158451
        0.0005608708  -0.0005784530   0.0000177252  -0.0001103762   0.0001111624
       -0.0000704223  -0.0002903869  -0.0009188283   0.0003105467  -0.0003199152
       -0.0001210276   0.0000805417   0.0022974058  -0.0020012932  -0.0096729407
       -0.0000734637   0.0001681843   0.0008472511  -0.0035467744   0.0008789198
        0.0028490136   0.0047394554   0.0032571615   0.0058351553   0.0001830836
        0.0010681888   0.0007884140  -0.0026690832   0.0005225334  -0.0002201031
       -0.0006200306  -0.0001249666   0.0001449991  -0.2125129132   0.1816017237
        0.0092042971  -0.0003505323   0.0001366448   0.0023436135   0.0001739901
        0.0011030607  -0.0001002441  -0.0039931517  -0.0031210163   0.0020545169
        0.0002456188  -0.0002955208  -0.0001942745   0.0040750138   0.0012603208
        0.0001915406   0.0001834467  -0.0001361560  -0.0001137622   0.2197736553
       -0.1873357249  -0.0256234579
        0.0020065833  -0.0013063762  -0.0061455687   0.0001785294   0.0005550525
        0.0000198476   0.0000095883   0.0000894896   0.0001632741   0.0001595473
       -0.0006543983  -0.0001927986   0.0001745081  -0.0000847774   0.0000307823
       -0.0006906505  -0.0008899916  -0.0010419298   0.0001037672   0.0001637905
        0.0001412365  -0.0004398177   0.0000661307  -0.0002904960   0.0000476426
        0.0000552674   0.0000015795  -0.0017282907   0.0008126306   0.0002772622
        0.0002537781  -0.0001992430   0.0000909115   0.0003618651  -0.0006128807
       -0.0002204834  -0.0004156437  -0.0035790236  -0.0008421191   0.0003924239
       -0.0001483079   0.0004140637   0.0004357695   0.0011554839   0.0004433086
       -0.0000131566   0.0002134608   0.0005148700   0.1907975197  -0.1853492852
       -0.0033783917   0.0000579869   0.0017012763  -0.0001857345  -0.0016675529
        0.0018653029   0.0006487382  -0.0032819267   0.0003222405   0.0003255061
       -0.0001581658   0.0000902221  -0.0001502532   0.0007311830  -0.0053450788
        0.0007339464   0.0000202370  -0.0000249421  -0.0001483402  -0.1873357249
        0.1911039568   0.0087907884
        0.0283199209  -0.0236343406  -0.0060605656   0.0006782168  -0.0013979836
       -0.0002538739  -0.0000378311  -0.0000195299   0.0000618073   0.0001298932
       -0.0004253758  -0.0001369403   0.0000472307   0.0000641005  -0.0000744354
        0.0000758364   0.0000472586   0.0006615569  -0.0000153634   0.0000929554
       -0.0001227635  -0.0004057545  -0.0002711554  -0.0002645098   0.0001186099
        0.0000799736  -0.0000459064  -0.0028774392  -0.0009627135  -0.0005666022
       -0.0001198267  -0.0001458011  -0.0002512105   0.0010331948   0.0013759330
        0.0009439345   0.0020602049  -0.0002607512  -0.0024349239   0.0001296147
        0.0002373411   0.0000658300   0.0001505054  -0.0000074361  -0.0010988296
        0.0000316239   0.0001950339   0.0000875328  -0.0077381420   0.0158212306
       -0.0415996371   0.0026483273  -0.0008232088  -0.0054720920   0.0010191171
       -0.0004139249   0.0000828093   0.0010651967   0.0011567932   0.0013643695
       -0.0000800344  -0.0001760259  -0.0001303528  -0.0006725218   0.0006446480
        0.0017788383   0.0000628783   0.0000321906  -0.0000306208  -0.0256234579
        0.0087907884   0.0534965852
