$hessian                                                                        
        0.4098443950  -0.0011429239   0.0171177895  -0.2080869041  -0.0023747260
        0.0059806573  -0.0215604459   0.0000309751   0.0281582490   0.0023295178
        0.0000659419  -0.0030043129   0.0013016586  -0.0000258023   0.0026901648
        0.0004959021   0.0002188551  -0.0001339355  -0.0001497732   0.0000793886
        0.0000339674   0.0000411008  -0.0000003511  -0.0000410114  -0.0001507824
       -0.0000897499   0.0000323389   0.0004763169  -0.0002142032  -0.0001325209
       -0.0401525757   0.0004138349   0.0258171170  -0.0688156255  -0.0713216550
       -0.0358071813  -0.0733940214   0.0743892844  -0.0403889123  -0.0009191562
       -0.0000220173  -0.0002423904  -0.0003952641   0.0001064089   0.0000133630
       -0.0002417358  -0.0001086412   0.0000228466  -0.0000261457  -0.0000865055
        0.0000466258   0.0000118434   0.0000061337  -0.0001276486  -0.0000941926
       -0.0000010449   0.0000158321   0.0001377267   0.0000031388  -0.0000052865
       -0.0000308316   0.0000880802   0.0000437229   0.0000119621  -0.0000092610
       -0.0001282205  -0.0003880737  -0.0001170475   0.0000230899  -0.0002448956
        0.0001118872   0.0000156559
       -0.0011429239   0.4959497737   0.0008728262  -0.0025991169  -0.0551573663
       -0.0000966026   0.0002148712   0.0007486058   0.0002757320   0.0001511242
       -0.0040483596   0.0000174090  -0.0000505613   0.0052280408  -0.0001130165
       -0.0008643740   0.0002218128  -0.0001340668  -0.0001225977   0.0001985130
       -0.0001172928   0.0000000210   0.0000469471  -0.0000007251   0.0001102461
        0.0002038641   0.0001143085   0.0008607175   0.0002414244   0.0001252921
        0.0003271324  -0.0437525290  -0.0029099257  -0.0684793787  -0.2041512657
       -0.0792164262   0.0715940761  -0.1951857232   0.0811814176   0.0000064636
        0.0002430445  -0.0000134650   0.0001179935  -0.0000082915   0.0002319345
        0.0000162556  -0.0003175800  -0.0001000075  -0.0000667254  -0.0000416653
        0.0000105052  -0.0000073712  -0.0000064650  -0.0000052720  -0.0000015067
        0.0000099385   0.0000000706   0.0000025761  -0.0000480769   0.0000006362
        0.0000668577  -0.0000376051  -0.0000076099   0.0000067022  -0.0000063924
        0.0000023580  -0.0001280832  -0.0000208244  -0.0002255457  -0.0000123981
       -0.0003098202   0.0001074659
        0.0171177895   0.0008728262   0.5390173379  -0.0103928555  -0.0003551361
       -0.0685724434   0.0405132170   0.0004644021  -0.0126208650   0.0038604473
        0.0001314692   0.0010225498   0.0010043432  -0.0001390832  -0.0059625480
       -0.0003507170   0.0000979290   0.0000847145   0.0000090322  -0.0000315761
        0.0000661332  -0.0000201006  -0.0000004860   0.0000297880   0.0000049546
        0.0000278896   0.0000621521  -0.0003717722  -0.0001135764   0.0000840005
        0.0196016546  -0.0030091481  -0.2844906821  -0.0341742550  -0.0776623366
       -0.0821249230  -0.0386290298   0.0796808782  -0.0865126213   0.0017646734
        0.0000192530  -0.0004129741   0.0000647652  -0.0000356709   0.0001626923
        0.0000451882  -0.0000360936  -0.0000456239  -0.0000136990   0.0000116774
        0.0000219611  -0.0000529849   0.0000019824   0.0000240008   0.0000101759
       -0.0000001269  -0.0000003426  -0.0000348152  -0.0000000728   0.0000021643
       -0.0000147468  -0.0000102994   0.0000227235  -0.0000529487  -0.0000025942
        0.0000240576   0.0000670713   0.0000426188   0.0001682406   0.0000446122
        0.0000452746  -0.0000494928
       -0.2080869041  -0.0025991169  -0.0103928555   0.4161006873   0.0047682342
       -0.0513622089  -0.0970265251  -0.0000851963   0.0415418755   0.0118849433
       -0.0006119233  -0.0278470908  -0.0254384894   0.0000197671   0.0351737625
       -0.0013903089  -0.0008329243   0.0016403254   0.0001453901   0.0003131525
       -0.0002348315   0.0001777831   0.0000075698   0.0002235945   0.0001506561
       -0.0003212321  -0.0002374385  -0.0014010130   0.0008390384   0.0016370254
       -0.0134746907  -0.0001193914   0.0078888241  -0.0357249935  -0.0092572388
        0.0001682382  -0.0369088806   0.0080322091   0.0000871728  -0.0075508134
       -0.0001083377   0.0020897349  -0.0008839955   0.0003054914  -0.0002202488
        0.0002391047   0.0003711918   0.0002635728  -0.0001852832   0.0002067917
       -0.0001645820   0.0001332633  -0.0000562178  -0.0000061650   0.0000799190
        0.0000002059  -0.0001182518  -0.0001712162  -0.0000045582  -0.0000015731
       -0.0001812560  -0.0002203374  -0.0001606339   0.0001367877   0.0000593987
       -0.0000100019  -0.0008719962  -0.0003326984  -0.0002395526   0.0002478314
       -0.0003738782   0.0002813081
       -0.0023747260  -0.0551573663  -0.0003551361   0.0047682342   0.0743324966
        0.0040139221  -0.0003448942  -0.0558358938  -0.0017032275  -0.0004983103
        0.0259061083  -0.0023784150  -0.0001441406   0.0039751160   0.0003552288
        0.0005062965  -0.0001696179   0.0006122966  -0.0001570734   0.0001955471
       -0.0003622000   0.0000000569  -0.0000985325  -0.0000011460   0.0001612215
        0.0002226976   0.0003642309  -0.0005636031  -0.0002454391  -0.0006320116
        0.0002715601   0.0007422328   0.0000070545  -0.0290084794   0.0015928566
        0.0049314538   0.0275357382   0.0025757454  -0.0049134561  -0.0001193775
        0.0010086078   0.0000230306   0.0001061292  -0.0002548204  -0.0008519340
       -0.0001052755   0.0005545055   0.0002369220  -0.0001014445   0.0001034888
       -0.0000473425   0.0001663825   0.0000256984  -0.0000643075   0.0000031020
       -0.0000351742   0.0000044038  -0.0000044896   0.0001096856  -0.0000011262
        0.0001042220   0.0001078330   0.0000419881  -0.0001721071   0.0000220458
        0.0000688455  -0.0001211250  -0.0002279452   0.0008983312   0.0000921033
        0.0005501241  -0.0002474052
        0.0059806573  -0.0000966026  -0.0685724434  -0.0513622089   0.0040139221
        0.4194691626   0.0236222856  -0.0019475458  -0.2236086213  -0.0199950305
       -0.0022668260  -0.1131187059   0.0227597824   0.0001471144  -0.0109566676
       -0.0008624045   0.0025376762  -0.0029378607   0.0002190201  -0.0008696247
        0.0005342805  -0.0002457528  -0.0000095075  -0.0004233598   0.0001858196
        0.0008841639   0.0005006634  -0.0007685168  -0.0026374563  -0.0028475412
        0.0360209956   0.0004589581  -0.0078571941  -0.0084590365   0.0021671408
        0.0025578131  -0.0091653482  -0.0024416426   0.0027584375   0.0013778150
        0.0000107861   0.0001988867   0.0002706574  -0.0006167668   0.0017308995
       -0.0000694201  -0.0003997575  -0.0001242020   0.0004625007  -0.0002070324
        0.0000918493  -0.0003367286   0.0000728371   0.0002527659   0.0000948523
        0.0000069009   0.0004077713  -0.0000137077  -0.0000007049   0.0000365589
        0.0004485851   0.0002200392   0.0000875195  -0.0003306937  -0.0000791097
        0.0002546553   0.0002522028   0.0006751856   0.0016906825  -0.0000863256
        0.0003778523  -0.0001253500
       -0.0215604459   0.0002148712   0.0405132170  -0.0970265251  -0.0003448942
        0.0236222856   0.6898505399   0.0111285199   0.2320700355  -0.3591202793
       -0.0091859072  -0.3199467460  -0.1627799618  -0.0012059195   0.0255361470
       -0.0177215979   0.0117420740  -0.0067517439  -0.0001125721   0.0003617766
        0.0005967052  -0.0007612244  -0.0000212726  -0.0008512286  -0.0000149721
       -0.0002067782   0.0006894573  -0.0165765335  -0.0123981679  -0.0064765320
       -0.0078473079  -0.0001218478   0.0011037136  -0.0003388237  -0.0008326891
        0.0023414438  -0.0003982226   0.0008694265   0.0023556434  -0.0105169615
       -0.0001243769   0.0039956342   0.0011361531  -0.0007064750   0.0003988400
        0.0005606382  -0.0010806855   0.0000807901   0.0006784875  -0.0005117116
        0.0001967153  -0.0001723075   0.0001987480  -0.0001346881  -0.0002451530
       -0.0000007319   0.0001795244   0.0007374995   0.0000130814  -0.0000040995
        0.0007192670   0.0005496721   0.0001853397  -0.0001725388  -0.0002021567
       -0.0001252137   0.0011203271   0.0007290521   0.0003873876   0.0005625151
        0.0011363923   0.0000373718
        0.0000309751   0.0007486058   0.0004644021  -0.0000851963  -0.0558358938
       -0.0019475458   0.0111285199   0.1976496464   0.0110891955  -0.0089847159
       -0.0655976580  -0.0101309157  -0.0014827644  -0.0655435509   0.0004888577
        0.0232349109  -0.0014593197  -0.0017579872   0.0027582470  -0.0042702317
        0.0027246683  -0.0000090983  -0.0001221510  -0.0000080670  -0.0026575865
       -0.0044991931  -0.0026044653  -0.0239989152  -0.0025576241   0.0016875279
       -0.0001216091   0.0005437421  -0.0000194233  -0.0011378159   0.0006712106
        0.0011661233   0.0010312239   0.0007717373  -0.0010381639   0.0002414744
        0.0009207122  -0.0000726830   0.0001601398   0.0007894888   0.0001819471
        0.0010759341  -0.0010615138  -0.0003839988   0.0016738418  -0.0002613793
        0.0000966914  -0.0002466356  -0.0000766808   0.0001097183  -0.0000067940
       -0.0000430177  -0.0000035733   0.0000168343  -0.0001248668   0.0000003466
       -0.0016662726  -0.0003051570  -0.0000819060   0.0002569261  -0.0000785733
       -0.0001269452  -0.0001922136   0.0007709171  -0.0002603418  -0.0010194099
       -0.0010292491   0.0004265382
        0.0281582490   0.0002757320  -0.0126208650   0.0415418755  -0.0017032275
       -0.2236086213   0.2320700355   0.0110891955   0.7269992857  -0.3065788826
       -0.0099201666  -0.4241710021   0.0050116917   0.0001730741  -0.0597614339
       -0.0107405411   0.0002108036   0.0030949292  -0.0014087356   0.0022121375
       -0.0007804744   0.0000987693   0.0000094801   0.0003213854  -0.0012631605
       -0.0021547106  -0.0006485696  -0.0100804359  -0.0004011029   0.0030546961
        0.0009127453  -0.0000252540  -0.0020966798  -0.0026187160  -0.0025684198
        0.0026324683  -0.0027280937   0.0025463619   0.0025936240   0.0311788115
        0.0003617829  -0.0091683324  -0.0016031618   0.0010018370  -0.0025269598
        0.0001756641  -0.0006958621   0.0004499278  -0.0008816755   0.0001806282
        0.0000198802   0.0004901884  -0.0000000372  -0.0005547818  -0.0002558953
       -0.0000099123  -0.0005245602   0.0002366832   0.0000031778  -0.0000983242
       -0.0008229497  -0.0001978446   0.0000245339   0.0004850012   0.0000066627
       -0.0005533095  -0.0015623356  -0.0011375205  -0.0024932228   0.0001848685
        0.0007431847   0.0004164060
        0.0023295178   0.0001511242   0.0038604473   0.0118849433  -0.0004983103
       -0.0199950305  -0.3591202793  -0.0089847159  -0.3065788826   0.3910221420
        0.0109745825   0.3656845615  -0.0398748809  -0.0015234003  -0.0410401590
       -0.0055036372  -0.0020016873   0.0007893033  -0.0007079432   0.0018219435
       -0.0010672406   0.0004634600   0.0000100958   0.0003080188  -0.0006589669
       -0.0019027857  -0.0010382578  -0.0056561666   0.0018788894   0.0007447266
        0.0014598901   0.0000401200   0.0011678361   0.0010025252   0.0014688829
       -0.0012620719   0.0010485456  -0.0014632586  -0.0012391458   0.0035568056
        0.0000499531  -0.0013165498  -0.0000124698  -0.0001833621   0.0001975120
        0.0001106652   0.0002263074   0.0003329851  -0.0008025228   0.0002140057
       -0.0001083207   0.0001392952  -0.0001027718   0.0000198782   0.0001423406
        0.0000025679   0.0000444612  -0.0002346476  -0.0000029518   0.0000480029
       -0.0008116395  -0.0002450598  -0.0001020402   0.0001361412   0.0001057240
        0.0000175516  -0.0000193483   0.0001884408   0.0001914894   0.0001062302
       -0.0002243336   0.0003409250
        0.0000659419  -0.0040483596   0.0001314692  -0.0006119233   0.0259061083
       -0.0022668260  -0.0091859072  -0.0655976580  -0.0099201666   0.0109745825
        0.0256506827   0.0130244341  -0.0011378719   0.0192177284  -0.0010377345
       -0.0026925023  -0.0012632483   0.0003070999  -0.0003086171   0.0009574149
       -0.0006926620   0.0000103601   0.0000500007   0.0000051353   0.0002508616
        0.0009006572   0.0006173000   0.0025320866  -0.0010776750  -0.0002212551
        0.0000042635   0.0000971948   0.0000392683   0.0000672281  -0.0003306432
       -0.0005028687  -0.0000127689  -0.0003803276   0.0004699535   0.0000736186
       -0.0007846039   0.0000129976  -0.0000168599  -0.0000223135  -0.0000078546
       -0.0002975319   0.0003061296   0.0000685184  -0.0004322376   0.0000488357
        0.0000085855   0.0000297105  -0.0000081905   0.0000249128   0.0000042837
        0.0000264351   0.0000025110  -0.0000057819   0.0000219777   0.0000013672
        0.0003973222   0.0000537599  -0.0000126080  -0.0000296168  -0.0000060740
       -0.0000172348   0.0000277311  -0.0000050368   0.0000310701   0.0002936285
        0.0002872053  -0.0000654126
       -0.0030043129   0.0000174090   0.0010225498  -0.0278470908  -0.0023784150
       -0.1131187059  -0.3199467460  -0.0101309157  -0.4241710021   0.3656845615
        0.0130244341   0.5382680164  -0.0133376908  -0.0005975370  -0.0082043962
       -0.0006065503  -0.0017491841   0.0011118331  -0.0002034174   0.0008151090
       -0.0006345087   0.0003134447   0.0000043266   0.0000602310  -0.0001854036
       -0.0008640243  -0.0006299711  -0.0007390001   0.0017866223   0.0010711037
       -0.0012178392   0.0000012715   0.0014749713   0.0004418735   0.0006634618
       -0.0000730134   0.0004610276  -0.0006444711  -0.0000698083   0.0001600825
        0.0000364334   0.0017943279   0.0004058627  -0.0003420006   0.0005723420
        0.0001002175   0.0007568271   0.0000345854  -0.0002917272   0.0000631149
        0.0000077202  -0.0001875505  -0.0000028556   0.0003151672   0.0001726831
        0.0000045225   0.0001527656  -0.0001888572  -0.0000018649   0.0000711365
       -0.0003040392  -0.0000745453   0.0000098488  -0.0001876957   0.0000034485
        0.0003156827   0.0003938280   0.0003701828   0.0005619942   0.0001143398
       -0.0007613499   0.0000571299
        0.0013016586  -0.0000505613   0.0010043432  -0.0254384894  -0.0001441406
        0.0227597824  -0.1627799618  -0.0014827644   0.0050116917  -0.0398748809
       -0.0011378719  -0.0133376908   0.4633210401   0.0003374192  -0.0182261099
       -0.0733164834   0.0330628632  -0.0156813033  -0.0204661873   0.0248867502
       -0.0132307913   0.0037538929   0.0000779767   0.0006775755  -0.0193644993
       -0.0257323861  -0.0124470111  -0.0709868573  -0.0312546870  -0.0134001557
       -0.0004109850  -0.0000083062   0.0000446939  -0.0000542772   0.0001343192
       -0.0000707852  -0.0000251808  -0.0001404944  -0.0000807979  -0.0541044679
        0.0004722410   0.0493924382   0.0019080761  -0.0036821495   0.0011562037
        0.0036201974  -0.0053675500   0.0034636337  -0.0072346511   0.0009333282
       -0.0001332072   0.0008498794   0.0002793088  -0.0007600142  -0.0001644215
       -0.0000078133  -0.0003000418   0.0002485790   0.0000064261   0.0001666305
       -0.0071787145  -0.0011988455  -0.0001077785   0.0008356435  -0.0002835904
       -0.0007500856   0.0018340365   0.0038902711   0.0012070869   0.0037270542
        0.0064102569   0.0036416925
       -0.0000258023   0.0052280408  -0.0001390832   0.0000197671   0.0039751160
        0.0001471144  -0.0012059195  -0.0655435509   0.0001730741  -0.0015234003
        0.0192177284  -0.0005975370   0.0003374192   0.4274161438   0.0013745113
        0.0417734870  -0.1390483737   0.0444017471   0.0089183881  -0.0037993237
        0.0027782988   0.0000735030  -0.0005631070   0.0000222238  -0.0094867408
       -0.0049786868  -0.0030438395  -0.0400554395  -0.1437956166  -0.0434948272
        0.0000135476   0.0001692789  -0.0000057403   0.0007574123  -0.0000178648
       -0.0004433428  -0.0007656684  -0.0000305697   0.0004372422   0.0004222339
       -0.0416072552  -0.0021650209   0.0014092820  -0.0032853053   0.0046168417
        0.0097907492  -0.0259000358   0.0110451888   0.0006103746   0.0010134738
       -0.0001610231  -0.0006840461   0.0002980146   0.0000424742  -0.0000041889
        0.0000436464  -0.0000090448   0.0000059180  -0.0000022649   0.0000022844
       -0.0008540916   0.0009632070   0.0001473381   0.0007312195   0.0003337479
       -0.0000594052  -0.0015256887  -0.0040472297  -0.0049841372  -0.0087323154
       -0.0260392135  -0.0100853379
        0.0026901648  -0.0001130165  -0.0059625480   0.0351737625   0.0003552288
       -0.0109566676   0.0255361470   0.0004888577  -0.0597614339  -0.0410401590
       -0.0010377345  -0.0082043962  -0.0182261099   0.0013745113   0.5481744642
       -0.0193810594   0.0446201881  -0.0922422001  -0.0027950316  -0.0000019275
        0.0008483820   0.0003359135   0.0000168778   0.0002638984  -0.0025440208
        0.0000620792   0.0009277501  -0.0168489564  -0.0438272667  -0.0898409120
        0.0016615854   0.0000193880  -0.0002802758  -0.0002703320  -0.0001493384
       -0.0001542780  -0.0002534556   0.0001380821  -0.0001706591   0.0456917288
       -0.0022251631  -0.2579105668  -0.0111918021   0.0254609177  -0.0189145072
        0.0041326121  -0.0089308105   0.0050489883   0.0006246562  -0.0001143749
        0.0006421926   0.0011339695  -0.0008314147   0.0005830831  -0.0000653981
       -0.0000048785  -0.0002546924   0.0001497911   0.0000023227  -0.0000322266
        0.0006412879   0.0001250846   0.0006344041   0.0010875087   0.0008735236
        0.0005612247  -0.0103271446  -0.0262101258  -0.0180791039   0.0040843419
        0.0099089895   0.0050800800
        0.0004959021  -0.0008643740  -0.0003507170  -0.0013903089   0.0005062965
       -0.0008624045  -0.0177215979   0.0232349109  -0.0107405411  -0.0055036372
       -0.0026925023  -0.0006065503  -0.0733164834   0.0417734870  -0.0193810594
        0.4603389616   0.0277081876  -0.0102953780  -0.1926968345  -0.0010801524
        0.0147766191  -0.0192627417  -0.0088257022  -0.0024712665   0.0004673509
        0.0017110714   0.0002992887   0.0046910735  -0.0057458563   0.0033082728
        0.0000308940  -0.0000206269  -0.0000040118  -0.0001607621   0.0000411072
        0.0000849381   0.0000047737  -0.0000319366  -0.0000425984   0.0021986023
       -0.0031176037   0.0018752404  -0.0557314069  -0.0014775368   0.0551645204
       -0.0711439083  -0.0693797151  -0.0352960975  -0.0179044662   0.0026870715
        0.0003582658  -0.0136956978  -0.0003541714   0.0052123727   0.0008096358
        0.0007244725   0.0005212166  -0.0006295104  -0.0024562624  -0.0010382062
        0.0001499637   0.0002244113   0.0000088687  -0.0000725618  -0.0001438348
        0.0001781980   0.0002308112   0.0000531680   0.0000749360  -0.0001880515
       -0.0024739089  -0.0007739065
        0.0002188551   0.0002218128   0.0000979290  -0.0008329243  -0.0001696179
        0.0025376762   0.0117420740  -0.0014593197   0.0002108036  -0.0020016873
       -0.0012632483  -0.0017491841   0.0330628632  -0.1390483737   0.0446201881
        0.0277081876   0.4910384399   0.0306997351  -0.0037591822  -0.0636510066
       -0.0004905943  -0.0252820855  -0.0033114464   0.0003512640   0.0014064523
        0.0024515146   0.0007652491   0.0069761119  -0.0309716238   0.0079677790
       -0.0000533028   0.0000003638   0.0000131020  -0.0000158554  -0.0000460324
       -0.0000378666  -0.0000180134   0.0000064559  -0.0000136884   0.0012678997
       -0.0029749668   0.0039974763  -0.0013411416  -0.0444870468  -0.0023315990
       -0.0689823241  -0.1979208985  -0.0835592813   0.0242569310  -0.0012749919
       -0.0011261006   0.0006176220   0.0005116680   0.0001814393  -0.0002202637
        0.0005414424   0.0006472285  -0.0033283892  -0.0042206583  -0.0020617479
        0.0002492431   0.0002413078  -0.0000021303  -0.0001921780  -0.0001841367
        0.0001593818   0.0003321310   0.0010183157   0.0009276635  -0.0018110236
       -0.0050479532  -0.0018047231
       -0.0001339355  -0.0001340668   0.0000847145   0.0016403254   0.0006122966
       -0.0029378607  -0.0067517439  -0.0017579872   0.0030949292   0.0007893033
        0.0003070999   0.0011118331  -0.0156813033   0.0444017471  -0.0922422001
       -0.0102953780   0.0306997351   0.5264172084   0.0154931012  -0.0001182114
       -0.0691147260  -0.0120109408  -0.0017673434   0.0011056405   0.0002372972
        0.0007554533   0.0003861727   0.0033717394  -0.0068803552   0.0049728146
        0.0000541991  -0.0000323876  -0.0000256274  -0.0000376899   0.0000026194
        0.0000343855   0.0000429386   0.0000301852  -0.0000414726  -0.0107782401
        0.0246488464  -0.0174516606   0.0557074581  -0.0028820585  -0.2607001256
       -0.0353362639  -0.0830271683  -0.0900427567  -0.0138939622   0.0011452834
        0.0011612038   0.0307882004   0.0004889878  -0.0061115241  -0.0011614508
       -0.0001945987   0.0004298574  -0.0015601963  -0.0024674268  -0.0004280924
        0.0000493436   0.0000563474  -0.0000759784   0.0000253570  -0.0000322548
       -0.0001418295   0.0003120392  -0.0012229447   0.0007252315  -0.0008701978
       -0.0026317984  -0.0002101372
       -0.0001497732  -0.0001225977   0.0000090322   0.0001453901  -0.0001570734
        0.0002190201  -0.0001125721   0.0027582470  -0.0014087356  -0.0007079432
       -0.0003086171  -0.0002034174  -0.0204661873   0.0089183881  -0.0027950316
       -0.1926968345  -0.0037591822   0.0154931012   0.4642247967  -0.0246587472
       -0.0043566354  -0.0823313478  -0.0390072424  -0.0194724822   0.0046927855
        0.0069022520   0.0041076765   0.0005691148  -0.0014583156   0.0003014872
       -0.0000023056   0.0000023747  -0.0000267983   0.0000193177   0.0000383438
        0.0000180632   0.0000059295  -0.0000334238   0.0000120306   0.0007832032
       -0.0007033599   0.0005526349  -0.0132669892   0.0002619997   0.0049830513
       -0.0166678442  -0.0030549991   0.0003795162  -0.0751141659   0.0714905322
       -0.0399284464  -0.0558148642   0.0028194559   0.0534873636   0.0022991450
        0.0037340209   0.0019089033  -0.0153720867  -0.0262936180  -0.0128823666
       -0.0001847819   0.0027566646  -0.0007927219   0.0001819277  -0.0000796041
        0.0002162399  -0.0000903234   0.0001695347   0.0001721461   0.0000564089
       -0.0002150331   0.0000063691
        0.0000793886   0.0001985130  -0.0000315761   0.0003131525   0.0001955471
       -0.0008696247   0.0003617766  -0.0042702317   0.0022121375   0.0018219435
        0.0009574149   0.0008151090   0.0248867502  -0.0037993237  -0.0000019275
       -0.0010801524  -0.0636510066  -0.0001182114  -0.0246587472   0.5005649845
       -0.0236538916  -0.0404334311  -0.1543313128  -0.0464234652  -0.0056284480
       -0.0317130330  -0.0067715231  -0.0017617815   0.0023072669  -0.0008006919
       -0.0000047614   0.0000085472  -0.0000072735   0.0000378027  -0.0000125184
       -0.0000116471  -0.0000563033   0.0000189669   0.0000284255   0.0001987694
        0.0004466827  -0.0005191989   0.0001269887   0.0005829401  -0.0002958699
       -0.0255338481  -0.0021439425   0.0012129818   0.0714888364  -0.1894061039
        0.0855341521   0.0028529897  -0.0448278043  -0.0043774652  -0.0010657870
       -0.0039723482  -0.0048511887  -0.0037206457  -0.0034775388  -0.0020531650
        0.0020978502  -0.0046928019   0.0019805222  -0.0002788934   0.0008712152
       -0.0008405729   0.0001925976  -0.0002426935  -0.0001599569  -0.0002360472
        0.0003885808   0.0000039215
        0.0000339674  -0.0001172928   0.0000661332  -0.0002348315  -0.0003622000
        0.0005342805   0.0005967052   0.0027246683  -0.0007804744  -0.0010672406
       -0.0006926620  -0.0006345087  -0.0132307913   0.0027782988   0.0008483820
        0.0147766191  -0.0004905943  -0.0691147260  -0.0043566354  -0.0236538916
        0.5295735848  -0.0195029029  -0.0459385796  -0.0921433362   0.0040440836
        0.0079125393   0.0053318687   0.0003719277  -0.0008086461   0.0004287559
       -0.0000198921   0.0000093686   0.0000233405  -0.0000180175  -0.0000144589
       -0.0000071971   0.0000665359  -0.0000133686  -0.0000080266  -0.0011465740
        0.0002158501   0.0004043472   0.0303718522   0.0003140324  -0.0059045882
       -0.0133419797  -0.0016021325   0.0011887129  -0.0398680515   0.0854622760
       -0.0946930516   0.0533736337  -0.0045118121  -0.2587287602  -0.0105773704
       -0.0268621556  -0.0177060532   0.0004537099   0.0014134616   0.0012244658
       -0.0010028960   0.0029861994  -0.0003424187   0.0001913385   0.0012878182
        0.0006701461   0.0000658190   0.0000213566  -0.0001465826   0.0000209904
       -0.0000580751  -0.0000842940
        0.0000411008   0.0000000210  -0.0000201006   0.0001777831   0.0000000569
       -0.0002457528  -0.0007612244  -0.0000090983   0.0000987693   0.0004634600
        0.0000103601   0.0003134447   0.0037538929   0.0000735030   0.0003359135
       -0.0192627417  -0.0252820855  -0.0120109408  -0.0823313478  -0.0404334311
       -0.0195029029   0.5290281347   0.0009862385  -0.0204660965  -0.0849197785
        0.0420413972  -0.0221101613  -0.0203276772   0.0244008597  -0.0127400062
       -0.0000032738  -0.0000001618   0.0000002757   0.0000202608   0.0000047789
        0.0000064012   0.0000208402  -0.0000034654   0.0000062782  -0.0002558144
       -0.0000078753  -0.0002092676   0.0007475125  -0.0003399723  -0.0007256222
       -0.0068037375  -0.0011227678  -0.0001017559   0.0039782801   0.0079965574
        0.0036415715   0.0024843532   0.0042889918   0.0016076824  -0.0568197860
        0.0004238479   0.0487876111  -0.2696371253  -0.0032572691   0.0291100317
        0.0039245383  -0.0069235335   0.0035100486   0.0025654493  -0.0040520431
        0.0015736550   0.0007533336   0.0003322476  -0.0007336147  -0.0068364329
        0.0008728432  -0.0001254614
       -0.0000003511   0.0000469471  -0.0000004860   0.0000075698  -0.0000985325
       -0.0000095075  -0.0000212726  -0.0001221510   0.0000094801   0.0000100958
        0.0000500007   0.0000043266   0.0000779767  -0.0005631070   0.0000168778
       -0.0088257022  -0.0033114464  -0.0017673434  -0.0390072424  -0.1543313128
       -0.0459385796   0.0009862385   0.4497875796   0.0006115956   0.0406161788
       -0.1491964283   0.0468666427   0.0082112907  -0.0022110834   0.0014772233
        0.0000001043   0.0000099586  -0.0000003908   0.0000118976  -0.0000059094
       -0.0000106838  -0.0000110328  -0.0000060209   0.0000111945  -0.0000058707
        0.0000701169  -0.0000080200   0.0005371790   0.0003970171   0.0000284898
       -0.0001345617   0.0009086384   0.0001038600  -0.0085963200  -0.0266284789
       -0.0100143606  -0.0016810239  -0.0039173103  -0.0047941353   0.0004246071
       -0.0416871868  -0.0022118678  -0.0032597740  -0.0407710591   0.0003497062
        0.0096828429  -0.0265616352   0.0109907821   0.0015681131  -0.0031606233
        0.0044449190  -0.0004987144   0.0003668848  -0.0000449291  -0.0000922285
        0.0009351420  -0.0001147939
       -0.0000410114  -0.0000007251   0.0000297880   0.0002235945  -0.0000011460
       -0.0004233598  -0.0008512286  -0.0000080670   0.0003213854   0.0003080188
        0.0000051353   0.0000602310   0.0006775755   0.0000222238   0.0002638984
       -0.0024712665   0.0003512640   0.0011056405  -0.0194724822  -0.0464234652
       -0.0921433362  -0.0204660965   0.0006115956   0.5185138901  -0.0220562743
        0.0473525125  -0.0946888364  -0.0026928457  -0.0003284616   0.0010703412
        0.0000245625   0.0000000210  -0.0000237485   0.0000054520   0.0000006697
        0.0000051518   0.0000058784   0.0000000291   0.0000050123  -0.0000520137
       -0.0000053668  -0.0002658637   0.0009597236   0.0008636297   0.0006259312
        0.0007294960   0.0001231275   0.0006577300   0.0040396655   0.0105137149
        0.0050061196  -0.0107950471  -0.0264635484  -0.0177713847   0.0488647962
       -0.0022108642  -0.2609012506   0.0288883356   0.0003466667  -0.0491448651
        0.0041100127  -0.0095210439   0.0049929799  -0.0116722317   0.0257045587
       -0.0186092370   0.0010008208  -0.0008257788   0.0006498225   0.0007325654
       -0.0001066814   0.0006639599
       -0.0001507824   0.0001102461   0.0000049546   0.0001506561   0.0001612215
        0.0001858196  -0.0000149721  -0.0026575865  -0.0012631605  -0.0006589669
        0.0002508616  -0.0001854036  -0.0193644993  -0.0094867408  -0.0025440208
        0.0004673509   0.0014064523   0.0002372972   0.0046927855  -0.0056284480
        0.0040440836  -0.0849197785   0.0406161788  -0.0220562743   0.4626958255
        0.0232916856  -0.0057752320  -0.1927348427   0.0000582859   0.0154318706
       -0.0000023823  -0.0000027373  -0.0000270349   0.0000029319   0.0000336610
        0.0000119772   0.0000217755  -0.0000364888   0.0000188770   0.0007672951
        0.0007279848   0.0005160699  -0.0000790889  -0.0001597197   0.0001710986
        0.0000422027   0.0002043065   0.0000008504  -0.0000341699  -0.0026254037
       -0.0006579259   0.0001708564   0.0000631179   0.0001873221   0.0023820625
       -0.0034932876   0.0018577559  -0.0163118023   0.0255219346  -0.0136498583
       -0.0706388398  -0.0686512144  -0.0353097713  -0.0556688220  -0.0017094722
        0.0534752547  -0.0132556259  -0.0005671544   0.0049852526  -0.0175591692
        0.0025723167   0.0003401976
       -0.0000897499   0.0002038641   0.0000278896  -0.0003212321   0.0002226976
        0.0008841639  -0.0002067782  -0.0044991931  -0.0021547106  -0.0019027857
        0.0009006572  -0.0008640243  -0.0257323861  -0.0049786868   0.0000620792
        0.0017110714   0.0024515146   0.0007554533   0.0069022520  -0.0317130330
        0.0079125393   0.0420413972  -0.1491964283   0.0473525125   0.0232916856
        0.5034044023   0.0242293181  -0.0026387346  -0.0635900898   0.0004605613
        0.0000038630   0.0000087484   0.0000067834   0.0000575247   0.0000219735
       -0.0000288256  -0.0000371841  -0.0000137468   0.0000124058  -0.0002198124
        0.0004706706   0.0005341613  -0.0001855072  -0.0002500016   0.0001678621
        0.0002253033   0.0004039500  -0.0000168893  -0.0019722189  -0.0049764457
       -0.0018794211   0.0002623645   0.0008697486   0.0008416047   0.0009545498
       -0.0032045961   0.0045142437   0.0033221447  -0.0025224233   0.0017446754
       -0.0686471181  -0.1985065440  -0.0839636831  -0.0017458900  -0.0448439160
        0.0002469883   0.0002598856   0.0005822323   0.0002774309   0.0246673554
       -0.0012453548  -0.0011231191
        0.0000323389   0.0001143085   0.0000621521  -0.0002374385   0.0003642309
        0.0005006634   0.0006894573  -0.0026044653  -0.0006485696  -0.0010382578
        0.0006173000  -0.0006299711  -0.0124470111  -0.0030438395   0.0009277501
        0.0002992887   0.0007652491   0.0003861727   0.0041076765  -0.0067715231
        0.0053318687  -0.0221101613   0.0468666427  -0.0946888364  -0.0057752320
        0.0242293181   0.5282710777   0.0147774776   0.0008110850  -0.0691404997
       -0.0000196594  -0.0000097099   0.0000234266   0.0000646980   0.0000144910
       -0.0000074867  -0.0000175253   0.0000138951  -0.0000080502  -0.0011334591
       -0.0002547178   0.0003960418   0.0000717173  -0.0000163796  -0.0001506996
        0.0000133643   0.0000455961  -0.0000852100  -0.0008536592  -0.0028910804
       -0.0002096118   0.0002250783  -0.0012869829   0.0006818945  -0.0114506205
        0.0261134954  -0.0185569769   0.0004005690  -0.0012847830   0.0012090683
       -0.0352517236  -0.0838900270  -0.0900709950   0.0533581832   0.0003773059
       -0.2588595675   0.0303674133   0.0004777963  -0.0059148872  -0.0140725142
        0.0012427942   0.0011812456
        0.0004763169   0.0008607175  -0.0003717722  -0.0014010130  -0.0005636031
       -0.0007685168  -0.0165765335  -0.0239989152  -0.0100804359  -0.0056561666
        0.0025320866  -0.0007390001  -0.0709868573  -0.0400554395  -0.0168489564
        0.0046910735   0.0069761119   0.0033717394   0.0005691148  -0.0017617815
        0.0003719277  -0.0203276772   0.0082112907  -0.0026928457  -0.1927348427
       -0.0026387346   0.0147774776   0.4621516995  -0.0288592225  -0.0085567423
        0.0000285059   0.0000215879  -0.0000042979   0.0000033681   0.0000294106
       -0.0000433077  -0.0001603003  -0.0000437431   0.0000843376   0.0021373654
        0.0033453511   0.0019199222   0.0002440338  -0.0000759441   0.0001065792
       -0.0003284101   0.0025994397  -0.0009022972   0.0001658078  -0.0002264260
        0.0000150920  -0.0000831793   0.0001516286   0.0001793249   0.0008256503
       -0.0007008545   0.0005611255  -0.0008163504   0.0025325478  -0.0011732241
       -0.0170225459  -0.0031796601   0.0004010714  -0.0136888024   0.0000435475
        0.0052131841  -0.0558573828   0.0026166230   0.0551002667  -0.0756528744
        0.0721839815  -0.0399206522
       -0.0002142032   0.0002414244  -0.0001135764   0.0008390384  -0.0002454391
       -0.0026374563  -0.0123981679  -0.0025576241  -0.0004011029   0.0018788894
       -0.0010776750   0.0017866223  -0.0312546870  -0.1437956166  -0.0438272667
       -0.0057458563  -0.0309716238  -0.0068803552  -0.0014583156   0.0023072669
       -0.0008086461   0.0244008597  -0.0022110834  -0.0003284616   0.0000582859
       -0.0635900898   0.0008110850  -0.0288592225   0.4875840562  -0.0299601627
        0.0000555298   0.0000052619  -0.0000143237   0.0000192667   0.0000066198
        0.0000111936   0.0000109680  -0.0000472221   0.0000427832  -0.0013746023
       -0.0037088843  -0.0043105488  -0.0003487733   0.0010133149  -0.0009331942
        0.0019343103  -0.0047834395   0.0019043417  -0.0002501208   0.0002246341
       -0.0000063121   0.0001961488  -0.0001765713  -0.0001527184   0.0001977280
        0.0005123192  -0.0006328682   0.0033898990  -0.0039089348   0.0021239601
       -0.0251298124  -0.0021614595   0.0012170784  -0.0002307550   0.0004968267
       -0.0001953003   0.0024957149  -0.0443312881  -0.0018094177   0.0717878773
       -0.1888247728   0.0851146470
       -0.0001325209   0.0001252921   0.0000840005   0.0016370254  -0.0006320116
       -0.0028475412  -0.0064765320   0.0016875279   0.0030546961   0.0007447266
       -0.0002212551   0.0010711037  -0.0134001557  -0.0434948272  -0.0898409120
        0.0033082728   0.0079677790   0.0049728146   0.0003014872  -0.0008006919
        0.0004287559  -0.0127400062   0.0014772233   0.0010703412   0.0154318706
        0.0004605613  -0.0691404997  -0.0085567423  -0.0299601627   0.5280741319
        0.0000517514   0.0000339477  -0.0000260043   0.0000435253  -0.0000306596
       -0.0000410087  -0.0000379701  -0.0000022075   0.0000333944  -0.0099435649
       -0.0253533425  -0.0166554860   0.0002823214   0.0012235967   0.0007176810
       -0.0010067649   0.0027287284  -0.0003339017   0.0000579780  -0.0000628130
       -0.0000744203   0.0000190113   0.0000343214  -0.0001383361  -0.0011727400
        0.0001540117   0.0004430071  -0.0017315953   0.0025122887  -0.0005529505
       -0.0131780486  -0.0014986899   0.0011657488   0.0308025038   0.0003130090
       -0.0061036304   0.0556296283  -0.0012427392  -0.2607326015  -0.0399334614
        0.0845811129  -0.0946283827
       -0.0401525757   0.0003271324   0.0196016546  -0.0134746907   0.0002715601
        0.0360209956  -0.0078473079  -0.0001216091   0.0009127453   0.0014598901
        0.0000042635  -0.0012178392  -0.0004109850   0.0000135476   0.0016615854
        0.0000308940  -0.0000533028   0.0000541991  -0.0000023056  -0.0000047614
       -0.0000198921  -0.0000032738   0.0000001043   0.0000245625  -0.0000023823
        0.0000038630  -0.0000196594   0.0000285059   0.0000555298   0.0000517514
        0.0562517595  -0.0003013720  -0.0352552746   0.0022312603  -0.0001939096
       -0.0104986819   0.0022707233   0.0000044415  -0.0113645255  -0.0004543479
       -0.0000060127   0.0000503183  -0.0000055358  -0.0000083570   0.0000629194
        0.0000195493  -0.0000449166  -0.0000208565  -0.0000050060   0.0000145055
       -0.0000142730   0.0000319996  -0.0000097682  -0.0000236940  -0.0000013650
       -0.0000003006  -0.0000059990  -0.0000039404  -0.0000000348  -0.0000032669
       -0.0000045822  -0.0000148248  -0.0000137393   0.0000312072   0.0000102542
       -0.0000237219  -0.0000049341   0.0000090134   0.0000629452   0.0000174433
        0.0000449543  -0.0000222534
        0.0004138349  -0.0437525290  -0.0030091481  -0.0001193914   0.0007422328
        0.0004589581  -0.0001218478   0.0005437421  -0.0000252540   0.0000401200
        0.0000971948   0.0000012715  -0.0000083062   0.0001692789   0.0000193880
       -0.0000206269   0.0000003638  -0.0000323876   0.0000023747   0.0000085472
        0.0000093686  -0.0000001618   0.0000099586   0.0000000210  -0.0000027373
        0.0000087484  -0.0000097099   0.0000215879   0.0000052619   0.0000339477
       -0.0003013720   0.0446924981   0.0033136171   0.0013893851  -0.0016289951
       -0.0273128370  -0.0012890971  -0.0008749040   0.0265494023  -0.0000056880
       -0.0000336635   0.0000027260   0.0000314588   0.0000218398   0.0000052773
       -0.0000161142  -0.0000049292  -0.0000091568   0.0000050256  -0.0000073253
       -0.0000013493  -0.0000119140  -0.0000045030   0.0000051330  -0.0000000889
        0.0000082898  -0.0000000322  -0.0000000058  -0.0000057158   0.0000000889
       -0.0000047668  -0.0000078794   0.0000012503   0.0000122150  -0.0000041424
       -0.0000050851  -0.0000304953   0.0000212735  -0.0000044576   0.0000166116
       -0.0000046428   0.0000089679
        0.0258171170  -0.0029099257  -0.2844906821   0.0078888241   0.0000070545
       -0.0078571941   0.0011037136  -0.0000194233  -0.0020966798   0.0011678361
        0.0000392683   0.0014749713   0.0000446939  -0.0000057403  -0.0002802758
       -0.0000040118   0.0000131020  -0.0000256274  -0.0000267983  -0.0000072735
        0.0000233405   0.0000002757  -0.0000003908  -0.0000237485  -0.0000270349
        0.0000067834   0.0000234266  -0.0000042979  -0.0000143237  -0.0000260043
       -0.0352552746   0.0033136171   0.3256157105  -0.0004346197  -0.0020251122
       -0.0158423767  -0.0004565828   0.0015974461  -0.0166371076   0.0000753965
        0.0000023982   0.0000611390   0.0000637831  -0.0000139758   0.0000090084
       -0.0000182784   0.0000345228  -0.0000018026   0.0000229566  -0.0000182680
        0.0000124117  -0.0000234396   0.0000059960   0.0000081535   0.0000050114
        0.0000003617   0.0000220509   0.0000161149   0.0000006160   0.0000034407
        0.0000221161   0.0000195398   0.0000118344  -0.0000237304  -0.0000066678
        0.0000083866   0.0000640756   0.0000154661   0.0000087661  -0.0000178463
       -0.0000350710  -0.0000011414
       -0.0688156255  -0.0684793787  -0.0341742550  -0.0357249935  -0.0290084794
       -0.0084590365  -0.0003388237  -0.0011378159  -0.0026187160   0.0010025252
        0.0000672281   0.0004418735  -0.0000542772   0.0007574123  -0.0002703320
       -0.0001607621  -0.0000158554  -0.0000376899   0.0000193177   0.0000378027
       -0.0000180175   0.0000202608   0.0000118976   0.0000054520   0.0000029319
        0.0000575247   0.0000646980   0.0000033681   0.0000192667   0.0000435253
        0.0022312603   0.0013893851  -0.0004346197   0.0962194658   0.0874091610
        0.0413936650   0.0053966443   0.0088201592   0.0038186663   0.0000963067
        0.0000326620  -0.0000441742   0.0000356066  -0.0001425033   0.0000743061
       -0.0000627687   0.0000281065   0.0000724066  -0.0000247448   0.0000110571
       -0.0000108494   0.0000058966  -0.0000089228   0.0000038553   0.0000223211
       -0.0000049920   0.0000191206  -0.0000153282   0.0000052486   0.0000117548
        0.0000147407   0.0000042529  -0.0000003101  -0.0000157385   0.0000068778
        0.0000100387   0.0001304632   0.0000934002   0.0001186289   0.0000119535
        0.0000465050  -0.0000099908
       -0.0713216550  -0.2041512657  -0.0776623366  -0.0092572388   0.0015928566
        0.0021671408  -0.0008326891   0.0006712106  -0.0025684198   0.0014688829
       -0.0003306432   0.0006634618   0.0001343192  -0.0000178648  -0.0001493384
        0.0000411072  -0.0000460324   0.0000026194   0.0000383438  -0.0000125184
       -0.0000144589   0.0000047789  -0.0000059094   0.0000006697   0.0000336610
        0.0000219735   0.0000144910   0.0000294106   0.0000066198  -0.0000306596
       -0.0001939096  -0.0016289951  -0.0020251122   0.0874091610   0.2323380063
        0.0899119032  -0.0076289461  -0.0285171654  -0.0104419539   0.0000556663
        0.0000046710   0.0000204686  -0.0000123439  -0.0000340411   0.0000108705
       -0.0000004906   0.0000557150   0.0000132455  -0.0000067948   0.0000169496
       -0.0000036889  -0.0000064535   0.0000001376   0.0000152145   0.0000093930
       -0.0000044830   0.0000048166  -0.0000208388   0.0000067411   0.0000035387
        0.0000077127  -0.0000002146   0.0000012501  -0.0000244105   0.0000035704
        0.0000217783   0.0000572070   0.0000047308   0.0000797507   0.0000161271
        0.0000259509  -0.0000352511
       -0.0358071813  -0.0792164262  -0.0821249230   0.0001682382   0.0049314538
        0.0025578131   0.0023414438   0.0011661233   0.0026324683  -0.0012620719
       -0.0005028687  -0.0000730134  -0.0000707852  -0.0004433428  -0.0001542780
        0.0000849381  -0.0000378666   0.0000343855   0.0000180632  -0.0000116471
       -0.0000071971   0.0000064012  -0.0000106838   0.0000051518   0.0000119772
       -0.0000288256  -0.0000074867  -0.0000433077   0.0000111936  -0.0000410087
       -0.0104986819  -0.0273128370  -0.0158423767   0.0413936650   0.0899119032
        0.0877825076   0.0036944852   0.0114965198   0.0052830589   0.0000278938
        0.0000123435  -0.0000055644  -0.0000421050  -0.0000242906  -0.0000577532
        0.0000119423   0.0000302376   0.0000367171  -0.0000141695   0.0000158507
       -0.0000040813   0.0000109500   0.0000040483   0.0000001231   0.0000026082
       -0.0000053374  -0.0000087414  -0.0000103941   0.0000081118  -0.0000007845
       -0.0000147880  -0.0000010228  -0.0000054859  -0.0000112538   0.0000043222
        0.0000101248   0.0000163263  -0.0000110065  -0.0000085758  -0.0000141943
        0.0000140473  -0.0000010802
       -0.0733940214   0.0715940761  -0.0386290298  -0.0369088806   0.0275357382
       -0.0091653482  -0.0003982226   0.0010312239  -0.0027280937   0.0010485456
       -0.0000127689   0.0004610276  -0.0000251808  -0.0007656684  -0.0002534556
        0.0000047737  -0.0000180134   0.0000429386   0.0000059295  -0.0000563033
        0.0000665359   0.0000208402  -0.0000110328   0.0000058784   0.0000217755
       -0.0000371841  -0.0000175253  -0.0001603003   0.0000109680  -0.0000379701
        0.0022707233  -0.0012890971  -0.0004565828   0.0053966443  -0.0076289461
        0.0036944852   0.1019142482  -0.0902921193   0.0467665290   0.0000989208
       -0.0000307014  -0.0000428526   0.0001350429  -0.0000860497   0.0001233697
        0.0000140390  -0.0000470997  -0.0000098672   0.0000151156  -0.0000037169
       -0.0000003752  -0.0000162745  -0.0000071197   0.0000108612   0.0000224314
        0.0000062240   0.0000191028  -0.0000159064  -0.0000058182   0.0000120427
       -0.0000245449  -0.0000126679  -0.0000104493   0.0000054108   0.0000093424
        0.0000042205   0.0000306702   0.0001465033   0.0000708679  -0.0000617796
       -0.0000297688   0.0000736906
        0.0743892844  -0.1951857232   0.0796808782   0.0080322091   0.0025757454
       -0.0024416426   0.0008694265   0.0007717373   0.0025463619  -0.0014632586
       -0.0003803276  -0.0006444711  -0.0001404944  -0.0000305697   0.0001380821
       -0.0000319366   0.0000064559   0.0000301852  -0.0000334238   0.0000189669
       -0.0000133686  -0.0000034654  -0.0000060209   0.0000000291  -0.0000364888
       -0.0000137468   0.0000138951  -0.0000437431  -0.0000472221  -0.0000022075
        0.0000044415  -0.0008749040   0.0015974461   0.0088201592  -0.0285171654
        0.0114965198  -0.0902921193   0.2216128797  -0.0922746145  -0.0000513662
        0.0000008845  -0.0000226803  -0.0000522886  -0.0000020946  -0.0000760439
       -0.0000166451   0.0000244470   0.0000344198  -0.0000073332  -0.0000004240
       -0.0000014041   0.0000234983   0.0000032436  -0.0000208757  -0.0000084554
       -0.0000044996  -0.0000044387   0.0000197188   0.0000071439  -0.0000033916
        0.0000050636   0.0000162613   0.0000026711   0.0000067979  -0.0000000798
       -0.0000148680   0.0000133423  -0.0000285919  -0.0000092065  -0.0000029231
        0.0000536038  -0.0000112755
       -0.0403889123   0.0811814176  -0.0865126213   0.0000871728  -0.0049134561
        0.0027584375   0.0023556434  -0.0010381639   0.0025936240  -0.0012391458
        0.0004699535  -0.0000698083  -0.0000807979   0.0004372422  -0.0001706591
       -0.0000425984  -0.0000136884  -0.0000414726   0.0000120306   0.0000284255
       -0.0000080266   0.0000062782   0.0000111945   0.0000050123   0.0000188770
        0.0000124058  -0.0000080502   0.0000843376   0.0000427832   0.0000333944
       -0.0113645255   0.0265494023  -0.0166371076   0.0038186663  -0.0104419539
        0.0052830589   0.0467665290  -0.0922746145   0.0928146420   0.0000298446
       -0.0000115494  -0.0000048923   0.0000174184   0.0000114555  -0.0000068064
       -0.0000132670  -0.0000151120  -0.0000015682  -0.0000147832   0.0000004867
       -0.0000054817  -0.0000118235  -0.0000043947   0.0000109590   0.0000026677
        0.0000053156  -0.0000088150  -0.0000108353  -0.0000087643  -0.0000004136
       -0.0000137012  -0.0000169223  -0.0000037771   0.0000109444  -0.0000035601
        0.0000007431  -0.0000431223   0.0000224005  -0.0000582730   0.0000131023
       -0.0000303032   0.0000379019
       -0.0009191562   0.0000064636   0.0017646734  -0.0075508134  -0.0001193775
        0.0013778150  -0.0105169615   0.0002414744   0.0311788115   0.0035568056
        0.0000736186   0.0001600825  -0.0541044679   0.0004222339   0.0456917288
        0.0021986023   0.0012678997  -0.0107782401   0.0007832032   0.0001987694
       -0.0011465740  -0.0002558144  -0.0000058707  -0.0000520137   0.0007672951
       -0.0002198124  -0.0011334591   0.0021373654  -0.0013746023  -0.0099435649
       -0.0004543479  -0.0000056880   0.0000753965   0.0000963067   0.0000556663
        0.0000278938   0.0000989208  -0.0000513662   0.0000298446   0.0654754749
       -0.0005656826  -0.0560666651  -0.0005019084   0.0019960964  -0.0013241543
        0.0002202000  -0.0004471367   0.0002361289  -0.0000099322  -0.0000866979
        0.0001633980  -0.0003800973   0.0003687055   0.0001599702  -0.0000508204
        0.0000055491   0.0001964399  -0.0000399002   0.0000004663  -0.0000006542
       -0.0000190646   0.0000890476   0.0001556593  -0.0003546264  -0.0003777038
        0.0001627774  -0.0003713257  -0.0019175755  -0.0011745874   0.0001950626
        0.0004455228   0.0002392932
       -0.0000220173   0.0002430445   0.0000192530  -0.0001083377   0.0010086078
        0.0000107861  -0.0001243769   0.0009207122   0.0003617829   0.0000499531
       -0.0007846039   0.0000364334   0.0004722410  -0.0416072552  -0.0022251631
       -0.0031176037  -0.0029749668   0.0246488464  -0.0007033599   0.0004466827
        0.0002158501  -0.0000078753   0.0000701169  -0.0000053668   0.0007279848
        0.0004706706  -0.0002547178   0.0033453511  -0.0037088843  -0.0253533425
       -0.0000060127  -0.0000336635   0.0000023982   0.0000326620   0.0000046710
        0.0000123435  -0.0000307014   0.0000008845  -0.0000115494  -0.0005656826
        0.0530051261   0.0024614450   0.0021697125  -0.0038077694   0.0030299514
       -0.0003417412   0.0004545408   0.0004924533  -0.0002019128   0.0000429806
       -0.0001583653   0.0004075715   0.0000659692  -0.0002220095   0.0000049878
       -0.0002242183   0.0000089898   0.0000008930  -0.0000660929   0.0000012121
        0.0002054746   0.0000620850   0.0001696943  -0.0004369355   0.0000414780
        0.0002381567  -0.0020902303  -0.0041037738  -0.0029967986   0.0003399559
        0.0004736582  -0.0004822832
       -0.0002423904  -0.0000134650  -0.0004129741   0.0020897349   0.0000230306
        0.0001988867   0.0039956342  -0.0000726830  -0.0091683324  -0.0013165498
        0.0000129976   0.0017943279   0.0493924382  -0.0021650209  -0.2579105668
        0.0018752404   0.0039974763  -0.0174516606   0.0005526349  -0.0005191989
        0.0004043472  -0.0002092676  -0.0000080200  -0.0002658637   0.0005160699
        0.0005341613   0.0003960418   0.0019199222  -0.0043105488  -0.0166554860
        0.0000503183   0.0000027260   0.0000611390  -0.0000441742   0.0000204686
       -0.0000055644  -0.0000428526  -0.0000226803  -0.0000048923  -0.0560666651
        0.0024614450   0.2988453133  -0.0012797576   0.0030712758  -0.0013714768
        0.0002345279  -0.0002787132   0.0005495613   0.0002186653  -0.0001885766
        0.0002822752  -0.0005848267   0.0001900056   0.0004331439   0.0001625915
        0.0000082944   0.0002058209   0.0000470687   0.0000017106   0.0000213474
        0.0002067014   0.0002014085   0.0002728399  -0.0005671849  -0.0001977075
        0.0004322710  -0.0011242823  -0.0030365351  -0.0012058800   0.0002164032
        0.0002881487   0.0005553815
       -0.0003952641   0.0001179935   0.0000647652  -0.0008839955   0.0001061292
        0.0002706574   0.0011361531   0.0001601398  -0.0016031618  -0.0000124698
       -0.0000168599   0.0004058627   0.0019080761   0.0014092820  -0.0111918021
       -0.0557314069  -0.0013411416   0.0557074581  -0.0132669892   0.0001269887
        0.0303718522   0.0007475125   0.0005371790   0.0009597236  -0.0000790889
       -0.0001855072   0.0000717173   0.0002440338  -0.0003487733   0.0002823214
       -0.0000055358   0.0000314588   0.0000637831   0.0000356066  -0.0000123439
       -0.0000421050   0.0001350429  -0.0000522886   0.0000174184  -0.0005019084
        0.0021697125  -0.0012797576   0.0692271446  -0.0011232827  -0.0640992469
        0.0033777948  -0.0011465761  -0.0108127376   0.0006911964  -0.0000172383
        0.0003747109  -0.0067725723  -0.0002756970   0.0014507167  -0.0002712173
       -0.0004042321  -0.0006360050   0.0003549787   0.0002331664  -0.0001477152
       -0.0000373535   0.0000355538  -0.0000240357  -0.0001049557   0.0001439426
       -0.0001737234   0.0002906488  -0.0000837577   0.0000382006  -0.0000854310
       -0.0000638481  -0.0000688975
        0.0001064089  -0.0000082915  -0.0000356709   0.0003054914  -0.0002548204
       -0.0006167668  -0.0007064750   0.0007894888   0.0010018370  -0.0001833621
       -0.0000223135  -0.0003420006  -0.0036821495  -0.0032853053   0.0254609177
       -0.0014775368  -0.0444870468  -0.0028820585   0.0002619997   0.0005829401
        0.0003140324  -0.0003399723   0.0003970171   0.0008636297  -0.0001597197
       -0.0002500016  -0.0000163796  -0.0000759441   0.0010133149   0.0012235967
       -0.0000083570   0.0000218398  -0.0000139758  -0.0001425033  -0.0000340411
       -0.0000242906  -0.0000860497  -0.0000020946   0.0000114555   0.0019960964
       -0.0038077694   0.0030712758  -0.0011232827   0.0513460227   0.0004250597
        0.0049583874  -0.0021510714  -0.0271917102   0.0003552005   0.0000328688
       -0.0004017335   0.0000094107   0.0007261213   0.0001675358  -0.0003500047
        0.0000552061  -0.0002155532   0.0000650101  -0.0001026929  -0.0000974600
        0.0000051062  -0.0000304800   0.0000160548   0.0001389545  -0.0000425427
       -0.0001580211   0.0001164170  -0.0007098165  -0.0003323801   0.0000168742
        0.0002234678  -0.0002273941
        0.0000133630   0.0002319345   0.0001626923  -0.0002202488  -0.0008519340
        0.0017308995   0.0003988400   0.0001819471  -0.0025269598   0.0001975120
       -0.0000078546   0.0005723420   0.0011562037   0.0046168417  -0.0189145072
        0.0551645204  -0.0023315990  -0.2607001256   0.0049830513  -0.0002958699
       -0.0059045882  -0.0007256222   0.0000284898   0.0006259312   0.0001710986
        0.0001678621  -0.0001506996   0.0001065792  -0.0009331942   0.0007176810
        0.0000629194   0.0000052773   0.0000090084   0.0000743061   0.0000108705
       -0.0000577532   0.0001233697  -0.0000760439  -0.0000068064  -0.0013241543
        0.0030299514  -0.0013714768  -0.0640992469   0.0004250597   0.3023336435
        0.0030109558  -0.0037811583  -0.0187781065  -0.0001886928  -0.0002235762
        0.0004863107   0.0014548582  -0.0001349244   0.0005172605   0.0000880370
        0.0002147195   0.0004283606  -0.0002519719  -0.0001263890   0.0000629099
       -0.0000261992  -0.0000251009  -0.0000025361  -0.0001529692  -0.0001494068
        0.0000521858   0.0000242559   0.0003681785   0.0005449767  -0.0000407650
       -0.0003440807   0.0001693574
       -0.0002417358   0.0000162556   0.0000451882   0.0002391047  -0.0001052755
       -0.0000694201   0.0005606382   0.0010759341   0.0001756641   0.0001106652
       -0.0002975319   0.0001002175   0.0036201974   0.0097907492   0.0041326121
       -0.0711439083  -0.0689823241  -0.0353362639  -0.0166678442  -0.0255338481
       -0.0133419797  -0.0068037375  -0.0001345617   0.0007294960   0.0000422027
        0.0002253033   0.0000133643  -0.0003284101   0.0019343103  -0.0010067649
        0.0000195493  -0.0000161142  -0.0000182784  -0.0000627687  -0.0000004906
        0.0000119423   0.0000140390  -0.0000166451  -0.0000132670   0.0002202000
       -0.0003417412   0.0002345279   0.0033777948   0.0049583874   0.0030109558
        0.0867239818   0.0784673486   0.0421244028   0.0004745796  -0.0001824959
       -0.0003114796   0.0007110565  -0.0003335018  -0.0001558339  -0.0000262260
        0.0002467860   0.0002458502  -0.0009345023  -0.0015291378  -0.0006494043
        0.0000543502   0.0001040003   0.0000228329  -0.0000525205   0.0000184574
       -0.0000245000  -0.0000865243  -0.0000281850  -0.0000510495   0.0001798183
        0.0006643209   0.0001311870
       -0.0001086412  -0.0003175800  -0.0000360936   0.0003711918   0.0005545055
       -0.0003997575  -0.0010806855  -0.0010615138  -0.0006958621   0.0002263074
        0.0003061296   0.0007568271  -0.0053675500  -0.0259000358  -0.0089308105
       -0.0693797151  -0.1979208985  -0.0830271683  -0.0030549991  -0.0021439425
       -0.0016021325  -0.0011227678   0.0009086384   0.0001231275   0.0002043065
        0.0004039500   0.0000455961   0.0025994397  -0.0047834395   0.0027287284
       -0.0000449166  -0.0000049292   0.0000345228   0.0000281065   0.0000557150
        0.0000302376  -0.0000470997   0.0000244470  -0.0000151120  -0.0004471367
        0.0004545408  -0.0002787132  -0.0011465761  -0.0021510714  -0.0037811583
        0.0784673486   0.2321174512   0.0947757203   0.0001973598   0.0005788199
       -0.0000256212   0.0000631352   0.0000675399   0.0002663813   0.0000793279
        0.0000642517   0.0001852464  -0.0000317256  -0.0002376995  -0.0000479746
        0.0001291556   0.0001962364   0.0000301487   0.0000236603  -0.0000290684
       -0.0000072841   0.0000519162   0.0002402853   0.0003405937  -0.0006094419
       -0.0014223319  -0.0004694421
        0.0000228466  -0.0001000075  -0.0000456239   0.0002635728   0.0002369220
       -0.0001242020   0.0000807901  -0.0003839988   0.0004499278   0.0003329851
        0.0000685184   0.0000345854   0.0034636337   0.0110451888   0.0050489883
       -0.0352960975  -0.0835592813  -0.0900427567   0.0003795162   0.0012129818
        0.0011887129  -0.0001017559   0.0001038600   0.0006577300   0.0000008504
       -0.0000168893  -0.0000852100  -0.0009022972   0.0019043417  -0.0003339017
       -0.0000208565  -0.0000091568  -0.0000018026   0.0000724066   0.0000132455
        0.0000367171  -0.0000098672   0.0000344198  -0.0000015682   0.0002361289
        0.0004924533   0.0005495613  -0.0108127376  -0.0271917102  -0.0187781065
        0.0421244028   0.0947757203   0.1002014237  -0.0003132179   0.0000021855
       -0.0001514171   0.0003829870   0.0004699221   0.0004662245   0.0001301632
        0.0001717626   0.0002779359  -0.0000843498  -0.0000494481   0.0001586108
        0.0000091276   0.0000302745  -0.0000005741  -0.0000134535   0.0000034405
        0.0000030036  -0.0000775264   0.0002232947   0.0001540680   0.0001327484
        0.0005219604   0.0003376734
       -0.0000261457  -0.0000667254  -0.0000136990  -0.0001852832  -0.0001014445
        0.0004625007   0.0006784875   0.0016738418  -0.0008816755  -0.0008025228
       -0.0004322376  -0.0002917272  -0.0072346511   0.0006103746   0.0006246562
       -0.0179044662   0.0242569310  -0.0138939622  -0.0751141659   0.0714888364
       -0.0398680515   0.0039782801  -0.0085963200   0.0040396655  -0.0000341699
       -0.0019722189  -0.0008536592   0.0001658078  -0.0002501208   0.0000579780
       -0.0000050060   0.0000050256   0.0000229566  -0.0000247448  -0.0000067948
       -0.0000141695   0.0000151156  -0.0000073332  -0.0000147832  -0.0000099322
       -0.0002019128   0.0002186653   0.0006911964   0.0003552005  -0.0001886928
        0.0004745796   0.0001973598  -0.0003132179   0.0912538990  -0.0814944957
        0.0472911042   0.0034419121  -0.0046857591   0.0030590781   0.0001459786
        0.0002965983   0.0002491605   0.0003798219  -0.0003525221   0.0002537930
        0.0001852775  -0.0006105353   0.0001308347  -0.0000949391   0.0000333410
       -0.0000636891  -0.0000361931  -0.0000058781  -0.0000267002   0.0000618641
       -0.0001332108   0.0000136344
       -0.0000865055  -0.0000416653   0.0000116774   0.0002067917   0.0001034888
       -0.0002070324  -0.0005117116  -0.0002613793   0.0001806282   0.0002140057
        0.0000488357   0.0000631149   0.0009333282   0.0010134738  -0.0001143749
        0.0026870715  -0.0012749919   0.0011452834   0.0714905322  -0.1894061039
        0.0854622760   0.0079965574  -0.0266284789   0.0105137149  -0.0026254037
       -0.0049764457  -0.0028910804  -0.0002264260   0.0002246341  -0.0000628130
        0.0000145055  -0.0000073253  -0.0000182680   0.0000110571   0.0000169496
        0.0000158507  -0.0000037169  -0.0000004240   0.0000004867  -0.0000866979
        0.0000429806  -0.0001885766  -0.0000172383   0.0000328688  -0.0002235762
       -0.0001824959   0.0005788199   0.0000021855  -0.0814944957   0.2220013776
       -0.0976304918   0.0008144881  -0.0012948010   0.0031987397   0.0004643224
        0.0005346615   0.0002048432  -0.0000388507   0.0003837545   0.0003927608
        0.0006673953  -0.0014863993   0.0005174952  -0.0000826120   0.0002406878
       -0.0003626652  -0.0000362089  -0.0000317145   0.0000249471  -0.0001076919
        0.0001871965  -0.0000351250
        0.0000466258   0.0000105052   0.0000219611  -0.0001645820  -0.0000473425
        0.0000918493   0.0001967153   0.0000966914   0.0000198802  -0.0001083207
        0.0000085855   0.0000077202  -0.0001332072  -0.0001610231   0.0006421926
        0.0003582658  -0.0011261006   0.0011612038  -0.0399284464   0.0855341521
       -0.0946930516   0.0036415715  -0.0100143606   0.0050061196  -0.0006579259
       -0.0018794211  -0.0002096118   0.0000150920  -0.0000063121  -0.0000744203
       -0.0000142730  -0.0000013493   0.0000124117  -0.0000108494  -0.0000036889
       -0.0000040813  -0.0000003752  -0.0000014041  -0.0000054817   0.0001633980
       -0.0001583653   0.0002822752   0.0003747109  -0.0004017335   0.0004863107
       -0.0003114796  -0.0000256212  -0.0001514171   0.0472911042  -0.0976304918
        0.1064539747  -0.0113898374   0.0267637225  -0.0202535062   0.0002112431
       -0.0004833737   0.0005893862   0.0003466861   0.0002648201   0.0001184865
        0.0001291959  -0.0004637022   0.0003296337  -0.0000594495  -0.0002238119
        0.0001698778  -0.0000225888  -0.0000158706  -0.0000027526   0.0000267265
       -0.0000345045   0.0000010392
        0.0000118434  -0.0000073712  -0.0000529849   0.0001332633   0.0001663825
       -0.0003367286  -0.0001723075  -0.0002466356   0.0004901884   0.0001392952
        0.0000297105  -0.0001875505   0.0008498794  -0.0006840461   0.0011339695
       -0.0136956978   0.0006176220   0.0307882004  -0.0558148642   0.0028529897
        0.0533736337   0.0024843532  -0.0016810239  -0.0107950471   0.0001708564
        0.0002623645   0.0002250783  -0.0000831793   0.0001961488   0.0000190113
        0.0000319996  -0.0000119140  -0.0000234396   0.0000058966  -0.0000064535
        0.0000109500  -0.0000162745   0.0000234983  -0.0000118235  -0.0003800973
        0.0004075715  -0.0005848267  -0.0067725723   0.0000094107   0.0014548582
        0.0007110565   0.0000631352   0.0003829870   0.0034419121   0.0008144881
       -0.0113898374   0.0687884074  -0.0005481225  -0.0623605384  -0.0001413050
       -0.0023091093  -0.0013037354   0.0003259633   0.0000136535  -0.0006312885
       -0.0000961099   0.0000699910  -0.0000685862   0.0002248506   0.0001372734
        0.0000342121  -0.0000958033  -0.0001449709  -0.0001538454  -0.0000513660
       -0.0000245928  -0.0000128568
        0.0000061337  -0.0000064650   0.0000019824  -0.0000562178   0.0000256984
        0.0000728371   0.0001987480  -0.0000766808  -0.0000000372  -0.0001027718
       -0.0000081905  -0.0000028556   0.0002793088   0.0002980146  -0.0008314147
       -0.0003541714   0.0005116680   0.0004889878   0.0028194559  -0.0448278043
       -0.0045118121   0.0042889918  -0.0039173103  -0.0264635484   0.0000631179
        0.0008697486  -0.0012869829   0.0001516286  -0.0001765713   0.0000343214
       -0.0000097682  -0.0000045030   0.0000059960  -0.0000089228   0.0000001376
        0.0000040483  -0.0000071197   0.0000032436  -0.0000043947   0.0003687055
        0.0000659692   0.0001900056  -0.0002756970   0.0007261213  -0.0001349244
       -0.0003335018   0.0000675399   0.0004699221  -0.0046857591  -0.0012948010
        0.0267637225  -0.0005481225   0.0518101939   0.0075659893  -0.0018888240
       -0.0043626826  -0.0032127341   0.0004229445   0.0006523435   0.0000643249
       -0.0000462524   0.0002577539   0.0002194088  -0.0001118147  -0.0005394959
        0.0004233532  -0.0001504244  -0.0000434051   0.0001466083  -0.0000196670
       -0.0000305226  -0.0000028036
       -0.0001276486  -0.0000052720   0.0000240008  -0.0000061650  -0.0000643075
        0.0002527659  -0.0001346881   0.0001097183  -0.0005547818   0.0000198782
        0.0000249128   0.0003151672  -0.0007600142   0.0000424742   0.0005830831
        0.0052123727   0.0001814393  -0.0061115241   0.0534873636  -0.0043774652
       -0.2587287602   0.0016076824  -0.0047941353  -0.0177713847   0.0001873221
        0.0008416047   0.0006818945   0.0001793249  -0.0001527184  -0.0001383361
       -0.0000236940   0.0000051330   0.0000081535   0.0000038553   0.0000152145
        0.0000001231   0.0000108612  -0.0000208757   0.0000109590   0.0001599702
       -0.0002220095   0.0004331439   0.0014507167   0.0001675358   0.0005172605
       -0.0001558339   0.0002663813   0.0004662245   0.0030590781   0.0031987397
       -0.0202535062  -0.0623605384   0.0075659893   0.3004006482  -0.0014587148
       -0.0032458880  -0.0011977533  -0.0001294316   0.0003335538   0.0002708159
       -0.0000740098   0.0003580611   0.0001542214   0.0000507696  -0.0003905655
        0.0005905148  -0.0001745809   0.0001548049   0.0000441725  -0.0000238758
        0.0000076743   0.0000028974
       -0.0000941926  -0.0000015067   0.0000101759   0.0000799190   0.0000031020
        0.0000948523  -0.0002451530  -0.0000067940  -0.0002558953   0.0001423406
        0.0000042837   0.0001726831  -0.0001644215  -0.0000041889  -0.0000653981
        0.0008096358  -0.0002202637  -0.0011614508   0.0022991450  -0.0010657870
       -0.0105773704  -0.0568197860   0.0004246071   0.0488647962   0.0023820625
        0.0009545498  -0.0114506205   0.0008256503   0.0001977280  -0.0011727400
       -0.0000013650  -0.0000000889   0.0000050114   0.0000223211   0.0000093930
        0.0000026082   0.0000224314  -0.0000084554   0.0000026677  -0.0000508204
        0.0000049878   0.0001625915  -0.0002712173  -0.0003500047   0.0000880370
       -0.0000262260   0.0000793279   0.0001301632   0.0001459786   0.0004643224
        0.0002112431  -0.0001413050  -0.0018888240  -0.0014587148   0.0629428086
       -0.0006123750  -0.0554922851  -0.0114393098   0.0002486898   0.0330740897
        0.0001703963  -0.0004703564   0.0002083934  -0.0002782156   0.0019744563
       -0.0016155936  -0.0002947013   0.0003411805   0.0000851860  -0.0000159758
       -0.0000779836   0.0001375699
       -0.0000010449   0.0000099385  -0.0000001269   0.0000002059  -0.0000351742
        0.0000069009  -0.0000007319  -0.0000430177  -0.0000099123   0.0000025679
        0.0000264351   0.0000045225  -0.0000078133   0.0000436464  -0.0000048785
        0.0007244725   0.0005414424  -0.0001945987   0.0037340209  -0.0039723482
       -0.0268621556   0.0004238479  -0.0416871868  -0.0022108642  -0.0034932876
       -0.0032045961   0.0261134954  -0.0007008545   0.0005123192   0.0001540117
       -0.0000003006   0.0000082898   0.0000003617  -0.0000049920  -0.0000044830
       -0.0000053374   0.0000062240  -0.0000044996   0.0000053156   0.0000055491
       -0.0002242183   0.0000082944  -0.0004042321   0.0000552061   0.0002147195
        0.0002467860   0.0000642517   0.0001717626   0.0002965983   0.0005346615
       -0.0004833737  -0.0023091093  -0.0043626826  -0.0032458880  -0.0006123750
        0.0539032241   0.0025291893  -0.0001362835   0.0012461405   0.0004026706
       -0.0003011109   0.0005181638   0.0004916078   0.0023988169  -0.0040488460
        0.0032770028   0.0003753407   0.0000788110  -0.0002015697  -0.0002422945
        0.0000445224  -0.0001611498
        0.0000158321   0.0000000706  -0.0000003426  -0.0001182518   0.0000044038
        0.0004077713   0.0001795244  -0.0000035733  -0.0005245602   0.0000444612
        0.0000025110   0.0001527656  -0.0003000418  -0.0000090448  -0.0002546924
        0.0005212166   0.0006472285   0.0004298574   0.0019089033  -0.0048511887
       -0.0177060532   0.0487876111  -0.0022118678  -0.2609012506   0.0018577559
        0.0045142437  -0.0185569769   0.0005611255  -0.0006328682   0.0004430071
       -0.0000059990  -0.0000000322   0.0000220509   0.0000191206   0.0000048166
       -0.0000087414   0.0000191028  -0.0000044387  -0.0000088150   0.0001964399
        0.0000089898   0.0002058209  -0.0006360050  -0.0002155532   0.0004283606
        0.0002458502   0.0001852464   0.0002779359   0.0002491605   0.0002048432
        0.0005893862  -0.0013037354  -0.0032127341  -0.0011977533  -0.0554922851
        0.0025291893   0.3042179668   0.0048527137  -0.0000479726  -0.0079380961
        0.0002637812  -0.0001951833   0.0005816619  -0.0014711572   0.0032487174
       -0.0013748914  -0.0006533083   0.0002053817   0.0004283443   0.0002581847
       -0.0001711850   0.0002872439
        0.0001377267   0.0000025761  -0.0000348152  -0.0001712162  -0.0000044896
       -0.0000137077   0.0007374995   0.0000168343   0.0002366832  -0.0002346476
       -0.0000057819  -0.0001888572   0.0002485790   0.0000059180   0.0001497911
       -0.0006295104  -0.0033283892  -0.0015601963  -0.0153720867  -0.0037206457
        0.0004537099  -0.2696371253  -0.0032597740   0.0288883356  -0.0163118023
        0.0033221447   0.0004005690  -0.0008163504   0.0033898990  -0.0017315953
       -0.0000039404  -0.0000000058   0.0000161149  -0.0000153282  -0.0000208388
       -0.0000103941  -0.0000159064   0.0000197188  -0.0000108353  -0.0000399002
        0.0000008930   0.0000470687   0.0003549787   0.0000650101  -0.0002519719
       -0.0009345023  -0.0000317256  -0.0000843498   0.0003798219  -0.0000388507
        0.0003466861   0.0003259633   0.0004229445  -0.0001294316  -0.0114393098
       -0.0001362835   0.0048527137   0.3133484464   0.0037405341  -0.0312813827
        0.0003672305   0.0000483335   0.0003537878   0.0003405252  -0.0004361216
       -0.0001069816   0.0003641610  -0.0000573019  -0.0002541325  -0.0009833060
        0.0000054021  -0.0000868089
        0.0000031388  -0.0000480769  -0.0000000728  -0.0000045582   0.0001096856
       -0.0000007049   0.0000130814  -0.0001248668   0.0000031778  -0.0000029518
        0.0000219777  -0.0000018649   0.0000064261  -0.0000022649   0.0000023227
       -0.0024562624  -0.0042206583  -0.0024674268  -0.0262936180  -0.0034775388
        0.0014134616  -0.0032572691  -0.0407710591   0.0003466667   0.0255219346
       -0.0025224233  -0.0012847830   0.0025325478  -0.0039089348   0.0025122887
       -0.0000000348  -0.0000057158   0.0000006160   0.0000052486   0.0000067411
        0.0000081118  -0.0000058182   0.0000071439  -0.0000087643   0.0000004663
       -0.0000660929   0.0000017106   0.0002331664  -0.0001026929  -0.0001263890
       -0.0015291378  -0.0002376995  -0.0000494481  -0.0003525221   0.0003837545
        0.0002648201   0.0000136535   0.0006523435   0.0003335538   0.0002486898
        0.0012461405  -0.0000479726   0.0037405341   0.0523474899  -0.0004708801
        0.0003592373   0.0003784991  -0.0002607632  -0.0000406697   0.0006263648
       -0.0003472698  -0.0002222950  -0.0001057244   0.0001227478   0.0014870124
       -0.0001863922   0.0000568617
       -0.0000052865   0.0000006362   0.0000021643  -0.0000015731  -0.0000011262
        0.0000365589  -0.0000040995   0.0000003466  -0.0000983242   0.0000480029
        0.0000013672   0.0000711365   0.0001666305   0.0000022844  -0.0000322266
       -0.0010382062  -0.0020617479  -0.0004280924  -0.0128823666  -0.0020531650
        0.0012244658   0.0291100317   0.0003497062  -0.0491448651  -0.0136498583
        0.0017446754   0.0012090683  -0.0011732241   0.0021239601  -0.0005529505
       -0.0000032669   0.0000000889   0.0000034407   0.0000117548   0.0000035387
       -0.0000007845   0.0000120427  -0.0000033916  -0.0000004136  -0.0000006542
        0.0000012121   0.0000213474  -0.0001477152  -0.0000974600   0.0000629099
       -0.0006494043  -0.0000479746   0.0001586108   0.0002537930   0.0003927608
        0.0001184865  -0.0006312885   0.0000643249   0.0002708159   0.0330740897
        0.0004026706  -0.0079380961  -0.0312813827  -0.0004708801   0.0543853436
        0.0002565767  -0.0003915737   0.0001363539  -0.0006280496  -0.0000943115
        0.0002823659  -0.0001445896   0.0000973157   0.0000567443  -0.0006919565
        0.0000367428   0.0001559400
       -0.0000308316   0.0000668577  -0.0000147468  -0.0001812560   0.0001042220
        0.0004485851   0.0007192670  -0.0016662726  -0.0008229497  -0.0008116395
        0.0003973222  -0.0003040392  -0.0071787145  -0.0008540916   0.0006412879
        0.0001499637   0.0002492431   0.0000493436  -0.0001847819   0.0020978502
       -0.0010028960   0.0039245383   0.0096828429   0.0041100127  -0.0706388398
       -0.0686471181  -0.0352517236  -0.0170225459  -0.0251298124  -0.0131780486
       -0.0000045822  -0.0000047668   0.0000221161   0.0000147407   0.0000077127
       -0.0000147880  -0.0000245449   0.0000050636  -0.0000137012  -0.0000190646
        0.0002054746   0.0002067014  -0.0000373535   0.0000051062  -0.0000261992
        0.0000543502   0.0001291556   0.0000091276   0.0001852775   0.0006673953
        0.0001291959  -0.0000961099  -0.0000462524  -0.0000740098   0.0001703963
       -0.0003011109   0.0002637812   0.0003672305   0.0003592373   0.0002565767
        0.0861506609   0.0782905563   0.0420234227   0.0033168875   0.0049294013
        0.0030368084   0.0007015257  -0.0003390635  -0.0001865888   0.0004754260
       -0.0002089524  -0.0003072685
        0.0000880802  -0.0000376051  -0.0000102994  -0.0002203374   0.0001078330
        0.0002200392   0.0005496721  -0.0003051570  -0.0001978446  -0.0002450598
        0.0000537599  -0.0000745453  -0.0011988455   0.0009632070   0.0001250846
        0.0002244113   0.0002413078   0.0000563474   0.0027566646  -0.0046928019
        0.0029861994  -0.0069235335  -0.0265616352  -0.0095210439  -0.0686512144
       -0.1985065440  -0.0838900270  -0.0031796601  -0.0021614595  -0.0014986899
       -0.0000148248  -0.0000078794   0.0000195398   0.0000042529  -0.0000002146
       -0.0000010228  -0.0000126679   0.0000162613  -0.0000169223   0.0000890476
        0.0000620850   0.0002014085   0.0000355538  -0.0000304800  -0.0000251009
        0.0001040003   0.0001962364   0.0000302745  -0.0006105353  -0.0014863993
       -0.0004637022   0.0000699910   0.0002577539   0.0003580611  -0.0004703564
        0.0005181638  -0.0001951833   0.0000483335   0.0003784991  -0.0003915737
        0.0782905563   0.2323812281   0.0956897001  -0.0009525344  -0.0020043224
       -0.0035982610   0.0000483525   0.0000404570   0.0002294828   0.0001706535
        0.0005777058  -0.0000319212
        0.0000437229  -0.0000076099   0.0000227235  -0.0001606339   0.0000419881
        0.0000875195   0.0001853397  -0.0000819060   0.0000245339  -0.0001020402
       -0.0000126080   0.0000098488  -0.0001077785   0.0001473381   0.0006344041
        0.0000088687  -0.0000021303  -0.0000759784  -0.0007927219   0.0019805222
       -0.0003424187   0.0035100486   0.0109907821   0.0049929799  -0.0353097713
       -0.0839636831  -0.0900709950   0.0004010714   0.0012170784   0.0011657488
       -0.0000137393   0.0000012503   0.0000118344  -0.0000003101   0.0000012501
       -0.0000054859  -0.0000104493   0.0000026711  -0.0000037771   0.0001556593
        0.0001696943   0.0002728399  -0.0000240357   0.0000160548  -0.0000025361
        0.0000228329   0.0000301487  -0.0000005741   0.0001308347   0.0005174952
        0.0003296337  -0.0000685862   0.0002194088   0.0001542214   0.0002083934
        0.0004916078   0.0005816619   0.0003537878  -0.0002607632   0.0001363539
        0.0420234227   0.0956897001   0.1011788776  -0.0104978870  -0.0276093907
       -0.0194190019   0.0003605015   0.0004254699   0.0004687982  -0.0003165300
       -0.0000043687  -0.0001512123
        0.0000119621   0.0000067022  -0.0000529487   0.0001367877  -0.0001721071
       -0.0003306937  -0.0001725388   0.0002569261   0.0004850012   0.0001361412
       -0.0000296168  -0.0001876957   0.0008356435   0.0007312195   0.0010875087
       -0.0000725618  -0.0001921780   0.0000253570   0.0001819277  -0.0002788934
        0.0001913385   0.0025654493   0.0015681131  -0.0116722317  -0.0556688220
       -0.0017458900   0.0533581832  -0.0136888024  -0.0002307550   0.0308025038
        0.0000312072   0.0000122150  -0.0000237304  -0.0000157385  -0.0000244105
       -0.0000112538   0.0000054108   0.0000067979   0.0000109444  -0.0003546264
       -0.0004369355  -0.0005671849  -0.0001049557   0.0001389545  -0.0001529692
       -0.0000525205   0.0000236603  -0.0000134535  -0.0000949391  -0.0000826120
       -0.0000594495   0.0002248506  -0.0001118147   0.0000507696  -0.0002782156
        0.0023988169  -0.0014711572   0.0003405252  -0.0000406697  -0.0006280496
        0.0033168875  -0.0009525344  -0.0104978870   0.0687900331  -0.0006035878
       -0.0621945224  -0.0067745420  -0.0002095525   0.0014527991   0.0007014370
       -0.0000318481   0.0003988218
       -0.0000092610  -0.0000063924  -0.0000025942   0.0000593987   0.0000220458
       -0.0000791097  -0.0002021567  -0.0000785733   0.0000066627   0.0001057240
       -0.0000060740   0.0000034485  -0.0002835904   0.0003337479   0.0008735236
       -0.0001438348  -0.0001841367  -0.0000322548  -0.0000796041   0.0008712152
        0.0012878182  -0.0040520431  -0.0031606233   0.0257045587  -0.0017094722
       -0.0448439160   0.0003773059   0.0000435475   0.0004968267   0.0003130090
        0.0000102542  -0.0000041424  -0.0000066678   0.0000068778   0.0000035704
        0.0000043222   0.0000093424  -0.0000000798  -0.0000035601  -0.0003777038
        0.0000414780  -0.0001977075   0.0001439426  -0.0000425427  -0.0001494068
        0.0000184574  -0.0000290684   0.0000034405   0.0000333410   0.0002406878
       -0.0002238119   0.0001372734  -0.0005394959  -0.0003905655   0.0019744563
       -0.0040488460   0.0032487174  -0.0004361216   0.0006263648  -0.0000943115
        0.0049294013  -0.0020043224  -0.0276093907  -0.0006035878   0.0515267646
       -0.0027635599   0.0000755334   0.0007284214   0.0001762574   0.0003498255
        0.0000570906  -0.0004461239
       -0.0001282205   0.0000023580   0.0000240576  -0.0000100019   0.0000688455
        0.0002546553  -0.0001252137  -0.0001269452  -0.0005533095   0.0000175516
       -0.0000172348   0.0003156827  -0.0007500856  -0.0000594052   0.0005612247
        0.0001781980   0.0001593818  -0.0001418295   0.0002162399  -0.0008405729
        0.0006701461   0.0015736550   0.0044449190  -0.0186092370   0.0534752547
        0.0002469883  -0.2588595675   0.0052131841  -0.0001953003  -0.0061036304
       -0.0000237219  -0.0000050851   0.0000083866   0.0000100387   0.0000217783
        0.0000101248   0.0000042205  -0.0000148680   0.0000007431   0.0001627774
        0.0002381567   0.0004322710  -0.0001737234  -0.0001580211   0.0000521858
       -0.0000245000  -0.0000072841   0.0000030036  -0.0000636891  -0.0003626652
        0.0001698778   0.0000342121   0.0004233532   0.0005905148  -0.0016155936
        0.0032770028  -0.0013748914  -0.0001069816  -0.0003472698   0.0002823659
        0.0030368084  -0.0035982610  -0.0194190019  -0.0621945224  -0.0027635599
        0.3006831561   0.0014506275  -0.0001263230   0.0005169826  -0.0001565144
       -0.0002599881   0.0004860889
       -0.0003880737  -0.0001280832   0.0000670713  -0.0008719962  -0.0001211250
        0.0002522028   0.0011203271  -0.0001922136  -0.0015623356  -0.0000193483
        0.0000277311   0.0003938280   0.0018340365  -0.0015256887  -0.0103271446
        0.0002308112   0.0003321310   0.0003120392  -0.0000903234   0.0001925976
        0.0000658190   0.0007533336  -0.0004987144   0.0010008208  -0.0132556259
        0.0002598856   0.0303674133  -0.0558573828   0.0024957149   0.0556296283
       -0.0000049341  -0.0000304953   0.0000640756   0.0001304632   0.0000572070
        0.0000163263   0.0000306702   0.0000133423  -0.0000431223  -0.0003713257
       -0.0020902303  -0.0011242823   0.0002906488   0.0001164170   0.0000242559
       -0.0000865243   0.0000519162  -0.0000775264  -0.0000361931  -0.0000362089
       -0.0000225888  -0.0000958033  -0.0001504244  -0.0001745809  -0.0002947013
        0.0003753407  -0.0006533083   0.0003641610  -0.0002222950  -0.0001445896
        0.0007015257   0.0000483525   0.0003605015  -0.0067745420   0.0000755334
        0.0014506275   0.0691932503  -0.0000575344  -0.0641777263   0.0034975466
        0.0010068440  -0.0116974042
       -0.0001170475  -0.0000208244   0.0000426188  -0.0003326984  -0.0002279452
        0.0006751856   0.0007290521   0.0007709171  -0.0011375205   0.0001884408
       -0.0000050368   0.0003701828   0.0038902711  -0.0040472297  -0.0262101258
        0.0000531680   0.0010183157  -0.0012229447   0.0001695347  -0.0002426935
        0.0000213566   0.0003322476   0.0003668848  -0.0008257788  -0.0005671544
        0.0005822323   0.0004777963   0.0026166230  -0.0443312881  -0.0012427392
        0.0000090134   0.0000212735   0.0000154661   0.0000934002   0.0000047308
       -0.0000110065   0.0001465033  -0.0000285919   0.0000224005  -0.0019175755
       -0.0041037738  -0.0030365351  -0.0000837577  -0.0007098165   0.0003681785
       -0.0000281850   0.0002402853   0.0002232947  -0.0000058781  -0.0000317145
       -0.0000158706  -0.0001449709  -0.0000434051   0.0001548049   0.0003411805
        0.0000788110   0.0002053817  -0.0000573019  -0.0001057244   0.0000973157
       -0.0003390635   0.0000404570   0.0004254699  -0.0002095525   0.0007284214
       -0.0001263230  -0.0000575344   0.0514882042   0.0043712700  -0.0047087150
       -0.0014424894   0.0263581220
        0.0000230899  -0.0002255457   0.0001682406  -0.0002395526   0.0008983312
        0.0016906825   0.0003873876  -0.0002603418  -0.0024932228   0.0001914894
        0.0000310701   0.0005619942   0.0012070869  -0.0049841372  -0.0180791039
        0.0000749360   0.0009276635   0.0007252315   0.0001721461  -0.0001599569
       -0.0001465826  -0.0007336147  -0.0000449291   0.0006498225   0.0049852526
        0.0002774309  -0.0059148872   0.0551002667  -0.0018094177  -0.2607326015
        0.0000629452  -0.0000044576   0.0000087661   0.0001186289   0.0000797507
       -0.0000085758   0.0000708679  -0.0000092065  -0.0000582730  -0.0011745874
       -0.0029967986  -0.0012058800   0.0000382006  -0.0003323801   0.0005449767
       -0.0000510495   0.0003405937   0.0001540680  -0.0000267002   0.0000249471
       -0.0000027526  -0.0001538454   0.0001466083   0.0000441725   0.0000851860
       -0.0002015697   0.0004283443  -0.0002541325   0.0001227478   0.0000567443
       -0.0001865888   0.0002294828   0.0004687982   0.0014527991   0.0001762574
        0.0005169826  -0.0641777263   0.0043712700   0.3022295836   0.0030275142
        0.0034025874  -0.0196065281
       -0.0002448956  -0.0000123981   0.0000446122   0.0002478314   0.0000921033
       -0.0000863256   0.0005625151  -0.0010194099   0.0001848685   0.0001062302
        0.0002936285   0.0001143398   0.0037270542  -0.0087323154   0.0040843419
       -0.0001880515  -0.0018110236  -0.0008701978   0.0000564089  -0.0002360472
        0.0000209904  -0.0068364329  -0.0000922285   0.0007325654  -0.0175591692
        0.0246673554  -0.0140725142  -0.0756528744   0.0717878773  -0.0399334614
        0.0000174433   0.0000166116  -0.0000178463   0.0000119535   0.0000161271
       -0.0000141943  -0.0000617796  -0.0000029231   0.0000131023   0.0001950626
        0.0003399559   0.0002164032  -0.0000854310   0.0000168742  -0.0000407650
        0.0001798183  -0.0006094419   0.0001327484   0.0000618641  -0.0001076919
        0.0000267265  -0.0000513660  -0.0000196670  -0.0000238758  -0.0000159758
       -0.0002422945   0.0002581847  -0.0009833060   0.0014870124  -0.0006919565
        0.0004754260   0.0001706535  -0.0003165300   0.0007014370   0.0003498255
       -0.0001565144   0.0034975466  -0.0047087150   0.0030275142   0.0918386908
       -0.0816438685   0.0473677836
        0.0001118872  -0.0003098202   0.0000452746  -0.0003738782   0.0005501241
        0.0003778523   0.0011363923  -0.0010292491   0.0007431847  -0.0002243336
        0.0002872053  -0.0007613499   0.0064102569  -0.0260392135   0.0099089895
       -0.0024739089  -0.0050479532  -0.0026317984  -0.0002150331   0.0003885808
       -0.0000580751   0.0008728432   0.0009351420  -0.0001066814   0.0025723167
       -0.0012453548   0.0012427942   0.0721839815  -0.1888247728   0.0845811129
        0.0000449543  -0.0000046428  -0.0000350710   0.0000465050   0.0000259509
        0.0000140473  -0.0000297688   0.0000536038  -0.0000303032   0.0004455228
        0.0004736582   0.0002881487  -0.0000638481   0.0002234678  -0.0003440807
        0.0006643209  -0.0014223319   0.0005219604  -0.0001332108   0.0001871965
       -0.0000345045  -0.0000245928  -0.0000305226   0.0000076743  -0.0000779836
        0.0000445224  -0.0001711850   0.0000054021  -0.0001863922   0.0000367428
       -0.0002089524   0.0005777058  -0.0000043687  -0.0000318481   0.0000570906
       -0.0002599881   0.0010068440  -0.0014424894   0.0034025874  -0.0816438685
        0.2217784945  -0.0967329627
        0.0000156559   0.0001074659  -0.0000494928   0.0002813081  -0.0002474052
       -0.0001253500   0.0000373718   0.0004265382   0.0004164060   0.0003409250
       -0.0000654126   0.0000571299   0.0036416925  -0.0100853379   0.0050800800
       -0.0007739065  -0.0018047231  -0.0002101372   0.0000063691   0.0000039215
       -0.0000842940  -0.0001254614  -0.0001147939   0.0006639599   0.0003401976
       -0.0011231191   0.0011812456  -0.0399206522   0.0851146470  -0.0946283827
       -0.0000222534   0.0000089679  -0.0000011414  -0.0000099908  -0.0000352511
       -0.0000010802   0.0000736906  -0.0000112755   0.0000379019   0.0002392932
       -0.0004822832   0.0005553815  -0.0000688975  -0.0002273941   0.0001693574
        0.0001311870  -0.0004694421   0.0003376734   0.0000136344  -0.0000351250
        0.0000010392  -0.0000128568  -0.0000028036   0.0000028974   0.0001375699
       -0.0001611498   0.0002872439  -0.0000868089   0.0000568617   0.0001559400
       -0.0003072685  -0.0000319212  -0.0001512123   0.0003988218  -0.0004461239
        0.0004860889  -0.0116974042   0.0263581220  -0.0196065281   0.0473677836
       -0.0967329627   0.1054252734
