           1           2   1.01812727214882     
           2           3   1.88303578394969     
           2           4   1.04829375166738     
           4           5   1.38581890187358     
           5           6   1.45428183177011     
           4           7  0.105596998080193     
           6           7   1.43275820274868     
           5           8  0.108262109652525     
           7           8   1.43542345150663     
           4           9   1.38957166972331     
           6           9  0.107874327659738     
           8           9   1.45121942128022     
           1          10  0.966704334800597     
           1          11  0.983583102996037     
           1          12  0.978725633410260     
           3          13  0.975231825802053     
           3          14  0.976166051587679     
           5          15  0.968236711217755     
           6          16  0.970920427298116     
           7          17  0.971722198740798     
           8          18  0.971092390183449     
           9          19  0.968390150730222     
