$hessian                                                                        
        0.4930693829  -0.0321668695  -0.0142845937  -0.1402194479  -0.0642115935
       -0.0285589312  -0.0388172038  -0.0129078117  -0.0059042468  -0.0037127722
        0.0044802162   0.0016903372   0.0006871716  -0.0007749962  -0.0003214124
       -0.0015433393  -0.0004982016  -0.0000715916  -0.2169209215   0.1043421483
        0.0436582127  -0.0433430461   0.0027758824   0.0106666578  -0.0430415201
        0.0067347714  -0.0034035059  -0.0027029920  -0.0030338810  -0.0034022833
       -0.0030890875  -0.0048068265  -0.0000477323  -0.0000879568   0.0000182707
        0.0000758912  -0.0003504527   0.0002189451   0.0000300803   0.0000721853
       -0.0001700542  -0.0001268822
       -0.0321668695   0.5098130144  -0.0081333012  -0.0676300548  -0.1164148617
       -0.0213053994   0.0120493737   0.0102834535   0.0035086137   0.0020245726
       -0.0026458682  -0.0011706545  -0.0008379061   0.0008704483   0.0002965586
        0.0008506957   0.0002504365   0.0000293345   0.1031666780  -0.1033739590
       -0.0250220440   0.0031361558  -0.0548049045  -0.0480047547   0.0074138625
       -0.2219464136   0.1088171465  -0.0066772796  -0.0041596130  -0.0037329937
       -0.0214593620  -0.0178678994  -0.0052632058   0.0000256008   0.0000078602
        0.0000016402   0.0001682957  -0.0000797533  -0.0000366936  -0.0000637628
        0.0000680600   0.0000157533
       -0.0142845937  -0.0081333012   0.5243280300  -0.0300469182  -0.0212991100
       -0.0784133244   0.0047437592   0.0032705078   0.0039090714   0.0009006101
       -0.0011703770  -0.0001568869  -0.0003029333   0.0002861815   0.0002623881
        0.0003439542   0.0000795456   0.0001032271   0.0431546507  -0.0250083336
       -0.0539820672   0.0112817244  -0.0472570456  -0.2784633739  -0.0035658906
        0.1080806532  -0.1115820518  -0.0231789963  -0.0179912643  -0.0101159873
        0.0109081461   0.0091760950   0.0040895597   0.0000339113  -0.0000403563
       -0.0000161204   0.0000354670  -0.0000065057   0.0000011262  -0.0000228909
        0.0000133107   0.0000364095
       -0.1402194479  -0.0676300548  -0.0300469182   0.4212925858   0.0381223888
        0.0149443149  -0.1231771866   0.0508173410   0.0212159717  -0.0504010435
        0.0042460142   0.0019052995   0.0016066254   0.0043473253   0.0016690362
       -0.0023118777  -0.0028583290  -0.0006510786  -0.0237765113  -0.0122668634
       -0.0055561175  -0.0020083554  -0.0020211438  -0.0038634294  -0.0024374985
       -0.0045029076   0.0010098162  -0.0380948454  -0.0026402434  -0.0024926799
       -0.0381916737  -0.0066056303   0.0019493612  -0.0009364122   0.0002026802
        0.0003688525  -0.0012582313   0.0011193933  -0.0002167294  -0.0000861276
       -0.0003299706  -0.0002356992
       -0.0642115935  -0.1164148617  -0.0212991100   0.0381223888   0.4912315596
       -0.0114004202   0.0636214968  -0.1214561577  -0.0258971934  -0.0012760573
        0.0166509460   0.0062590502  -0.0041845534  -0.0011986423   0.0012267755
       -0.0030267383   0.0005636096  -0.0021106367   0.0109752428   0.0067913318
        0.0030366374  -0.0074372324  -0.0054544303  -0.0053696655  -0.0236815332
       -0.0209578464  -0.0052871274  -0.0013030114  -0.0513933828  -0.0393169019
       -0.0073359355  -0.1987732953   0.0999961759  -0.0003229702   0.0003454349
       -0.0000128410  -0.0002721173  -0.0000086823   0.0001527659   0.0003326142
        0.0000744168   0.0000224912
       -0.0285589312  -0.0213053994  -0.0784133244   0.0149443149  -0.0114004202
        0.5126146473   0.0263929469  -0.0254714271  -0.0693952865  -0.0008301410
        0.0065251839   0.0032302984  -0.0018166896   0.0011664523  -0.0035113516
       -0.0014322232  -0.0026723885   0.0049062289   0.0045411904   0.0028090316
        0.0013345221  -0.0253623632  -0.0195496768  -0.0115513759   0.0118439273
        0.0091390112   0.0043549693  -0.0045923726  -0.0381830958  -0.2555763399
        0.0043993558   0.0987847115  -0.1082907015   0.0010606990  -0.0004032136
       -0.0002929654  -0.0008026824   0.0004506371   0.0003777813   0.0002129689
        0.0001105937   0.0002128977
       -0.0388172038   0.0120493737   0.0047437592  -0.1231771866   0.0636214968
        0.0263929469   0.4697653891   0.0222285565   0.0089416567  -0.1958790511
       -0.0742071834  -0.0302196244  -0.0206552088  -0.0523850615  -0.0215577972
       -0.0534527956  -0.0012891666  -0.0018824493  -0.0058060927  -0.0036026694
       -0.0016210384   0.0024004821   0.0007851836   0.0001553978   0.0024208392
        0.0006432041   0.0005193955  -0.0151742365   0.0115630772   0.0132769951
       -0.0146144638   0.0173163482  -0.0010384798  -0.0024516499   0.0006216391
        0.0003466544  -0.0049630761   0.0034363620   0.0013054249   0.0004042545
       -0.0007811603   0.0006371584
       -0.0129078117   0.0102834535   0.0032705078   0.0508173410  -0.1214561577
       -0.0254714271   0.0222285565   0.3215037007   0.1012428939  -0.0587718941
       -0.1235956228  -0.0273937844  -0.0588105167  -0.0631803173  -0.0363026862
        0.0127300569   0.0100138061  -0.0007146189  -0.0043142007  -0.0007611885
       -0.0006470889   0.0003822939   0.0003576479   0.0004908173   0.0006797208
        0.0012487265  -0.0000381821   0.0127135241  -0.0087497240  -0.0087861598
        0.0313913691  -0.0245572306  -0.0065050655   0.0001670931  -0.0005594738
        0.0001392111   0.0033146271  -0.0010587395  -0.0005278544   0.0003798406
        0.0005111196   0.0012434373
       -0.0059042468   0.0035086137   0.0039090714   0.0212159717  -0.0258971934
       -0.0693952865   0.0089416567   0.1012428939   0.1152654784  -0.0236980753
       -0.0279301981  -0.0668622917  -0.0240473502  -0.0360973430   0.0115157335
        0.0041136124   0.0005625594   0.0068826199  -0.0019059798  -0.0006342762
        0.0003266458   0.0006030502   0.0007996707   0.0008748120  -0.0001095288
       -0.0003448053  -0.0000580163   0.0311156254  -0.0212235871  -0.0089699183
       -0.0122702483   0.0057476380   0.0058727867   0.0013072863  -0.0004215254
        0.0001949694   0.0012814951  -0.0002864064   0.0002082502  -0.0006432684
        0.0009739593   0.0002351455
       -0.0037127722   0.0020245726   0.0009006101  -0.0504010435  -0.0012760573
       -0.0008301410  -0.1958790511  -0.0587718941  -0.0236980753   0.4851661647
        0.0028937653   0.0036876724  -0.0782185807  -0.0070609236  -0.0029406219
       -0.1327029708   0.0489439292   0.0231100166  -0.0005716809  -0.0011820167
       -0.0005227926  -0.0004093409   0.0002414595   0.0002001739  -0.0003997505
        0.0003288223   0.0000425502   0.0011901804  -0.0005498961  -0.0014091216
        0.0011105490  -0.0013077786   0.0005961259  -0.0103805501   0.0091693287
       -0.0019894952  -0.0231966514   0.0095454970   0.0055791979   0.0084054980
       -0.0029988081  -0.0027260996
        0.0044802162  -0.0026458682  -0.0011703770   0.0042460142   0.0166509460
        0.0065251839  -0.0742071834  -0.1235956228  -0.0279301981   0.0028937653
        0.8453263869   0.2602828546  -0.0196794224  -0.6172966599  -0.2219606518
        0.0571592471  -0.1019635529  -0.0142596858   0.0017693856   0.0001228775
        0.0000226790  -0.0009862979  -0.0001206266  -0.0002743052  -0.0012263052
       -0.0005431027   0.0000852893   0.0033620975   0.0012887134  -0.0024033174
        0.0045103959  -0.0007185019   0.0021681977   0.0153537827  -0.0101143278
        0.0007029859  -0.0110002568   0.0098469455   0.0054415004   0.0133245612
       -0.0162376064  -0.0072301557
        0.0016903372  -0.0011706545  -0.0001568869   0.0019052995   0.0062590502
        0.0032302984  -0.0302196244  -0.0273937844  -0.0668622917   0.0036876724
        0.2602828546   0.2986768403  -0.0079177210  -0.2212681607  -0.1561325617
        0.0217283401  -0.0116615701  -0.0766041369   0.0006819615  -0.0000128238
        0.0001180728  -0.0006964839  -0.0002358938  -0.0004135791  -0.0002226796
        0.0001148866  -0.0000296551   0.0029783591   0.0000474821  -0.0004360847
        0.0003819071  -0.0003668313   0.0016973730  -0.0199751557   0.0158299063
        0.0051024369   0.0115670028  -0.0067496112  -0.0022973921   0.0144107847
       -0.0136748499  -0.0058924333
        0.0006871716  -0.0008379061  -0.0003029333   0.0016066254  -0.0041845534
       -0.0018166896  -0.0206552088  -0.0588105167  -0.0240473502  -0.0782185807
       -0.0196794224  -0.0079177210   0.0946585438   0.0465612779   0.0191219289
        0.0033027290   0.0312418379   0.0136638334   0.0001979820   0.0002177454
        0.0000944803  -0.0000813675  -0.0000677387   0.0001019984  -0.0000965690
        0.0000114038  -0.0001267685   0.0008507994   0.0004667693  -0.0005641393
        0.0007265043  -0.0001464651   0.0006323812  -0.0004363846   0.0004265592
        0.0005521253   0.0021226577  -0.0000419921  -0.0011351523  -0.0046649024
        0.0048430010   0.0017440068
       -0.0007749962   0.0008704483   0.0002861815   0.0043473253  -0.0011986423
        0.0011664523  -0.0523850615  -0.0631803173  -0.0360973430  -0.0070609236
       -0.6172966599  -0.2212681607   0.0465612779   0.7256672878   0.2813754716
        0.0073760863  -0.0424822890  -0.0225589784  -0.0005594525   0.0003339808
        0.0001555929   0.0006066098   0.0000323391   0.0004037264   0.0006947926
        0.0004466838  -0.0002224326  -0.0012422399  -0.0002018376   0.0015637022
       -0.0015503371   0.0007877166  -0.0011985208  -0.0014192878   0.0000980100
       -0.0009995324  -0.0016344133   0.0005444285  -0.0006871803   0.0070406197
       -0.0044211488  -0.0019189787
       -0.0003214124   0.0002965586   0.0002623881   0.0016690362   0.0012267755
       -0.0035113516  -0.0215577972  -0.0363026862   0.0115157335  -0.0029406219
       -0.2219606518  -0.1561325617   0.0191219289   0.2813754716   0.1406568957
        0.0039354148  -0.0219003403   0.0073468348  -0.0002185684   0.0001499116
        0.0000196343   0.0003299656   0.0001202868   0.0002955642   0.0001984865
        0.0000201109  -0.0000737482  -0.0008786654  -0.0002296214   0.0003085342
       -0.0002880325   0.0006015927  -0.0007503146   0.0014295179  -0.0027680260
       -0.0008047170  -0.0022751947   0.0011069770   0.0001980836   0.0017959427
       -0.0017363591   0.0006690245
       -0.0015433393   0.0008506957   0.0003439542  -0.0023118777  -0.0030267383
       -0.0014322232  -0.0534527956   0.0127300569   0.0041136124  -0.1327029708
        0.0571592471   0.0217283401   0.0033027290   0.0073760863   0.0039354148
        0.4873011147   0.0477237583   0.0109826212  -0.0005228554  -0.0002663484
       -0.0001184035   0.0000717919   0.0000419518   0.0000977566   0.0000737346
        0.0001023684  -0.0000400939  -0.0002828822   0.0001100326  -0.0000721205
       -0.0002349820   0.0000195121   0.0001613227  -0.0633083007   0.0329808207
       -0.0659511290  -0.1734745637  -0.1040859271   0.0700701665  -0.0629148028
       -0.0517155160  -0.0438192182
       -0.0004982016   0.0002504365   0.0000795456  -0.0028583290   0.0005636096
       -0.0026723885  -0.0012891666   0.0100138061   0.0005625594   0.0489439292
       -0.1019635529  -0.0116615701   0.0312418379  -0.0424822890  -0.0219003403
        0.0477237583   0.5065337884   0.0138998646  -0.0001822512  -0.0000924609
       -0.0000290807  -0.0000164915   0.0000408666   0.0000230912   0.0000862453
        0.0000918062   0.0000035605   0.0003910350  -0.0003373917  -0.0000858074
       -0.0004801431   0.0000932302  -0.0000886569   0.0341182111  -0.0842180149
        0.0860911716  -0.1048902271  -0.1220726380   0.0501418708  -0.0522902067
       -0.1664211963  -0.1143638198
       -0.0000715916   0.0000293345   0.0001032271  -0.0006510786  -0.0021106367
        0.0049062289  -0.0018824493  -0.0007146189   0.0068826199   0.0231100166
       -0.0142596858  -0.0766041369   0.0136638334  -0.0225589784   0.0073468348
        0.0109826212   0.0138998646   0.4957605936  -0.0000370028  -0.0000063508
       -0.0000374823   0.0000795888   0.0000444582   0.0000243700  -0.0000613291
       -0.0000205435   0.0000281711  -0.0009172497   0.0002452452   0.0001661426
        0.0008189833  -0.0003197264  -0.0001772465  -0.0714274081   0.0901588338
       -0.2138588992   0.0709538380   0.0505385790  -0.0777373548  -0.0445607720
       -0.1149257747  -0.1468030682
       -0.2169209215   0.1031666780   0.0431546507  -0.0237765113   0.0109752428
        0.0045411904  -0.0058060927  -0.0043142007  -0.0019059798  -0.0005716809
        0.0017693856   0.0006819615   0.0001979820  -0.0005594525  -0.0002185684
       -0.0005228554  -0.0001822512  -0.0000370028   0.2520199188  -0.1183232134
       -0.0494283291  -0.0028542774   0.0029164008   0.0028089960  -0.0024275547
        0.0037833962   0.0000863357   0.0003354208   0.0004652403   0.0000472168
        0.0003227328   0.0003509870   0.0003070860   0.0000077488  -0.0000012064
        0.0000229125  -0.0000866389   0.0000470102   0.0000084864   0.0000827298
       -0.0000940166  -0.0000689560
        0.1043421483  -0.1033739590  -0.0250083336  -0.0122668634   0.0067913318
        0.0028090316  -0.0036026694  -0.0007611885  -0.0006342762  -0.0011820167
        0.0001228775  -0.0000128238   0.0002177454   0.0003339808   0.0001499116
       -0.0002663484  -0.0000924609  -0.0000063508  -0.1183232134   0.1170044038
        0.0296864910   0.0067207752  -0.0036817111  -0.0028453399   0.0248498765
       -0.0172143008  -0.0044571462  -0.0000868387   0.0003451712   0.0002981790
       -0.0003232803   0.0005119302   0.0000123163  -0.0000160011  -0.0000061066
       -0.0000026618  -0.0000405214   0.0000371111   0.0000033099  -0.0000227925
       -0.0000170795   0.0000076929
        0.0436582127  -0.0250220440  -0.0539820672  -0.0055561175   0.0030366374
        0.0013345221  -0.0016210384  -0.0006470889   0.0003266458  -0.0005227926
        0.0000226790   0.0001180728   0.0000944803   0.0001555929   0.0000196343
       -0.0001184035  -0.0000290807  -0.0000374823  -0.0494283291   0.0296864910
        0.0585200565   0.0277644022  -0.0173043115  -0.0098375293  -0.0140551201
        0.0097644000   0.0032831186  -0.0003714847   0.0001816196   0.0002041211
        0.0001958505   0.0001433276   0.0000518236  -0.0000042498   0.0000061833
        0.0000134975  -0.0000181593   0.0000077361   0.0000008201  -0.0000172508
       -0.0000021418  -0.0000152336
       -0.0433430461   0.0031361558   0.0112817244  -0.0020083554  -0.0074372324
       -0.0253623632   0.0024004821   0.0003822939   0.0006030502  -0.0004093409
       -0.0009862979  -0.0006964839  -0.0000813675   0.0006066098   0.0003299656
        0.0000717919  -0.0000164915   0.0000795888  -0.0028542774   0.0067207752
        0.0277644022   0.0483769535  -0.0002196714  -0.0105328419   0.0008829572
        0.0001582002  -0.0014897329  -0.0037645927  -0.0030542088  -0.0017988387
        0.0007187823   0.0006613294  -0.0002056604   0.0000561940  -0.0000215504
        0.0000237545   0.0000217087   0.0000044750  -0.0000037195  -0.0000678897
        0.0000656130   0.0000071549
        0.0027758824  -0.0548049045  -0.0472570456  -0.0020211438  -0.0054544303
       -0.0195496768   0.0007851836   0.0003576479   0.0007996707   0.0002414595
       -0.0001206266  -0.0002358938  -0.0000677387   0.0000323391   0.0001202868
        0.0000419518   0.0000408666   0.0000444582   0.0029164008  -0.0036817111
       -0.0173043115  -0.0002196714   0.0610561971   0.0573438599  -0.0014151611
        0.0038141268   0.0280925395  -0.0034598331  -0.0015885268  -0.0012929422
        0.0003841345   0.0003496628  -0.0007609925   0.0000261073  -0.0000222821
        0.0000049685   0.0000000488  -0.0000153855  -0.0000101750   0.0000123795
        0.0000370266   0.0000052541
        0.0106666578  -0.0480047547  -0.2784633739  -0.0038634294  -0.0053696655
       -0.0115513759   0.0001553978   0.0004908173   0.0008748120   0.0002001739
       -0.0002743052  -0.0004135791   0.0001019984   0.0004037264   0.0002955642
        0.0000977566   0.0000230912   0.0000243700   0.0028089960  -0.0028453399
       -0.0098375293  -0.0105328419   0.0573438599   0.3196164133   0.0014966900
       -0.0006348526  -0.0218350981  -0.0016840655  -0.0015000013   0.0005824788
        0.0005508104   0.0003027744   0.0006506112   0.0000400695  -0.0000085592
       -0.0000108495   0.0000282068   0.0000017877   0.0000102328  -0.0000664205
        0.0000714215   0.0000573236
       -0.0430415201   0.0074138625  -0.0035658906  -0.0024374985  -0.0236815332
        0.0118439273   0.0024208392   0.0006797208  -0.0001095288  -0.0003997505
       -0.0012263052  -0.0002226796  -0.0000965690   0.0006947926   0.0001984865
        0.0000737346   0.0000862453  -0.0000613291  -0.0024275547   0.0248498765
       -0.0140551201   0.0008829572  -0.0014151611   0.0014966900   0.0480717610
       -0.0043932936   0.0049315365   0.0007108830   0.0003140184   0.0006238509
       -0.0037576240  -0.0033433396  -0.0010993469  -0.0000432543  -0.0000024247
       -0.0000213090   0.0000787706   0.0000162664  -0.0000205077  -0.0000351745
        0.0000072749   0.0000612206
        0.0067347714  -0.2219464136   0.1080806532  -0.0045029076  -0.0209578464
        0.0091390112   0.0006432041   0.0012487265  -0.0003448053   0.0003288223
       -0.0005431027   0.0001148866   0.0000114038   0.0004466838   0.0000201109
        0.0001023684   0.0000918062  -0.0000205435   0.0037833962  -0.0172143008
        0.0097644000   0.0001582002   0.0038141268  -0.0006348526  -0.0043932936
        0.2564985915  -0.1251711023   0.0006546043   0.0002723988   0.0003749137
       -0.0035347197  -0.0017557996  -0.0013467221  -0.0000274446   0.0000215986
       -0.0000220502   0.0000706782  -0.0000114112  -0.0000044156  -0.0000290832
        0.0000349421   0.0000505160
       -0.0034035059   0.1088171465  -0.1115820518   0.0010098162  -0.0052871274
        0.0043549693   0.0005193955  -0.0000381821  -0.0000580163   0.0000425502
        0.0000852893  -0.0000296551  -0.0001267685  -0.0002224326  -0.0000737482
       -0.0000400939   0.0000035605   0.0000281711   0.0000863357  -0.0044571462
        0.0032831186  -0.0014897329   0.0280925395  -0.0218350981   0.0049315365
       -0.1251711023   0.1244543180  -0.0000981081  -0.0006853433   0.0007239445
       -0.0014538878  -0.0011063640   0.0007724610   0.0000002873  -0.0000039571
        0.0000168189  -0.0000246452  -0.0000177580  -0.0000144779   0.0000468210
       -0.0000091228  -0.0000407541
       -0.0027029920  -0.0066772796  -0.0231789963  -0.0380948454  -0.0013030114
       -0.0045923726  -0.0151742365   0.0127135241   0.0311156254   0.0011901804
        0.0033620975   0.0029783591   0.0008507994  -0.0012422399  -0.0008786654
       -0.0002828822   0.0003910350  -0.0009172497   0.0003354208  -0.0000868387
       -0.0003714847  -0.0037645927  -0.0034598331  -0.0016840655   0.0007108830
        0.0006546043  -0.0000981081   0.0548088349  -0.0035918014  -0.0033283888
        0.0020712207  -0.0005506132   0.0011556654  -0.0001971956   0.0000868975
        0.0000214108   0.0001670140  -0.0000909074  -0.0000568733   0.0000823912
       -0.0002056339  -0.0001648564
       -0.0030338810  -0.0041596130  -0.0179912643  -0.0026402434  -0.0513933828
       -0.0381830958   0.0115630772  -0.0087497240  -0.0212235871  -0.0005498961
        0.0012887134   0.0000474821   0.0004667693  -0.0002018376  -0.0002296214
        0.0001100326  -0.0003373917   0.0002452452   0.0004652403   0.0003451712
        0.0001816196  -0.0030542088  -0.0015885268  -0.0015000013   0.0003140184
        0.0002723988  -0.0006853433  -0.0035918014   0.0617270754   0.0524064782
       -0.0000123694   0.0027051036   0.0268552910   0.0000697639   0.0000037053
       -0.0000216345  -0.0000949974   0.0000379791   0.0000494891  -0.0000115042
        0.0000503291   0.0000489425
       -0.0034022833  -0.0037329937  -0.0101159873  -0.0024926799  -0.0393169019
       -0.2555763399   0.0132769951  -0.0087861598  -0.0089699183  -0.0014091216
       -0.0024033174  -0.0004360847  -0.0005641393   0.0015637022   0.0003085342
       -0.0000721205  -0.0000858074   0.0001661426   0.0000472168   0.0002981790
        0.0002041211  -0.0017988387  -0.0012929422   0.0005824788   0.0006238509
        0.0003749137   0.0007239445  -0.0033283888   0.0524064782   0.2962638639
       -0.0007154200   0.0007534781  -0.0232424681   0.0000247575   0.0000187245
        0.0000350197  -0.0001115039   0.0000664691   0.0000067811  -0.0000783243
        0.0001361777   0.0000499126
       -0.0030890875  -0.0214593620   0.0109081461  -0.0381916737  -0.0073359355
        0.0043993558  -0.0146144638   0.0313913691  -0.0122702483   0.0011105490
        0.0045103959   0.0003819071   0.0007265043  -0.0015503371  -0.0002880325
       -0.0002349820  -0.0004801431   0.0008189833   0.0003227328  -0.0003232803
        0.0001958505   0.0007187823   0.0003841345   0.0005508104  -0.0037576240
       -0.0035347197  -0.0014538878   0.0020712207  -0.0000123694  -0.0007154200
        0.0547295641  -0.0013085704  -0.0024818543   0.0002346449  -0.0001485193
        0.0000302616  -0.0001201264  -0.0000191170   0.0000342437   0.0000939593
       -0.0001135457  -0.0001101156
       -0.0048068265  -0.0178678994   0.0091760950  -0.0066056303  -0.1987732953
        0.0987847115   0.0173163482  -0.0245572306   0.0057476380  -0.0013077786
       -0.0007185019  -0.0003668313  -0.0001464651   0.0007877166   0.0006015927
        0.0000195121   0.0000932302  -0.0003197264   0.0003509870   0.0005119302
        0.0001433276   0.0006613294   0.0003496628   0.0003027744  -0.0033433396
       -0.0017557996  -0.0011063640  -0.0005506132   0.0027051036   0.0007534781
       -0.0013085704   0.2390341570  -0.1137752247  -0.0001961763   0.0000743854
       -0.0000538572   0.0000064042   0.0000750782  -0.0000039827  -0.0000891809
        0.0000414627   0.0001163691
       -0.0000477323  -0.0052632058   0.0040895597   0.0019493612   0.0999961759
       -0.1082907015  -0.0010384798  -0.0065050655   0.0058727867   0.0005961259
        0.0021681977   0.0016973730   0.0006323812  -0.0011985208  -0.0007503146
        0.0001613227  -0.0000886569  -0.0001772465   0.0003070860   0.0000123163
        0.0000518236  -0.0002056604  -0.0007609925   0.0006506112  -0.0010993469
       -0.0013467221   0.0007724610   0.0011556654   0.0268552910  -0.0232424681
       -0.0024818543  -0.1137752247   0.1193608810   0.0000246721  -0.0000201727
       -0.0000244735   0.0000102284  -0.0000322878   0.0000122696   0.0000362308
       -0.0000411320  -0.0000225617
       -0.0000879568   0.0000256008   0.0000339113  -0.0009364122  -0.0003229702
        0.0010606990  -0.0024516499   0.0001670931   0.0013072863  -0.0103805501
        0.0153537827  -0.0199751557  -0.0004363846  -0.0014192878   0.0014295179
       -0.0633083007   0.0341182111  -0.0714274081   0.0000077488  -0.0000160011
       -0.0000042498   0.0000561940   0.0000261073   0.0000400695  -0.0000432543
       -0.0000274446   0.0000002873  -0.0001971956   0.0000697639   0.0000247575
        0.0002346449  -0.0001961763   0.0000246721   0.0729951084  -0.0395466800
        0.0776769992   0.0070162613  -0.0109706018   0.0197104541  -0.0024682532
        0.0027386029  -0.0099018406
        0.0000182707   0.0000078602  -0.0000403563   0.0002026802   0.0003454349
       -0.0004032136   0.0006216391  -0.0005594738  -0.0004215254   0.0091693287
       -0.0101143278   0.0158299063   0.0004265592   0.0000980100  -0.0027680260
        0.0329808207  -0.0842180149   0.0901588338  -0.0000012064  -0.0000061066
        0.0000061833  -0.0000215504  -0.0000222821  -0.0000085592  -0.0000024247
        0.0000215986  -0.0000039571   0.0000868975   0.0000037053   0.0000187245
       -0.0001485193   0.0000743854  -0.0000201727  -0.0395466800   0.0944754508
       -0.1018219345   0.0035900563  -0.0090616660   0.0183632675  -0.0073758717
        0.0089554259  -0.0188891705
        0.0000758912   0.0000016402  -0.0000161204   0.0003688525  -0.0000128410
       -0.0002929654   0.0003466544   0.0001392111   0.0001949694  -0.0019894952
        0.0007029859   0.0051024369   0.0005521253  -0.0009995324  -0.0008047170
       -0.0659511290   0.0860911716  -0.2138588992   0.0000229125  -0.0000026618
        0.0000134975   0.0000237545   0.0000049685  -0.0000108495  -0.0000213090
       -0.0000220502   0.0000168189   0.0000214108  -0.0000216345   0.0000350197
        0.0000302616  -0.0000538572  -0.0000244735   0.0776769992  -0.1018219345
        0.2452942963  -0.0026371414   0.0086695648  -0.0137783209  -0.0085197875
        0.0073249696  -0.0218706929
       -0.0003504527   0.0001682957   0.0000354670  -0.0012582313  -0.0002721173
       -0.0008026824  -0.0049630761   0.0033146271   0.0012814951  -0.0231966514
       -0.0110002568   0.0115670028   0.0021226577  -0.0016344133  -0.0022751947
       -0.1734745637  -0.1048902271   0.0709538380  -0.0000866389  -0.0000405214
       -0.0000181593   0.0000217087   0.0000000488   0.0000282068   0.0000787706
        0.0000706782  -0.0000246452   0.0001670140  -0.0000949974  -0.0001115039
       -0.0001201264   0.0000064042   0.0000102284   0.0070162613   0.0035900563
       -0.0026371414   0.2015656089   0.1183864480  -0.0807207567  -0.0075222806
       -0.0076040251   0.0027138457
        0.0002189451  -0.0000797533  -0.0000065057   0.0011193933  -0.0000086823
        0.0004506371   0.0034363620  -0.0010587395  -0.0002864064   0.0095454970
        0.0098469455  -0.0067496112  -0.0000419921   0.0005444285   0.0011069770
       -0.1040859271  -0.1220726380   0.0505385790   0.0000470102   0.0000371111
        0.0000077361   0.0000044750  -0.0000153855   0.0000017877   0.0000162664
       -0.0000114112  -0.0000177580  -0.0000909074   0.0000379791   0.0000664691
       -0.0000191170   0.0000750782  -0.0000322878  -0.0109706018  -0.0090616660
        0.0086695648   0.1183864480   0.1363114010  -0.0612138454  -0.0175658516
       -0.0145446675   0.0074646637
        0.0000300803  -0.0000366936   0.0000011262  -0.0002167294   0.0001527659
        0.0003777813   0.0013054249  -0.0005278544   0.0002082502   0.0055791979
        0.0054415004  -0.0022973921  -0.0011351523  -0.0006871803   0.0001980836
        0.0700701665   0.0501418708  -0.0777373548   0.0000084864   0.0000033099
        0.0000008201  -0.0000037195  -0.0000101750   0.0000102328  -0.0000205077
       -0.0000044156  -0.0000144779  -0.0000568733   0.0000494891   0.0000067811
        0.0000342437  -0.0000039827   0.0000122696   0.0197104541   0.0183632675
       -0.0137783209  -0.0807207567  -0.0612138454   0.0856305302  -0.0145843149
       -0.0116680567   0.0073816707
        0.0000721853  -0.0000637628  -0.0000228909  -0.0000861276   0.0003326142
        0.0002129689   0.0004042545   0.0003798406  -0.0006432684   0.0084054980
        0.0133245612   0.0144107847  -0.0046649024   0.0070406197   0.0017959427
       -0.0629148028  -0.0522902067  -0.0445607720   0.0000827298  -0.0000227925
       -0.0000172508  -0.0000678897   0.0000123795  -0.0000664205  -0.0000351745
       -0.0000290832   0.0000468210   0.0000823912  -0.0000115042  -0.0000783243
        0.0000939593  -0.0000891809   0.0000362308  -0.0024682532  -0.0073758717
       -0.0085197875  -0.0075222806  -0.0175658516  -0.0145843149   0.0686184125
        0.0563582386   0.0519902814
       -0.0001700542   0.0000680600   0.0000133107  -0.0003299706   0.0000744168
        0.0001105937  -0.0007811603   0.0005111196   0.0009739593  -0.0029988081
       -0.0162376064  -0.0136748499   0.0048430010  -0.0044211488  -0.0017363591
       -0.0517155160  -0.1664211963  -0.1149257747  -0.0000940166  -0.0000170795
       -0.0000021418   0.0000656130   0.0000370266   0.0000714215   0.0000072749
        0.0000349421  -0.0000091228  -0.0002056339   0.0000503291   0.0001361777
       -0.0001135457   0.0000414627  -0.0000411320   0.0027386029   0.0089554259
        0.0073249696  -0.0076040251  -0.0145446675  -0.0116680567   0.0563582386
        0.1918689157   0.1334270045
       -0.0001268822   0.0000157533   0.0000364095  -0.0002356992   0.0000224912
        0.0002128977   0.0006371584   0.0012434373   0.0002351455  -0.0027260996
       -0.0072301557  -0.0058924333   0.0017440068  -0.0019189787   0.0006690245
       -0.0438192182  -0.1143638198  -0.1468030682  -0.0000689560   0.0000076929
       -0.0000152336   0.0000071549   0.0000052541   0.0000573236   0.0000612206
        0.0000505160  -0.0000407541  -0.0001648564   0.0000489425   0.0000499126
       -0.0001101156   0.0001163691  -0.0000225617  -0.0099018406  -0.0188891705
       -0.0218706929   0.0027138457   0.0074646637   0.0073816707   0.0519902814
        0.1334270045   0.1660023597
