$hessian                                                                        
        0.4829476336  -0.0225743310  -0.0530198625  -0.0805497195  -0.0153716426
       -0.0313726842   0.0051801814   0.0050705287   0.0090077693  -0.0049937742
       -0.0076182248  -0.0085333151   0.0004558937   0.0010080322  -0.0002912669
       -0.0001126221   0.0003896184   0.0005424573   0.0001327653  -0.0000112435
       -0.0001238962  -0.0003576661   0.0001212680  -0.0001316523   0.0000430386
       -0.0000464376   0.0000071836  -0.0001034543  -0.0007952987  -0.0015613631
        0.0000102537   0.0000390492   0.0002587180  -0.0260259025   0.0053816301
       -0.0269884009  -0.0007281762   0.0006209915   0.0006126981   0.0002578745
        0.0000923521   0.0001972524  -0.0008037467  -0.0001767212   0.0001046364
       -0.0003588284  -0.0016155262   0.0001182909  -0.0508092635   0.0129242656
        0.0103625568  -0.0788004032  -0.0245868121   0.0778568258  -0.2409845687
        0.0563165387   0.0238374926  -0.0018529638   0.0023110643   0.0006492376
       -0.0000312247  -0.0000444404  -0.0000610001  -0.0008132136  -0.0006138831
        0.0003750961  -0.0001983607  -0.0001066091  -0.0001590054  -0.0015037527
       -0.0107141686  -0.0016877682
       -0.0225743310   0.4415259803  -0.0367597417  -0.0171659034  -0.0574955733
       -0.0279668136  -0.0014547603   0.0011998073  -0.0021325296  -0.0111654654
       -0.0120972098  -0.0144061998  -0.0007807243  -0.0006014023  -0.0010811133
       -0.0006751369   0.0000743957   0.0007936343   0.0000487527  -0.0001617528
        0.0000085733  -0.0000463144   0.0000095460  -0.0001266291   0.0001029451
       -0.0000965993   0.0000225377  -0.0003603745   0.0028335890   0.0041209413
        0.0003527939  -0.0002268005  -0.0004588470   0.0152265434  -0.0042501888
        0.0143756586  -0.0029505255  -0.0027094423  -0.0011644547   0.0001606478
       -0.0004087643  -0.0002588763   0.0004691790  -0.0007526444  -0.0001699439
       -0.0020681903  -0.0046404100  -0.0011782725   0.0098753846  -0.2261502363
       -0.0014455745  -0.0281992600  -0.0613254429   0.0676645761   0.0571214527
       -0.0543090800  -0.0036466256   0.0072446498  -0.0005876577  -0.0015252127
       -0.0000014353   0.0000463625   0.0000128563  -0.0005722413   0.0011769923
       -0.0002339611  -0.0003332185  -0.0002627044  -0.0002413285  -0.0022544679
       -0.0207907639   0.0057973464
       -0.0530198625  -0.0367597417   0.4951365836  -0.0285334644  -0.0194134126
       -0.1241902444  -0.0115361119  -0.0106343152  -0.0255592287  -0.0001974301
       -0.0047137895   0.0008276932  -0.0001066775   0.0007440767   0.0004162442
        0.0003497013   0.0012330298   0.0010895839   0.0001563801  -0.0001669624
       -0.0002297089  -0.0000484932   0.0002163614  -0.0000964129   0.0001156834
       -0.0000628292   0.0000207958   0.0005271305   0.0001848749   0.0011932878
        0.0002208969   0.0000106216  -0.0001140421  -0.0183791040   0.0053965563
       -0.0102130180  -0.0005207717   0.0003610614  -0.0000310186   0.0000721373
       -0.0002142310  -0.0002327070  -0.0008953726  -0.0006757337  -0.0008583832
        0.0005747924   0.0018616544   0.0022305438   0.0128669616  -0.0301855851
       -0.0752876053   0.0782760545   0.0624212468  -0.2217362201   0.0218220799
       -0.0026466672  -0.0468400130   0.0001061026  -0.0007481910   0.0005455600
        0.0000135923   0.0000047175   0.0000009596   0.0010331651   0.0002381657
        0.0003040659  -0.0003136791   0.0000357313  -0.0001051620  -0.0025837106
        0.0335133609   0.0037284465
       -0.0805497195  -0.0171659034  -0.0285334644   0.4387073479   0.0018447703
       -0.0578642316  -0.1117986129   0.0018124511   0.1084361112  -0.0778422884
       -0.0286189152   0.0142681764   0.0044371661   0.0160308645  -0.0054605643
       -0.0118229222  -0.0235816286   0.0060668623  -0.0052244976  -0.0008844104
        0.0027871455   0.0029179117  -0.0005548001  -0.0018779749   0.0006235558
        0.0003867399  -0.0000198947  -0.0359732134   0.0203911040   0.0011416434
       -0.0051845489   0.0017042765   0.0029853401  -0.1058327144   0.0525197990
       -0.0144924883   0.0010776716  -0.0008536991  -0.0029093254   0.0006532041
        0.0015610939  -0.0000361203  -0.0002381229   0.0011391806   0.0008283291
       -0.0019399999  -0.0136343917  -0.0073966417  -0.0027618764  -0.0062996445
       -0.0044845519   0.0067935325   0.0021641456   0.0069254460  -0.0191407518
       -0.0050162583  -0.0209234244   0.0016282848   0.0002936522   0.0009182754
       -0.0009166062  -0.0004552553  -0.0001482894   0.0006466391  -0.0008778374
        0.0006529036   0.0006058436  -0.0014911943  -0.0005176450   0.0011347172
       -0.0004141392  -0.0003456167
       -0.0153716426  -0.0574955733  -0.0194134126   0.0018447703   0.4280237862
        0.0049640825   0.0037300043  -0.0407232507  -0.0093732533  -0.0335489665
       -0.1281580305   0.0190209419  -0.0031266583  -0.0187280999   0.0068226049
       -0.0101690769  -0.0003408762   0.0063645709   0.0010968539   0.0008671900
       -0.0008229270   0.0002254662  -0.0000763580   0.0003584957   0.0002792829
       -0.0003397990   0.0000767051   0.0167016334  -0.0033590850  -0.0156737294
        0.0002093478   0.0008094228   0.0004483439   0.0594565405  -0.1202188964
        0.0449600520   0.0005748621   0.0000233513   0.0021774835  -0.0001405754
       -0.0010185532  -0.0001528365   0.0006517138  -0.0011426653  -0.0011526436
       -0.0112128664  -0.0283156702  -0.0144980048  -0.0152970429  -0.0372806805
       -0.0280779672   0.0031389336   0.0018097618   0.0029642502   0.0033478017
        0.0032131349   0.0032249595  -0.0011654382  -0.0010409264  -0.0010019912
        0.0003399369   0.0001424462   0.0001169256  -0.0002093694   0.0014956235
       -0.0003237007  -0.0001645586   0.0011711392  -0.0006520469  -0.0011909522
        0.0006826087  -0.0003569024
       -0.0313726842  -0.0279668136  -0.1241902444  -0.0578642316   0.0049640825
        0.4918696928   0.1053406440  -0.0083390005  -0.1892029957   0.0132782437
        0.0253370914  -0.0607867689   0.0024716836   0.0125406517  -0.0030672062
        0.0105302829   0.0131729283  -0.0023801945   0.0029398397   0.0001017203
       -0.0012555342  -0.0021615416   0.0006087593   0.0009934414  -0.0000791871
        0.0000932531  -0.0000983633   0.0071083829  -0.0165578701   0.0099185026
        0.0032709706   0.0000646007  -0.0000841273  -0.0211797728   0.0483626406
       -0.0842728438  -0.0008037448   0.0000550324  -0.0004301775   0.0000934214
        0.0005782782  -0.0005322186  -0.0019003396  -0.0004743048  -0.0002817603
       -0.0124103405  -0.0360999818  -0.0098739702  -0.0066686112  -0.0077023543
       -0.0036766955  -0.0123558962  -0.0065411524  -0.0243062419  -0.0007393491
        0.0001688860  -0.0012417475   0.0008188650  -0.0007361200  -0.0000743404
       -0.0004428324  -0.0001623995  -0.0000106790   0.0009078241  -0.0005199778
       -0.0002554306  -0.0001709808  -0.0014613353   0.0007673258   0.0013893541
        0.0005133856   0.0024725772
        0.0051801814  -0.0014547603  -0.0115361119  -0.1117986129   0.0037300043
        0.1053406440   0.1468662587  -0.0112613368  -0.1191096852  -0.0090617838
       -0.0039089956   0.0126258170  -0.0001035353  -0.0000203658   0.0000022641
       -0.0005912478  -0.0025646429   0.0003131968  -0.0005831006   0.0000544981
        0.0001798307   0.0006366115   0.0001861493   0.0001183160   0.0002626190
        0.0000164375  -0.0001173696  -0.0026664178   0.0051215688  -0.0002630844
       -0.0010382545  -0.0000094845   0.0004099204  -0.0279155749   0.0098529811
        0.0168540886   0.0000281372  -0.0001256316   0.0001675576   0.0002341551
       -0.0001355085  -0.0003269089   0.0002961433   0.0001335342   0.0000973127
        0.0007795621   0.0018399277  -0.0004947455   0.0000564426   0.0001278420
       -0.0005985565  -0.0004846908  -0.0009246630  -0.0023548072   0.0009671882
       -0.0003897215  -0.0019501957  -0.0002373277  -0.0001597557  -0.0001253488
       -0.0000117759   0.0000825131   0.0001574603  -0.0001591895   0.0000602293
       -0.0001769283  -0.0007036101  -0.0005205810   0.0002802817   0.0000478225
        0.0002697621   0.0005070520
        0.0050705287   0.0011998073  -0.0106343152   0.0018124511  -0.0407232507
       -0.0083390005  -0.0112613368   0.0529886631   0.0112919671  -0.0189627182
       -0.0031572098   0.0210251612  -0.0000813673   0.0000099353   0.0000915620
       -0.0013101370  -0.0049281180  -0.0003174207  -0.0013676948  -0.0001202620
        0.0006494247   0.0001697934  -0.0001941376   0.0000949100   0.0000384959
       -0.0000417688  -0.0000141117   0.0027562516  -0.0029301248   0.0009368217
        0.0009255022  -0.0000561700  -0.0003676547   0.0217680096  -0.0047832345
       -0.0145371670  -0.0002977267  -0.0000131886  -0.0002199019   0.0001614242
        0.0000980844  -0.0001125082   0.0003545771   0.0002916148   0.0004331665
        0.0009292022   0.0026857930   0.0003957171  -0.0004473618   0.0002316811
        0.0000408950  -0.0009118059  -0.0004004953  -0.0012168391   0.0007645741
        0.0007991609   0.0006138935   0.0002878177   0.0000750398  -0.0000582939
       -0.0001029169  -0.0000332051  -0.0000123884  -0.0000448319  -0.0001023593
       -0.0000740982  -0.0002077549  -0.0003815617   0.0001826668  -0.0000429758
       -0.0005146935   0.0001475138
        0.0090077693  -0.0021325296  -0.0255592287   0.1084361112  -0.0093732533
       -0.1892029957  -0.1191096852   0.0112919671   0.2168096589   0.0075314544
        0.0024780403  -0.0069834706  -0.0000428895   0.0000761223  -0.0002263554
       -0.0001140002   0.0016654749   0.0002193193   0.0004209111   0.0000058574
       -0.0001290275  -0.0000817803  -0.0000213825   0.0000316636  -0.0001723345
       -0.0000015130   0.0000195064  -0.0006628404   0.0006689253   0.0002087443
       -0.0002932016   0.0000963262   0.0001171568  -0.0013504643  -0.0012815681
        0.0059930060  -0.0003100679   0.0000265733   0.0006008204  -0.0000646523
        0.0000081658   0.0001771171  -0.0000047088  -0.0001502822  -0.0000912515
       -0.0011462452  -0.0014465606   0.0011020343  -0.0005150500   0.0000547861
       -0.0000374856  -0.0026297630  -0.0019721349  -0.0034875174   0.0007884414
        0.0000109242   0.0005123501   0.0001902438   0.0001569266  -0.0001423348
        0.0000248021   0.0000213101  -0.0000523595  -0.0000779778   0.0001477351
       -0.0000114165   0.0000128243   0.0001323119  -0.0000832055   0.0001631035
       -0.0004622224   0.0002152715
       -0.0049937742  -0.0111654654  -0.0001974301  -0.0778422884  -0.0335489665
        0.0132782437  -0.0090617838  -0.0189627182   0.0075314544   0.4796922582
       -0.0429238551   0.0470830094  -0.1444029428   0.0839305738  -0.0726426582
       -0.1368923327  -0.0034696058   0.0315998128  -0.0176978271  -0.0050813677
        0.0092467773  -0.0256984089   0.0091904309   0.0076546309  -0.0022777701
        0.0026373521  -0.0014110148   0.0028673086  -0.0018631459   0.0012753881
       -0.0001565901  -0.0004298361   0.0000395549   0.0034274731   0.0254876796
       -0.0088101534  -0.0005623627  -0.0004326667   0.0002439757   0.0008492946
       -0.0008827578   0.0000548425   0.0070469588   0.0006178620   0.0016426304
       -0.0698169839   0.0138543342  -0.0073057752  -0.0012326167  -0.0006291406
       -0.0015027023   0.0008381979  -0.0002728756   0.0003591998  -0.0005866269
       -0.0000444675  -0.0005741526   0.0002502172  -0.0000438814  -0.0000904793
        0.0003900473  -0.0002371664  -0.0000071049   0.0008965872   0.0008344514
       -0.0001869309  -0.0051386096  -0.0166058020  -0.0271429547   0.0001025753
        0.0000410348  -0.0001381635
       -0.0076182248  -0.0120972098  -0.0047137895  -0.0286189152  -0.1281580305
        0.0253370914  -0.0039089956  -0.0031572098   0.0024780403  -0.0429238551
        0.4479735493  -0.0206968042   0.0828327984  -0.1079840318   0.0608739523
        0.0014600137  -0.0646428577   0.0026256828  -0.0264192869  -0.0040597828
        0.0118020662   0.0196690274   0.0004657498  -0.0070378209   0.0033791704
       -0.0025259933   0.0010863033  -0.0006425392   0.0019421268  -0.0004887642
       -0.0005266707   0.0004371367   0.0000894959   0.0021816091  -0.0321356450
        0.0091794863  -0.0011932509   0.0002803211   0.0001690458   0.0001348923
       -0.0012220551  -0.0020080511   0.0058146932   0.0027103358  -0.0034622432
       -0.0016804095  -0.1070082109  -0.0843729234  -0.0003497727   0.0019767489
        0.0004555424   0.0003646294   0.0004806104   0.0010396964   0.0002866336
        0.0000616832  -0.0000392437   0.0007963454  -0.0007213978  -0.0001804020
        0.0001808456   0.0000024149   0.0001311729   0.0005066904  -0.0000616489
       -0.0013013503  -0.0035224397   0.0080727470   0.0091547648  -0.0002029886
       -0.0006293504  -0.0001209483
       -0.0085333151  -0.0144061998   0.0008276932   0.0142681764   0.0190209419
       -0.0607867689   0.0126258170   0.0210251612  -0.0069834706   0.0470830094
       -0.0206968042   0.4726380567  -0.0733350240   0.0626947032  -0.0923754755
        0.0367250792   0.0062448890  -0.0680322288   0.0040507232   0.0014696096
       -0.0005495077  -0.0050727473  -0.0016482640   0.0089364531  -0.0025986137
        0.0024651688  -0.0007525318   0.0005695505  -0.0014386164   0.0011118909
       -0.0000457596   0.0001657635  -0.0001139888  -0.0050217422   0.0168874581
       -0.0037225687  -0.0001418966   0.0003836826  -0.0004685598   0.0021306968
       -0.0013656553  -0.0031678061   0.0206245718  -0.0040868666  -0.0330089787
       -0.0314353728  -0.0736028626  -0.1870188009  -0.0015765111  -0.0041871672
       -0.0026120539  -0.0003000971  -0.0013393358   0.0001326323  -0.0009891310
       -0.0002264494  -0.0006884491  -0.0003547953  -0.0004265242  -0.0001929204
       -0.0000488192  -0.0000215881   0.0003697204   0.0007233861  -0.0008289525
       -0.0009774084  -0.0092101466  -0.0059529074  -0.0224410141  -0.0001370388
       -0.0001291845  -0.0001239143
        0.0004558937  -0.0007807243  -0.0001066775   0.0044371661  -0.0031266583
        0.0024716836  -0.0001035353  -0.0000813673  -0.0000428895  -0.1444029428
        0.0828327984  -0.0733350240   0.1700483978  -0.0914673886   0.0918620533
       -0.0235131570   0.0159231526  -0.0104300066   0.0001583389   0.0001897391
       -0.0004833774  -0.0048879936  -0.0002387700   0.0032074020  -0.0009755917
        0.0011805581  -0.0004157610  -0.0002964731  -0.0003173260  -0.0000662838
        0.0000913450  -0.0001705751   0.0000505339   0.0005948792  -0.0022919603
        0.0007531025   0.0002265357  -0.0001505477   0.0001825112   0.0003559939
       -0.0002590394   0.0002052371   0.0027495329  -0.0002812372  -0.0014002448
       -0.0057686441  -0.0006578564  -0.0105429451  -0.0000185494   0.0000251310
        0.0000786392   0.0001349728   0.0000972986   0.0002111121  -0.0000878151
       -0.0003006078   0.0001333559  -0.0001053793   0.0000843771  -0.0000532394
        0.0000470770   0.0000641252   0.0000668179  -0.0004113482  -0.0001644801
       -0.0000066176   0.0013114627  -0.0001020687  -0.0023625543  -0.0000401662
       -0.0000065729   0.0000231725
        0.0010080322  -0.0006014023   0.0007440767   0.0160308645  -0.0187280999
        0.0125406517  -0.0000203658   0.0000099353   0.0000761223   0.0839305738
       -0.1079840318   0.0626947032  -0.0914673886   0.1262563388  -0.0665407441
        0.0037547483  -0.0005738780   0.0004856879  -0.0004610689   0.0002359970
        0.0000414556   0.0008475273   0.0006854405  -0.0003418759  -0.0001720242
       -0.0000985934   0.0000764791  -0.0002356515   0.0002721447   0.0002863819
       -0.0001171130   0.0001929964  -0.0000802430  -0.0006527181  -0.0080152139
        0.0027702078  -0.0001663231   0.0001870774  -0.0002366760  -0.0001487641
        0.0001547073  -0.0000160263  -0.0008040532  -0.0001738141   0.0001882209
       -0.0108982453   0.0082168738  -0.0090113273  -0.0002342062   0.0009141566
       -0.0000742607   0.0001961475  -0.0005498896  -0.0007501081  -0.0005845945
       -0.0001844800   0.0001044044   0.0001568216  -0.0000304683   0.0001339760
       -0.0001663967  -0.0000475503  -0.0000401778   0.0004120183  -0.0002012515
       -0.0000473387  -0.0003764917  -0.0000551602  -0.0029568543   0.0001686715
        0.0001181656  -0.0000467353
       -0.0002912669  -0.0010811133   0.0004162442  -0.0054605643   0.0068226049
       -0.0030672062   0.0000022641   0.0000915620  -0.0002263554  -0.0726426582
        0.0608739523  -0.0923754755   0.0918620533  -0.0665407441   0.1211502854
        0.0094121169  -0.0065016084   0.0059966990  -0.0002604797  -0.0002243662
        0.0001610540   0.0025669017  -0.0003145913  -0.0015517756   0.0005573941
       -0.0005176800   0.0002740795   0.0000940852   0.0000648963  -0.0001525146
        0.0000242350  -0.0000752048  -0.0000398066   0.0004903016   0.0019553456
       -0.0003507123   0.0000551293   0.0001028522   0.0001538487  -0.0004530966
        0.0001824392   0.0002134095  -0.0003879331  -0.0000582983   0.0013100844
       -0.0255512431   0.0073881520  -0.0259167213  -0.0000020206  -0.0002424286
       -0.0001870896   0.0000698644  -0.0006498400  -0.0000335040   0.0001194440
        0.0000048616   0.0001106858  -0.0000788814  -0.0000169457  -0.0000176337
        0.0000279912   0.0000315074  -0.0000205325   0.0000920419   0.0000408990
       -0.0000915948  -0.0002017717  -0.0013870927  -0.0057392923  -0.0000439072
        0.0000508408  -0.0000161762
       -0.0001126221  -0.0006751369   0.0003497013  -0.0118229222  -0.0101690769
        0.0105302829  -0.0005912478  -0.0013101370  -0.0001140002  -0.1368923327
        0.0014600137   0.0367250792  -0.0235131570   0.0037547483   0.0094121169
        0.4280679696   0.0281828012   0.0135220537  -0.0798721144  -0.0813810152
       -0.0029851491  -0.1055608646   0.0438437626  -0.0160195147  -0.0208415792
        0.0201269959  -0.0065336361   0.0126967413  -0.0009178090   0.0014378140
       -0.0008250786  -0.0035331872   0.0011065410  -0.0035688014   0.0044118894
       -0.0004202224  -0.0012706462   0.0009808538  -0.0008891909  -0.0070030325
        0.0047481827  -0.0098959074  -0.0528924366  -0.0055697092  -0.0325479337
        0.0028882720  -0.0012881377   0.0004971590  -0.0002700251   0.0011552928
       -0.0000852431  -0.0002035939  -0.0004886936  -0.0007520708  -0.0000567240
        0.0001913303  -0.0000430912   0.0006601682  -0.0005457558   0.0001892518
        0.0003688504  -0.0003780177  -0.0009428223  -0.0026173312  -0.0030147896
       -0.0011957255   0.0031171958   0.0004761469  -0.0012607924   0.0001153122
       -0.0000605517  -0.0000847000
        0.0003896184   0.0000743957   0.0012330298  -0.0235816286  -0.0003408762
        0.0131729283  -0.0025646429  -0.0049281180   0.0016654749  -0.0034696058
       -0.0646428577   0.0062448890   0.0159231526  -0.0005738780  -0.0065016084
        0.0281828012   0.5290211389   0.0166453203  -0.0820469677  -0.2237134812
       -0.0058743449   0.0489061516  -0.1211712031   0.0256303657   0.0059312858
       -0.0034937991   0.0010109414   0.0121453987  -0.0286468913   0.0131512178
       -0.0021807334  -0.0051281722   0.0007576773   0.0042143769   0.0039897320
       -0.0026185990   0.0007251350   0.0025102618   0.0001282720  -0.0058046653
        0.0068134339  -0.0035683016  -0.0006193877  -0.0803875011  -0.0045827213
        0.0108776797  -0.0039165286  -0.0175748168   0.0002923025  -0.0004625822
       -0.0003882585  -0.0002912792   0.0000546598  -0.0003250325   0.0001828659
        0.0000880241  -0.0000842918  -0.0005149315  -0.0002840666   0.0001607840
       -0.0004853245  -0.0000414990  -0.0021764148  -0.0054549579  -0.0063806987
       -0.0362134340  -0.0007462951   0.0014565133   0.0001623309  -0.0000103488
        0.0001039934  -0.0000554078
        0.0005424573   0.0007936343   0.0010895839   0.0060668623   0.0063645709
       -0.0023801945   0.0003131968  -0.0003174207   0.0002193193   0.0315998128
        0.0026256828  -0.0680322288  -0.0104300066   0.0004856879   0.0059966990
        0.0135220537   0.0166453203   0.4620372591  -0.0025483755  -0.0071285545
       -0.0382335846  -0.0171853546   0.0260862555  -0.0644654413   0.0106265373
       -0.0104402962   0.0046989727   0.0003551151   0.0084651546   0.0036104398
       -0.0003014014  -0.0003179641   0.0004407111  -0.0002124171  -0.0031267719
       -0.0005054024  -0.0017007105   0.0028569773  -0.0057751366  -0.0204175210
        0.0160030562  -0.0203731036  -0.0254390951  -0.0336000068  -0.2320752179
        0.0219607449  -0.0100910722  -0.0303869627   0.0000349558  -0.0009255534
       -0.0008413375  -0.0013951620  -0.0007553806  -0.0004564610   0.0001959530
        0.0000125872  -0.0001623561   0.0000989118  -0.0005516593   0.0006629468
       -0.0028979915  -0.0002296258  -0.0042371520  -0.0033861412  -0.0127048139
       -0.0103919676   0.0003381261  -0.0005042536  -0.0005115177   0.0002594498
        0.0003544461   0.0000721327
        0.0001327653   0.0000487527   0.0001563801  -0.0052244976   0.0010968539
        0.0029398397  -0.0005831006  -0.0013676948   0.0004209111  -0.0176978271
       -0.0264192869   0.0040507232   0.0001583389  -0.0004610689  -0.0002604797
       -0.0798721144  -0.0820469677  -0.0025483755   0.0944822065   0.0950318349
        0.0051910380   0.0065939935   0.0170939262  -0.0006651338   0.0005450013
        0.0002639392  -0.0000142797  -0.0024109931   0.0021493388  -0.0014996157
        0.0003496217   0.0010545776  -0.0002218358   0.0006195262   0.0001392080
       -0.0003040324  -0.0000176708  -0.0004170750   0.0000934486   0.0003320132
       -0.0005225968   0.0011730304   0.0009388296  -0.0060568741  -0.0065392340
        0.0021969051   0.0003982417  -0.0021066325   0.0000165719  -0.0001011636
       -0.0000932709  -0.0000358525  -0.0000237069   0.0001395855   0.0000917560
        0.0000078300   0.0000138326  -0.0000644963   0.0001083157  -0.0000188330
        0.0000564307   0.0001649976   0.0000577119  -0.0005796996   0.0000309450
       -0.0004508235  -0.0000419008  -0.0002803809   0.0004593262   0.0000141931
        0.0001080542   0.0000267191
       -0.0000112435  -0.0001617528  -0.0001669624  -0.0008844104   0.0008671900
        0.0001017203   0.0000544981  -0.0001202620   0.0000058574  -0.0050813677
       -0.0040597828   0.0014696096   0.0001897391   0.0002359970  -0.0002243662
       -0.0813810152  -0.2237134812  -0.0071285545   0.0950318349   0.2612634391
        0.0165535992  -0.0060157456  -0.0264534070   0.0020128436  -0.0004401859
        0.0003539235  -0.0004216632   0.0041053134  -0.0025400671   0.0015699890
       -0.0005201498  -0.0011283143   0.0003891503   0.0000781742   0.0006584027
       -0.0002166472   0.0001174032   0.0005245901  -0.0000262819  -0.0002647353
        0.0015325326  -0.0007311990  -0.0030456484  -0.0086314710  -0.0119782656
        0.0012229728   0.0007737791  -0.0002072335  -0.0001416107   0.0001222469
       -0.0000348343   0.0000917386  -0.0000554310   0.0000794850  -0.0000119994
        0.0000010219   0.0000522892   0.0000722890   0.0000619431   0.0001289126
       -0.0005674096   0.0002778519  -0.0002587666  -0.0024469442   0.0004202739
       -0.0016527105  -0.0002337356  -0.0002758433   0.0006661910   0.0000822380
        0.0000466206   0.0000178379
       -0.0001238962   0.0000085733  -0.0002297089   0.0027871455  -0.0008229270
       -0.0012555342   0.0001798307   0.0006494247  -0.0001290275   0.0092467773
        0.0118020662  -0.0005495077  -0.0004833774   0.0000414556   0.0001610540
       -0.0029851491  -0.0058743449  -0.0382335846   0.0051910380   0.0165535992
        0.0579530755   0.0031005708   0.0111214181   0.0009906888   0.0003393680
       -0.0004739685   0.0001440812  -0.0021102955   0.0015475075  -0.0008911621
        0.0003588274   0.0005160934  -0.0000656627  -0.0002406614  -0.0003096913
        0.0003285973   0.0000404784  -0.0006674922   0.0003268442   0.0002177501
       -0.0002543951   0.0006564733  -0.0118522992  -0.0332954024  -0.0149510431
       -0.0005121965   0.0004274079   0.0011152000   0.0000031893   0.0000834257
        0.0000910701   0.0001221317  -0.0000061779  -0.0000448835  -0.0000630719
       -0.0000207752   0.0000199478   0.0000673677  -0.0000125234  -0.0001183719
        0.0002220031  -0.0001399063   0.0000047422  -0.0038688983  -0.0013700230
       -0.0044817189   0.0004198295   0.0005507337  -0.0008796815  -0.0000564618
       -0.0000540780   0.0000381121
       -0.0003576661  -0.0000463144  -0.0000484932   0.0029179117   0.0002254662
       -0.0021615416   0.0006366115   0.0001697934  -0.0000817803  -0.0256984089
        0.0196690274  -0.0050727473  -0.0048879936   0.0008475273   0.0025669017
       -0.1055608646   0.0489061516  -0.0171853546   0.0065939935  -0.0060157456
        0.0031005708   0.4878279247  -0.0189319842  -0.0253784244  -0.1790053616
        0.0155883394   0.1000591205  -0.0789488822  -0.0311028866   0.0053903576
        0.0061994345   0.0133401842  -0.0034420913  -0.0288964819  -0.0276954036
        0.0157216992  -0.0027420998  -0.0095926218  -0.0034212498  -0.0679270505
        0.0014592931  -0.0369872178  -0.0048979818   0.0028132606  -0.0094986104
       -0.0005698668  -0.0007346411  -0.0013626003   0.0006062546   0.0001875752
        0.0000981776  -0.0001434688   0.0000831682  -0.0002295940   0.0001651983
        0.0000254811   0.0000052021  -0.0008378924  -0.0018975796  -0.0007048089
       -0.0085772171  -0.0079280377  -0.0208775742   0.0019819152   0.0007715152
       -0.0009491205   0.0022605045  -0.0000905506   0.0004547264  -0.0001385123
       -0.0000510177   0.0000044528
        0.0001212680   0.0000095460   0.0002163614  -0.0005548001  -0.0000763580
        0.0006087593   0.0001861493  -0.0001941376  -0.0000213825   0.0091904309
        0.0004657498  -0.0016482640  -0.0002387700   0.0006854405  -0.0003145913
        0.0438437626  -0.1211712031   0.0260862555   0.0170939262  -0.0264534070
        0.0111214181  -0.0189319842   0.4416461929   0.0107366017   0.0144715604
       -0.0438302438  -0.0079714390  -0.0331035067  -0.1378148142   0.0193520514
       -0.0075439652  -0.0253961081   0.0066097389  -0.0076140274   0.0006262330
        0.0018359689  -0.0076893757  -0.0102609188  -0.0103323231  -0.0092499179
       -0.0932112526  -0.0736760021  -0.0010546500   0.0050032220  -0.0022120708
       -0.0009953260  -0.0003402537   0.0000682404   0.0004658280  -0.0003781154
       -0.0001571414  -0.0000458357   0.0000477029  -0.0000778243   0.0001182475
        0.0000547170   0.0000168527  -0.0008644100  -0.0017000308  -0.0000657611
        0.0042272484   0.0099627233   0.0221418696  -0.0025033187   0.0023340035
       -0.0011910185   0.0007349538  -0.0000562693  -0.0011449728  -0.0000634878
        0.0000475816   0.0000186730
       -0.0001316523  -0.0001266291  -0.0000964129  -0.0018779749   0.0003584957
        0.0009934414   0.0001183160   0.0000949100   0.0000316636   0.0076546309
       -0.0070378209   0.0089364531   0.0032074020  -0.0003418759  -0.0015517756
       -0.0160195147   0.0256303657  -0.0644654413  -0.0006651338   0.0020128436
        0.0009906888  -0.0253784244   0.0107366017   0.4932337015   0.0982060014
       -0.0086715759  -0.1089413763   0.0011383840   0.0145993584  -0.0479343661
        0.0030578661   0.0146172591  -0.0025460332   0.0250904381   0.0139889160
       -0.0111605995  -0.0165706822  -0.0279441329  -0.0102234719  -0.0450412192
       -0.0484323815  -0.1953857842  -0.0240411727   0.0165053808  -0.0349806511
       -0.0021663198   0.0002056409  -0.0020302415   0.0000230284  -0.0001057370
        0.0000885691  -0.0000647200  -0.0000174199  -0.0002800386   0.0000011506
        0.0000005024  -0.0000527945  -0.0004758913  -0.0033224090  -0.0032184989
       -0.0075922543  -0.0009412894  -0.0198299079  -0.0012427775   0.0005534004
       -0.0002285163   0.0030073966  -0.0022635627  -0.0013807070  -0.0002368772
       -0.0000988402   0.0000320994
        0.0000430386   0.0001029451   0.0001156834   0.0006235558   0.0002792829
       -0.0000791871   0.0002626190   0.0000384959  -0.0001723345  -0.0022777701
        0.0033791704  -0.0025986137  -0.0009755917  -0.0001720242   0.0005573941
       -0.0208415792   0.0059312858   0.0106265373   0.0005450013  -0.0004401859
        0.0003393680  -0.1790053616   0.0144715604   0.0982060014   0.2057971691
       -0.0183604978  -0.1151192851  -0.0147634469  -0.0006947999   0.0106786587
        0.0003476239   0.0004759356  -0.0000533394  -0.0033879684  -0.0045377402
        0.0015656211   0.0005710558   0.0007454037  -0.0006534690   0.0102467172
       -0.0003113894  -0.0027622578   0.0020542670  -0.0009424682   0.0006468934
        0.0004139877  -0.0000022890   0.0001769021   0.0001048336  -0.0002121464
       -0.0001698007  -0.0000826953   0.0000155927   0.0000634867   0.0000990753
       -0.0000040275  -0.0000252291   0.0002456818   0.0002945968   0.0000543718
        0.0015369371   0.0002311143  -0.0006654693  -0.0014304223  -0.0003357937
       -0.0006359498  -0.0002162696  -0.0000851366  -0.0001250513   0.0000895420
        0.0001331152   0.0000290689
       -0.0000464376  -0.0000965993  -0.0000628292   0.0003867399  -0.0003397990
        0.0000932531   0.0000164375  -0.0000417688  -0.0000015130   0.0026373521
       -0.0025259933   0.0024651688   0.0011805581  -0.0000985934  -0.0005176800
        0.0201269959  -0.0034937991  -0.0104402962   0.0002639392   0.0003539235
       -0.0004739685   0.0155883394  -0.0438302438  -0.0086715759  -0.0183604978
        0.0527292787   0.0159485961  -0.0201276916   0.0001620210   0.0130016635
       -0.0002082486   0.0005552223   0.0000007909  -0.0064055623  -0.0053998742
        0.0026945478   0.0008297522   0.0006637876   0.0004937743   0.0065554631
       -0.0006315019  -0.0143806870  -0.0015965456   0.0007706233  -0.0008401018
       -0.0002310080   0.0000814512  -0.0002333430  -0.0000866130   0.0001522736
       -0.0000559944   0.0000228474  -0.0000344617  -0.0000222918  -0.0000639579
       -0.0000367349  -0.0000007592   0.0001957694   0.0002623312   0.0001358303
       -0.0006956030   0.0005611630   0.0008096095  -0.0000578076   0.0002678120
       -0.0000103086  -0.0000270945  -0.0000588712   0.0000602772   0.0001028733
        0.0000283534   0.0000078372
        0.0000071836   0.0000225377   0.0000207958  -0.0000198947   0.0000767051
       -0.0000983633  -0.0001173696  -0.0000141117   0.0000195064  -0.0014110148
        0.0010863033  -0.0007525318  -0.0004157610   0.0000764791   0.0002740795
       -0.0065336361   0.0010109414   0.0046989727  -0.0000142797  -0.0004216632
        0.0001440812   0.1000591205  -0.0079714390  -0.1089413763  -0.1151192851
        0.0159485961   0.1457041038   0.0071260077   0.0011071840  -0.0027477380
        0.0000026395  -0.0000539811  -0.0001571178   0.0010476947   0.0014426322
       -0.0002419971  -0.0004835178  -0.0001471359   0.0005437962   0.0162188530
       -0.0123285374  -0.0396596844  -0.0001706902   0.0002254881   0.0013977914
        0.0001972857  -0.0002356955   0.0000962995  -0.0000198217   0.0000388415
        0.0000449693   0.0000305493   0.0000162946   0.0000577868  -0.0000148735
       -0.0000059828  -0.0000032032  -0.0001275506  -0.0000701548  -0.0000241418
        0.0005184170  -0.0001071777  -0.0001977111  -0.0003270656   0.0000194495
       -0.0000501241  -0.0004137557   0.0003110738  -0.0001213737  -0.0000192349
       -0.0000266474  -0.0000068198
       -0.0001034543  -0.0003603745   0.0005271305  -0.0359732134   0.0167016334
        0.0071083829  -0.0026664178   0.0027562516  -0.0006628404   0.0028673086
       -0.0006425392   0.0005695505  -0.0002964731  -0.0002356515   0.0000940852
        0.0126967413   0.0121453987   0.0003551151  -0.0024109931   0.0041053134
       -0.0021102955  -0.0789488822  -0.0331035067   0.0011383840  -0.0147634469
       -0.0201276916   0.0071260077   0.4640740926  -0.0136649242   0.0318215193
       -0.0986951126   0.0715410066  -0.0552654210  -0.1600568044   0.0023894375
        0.0647753935  -0.0758756547  -0.0198344667  -0.0184308324  -0.0060258790
       -0.0101811769  -0.0051460866  -0.0026518721  -0.0013398183  -0.0001816594
       -0.0017493465  -0.0017839896  -0.0001677049   0.0005269140   0.0004154507
        0.0020483133   0.0001468589   0.0003154415  -0.0004032560   0.0002678544
        0.0001316274  -0.0003589660  -0.0023814108  -0.0081567258  -0.0300469934
        0.0000608477  -0.0016380969  -0.0011118898   0.0021007633   0.0010718001
       -0.0010954177   0.0015125247   0.0005068721  -0.0003269629  -0.0016549446
       -0.0010112711  -0.0002555558
       -0.0007952987   0.0028335890   0.0001848749   0.0203911040  -0.0033590850
       -0.0165578701   0.0051215688  -0.0029301248   0.0006689253  -0.0018631459
        0.0019421268  -0.0014386164  -0.0003173260   0.0002721447   0.0000648963
       -0.0009178090  -0.0286468913   0.0084651546   0.0021493388  -0.0025400671
        0.0015475075  -0.0311028866  -0.1378148142   0.0145993584  -0.0006947999
        0.0001620210   0.0011071840  -0.0136649242   0.4620306181  -0.0389206895
        0.0678649975  -0.1314214277   0.0655052957  -0.0115960452  -0.0664487118
        0.0316555766  -0.0203468687  -0.0747716063  -0.0351238261  -0.0089214987
       -0.0132365645  -0.0075573337  -0.0012858393  -0.0019931251  -0.0036318824
       -0.0004671723   0.0002302099   0.0005002673   0.0020346406  -0.0024055346
       -0.0002186041  -0.0000262477   0.0000921701   0.0002169569   0.0000442698
       -0.0002035948  -0.0001566808  -0.0053681620  -0.0093802333  -0.0199021631
        0.0004743367   0.0030446561  -0.0007909193  -0.0000197427   0.0049883538
        0.0003649705  -0.0000818219  -0.0008143394  -0.0010433635  -0.0006106673
        0.0003702304   0.0004609811
       -0.0015613631   0.0041209413   0.0011932878   0.0011416434  -0.0156737294
        0.0099185026  -0.0002630844   0.0009368217   0.0002087443   0.0012753881
       -0.0004887642   0.0011118909  -0.0000662838   0.0002863819  -0.0001525146
        0.0014378140   0.0131512178   0.0036104398  -0.0014996157   0.0015699890
       -0.0008911621   0.0053903576   0.0193520514  -0.0479343661   0.0106786587
        0.0130016635  -0.0027477380   0.0318215193  -0.0389206895   0.4372063444
       -0.0511262576   0.0628639587  -0.0784883129   0.0634415974   0.0228850743
       -0.1077867046  -0.0331933584  -0.0392661191  -0.1861874796  -0.0174744038
       -0.0310255785  -0.0183946845   0.0007415151  -0.0053576847  -0.0024343130
        0.0006519150   0.0010449387  -0.0015613427   0.0054906391  -0.0034093842
       -0.0024369072  -0.0010713969   0.0007222731  -0.0004640123  -0.0000307030
       -0.0003592156  -0.0009027346  -0.0123979298  -0.0092876184  -0.0004686120
       -0.0017595175  -0.0024894185   0.0010379981  -0.0011579311   0.0072660525
       -0.0043106309  -0.0010473387  -0.0014204651   0.0000838173   0.0005781362
        0.0004973035   0.0007904900
        0.0000102537   0.0003527939   0.0002208969  -0.0051845489   0.0002093478
        0.0032709706  -0.0010382545   0.0009255022  -0.0002932016  -0.0001565901
       -0.0005266707  -0.0000457596   0.0000913450  -0.0001171130   0.0000242350
       -0.0008250786  -0.0021807334  -0.0003014014   0.0003496217  -0.0005201498
        0.0003588274   0.0061994345  -0.0075439652   0.0030578661   0.0003476239
       -0.0002082486   0.0000026395  -0.0986951126   0.0678649975  -0.0511262576
        0.1341164781  -0.0873343121   0.0650907178  -0.0333353555   0.0255883160
       -0.0062428466  -0.0025006747   0.0027504923  -0.0148481760   0.0007258910
       -0.0002870003   0.0018392261   0.0001964806   0.0004633462  -0.0000965567
        0.0002688621   0.0002205150   0.0001043522   0.0000252701  -0.0002256938
       -0.0000930929   0.0000409747  -0.0000913245   0.0001508529  -0.0000205547
       -0.0001297313  -0.0000507635  -0.0001594892   0.0002831146  -0.0009455211
        0.0001194364   0.0007850700  -0.0003106337  -0.0002304282  -0.0005297794
        0.0002112659  -0.0002732017   0.0000195508  -0.0000134155  -0.0000723830
        0.0002316757   0.0000357761
        0.0000390492  -0.0002268005   0.0000106216   0.0017042765   0.0008094228
        0.0000646007  -0.0000094845  -0.0000561700   0.0000963262  -0.0004298361
        0.0004371367   0.0001657635  -0.0001705751   0.0001929964  -0.0000752048
       -0.0035331872  -0.0051281722  -0.0003179641   0.0010545776  -0.0011283143
        0.0005160934   0.0133401842  -0.0253961081   0.0146172591   0.0004759356
        0.0005552223  -0.0000539811   0.0715410066  -0.1314214277   0.0628639587
       -0.0873343121   0.1514241930  -0.0714665879   0.0093803298  -0.0034129111
       -0.0010926550  -0.0057928297   0.0117621976  -0.0043958402   0.0008883882
        0.0020169117   0.0007845469  -0.0000622928   0.0008035431   0.0000230058
       -0.0000498405   0.0001422466  -0.0002222181  -0.0000406260   0.0002266574
        0.0000056183  -0.0000635140  -0.0000304920  -0.0001203799  -0.0000191828
        0.0000057779   0.0000038502  -0.0002307099  -0.0000790078  -0.0005575441
       -0.0009592348  -0.0005453841  -0.0010413120   0.0000846455  -0.0006071009
       -0.0000320048   0.0001735227  -0.0002592010   0.0002032576   0.0000137097
       -0.0000852157   0.0000207900
        0.0002587180  -0.0004588470  -0.0001140421   0.0029853401   0.0004483439
       -0.0000841273   0.0004099204  -0.0003676547   0.0001171568   0.0000395549
        0.0000894959  -0.0001139888   0.0000505339  -0.0000802430  -0.0000398066
        0.0011065410   0.0007576773   0.0004407111  -0.0002218358   0.0003891503
       -0.0000656627  -0.0034420913   0.0066097389  -0.0025460332  -0.0000533394
        0.0000007909  -0.0001571178  -0.0552654210   0.0655052957  -0.0784883129
        0.0650907178  -0.0714665879   0.1145446310   0.0107167029  -0.0096457651
        0.0063612406  -0.0212539205   0.0072822117  -0.0407856199   0.0007084673
       -0.0010078368   0.0016661132   0.0000116255   0.0001916642  -0.0002077345
       -0.0000602299  -0.0000677561   0.0002287141  -0.0003776926   0.0001904568
        0.0000638502   0.0001870887  -0.0001303465   0.0000751442   0.0000220323
        0.0000539214   0.0002084598  -0.0005272986   0.0018418397  -0.0013259149
       -0.0002132908   0.0004853740   0.0000681748  -0.0001430672  -0.0007064509
        0.0001697801   0.0000183895   0.0001033330  -0.0000590447  -0.0000474451
       -0.0000178059   0.0000434294
       -0.0260259025   0.0152265434  -0.0183791040  -0.1058327144   0.0594565405
       -0.0211797728  -0.0279155749   0.0217680096  -0.0013504643   0.0034274731
        0.0021816091  -0.0050217422   0.0005948792  -0.0006527181   0.0004903016
       -0.0035688014   0.0042143769  -0.0002124171   0.0006195262   0.0000781742
       -0.0002406614  -0.0288964819  -0.0076140274   0.0250904381  -0.0033879684
       -0.0064055623   0.0010476947  -0.1600568044  -0.0115960452   0.0634415974
       -0.0333353555   0.0093803298   0.0107167029   0.3798679682  -0.0974461553
       -0.0762634694   0.0027100405   0.0087006064   0.0259202633   0.0023476336
        0.0003413869  -0.0024102125   0.0022450551  -0.0008297193  -0.0003119223
        0.0022440055   0.0016871762   0.0026676847   0.0030594215   0.0013410167
       -0.0009080137  -0.0013279956  -0.0001898398  -0.0003470587  -0.0026665792
       -0.0013221391  -0.0048112560  -0.0025154727  -0.0015432411   0.0009782500
        0.0003252427   0.0005725796   0.0005522792  -0.0014044115   0.0013990202
       -0.0004149424  -0.0010855729   0.0007221171   0.0003296016   0.0005783897
        0.0005299609   0.0006162233
        0.0053816301  -0.0042501888   0.0053965563   0.0525197990  -0.1202188964
        0.0483626406   0.0098529811  -0.0047832345  -0.0012815681   0.0254876796
       -0.0321356450   0.0168874581  -0.0022919603  -0.0080152139   0.0019553456
        0.0044118894   0.0039897320  -0.0031267719   0.0001392080   0.0006584027
       -0.0003096913  -0.0276954036   0.0006262330   0.0139889160  -0.0045377402
       -0.0053998742   0.0014426322   0.0023894375  -0.0664487118   0.0228850743
        0.0255883160  -0.0034129111  -0.0096457651  -0.0974461553   0.2273641248
       -0.0794696483   0.0094307082   0.0037609309  -0.0168336453   0.0008503956
        0.0025281418   0.0015845034  -0.0003566566   0.0011817042   0.0010039162
       -0.0012567494  -0.0002572106  -0.0024572551  -0.0060126402   0.0053182977
       -0.0039580826   0.0005475599   0.0000877111   0.0003781181  -0.0004687760
        0.0001352876   0.0006607272   0.0010441061   0.0007605292   0.0015366108
        0.0002304624  -0.0005472712  -0.0000122679   0.0000861077  -0.0018591856
        0.0006544158   0.0005710112   0.0008815767   0.0002885566   0.0015347899
        0.0000356712   0.0000692241
       -0.0269884009   0.0143756586  -0.0102130180  -0.0144924883   0.0449600520
       -0.0842728438   0.0168540886  -0.0145371670   0.0059930060  -0.0088101534
        0.0091794863  -0.0037225687   0.0007531025   0.0027702078  -0.0003507123
       -0.0004202224  -0.0026185990  -0.0005054024  -0.0003040324  -0.0002166472
        0.0003285973   0.0157216992   0.0018359689  -0.0111605995   0.0015656211
        0.0026945478  -0.0002419971   0.0647753935   0.0316555766  -0.1077867046
       -0.0062428466  -0.0010926550   0.0063612406  -0.0762634694  -0.0794696483
        0.2521468770   0.0374207205  -0.0140745447  -0.0527980519  -0.0014911860
       -0.0006383981   0.0044336331  -0.0000726597   0.0011468984   0.0011971526
        0.0000611514  -0.0003248749   0.0027746998  -0.0012858831   0.0046215720
        0.0019941776  -0.0002291496  -0.0004394536  -0.0001170647  -0.0032642691
       -0.0009377279  -0.0036240976   0.0009109055   0.0013409914   0.0014995901
        0.0010554843   0.0002592345  -0.0004008348   0.0001889400  -0.0018869089
       -0.0001336733   0.0006735633   0.0013539610  -0.0003163443  -0.0001159090
        0.0000424694  -0.0010850609
       -0.0007281762  -0.0029505255  -0.0005207717   0.0010776716   0.0005748621
       -0.0008037448   0.0000281372  -0.0002977267  -0.0003100679  -0.0005623627
       -0.0011932509  -0.0001418966   0.0002265357  -0.0001663231   0.0000551293
       -0.0012706462   0.0007251350  -0.0017007105  -0.0000176708   0.0001174032
        0.0000404784  -0.0027420998  -0.0076893757  -0.0165706822   0.0005710558
        0.0008297522  -0.0004835178  -0.0758756547  -0.0203468687  -0.0331933584
       -0.0025006747  -0.0057928297  -0.0212539205   0.0027100405   0.0094307082
        0.0374207205   0.3791955520   0.1923710329   0.0058707111  -0.0023591060
       -0.0073399876  -0.0035000041   0.0036232732   0.0014365141   0.0001466099
        0.0007141807   0.0006489273   0.0006372794  -0.0172527195   0.0007941171
        0.0042840007  -0.0003252410  -0.0004091981   0.0004198120  -0.0002657255
        0.0003819077   0.0004317145  -0.2789947623  -0.1630136871   0.0276460018
        0.0003692924   0.0000277158   0.0007832374  -0.0038726563   0.0008144858
        0.0011060867  -0.0007494380   0.0001522073   0.0000696578  -0.0009988053
        0.0008950044  -0.0004327650
        0.0006209915  -0.0027094423   0.0003610614  -0.0008536991   0.0000233513
        0.0000550324  -0.0001256316  -0.0000131886   0.0000265733  -0.0004326667
        0.0002803211   0.0003836826  -0.0001505477   0.0001870774   0.0001028522
        0.0009808538   0.0025102618   0.0028569773  -0.0004170750   0.0005245901
       -0.0006674922  -0.0095926218  -0.0102609188  -0.0279441329   0.0007454037
        0.0006637876  -0.0001471359  -0.0198344667  -0.0747716063  -0.0392661191
        0.0027504923   0.0117621976   0.0072822117   0.0087006064   0.0037609309
       -0.0140745447   0.1923710329   0.1923904121   0.0645389522  -0.0050330541
       -0.0084302948  -0.0042299071   0.0013193383  -0.0150176434   0.0022368852
        0.0003855653  -0.0000807400  -0.0006734890  -0.0059433504   0.0032429671
        0.0022416957   0.0001255392  -0.0000923370  -0.0006098738   0.0000998308
        0.0005584675  -0.0004212785  -0.1659117260  -0.1037523313   0.0096868910
        0.0002563588  -0.0001139123   0.0002394766   0.0004677853  -0.0003214629
       -0.0016057748  -0.0001993141   0.0001589490   0.0004271334  -0.0003296450
       -0.0004994355  -0.0007996771
        0.0006126981  -0.0011644547  -0.0000310186  -0.0029093254   0.0021774835
       -0.0004301775   0.0001675576  -0.0002199019   0.0006008204   0.0002439757
        0.0001690458  -0.0004685598   0.0001825112  -0.0002366760   0.0001538487
       -0.0008891909   0.0001282720  -0.0057751366   0.0000934486  -0.0000262819
        0.0003268442  -0.0034212498  -0.0103323231  -0.0102234719  -0.0006534690
        0.0004937743   0.0005437962  -0.0184308324  -0.0351238261  -0.1861874796
       -0.0148481760  -0.0043958402  -0.0407856199   0.0259202633  -0.0168336453
       -0.0527980519   0.0058707111   0.0645389522   0.3290558408  -0.0024864269
       -0.0043174358   0.0000229881  -0.0005020237   0.0098383414   0.0042888904
       -0.0002612963  -0.0004937320   0.0010727195   0.0001178487   0.0015099704
        0.0032287834   0.0005069715  -0.0004081064   0.0004620795  -0.0000264914
        0.0001955581   0.0001768291   0.0098426697  -0.0004172018  -0.0429509567
        0.0013116899   0.0009299786   0.0003066375   0.0004697231  -0.0062292640
       -0.0001340890   0.0000590255   0.0008310040  -0.0000417430  -0.0009706122
       -0.0006136912  -0.0004137731
        0.0002578745   0.0001606478   0.0000721373   0.0006532041  -0.0001405754
        0.0000934214   0.0002341551   0.0001614242  -0.0000646523   0.0008492946
        0.0001348923   0.0021306968   0.0003559939  -0.0001487641  -0.0004530966
       -0.0070030325  -0.0058046653  -0.0204175210   0.0003320132  -0.0002647353
        0.0002177501  -0.0679270505  -0.0092499179  -0.0450412192   0.0102467172
        0.0065554631   0.0162188530  -0.0060258790  -0.0089214987  -0.0174744038
        0.0007258910   0.0008883882   0.0007084673   0.0023476336   0.0008503956
       -0.0014911860  -0.0023591060  -0.0050330541  -0.0024864269   0.2311130359
       -0.1697642483   0.1682006642  -0.0026973563   0.0031020637  -0.0054076251
       -0.0064154008   0.0042649886  -0.0011524798  -0.0004521201  -0.0003315793
       -0.0002119211   0.0000639661  -0.0000266718   0.0000593594  -0.0000587422
       -0.0000014853   0.0000218915   0.0003228156  -0.0001970369  -0.0006078472
       -0.1524347097   0.1849392594  -0.0937735949  -0.0004686413   0.0000461365
        0.0004732834  -0.0018558567  -0.0014019716   0.0002821537   0.0001953001
        0.0001825445   0.0001032960
        0.0000923521  -0.0004087643  -0.0002142310   0.0015610939  -0.0010185532
        0.0005782782  -0.0001355085   0.0000980844   0.0000081658  -0.0008827578
       -0.0012220551  -0.0013656553  -0.0002590394   0.0001547073   0.0001824392
        0.0047481827   0.0068134339   0.0160030562  -0.0005225968   0.0015325326
       -0.0002543951   0.0014592931  -0.0932112526  -0.0484323815  -0.0003113894
       -0.0006315019  -0.0123285374  -0.0101811769  -0.0132365645  -0.0310255785
       -0.0002870003   0.0020169117  -0.0010078368   0.0003413869   0.0025281418
       -0.0006383981  -0.0073399876  -0.0084302948  -0.0043174358  -0.1697642483
        0.3464546719  -0.0128080434   0.0041506099  -0.0016402328   0.0059643595
        0.0065252588   0.0001401981   0.0013328661  -0.0010230754   0.0005216304
       -0.0000867410   0.0000497689  -0.0001786410   0.0000550895  -0.0002258536
       -0.0000079446   0.0000299803   0.0009593421  -0.0011528650  -0.0012305104
        0.1730669683  -0.2362211835   0.0893783024   0.0003014642  -0.0013641662
        0.0003663776  -0.0026452151  -0.0015945381  -0.0002535264   0.0003221281
        0.0000582455   0.0000643558
        0.0001972524  -0.0002588763  -0.0002327070  -0.0000361203  -0.0001528365
       -0.0005322186  -0.0003269089  -0.0001125082   0.0001771171   0.0000548425
       -0.0020080511  -0.0031678061   0.0002052371  -0.0000160263   0.0002134095
       -0.0098959074  -0.0035683016  -0.0203731036   0.0011730304  -0.0007311990
        0.0006564733  -0.0369872178  -0.0736760021  -0.1953857842  -0.0027622578
       -0.0143806870  -0.0396596844  -0.0051460866  -0.0075573337  -0.0183946845
        0.0018392261   0.0007845469   0.0016661132  -0.0024102125   0.0015845034
        0.0044336331  -0.0035000041  -0.0042299071   0.0000229881   0.1682006642
       -0.0128080434   0.3627983687  -0.0052705790   0.0033370436  -0.0030030569
        0.0017750107   0.0002105724   0.0035694572  -0.0008723799   0.0005160671
        0.0002112590   0.0003223749   0.0000123478   0.0001961929  -0.0001271558
        0.0000430624   0.0001667375   0.0009664483  -0.0005819581  -0.0006916651
       -0.1073496214   0.1120227871  -0.0925201209   0.0009878153   0.0003490448
        0.0005560402  -0.0011776235   0.0012546840  -0.0006870127   0.0001401731
       -0.0000329293  -0.0000199457
       -0.0008037467   0.0004691790  -0.0008953726  -0.0002381229   0.0006517138
       -0.0019003396   0.0002961433   0.0003545771  -0.0000047088   0.0070469588
        0.0058146932   0.0206245718   0.0027495329  -0.0008040532  -0.0003879331
       -0.0528924366  -0.0006193877  -0.0254390951   0.0009388296  -0.0030456484
       -0.0118522992  -0.0048979818  -0.0010546500  -0.0240411727   0.0020542670
       -0.0015965456  -0.0001706902  -0.0026518721  -0.0012858393   0.0007415151
        0.0001964806  -0.0000622928   0.0000116255   0.0022450551  -0.0003566566
       -0.0000726597   0.0036232732   0.0013193383  -0.0005020237  -0.0026973563
        0.0041506099  -0.0052705790   0.0570516561  -0.0278566322   0.0455016003
       -0.0031965660   0.0020701612   0.0070078127   0.0004195609  -0.0013932792
        0.0005637377  -0.0001829087   0.0002378349   0.0011103214  -0.0000441566
       -0.0001427760   0.0005042046  -0.0012078161   0.0009725871  -0.0003104432
       -0.0008398171  -0.0002025442  -0.0012064949  -0.0056373421   0.0224043496
       -0.0041395961  -0.0011332084   0.0000339721   0.0001025271  -0.0001984260
       -0.0000587109   0.0000254916
       -0.0001767212  -0.0007526444  -0.0006757337   0.0011391806  -0.0011426653
       -0.0004743048   0.0001335342   0.0002916148  -0.0001502822   0.0006178620
        0.0027103358  -0.0040868666  -0.0002812372  -0.0001738141  -0.0000582983
       -0.0055697092  -0.0803875011  -0.0336000068  -0.0060568741  -0.0086314710
       -0.0332954024   0.0028132606   0.0050032220   0.0165053808  -0.0009424682
        0.0007706233   0.0002254881  -0.0013398183  -0.0019931251  -0.0053576847
        0.0004633462   0.0008035431   0.0001916642  -0.0008297193   0.0011817042
        0.0011468984   0.0014365141  -0.0150176434   0.0098383414   0.0031020637
       -0.0016402328   0.0033370436  -0.0278566322   0.4933159470   0.0693446700
        0.0017207734   0.0007415632  -0.0026486547  -0.0010067752   0.0005510826
        0.0004016947  -0.0006473176  -0.0003541955   0.0007231589  -0.0001406696
        0.0000539364   0.0000930466   0.0015187922  -0.0000455333   0.0004746763
        0.0001627122   0.0001068586   0.0006772015   0.0312666400  -0.3947628976
       -0.0230488208   0.0002699856  -0.0005834196   0.0004652461   0.0002032776
       -0.0000452878  -0.0000284558
        0.0001046364  -0.0001699439  -0.0008583832   0.0008283291  -0.0011526436
       -0.0002817603   0.0000973127   0.0004331665  -0.0000912515   0.0016426304
       -0.0034622432  -0.0330089787  -0.0014002448   0.0001882209   0.0013100844
       -0.0325479337  -0.0045827213  -0.2320752179  -0.0065392340  -0.0119782656
       -0.0149510431  -0.0094986104  -0.0022120708  -0.0349806511   0.0006468934
       -0.0008401018   0.0013977914  -0.0001816594  -0.0036318824  -0.0024343130
       -0.0000965567   0.0000230058  -0.0002077345  -0.0003119223   0.0010039162
        0.0011971526   0.0001466099   0.0022368852   0.0042888904  -0.0054076251
        0.0059643595  -0.0030030569   0.0455016003   0.0693446700   0.3705121140
        0.0063030095  -0.0032285846  -0.0105201312   0.0002946052   0.0010082449
        0.0007124104   0.0005733449   0.0002518468   0.0000832072   0.0000941975
       -0.0000195370  -0.0001141907   0.0001439910   0.0001764681  -0.0008404247
       -0.0007497919   0.0000188466  -0.0020687526   0.0001013298  -0.0488257730
       -0.0450911133   0.0005255705  -0.0002445702   0.0011897495  -0.0002704825
       -0.0003012930  -0.0001643973
       -0.0003588284  -0.0020681903   0.0005747924  -0.0019399999  -0.0112128664
       -0.0124103405   0.0007795621   0.0009292022  -0.0011462452  -0.0698169839
       -0.0016804095  -0.0314353728  -0.0057686441  -0.0108982453  -0.0255512431
        0.0028882720   0.0108776797   0.0219607449   0.0021969051   0.0012229728
       -0.0005121965  -0.0005698668  -0.0009953260  -0.0021663198   0.0004139877
       -0.0002310080   0.0001972857  -0.0017493465  -0.0004671723   0.0006519150
        0.0002688621  -0.0000498405  -0.0000602299   0.0022440055  -0.0012567494
        0.0000611514   0.0007141807   0.0003855653  -0.0002612963  -0.0064154008
        0.0065252588   0.0017750107  -0.0031965660   0.0017207734   0.0063030095
        0.3810055146  -0.1308621367   0.1599931521  -0.0001154652  -0.0020316674
       -0.0008963789  -0.0002596345  -0.0000192028   0.0002560068   0.0002168297
        0.0000495214  -0.0001115389  -0.0005942899   0.0000989786   0.0001125523
       -0.0011626014  -0.0000401401   0.0009960590  -0.0005518058  -0.0003268056
        0.0004509096  -0.2981807997   0.1400442250  -0.1187539445  -0.0000478865
        0.0002855829  -0.0000274831
       -0.0016155262  -0.0046404100   0.0018616544  -0.0136343917  -0.0283156702
       -0.0360999818   0.0018399277   0.0026857930  -0.0014465606   0.0138543342
       -0.1070082109  -0.0736028626  -0.0006578564   0.0082168738   0.0073881520
       -0.0012881377  -0.0039165286  -0.0100910722   0.0003982417   0.0007737791
        0.0004274079  -0.0007346411  -0.0003402537   0.0002056409  -0.0000022890
        0.0000814512  -0.0002356955  -0.0017839896   0.0002302099   0.0010449387
        0.0002205150   0.0001422466  -0.0000677561   0.0016871762  -0.0002572106
       -0.0003248749   0.0006489273  -0.0000807400  -0.0004937320   0.0042649886
        0.0001401981   0.0002105724   0.0020701612   0.0007415632  -0.0032285846
       -0.1308621367   0.2160664653   0.0821722973  -0.0013303098  -0.0037440924
       -0.0022830184   0.0000910106  -0.0001530634   0.0004287301  -0.0003928199
       -0.0001429905  -0.0003068073  -0.0004698973   0.0003764089   0.0002799012
       -0.0001206572  -0.0003025005  -0.0004187413  -0.0000035207  -0.0000072329
        0.0003042227   0.1275117202  -0.0810836221   0.0342419800   0.0003091706
        0.0005375367   0.0000341895
        0.0001182909  -0.0011782725   0.0022305438  -0.0073966417  -0.0144980048
       -0.0098739702  -0.0004947455   0.0003957171   0.0011020343  -0.0073057752
       -0.0843729234  -0.1870188009  -0.0105429451  -0.0090113273  -0.0259167213
        0.0004971590  -0.0175748168  -0.0303869627  -0.0021066325  -0.0002072335
        0.0011152000  -0.0013626003   0.0000682404  -0.0020302415   0.0001769021
       -0.0002333430   0.0000962995  -0.0001677049   0.0005002673  -0.0015613427
        0.0001043522  -0.0002222181   0.0002287141   0.0026676847  -0.0024572551
        0.0027746998   0.0006372794  -0.0006734890   0.0010727195  -0.0011524798
        0.0013328661   0.0035694572   0.0070078127  -0.0026486547  -0.0105201312
        0.1599931521   0.0821722973   0.3429635834  -0.0008028415  -0.0020251710
       -0.0008733780   0.0002772123   0.0003696654   0.0007920783  -0.0001207828
        0.0000493531  -0.0001563021  -0.0002272090   0.0004966791   0.0000282084
        0.0003331603  -0.0005286704  -0.0001279723   0.0002230862   0.0011370641
       -0.0002973897  -0.1404882831   0.0489014848  -0.0871504928   0.0001325495
        0.0002077448  -0.0000598331
       -0.0508092635   0.0098753846   0.0128669616  -0.0027618764  -0.0152970429
       -0.0066686112   0.0000564426  -0.0004473618  -0.0005150500  -0.0012326167
       -0.0003497727  -0.0015765111  -0.0000185494  -0.0002342062  -0.0000020206
       -0.0002700251   0.0002923025   0.0000349558   0.0000165719  -0.0001416107
        0.0000031893   0.0006062546   0.0004658280   0.0000230284   0.0001048336
       -0.0000866130  -0.0000198217   0.0005269140   0.0020346406   0.0054906391
        0.0000252701  -0.0000406260  -0.0003776926   0.0030594215  -0.0060126402
       -0.0012858831  -0.0172527195  -0.0059433504   0.0001178487  -0.0004521201
       -0.0010230754  -0.0008723799   0.0004195609  -0.0010067752   0.0002946052
       -0.0001154652  -0.0013303098  -0.0008028415   0.0992766579   0.0230950219
       -0.1116057858   0.0013008461  -0.0124015039   0.0000360205   0.0007237720
        0.0337866480   0.0014082422   0.0046430138   0.0006573480  -0.0024990604
        0.0002439241   0.0002409092   0.0002352683  -0.0002927727   0.0015458060
       -0.0009167978  -0.0001342005   0.0001939613   0.0003103105  -0.0376638741
       -0.0278729617   0.1063213861
        0.0129242656  -0.2261502363  -0.0301855851  -0.0062996445  -0.0372806805
       -0.0077023543   0.0001278420   0.0002316811   0.0000547861  -0.0006291406
        0.0019767489  -0.0041871672   0.0000251310   0.0009141566  -0.0002424286
        0.0011552928  -0.0004625822  -0.0009255534  -0.0001011636   0.0001222469
        0.0000834257   0.0001875752  -0.0003781154  -0.0001057370  -0.0002121464
        0.0001522736   0.0000388415   0.0004154507  -0.0024055346  -0.0034093842
       -0.0002256938   0.0002266574   0.0001904568   0.0013410167   0.0053182977
        0.0046215720   0.0007941171   0.0032429671   0.0015099704  -0.0003315793
        0.0005216304   0.0005160671  -0.0013932792   0.0005510826   0.0010082449
       -0.0020316674  -0.0037440924  -0.0020251710   0.0230950219   0.4021375783
       -0.0906898783  -0.0022766941  -0.0231069260   0.0050269387   0.0123422547
       -0.0347070249  -0.0042118458  -0.0034856635  -0.0024381446   0.0006892029
        0.0000130113   0.0000245133  -0.0000637831   0.0004338770  -0.0014286230
       -0.0000224228   0.0005509166  -0.0000710350   0.0002812516  -0.0364191003
       -0.0832468391   0.1297505532
        0.0103625568  -0.0014455745  -0.0752876053  -0.0044845519  -0.0280779672
       -0.0036766955  -0.0005985565   0.0000408950  -0.0000374856  -0.0015027023
        0.0004555424  -0.0026120539   0.0000786392  -0.0000742607  -0.0001870896
       -0.0000852431  -0.0003882585  -0.0008413375  -0.0000932709  -0.0000348343
        0.0000910701   0.0000981776  -0.0001571414   0.0000885691  -0.0001698007
       -0.0000559944   0.0000449693   0.0020483133  -0.0002186041  -0.0024369072
       -0.0000930929   0.0000056183   0.0000638502  -0.0009080137  -0.0039580826
        0.0019941776   0.0042840007   0.0022416957   0.0032287834  -0.0002119211
       -0.0000867410   0.0002112590   0.0005637377   0.0004016947   0.0007124104
       -0.0008963789  -0.0022830184  -0.0008733780  -0.1116057858  -0.0906898783
        0.4429407402  -0.0005860130   0.0304313960  -0.0002140180   0.0007974723
       -0.0063328813   0.0026509414  -0.0034197963  -0.0014527931  -0.0030463978
        0.0001312617   0.0000932015  -0.0000250453  -0.0002924366  -0.0001185456
       -0.0003234248   0.0002457863   0.0001068255   0.0000898016   0.1063376180
        0.1015977064  -0.3625551339
       -0.0788004032  -0.0281992600   0.0782760545   0.0067935325   0.0031389336
       -0.0123558962  -0.0004846908  -0.0009118059  -0.0026297630   0.0008381979
        0.0003646294  -0.0003000971   0.0001349728   0.0001961475   0.0000698644
       -0.0002035939  -0.0002912792  -0.0013951620  -0.0000358525   0.0000917386
        0.0001221317  -0.0001434688  -0.0000458357  -0.0000647200  -0.0000826953
        0.0000228474   0.0000305493   0.0001468589  -0.0000262477  -0.0010713969
        0.0000409747  -0.0000635140   0.0001870887  -0.0013279956   0.0005475599
       -0.0002291496  -0.0003252410   0.0001255392   0.0005069715   0.0000639661
        0.0000497689   0.0003223749  -0.0001829087  -0.0006473176   0.0005733449
       -0.0002596345   0.0000910106   0.0002772123   0.0013008461  -0.0022766941
       -0.0005860130   0.0899319016   0.0337575432  -0.0888480474  -0.0158473545
       -0.0077854709   0.0273547402  -0.0001812117   0.0010202042  -0.0003095833
        0.0000494795  -0.0000192095   0.0000068927  -0.0026481495   0.0003580350
        0.0006099012   0.0000770137   0.0000175471  -0.0000714762   0.0011454560
        0.0004851300  -0.0004758217
       -0.0245868121  -0.0613254429   0.0624212468   0.0021641456   0.0018097618
       -0.0065411524  -0.0009246630  -0.0004004953  -0.0019721349  -0.0002728756
        0.0004806104  -0.0013393358   0.0000972986  -0.0005498896  -0.0006498400
       -0.0004886936   0.0000546598  -0.0007553806  -0.0000237069  -0.0000554310
       -0.0000061779   0.0000831682   0.0000477029  -0.0000174199   0.0000155927
       -0.0000344617   0.0000162946   0.0003154415   0.0000921701   0.0007222731
       -0.0000913245  -0.0000304920  -0.0001303465  -0.0001898398   0.0000877111
       -0.0004394536  -0.0004091981  -0.0000923370  -0.0004081064  -0.0000266718
       -0.0001786410   0.0000123478   0.0002378349  -0.0003541955   0.0002518468
       -0.0000192028  -0.0001530634   0.0003696654  -0.0124015039  -0.0231069260
        0.0304313960   0.0337575432   0.0868716166  -0.0778719786   0.0033340302
        0.0041813039  -0.0060098414   0.0008416873  -0.0012786319   0.0008961341
        0.0000413411   0.0000198590   0.0000301006  -0.0004654819   0.0009787179
        0.0002059683   0.0000377744   0.0000456790   0.0000548736  -0.0010258838
       -0.0071097850   0.0007290210
        0.0778568258   0.0676645761  -0.2217362201   0.0069254460   0.0029642502
       -0.0243062419  -0.0023548072  -0.0012168391  -0.0034875174   0.0003591998
        0.0010396964   0.0001326323   0.0002111121  -0.0007501081  -0.0000335040
       -0.0007520708  -0.0003250325  -0.0004564610   0.0001395855   0.0000794850
       -0.0000448835  -0.0002295940  -0.0000778243  -0.0002800386   0.0000634867
       -0.0000222918   0.0000577868  -0.0004032560   0.0002169569  -0.0004640123
        0.0001508529  -0.0001203799   0.0000751442  -0.0003470587   0.0003781181
       -0.0001170647   0.0004198120  -0.0006098738   0.0004620795   0.0000593594
        0.0000550895   0.0001961929   0.0011103214   0.0007231589   0.0000832072
        0.0002560068   0.0004287301   0.0007920783   0.0000360205   0.0050269387
       -0.0002140180  -0.0888480474  -0.0778719786   0.2520346314   0.0049000555
        0.0012123684  -0.0046665356   0.0001148159   0.0008372491   0.0000287895
        0.0000482460  -0.0000233221  -0.0000038201  -0.0001213296   0.0000191912
        0.0007713370   0.0001408953   0.0000653131   0.0000130398   0.0002641222
        0.0003065283   0.0011633984
       -0.2409845687   0.0571214527   0.0218220799  -0.0191407518   0.0033478017
       -0.0007393491   0.0009671882   0.0007645741   0.0007884414  -0.0005866269
        0.0002866336  -0.0009891310  -0.0000878151  -0.0005845945   0.0001194440
       -0.0000567240   0.0001828659   0.0001959530   0.0000917560  -0.0000119994
       -0.0000630719   0.0001651983   0.0001182475   0.0000011506   0.0000990753
       -0.0000639579  -0.0000148735   0.0002678544   0.0000442698  -0.0000307030
       -0.0000205547  -0.0000191828   0.0000220323  -0.0026665792  -0.0004687760
       -0.0032642691  -0.0002657255   0.0000998308  -0.0000264914  -0.0000587422
       -0.0002258536  -0.0001271558  -0.0000441566  -0.0001406696   0.0000941975
        0.0002168297  -0.0003928199  -0.0001207828   0.0007237720   0.0123422547
        0.0007974723  -0.0158473545   0.0033340302   0.0049000555   0.2758321919
       -0.0755739806  -0.0235350951   0.0003953460  -0.0000418360  -0.0001492098
        0.0000676055   0.0000765102   0.0000568870  -0.0000663835   0.0000168798
       -0.0001252303   0.0000459400   0.0000369589   0.0001885804   0.0009532255
       -0.0002486393   0.0001990689
        0.0563165387  -0.0543090800  -0.0026466672  -0.0050162583   0.0032131349
        0.0001688860  -0.0003897215   0.0007991609   0.0000109242  -0.0000444675
        0.0000616832  -0.0002264494  -0.0003006078  -0.0001844800   0.0000048616
        0.0001913303   0.0000880241   0.0000125872   0.0000078300   0.0000010219
       -0.0000207752   0.0000254811   0.0000547170   0.0000005024  -0.0000040275
       -0.0000367349  -0.0000059828   0.0001316274  -0.0002035948  -0.0003592156
       -0.0001297313   0.0000057779   0.0000539214  -0.0013221391   0.0001352876
       -0.0009377279   0.0003819077   0.0005584675   0.0001955581  -0.0000014853
       -0.0000079446   0.0000430624  -0.0001427760   0.0000539364  -0.0000195370
        0.0000495214  -0.0001429905   0.0000493531   0.0337866480  -0.0347070249
       -0.0063328813  -0.0077854709   0.0041813039   0.0012123684  -0.0755739806
        0.0809445953   0.0088146215  -0.0013445250  -0.0005918455   0.0001214328
        0.0000049891   0.0000148187  -0.0000091641   0.0000606619  -0.0001899231
       -0.0000030112   0.0000408502   0.0000397618   0.0000394885   0.0010578050
        0.0002219274  -0.0001661560
        0.0238374926  -0.0036466256  -0.0468400130  -0.0209234244   0.0032249595
       -0.0012417475  -0.0019501957   0.0006138935   0.0005123501  -0.0005741526
       -0.0000392437  -0.0006884491   0.0001333559   0.0001044044   0.0001106858
       -0.0000430912  -0.0000842918  -0.0001623561   0.0000138326   0.0000522892
        0.0000199478   0.0000052021   0.0000168527  -0.0000527945  -0.0000252291
       -0.0000007592  -0.0000032032  -0.0003589660  -0.0001566808  -0.0009027346
       -0.0000507635   0.0000038502   0.0002084598  -0.0048112560   0.0006607272
       -0.0036240976   0.0004317145  -0.0004212785   0.0001768291   0.0000218915
        0.0000299803   0.0001667375   0.0005042046   0.0000930466  -0.0001141907
       -0.0001115389  -0.0003068073  -0.0001563021   0.0014082422  -0.0042118458
        0.0026509414   0.0273547402  -0.0060098414  -0.0046665356  -0.0235350951
        0.0088146215   0.0540874183   0.0000537997   0.0003181654   0.0000780279
        0.0000383703   0.0000147884   0.0000045763  -0.0001532393   0.0002048924
        0.0000166792   0.0000821879  -0.0000092961   0.0000046622  -0.0013480826
        0.0007341988   0.0004151087
       -0.0018529638   0.0072446498   0.0001061026   0.0016282848  -0.0011654382
        0.0008188650  -0.0002373277   0.0002878177   0.0001902438   0.0002502172
        0.0007963454  -0.0003547953  -0.0001053793   0.0001568216  -0.0000788814
        0.0006601682  -0.0005149315   0.0000989118  -0.0000644963   0.0000722890
        0.0000673677  -0.0008378924  -0.0008644100  -0.0004758913   0.0002456818
        0.0001957694  -0.0001275506  -0.0023814108  -0.0053681620  -0.0123979298
       -0.0001594892  -0.0002307099  -0.0005272986  -0.0025154727   0.0010441061
        0.0009109055  -0.2789947623  -0.1659117260   0.0098426697   0.0003228156
        0.0009593421   0.0009664483  -0.0012078161   0.0015187922   0.0001439910
       -0.0005942899  -0.0004698973  -0.0002272090   0.0046430138  -0.0034856635
       -0.0034197963  -0.0001812117   0.0008416873   0.0001148159   0.0003953460
       -0.0013445250   0.0000537997   0.2782095336   0.1711030158   0.0027479384
       -0.0001274703  -0.0001840625  -0.0001989474   0.0009621371  -0.0034136156
        0.0006259901   0.0004152422  -0.0001144567  -0.0001073967   0.0015275422
       -0.0011530382   0.0012276468
        0.0023110643  -0.0005876577  -0.0007481910   0.0002936522  -0.0010409264
       -0.0007361200  -0.0001597557   0.0000750398   0.0001569266  -0.0000438814
       -0.0007213978  -0.0004265242   0.0000843771  -0.0000304683  -0.0000169457
       -0.0005457558  -0.0002840666  -0.0005516593   0.0001083157   0.0000619431
       -0.0000125234  -0.0018975796  -0.0017000308  -0.0033224090   0.0002945968
        0.0002623312  -0.0000701548  -0.0081567258  -0.0093802333  -0.0092876184
        0.0002831146  -0.0000790078   0.0018418397  -0.0015432411   0.0007605292
        0.0013409914  -0.1630136871  -0.1037523313  -0.0004172018  -0.0001970369
       -0.0011528650  -0.0005819581   0.0009725871  -0.0000455333   0.0001764681
        0.0000989786   0.0003764089   0.0004966791   0.0006573480  -0.0024381446
       -0.0014527931   0.0010202042  -0.0012786319   0.0008372491  -0.0000418360
       -0.0005918455   0.0003181654   0.1711030158   0.1215724607   0.0104763679
       -0.0000482665  -0.0000797910   0.0000930985  -0.0017207369  -0.0006449086
        0.0009735871  -0.0001056161  -0.0000800316  -0.0001136586   0.0002468646
        0.0007791585   0.0010263844
        0.0006492376  -0.0015252127   0.0005455600   0.0009182754  -0.0010019912
       -0.0000743404  -0.0001253488  -0.0000582939  -0.0001423348  -0.0000904793
       -0.0001804020  -0.0001929204  -0.0000532394   0.0001339760  -0.0000176337
        0.0001892518   0.0001607840   0.0006629468  -0.0000188330   0.0001289126
       -0.0001183719  -0.0007048089  -0.0000657611  -0.0032184989   0.0000543718
        0.0001358303  -0.0000241418  -0.0300469934  -0.0199021631  -0.0004686120
       -0.0009455211  -0.0005575441  -0.0013259149   0.0009782500   0.0015366108
        0.0014995901   0.0276460018   0.0096868910  -0.0429509567  -0.0006078472
       -0.0012305104  -0.0006916651  -0.0003104432   0.0004746763  -0.0008404247
        0.0001125523   0.0002799012   0.0000282084  -0.0024990604   0.0006892029
       -0.0030463978  -0.0003095833   0.0008961341   0.0000287895  -0.0001492098
        0.0001214328   0.0000780279   0.0027479384   0.0104763679   0.0500349763
       -0.0001374245  -0.0002329672  -0.0000166943   0.0009365855  -0.0000773846
        0.0010006382  -0.0000953458  -0.0001452561  -0.0000158023   0.0018616738
        0.0002567665  -0.0007340277
       -0.0000312247  -0.0000014353   0.0000135923  -0.0009166062   0.0003399369
       -0.0004428324  -0.0000117759  -0.0001029169   0.0000248021   0.0003900473
        0.0001808456  -0.0000488192   0.0000470770  -0.0001663967   0.0000279912
        0.0003688504  -0.0004853245  -0.0028979915   0.0000564307  -0.0005674096
        0.0002220031  -0.0085772171   0.0042272484  -0.0075922543   0.0015369371
       -0.0006956030   0.0005184170   0.0000608477   0.0004743367  -0.0017595175
        0.0001194364  -0.0009592348  -0.0002132908   0.0003252427   0.0002304624
        0.0010554843   0.0003692924   0.0002563588   0.0013116899  -0.1524347097
        0.1730669683  -0.1073496214  -0.0008398171   0.0001627122  -0.0007497919
       -0.0011626014  -0.0001206572   0.0003331603   0.0002439241   0.0000130113
        0.0001312617   0.0000494795   0.0000413411   0.0000482460   0.0000676055
        0.0000049891   0.0000383703  -0.0001274703  -0.0000482665  -0.0001374245
        0.1600231727  -0.1768761243   0.1181597708   0.0000881010   0.0003401350
       -0.0001185232   0.0005087818   0.0007653928  -0.0005186321  -0.0001538041
       -0.0000803701  -0.0000560902
       -0.0000444404   0.0000463625   0.0000047175  -0.0004552553   0.0001424462
       -0.0001623995   0.0000825131  -0.0000332051   0.0000213101  -0.0002371664
        0.0000024149  -0.0000215881   0.0000641252  -0.0000475503   0.0000315074
       -0.0003780177  -0.0000414990  -0.0002296258   0.0001649976   0.0002778519
       -0.0001399063  -0.0079280377   0.0099627233  -0.0009412894   0.0002311143
        0.0005611630  -0.0001071777  -0.0016380969   0.0030446561  -0.0024894185
        0.0007850700  -0.0005453841   0.0004853740   0.0005725796  -0.0005472712
        0.0002592345   0.0000277158  -0.0001139123   0.0009299786   0.1849392594
       -0.2362211835   0.1120227871  -0.0002025442   0.0001068586   0.0000188466
       -0.0000401401  -0.0003025005  -0.0005286704   0.0002409092   0.0000245133
        0.0000932015  -0.0000192095   0.0000198590  -0.0000233221   0.0000765102
        0.0000148187   0.0000147884  -0.0001840625  -0.0000797910  -0.0002329672
       -0.1768761243   0.2236142087  -0.1097506879   0.0000734941   0.0001524806
       -0.0002246460   0.0008658916  -0.0000070962   0.0009997596  -0.0001210853
       -0.0000309636  -0.0000298065
       -0.0000610001   0.0000128563   0.0000009596  -0.0001482894   0.0001169256
       -0.0000106790   0.0001574603  -0.0000123884  -0.0000523595  -0.0000071049
        0.0001311729   0.0003697204   0.0000668179  -0.0000401778  -0.0000205325
       -0.0009428223  -0.0021764148  -0.0042371520   0.0000577119  -0.0002587666
        0.0000047422  -0.0208775742   0.0221418696  -0.0198299079  -0.0006654693
        0.0008096095  -0.0001977111  -0.0011118898  -0.0007909193   0.0010379981
       -0.0003106337  -0.0010413120   0.0000681748   0.0005522792  -0.0000122679
       -0.0004008348   0.0007832374   0.0002394766   0.0003066375  -0.0937735949
        0.0893783024  -0.0925201209  -0.0012064949   0.0006772015  -0.0020687526
        0.0009960590  -0.0004187413  -0.0001279723   0.0002352683  -0.0000637831
       -0.0000250453   0.0000068927   0.0000301006  -0.0000038201   0.0000568870
       -0.0000091641   0.0000045763  -0.0001989474   0.0000930985  -0.0000166943
        0.1181597708  -0.1097506879   0.1172093152  -0.0002532901   0.0003299553
       -0.0000490929  -0.0014638515   0.0006180165   0.0005345148  -0.0000514220
       -0.0000039621   0.0000240361
       -0.0008132136  -0.0005722413   0.0010331651   0.0006466391  -0.0002093694
        0.0009078241  -0.0001591895  -0.0000448319  -0.0000779778   0.0008965872
        0.0005066904   0.0007233861  -0.0004113482   0.0004120183   0.0000920419
       -0.0026173312  -0.0054549579  -0.0033861412  -0.0005796996  -0.0024469442
       -0.0038688983   0.0019819152  -0.0025033187  -0.0012427775  -0.0014304223
       -0.0000578076  -0.0003270656   0.0021007633  -0.0000197427  -0.0011579311
       -0.0002304282   0.0000846455  -0.0001430672  -0.0014044115   0.0000861077
        0.0001889400  -0.0038726563   0.0004677853   0.0004697231  -0.0004686413
        0.0003014642   0.0009878153  -0.0056373421   0.0312666400   0.0001013298
       -0.0005518058  -0.0000035207   0.0002230862  -0.0002927727   0.0004338770
       -0.0002924366  -0.0026481495  -0.0004654819  -0.0001213296  -0.0000663835
        0.0000606619  -0.0001532393   0.0009621371  -0.0017207369   0.0009365855
        0.0000881010   0.0000734941  -0.0002532901   0.0141309162  -0.0200575090
        0.0055645416   0.0002412032  -0.0000941027  -0.0000742053   0.0001355329
       -0.0000428193  -0.0001300791
       -0.0006138831   0.0011769923   0.0002381657  -0.0008778374   0.0014956235
       -0.0005199778   0.0000602293  -0.0001023593   0.0001477351   0.0008344514
       -0.0000616489  -0.0008289525  -0.0001644801  -0.0002012515   0.0000408990
       -0.0030147896  -0.0063806987  -0.0127048139   0.0000309450   0.0004202739
       -0.0013700230   0.0007715152   0.0023340035   0.0005534004  -0.0003357937
        0.0002678120   0.0000194495   0.0010718001   0.0049883538   0.0072660525
       -0.0005297794  -0.0006071009  -0.0007064509   0.0013990202  -0.0018591856
       -0.0018869089   0.0008144858  -0.0003214629  -0.0062292640   0.0000461365
       -0.0013641662   0.0003490448   0.0224043496  -0.3947628976  -0.0488257730
       -0.0003268056  -0.0000072329   0.0011370641   0.0015458060  -0.0014286230
       -0.0001185456   0.0003580350   0.0009787179   0.0000191912   0.0000168798
       -0.0001899231   0.0002048924  -0.0034136156  -0.0006449086  -0.0000773846
        0.0003401350   0.0001524806   0.0003299553  -0.0200575090   0.3959226212
        0.0631331048  -0.0000222695   0.0002370796  -0.0002003417  -0.0003370256
       -0.0000424990   0.0000294813
        0.0003750961  -0.0002339611   0.0003040659   0.0006529036  -0.0003237007
       -0.0002554306  -0.0001769283  -0.0000740982  -0.0000114165  -0.0001869309
       -0.0013013503  -0.0009774084  -0.0000066176  -0.0000473387  -0.0000915948
       -0.0011957255  -0.0362134340  -0.0103919676  -0.0004508235  -0.0016527105
       -0.0044817189  -0.0009491205  -0.0011910185  -0.0002285163  -0.0006359498
       -0.0000103086  -0.0000501241  -0.0010954177   0.0003649705  -0.0043106309
        0.0002112659  -0.0000320048   0.0001697801  -0.0004149424   0.0006544158
       -0.0001336733   0.0011060867  -0.0016057748  -0.0001340890   0.0004732834
        0.0003663776   0.0005560402  -0.0041395961  -0.0230488208  -0.0450911133
        0.0004509096   0.0003042227  -0.0002973897  -0.0009167978  -0.0000224228
       -0.0003234248   0.0006099012   0.0002059683   0.0007713370  -0.0001252303
       -0.0000030112   0.0000166792   0.0006259901   0.0009735871   0.0010006382
       -0.0001185232  -0.0002246460  -0.0000490929   0.0055645416   0.0631331048
        0.0640659968   0.0000445516  -0.0001998652  -0.0001230729   0.0002980738
        0.0001818193   0.0000661266
       -0.0001983607  -0.0003332185  -0.0003136791   0.0006058436  -0.0001645586
       -0.0001709808  -0.0007036101  -0.0002077549   0.0000128243  -0.0051386096
       -0.0035224397  -0.0092101466   0.0013114627  -0.0003764917  -0.0002017717
        0.0031171958  -0.0007462951   0.0003381261  -0.0000419008  -0.0002337356
        0.0004198295   0.0022605045   0.0007349538   0.0030073966  -0.0002162696
       -0.0000270945  -0.0004137557   0.0015125247  -0.0000818219  -0.0010473387
       -0.0002732017   0.0001735227   0.0000183895  -0.0010855729   0.0005710112
        0.0006735633  -0.0007494380  -0.0001993141   0.0000590255  -0.0018558567
       -0.0026452151  -0.0011776235  -0.0011332084   0.0002699856   0.0005255705
       -0.2981807997   0.1275117202  -0.1404882831  -0.0001342005   0.0005509166
        0.0002457863   0.0000770137   0.0000377744   0.0001408953   0.0000459400
        0.0000408502   0.0000821879   0.0004152422  -0.0001056161  -0.0000953458
        0.0005087818   0.0008658916  -0.0014638515   0.0002412032  -0.0000222695
        0.0000445516   0.2996310828  -0.1219105535   0.1490548249  -0.0000157662
       -0.0001802476  -0.0000401949
       -0.0001066091  -0.0002627044   0.0000357313  -0.0014911943   0.0011711392
       -0.0014613353  -0.0005205810  -0.0003815617   0.0001323119  -0.0166058020
        0.0080727470  -0.0059529074  -0.0001020687  -0.0000551602  -0.0013870927
        0.0004761469   0.0014565133  -0.0005042536  -0.0002803809  -0.0002758433
        0.0005507337  -0.0000905506  -0.0000562693  -0.0022635627  -0.0000851366
       -0.0000588712   0.0003110738   0.0005068721  -0.0008143394  -0.0014204651
        0.0000195508  -0.0002592010   0.0001033330   0.0007221171   0.0008815767
        0.0013539610   0.0001522073   0.0001589490   0.0008310040  -0.0014019716
       -0.0015945381   0.0012546840   0.0000339721  -0.0005834196  -0.0002445702
        0.1400442250  -0.0810836221   0.0489014848   0.0001939613  -0.0000710350
        0.0001068255   0.0000175471   0.0000456790   0.0000653131   0.0000369589
        0.0000397618  -0.0000092961  -0.0001144567  -0.0000800316  -0.0001452561
        0.0007653928  -0.0000070962   0.0006180165  -0.0000941027   0.0002370796
       -0.0001998652  -0.1219105535   0.0736197523  -0.0405815478  -0.0001655435
       -0.0000995047  -0.0000943204
       -0.0001590054  -0.0002413285  -0.0001051620  -0.0005176450  -0.0006520469
        0.0007673258   0.0002802817   0.0001826668  -0.0000832055  -0.0271429547
        0.0091547648  -0.0224410141  -0.0023625543  -0.0029568543  -0.0057392923
       -0.0012607924   0.0001623309  -0.0005115177   0.0004593262   0.0006661910
       -0.0008796815   0.0004547264  -0.0011449728  -0.0013807070  -0.0001250513
        0.0000602772  -0.0001213737  -0.0003269629  -0.0010433635   0.0000838173
       -0.0000134155   0.0002032576  -0.0000590447   0.0003296016   0.0002885566
       -0.0003163443   0.0000696578   0.0004271334  -0.0000417430   0.0002821537
       -0.0002535264  -0.0006870127   0.0001025271   0.0004652461   0.0011897495
       -0.1187539445   0.0342419800  -0.0871504928   0.0003103105   0.0002812516
        0.0000898016  -0.0000714762   0.0000548736   0.0000130398   0.0001885804
        0.0000394885   0.0000046622  -0.0001073967  -0.0001136586  -0.0000158023
       -0.0005186321   0.0009997596   0.0005345148  -0.0000742053  -0.0002003417
       -0.0001230729   0.1490548249  -0.0405815478   0.1169514482  -0.0000979540
       -0.0000401372   0.0000211073
       -0.0015037527  -0.0022544679  -0.0025837106   0.0011347172  -0.0011909522
        0.0013893541   0.0000478225  -0.0000429758   0.0001631035   0.0001025753
       -0.0002029886  -0.0001370388  -0.0000401662   0.0001686715  -0.0000439072
        0.0001153122  -0.0000103488   0.0002594498   0.0000141931   0.0000822380
       -0.0000564618  -0.0001385123  -0.0000634878  -0.0002368772   0.0000895420
        0.0001028733  -0.0000192349  -0.0016549446  -0.0006106673   0.0005781362
       -0.0000723830   0.0000137097  -0.0000474451   0.0005783897   0.0015347899
       -0.0001159090  -0.0009988053  -0.0003296450  -0.0009706122   0.0001953001
        0.0003221281   0.0001401731  -0.0001984260   0.0002032776  -0.0002704825
       -0.0000478865   0.0003091706   0.0001325495  -0.0376638741  -0.0364191003
        0.1063376180   0.0011454560  -0.0010258838   0.0002641222   0.0009532255
        0.0010578050  -0.0013480826   0.0015275422   0.0002468646   0.0018616738
       -0.0001538041  -0.0001210853  -0.0000514220   0.0001355329  -0.0003370256
        0.0002980738  -0.0000157662  -0.0001655435  -0.0000979540   0.0364487122
        0.0387326436  -0.1054451161
       -0.0107141686  -0.0207907639   0.0335133609  -0.0004141392   0.0006826087
        0.0005133856   0.0002697621  -0.0005146935  -0.0004622224   0.0000410348
       -0.0006293504  -0.0001291845  -0.0000065729   0.0001181656   0.0000508408
       -0.0000605517   0.0001039934   0.0003544461   0.0001080542   0.0000466206
       -0.0000540780  -0.0000510177   0.0000475816  -0.0000988402   0.0001331152
        0.0000283534  -0.0000266474  -0.0010112711   0.0003702304   0.0004973035
        0.0002316757  -0.0000852157  -0.0000178059   0.0005299609   0.0000356712
        0.0000424694   0.0008950044  -0.0004994355  -0.0006136912   0.0001825445
        0.0000582455  -0.0000329293  -0.0000587109  -0.0000452878  -0.0003012930
        0.0002855829   0.0005375367   0.0002077448  -0.0278729617  -0.0832468391
        0.1015977064   0.0004851300  -0.0071097850   0.0003065283  -0.0002486393
        0.0002219274   0.0007341988  -0.0011530382   0.0007791585   0.0002567665
       -0.0000803701  -0.0000309636  -0.0000039621  -0.0000428193  -0.0000424990
        0.0001818193  -0.0001802476  -0.0000995047  -0.0000401372   0.0387326436
        0.1100642451  -0.1364757794
       -0.0016877682   0.0057973464   0.0037284465  -0.0003456167  -0.0003569024
        0.0024725772   0.0005070520   0.0001475138   0.0002152715  -0.0001381635
       -0.0001209483  -0.0001239143   0.0000231725  -0.0000467353  -0.0000161762
       -0.0000847000  -0.0000554078   0.0000721327   0.0000267191   0.0000178379
        0.0000381121   0.0000044528   0.0000186730   0.0000320994   0.0000290689
        0.0000078372  -0.0000068198  -0.0002555558   0.0004609811   0.0007904900
        0.0000357761   0.0000207900   0.0000434294   0.0006162233   0.0000692241
       -0.0010850609  -0.0004327650  -0.0007996771  -0.0004137731   0.0001032960
        0.0000643558  -0.0000199457   0.0000254916  -0.0000284558  -0.0001643973
       -0.0000274831   0.0000341895  -0.0000598331   0.1063213861   0.1297505532
       -0.3625551339  -0.0004758217   0.0007290210   0.0011633984   0.0001990689
       -0.0001661560   0.0004151087   0.0012276468   0.0010263844  -0.0007340277
       -0.0000560902  -0.0000298065   0.0000240361  -0.0001300791   0.0000294813
        0.0000661266  -0.0000401949  -0.0000943204   0.0000211073  -0.1054451161
       -0.1364757794   0.3560967459
