           1           2   1.02026901870138     
           2           3  0.983700689771031     
           3           4  0.964274745499588     
           3           5   1.00025534252547     
           3           6  0.991235056129782     
           1           7  0.985821075566107     
           1           8  0.986471767425497     
           1           9  0.984696111660690     
           2          10  0.977429358464086     
           2          11  0.977694367545663     
           5          12  0.983160652261480     
           5          13  0.986041895828060     
           5          14  0.986140229050716     
           6          15  0.897087340958182     
