$hessian                                                                        
        0.5100790163   0.0213440328   0.0282994649  -0.1067334419  -0.0086030953
        0.0695917568  -0.0109944410   0.0048933735   0.0159207610  -0.0055021142
       -0.0044450391   0.0073654730  -0.0019286269  -0.0003000958   0.0018249362
        0.0002534717  -0.0003032501   0.0005935541  -0.0001183471  -0.0000501307
        0.0000050540   0.0000282602  -0.0000391286  -0.0000669086   0.0000187747
        0.0000109371  -0.0000032875   0.0000142470   0.0000077856  -0.0000298411
        0.0000753796  -0.0000133369  -0.0000033139  -0.0001028429  -0.0000900954
        0.0000350474   0.0000513703   0.0000007312  -0.0000016990   0.0000081774
        0.0000078026  -0.0000012045  -0.0000066601   0.0000210812   0.0000004750
       -0.1539147125   0.1089317365  -0.0115003467  -0.1587167559  -0.0393392448
       -0.1135376653  -0.0793270669  -0.0829054361   0.0136987938   0.0068842477
        0.0006778435  -0.0121685854  -0.0000051082   0.0000290137   0.0000250363
       -0.0000096737   0.0000146683   0.0000006310   0.0000145463   0.0000149054
        0.0000085028  -0.0000961304   0.0001172605  -0.0000433437  -0.0000112318
        0.0000102369  -0.0000036951   0.0000212211  -0.0000055788  -0.0000044994
        0.0000184412   0.0000130229  -0.0000050961
        0.0213440328   0.5012157333   0.0060611839  -0.0058930976  -0.0493407569
       -0.0223410415  -0.0008210114  -0.0062625653   0.0121885514  -0.0068221753
        0.0031117291   0.0018495409  -0.0015690537  -0.0005401445   0.0018896093
        0.0001468673   0.0004592583   0.0001650126  -0.0000337777   0.0000260530
       -0.0000017220  -0.0000082557  -0.0000264689  -0.0000033835   0.0000104805
        0.0000041826  -0.0000034379  -0.0000019619   0.0000148005  -0.0000105484
       -0.0001388398  -0.0000389277   0.0000213289   0.0001118052   0.0000104959
       -0.0000567007  -0.0000213968  -0.0000188213   0.0000026637   0.0000287511
        0.0000103988   0.0000014100  -0.0000265913  -0.0000120490   0.0000043694
        0.1100961510  -0.1546331089   0.0082672705  -0.0406144136  -0.0579926814
       -0.0394012107  -0.0821000273  -0.2321820494   0.0390173278   0.0062820954
       -0.0036670480  -0.0077208009   0.0000059923  -0.0000741060  -0.0000051962
       -0.0000094096  -0.0000191529   0.0000024156   0.0000004881  -0.0000100093
        0.0000045265   0.0000432815  -0.0000043537   0.0000674796   0.0000159410
       -0.0000197667   0.0000002093  -0.0000139024  -0.0000035093   0.0000017279
       -0.0000119721  -0.0000071324  -0.0000005854
        0.0282994649   0.0060611839   0.4719438153   0.0652738931  -0.0201238868
       -0.2000307202   0.0124773180   0.0081308151  -0.0046302892   0.0021642464
       -0.0008781273  -0.0002927472  -0.0021763559  -0.0007535105  -0.0025449146
        0.0008151824  -0.0001280557  -0.0001929619  -0.0002305823  -0.0000295040
       -0.0000417225   0.0000173362   0.0000402370  -0.0000142822   0.0000116451
        0.0000200734  -0.0000190168   0.0000108119   0.0000284468   0.0000409038
       -0.0000661516  -0.0000976663   0.0000431552  -0.0000127111  -0.0000166843
       -0.0001294153  -0.0000111205  -0.0000073325   0.0000009985   0.0000130259
       -0.0000272978  -0.0000028371   0.0000760241  -0.0000220702  -0.0000234392
       -0.0125319229   0.0104474980  -0.0397954641  -0.1190708808  -0.0413979979
       -0.1551614003   0.0163045729   0.0403875899  -0.0479667748   0.0086483674
       -0.0015456452  -0.0214374815   0.0000331734  -0.0000158600   0.0000433061
       -0.0000169249  -0.0000528215   0.0000194649  -0.0000357084  -0.0000161066
        0.0000138324   0.0000654957  -0.0000468677   0.0001345248   0.0000023793
        0.0000318752   0.0000138729  -0.0000249902   0.0000237113   0.0000139476
       -0.0000355882  -0.0000119960   0.0000156456
       -0.1067334419  -0.0058930976   0.0652738931   0.5952600012   0.2499526037
       -0.0472175441  -0.2565602786  -0.1116136215   0.0699137573  -0.0309134796
       -0.0167862046   0.0339234921  -0.0439258752  -0.0342778056  -0.0219354714
        0.0013471100  -0.0013231336  -0.0031594990  -0.0015351058  -0.0000724804
        0.0001983879   0.0002226968   0.0001520938   0.0001733669   0.0001298442
        0.0000268405  -0.0000756004   0.0002259162   0.0002532284   0.0002175067
       -0.0000737422  -0.0005314674   0.0000489428  -0.0001827337  -0.0003493719
       -0.0001294746   0.0000800477  -0.0002106120  -0.0000065315   0.0002152113
       -0.0000560973  -0.0000563046   0.0002267867  -0.0000205404  -0.0000681099
       -0.0185099154   0.0066401570   0.0303290365   0.0099411693  -0.0017772296
       -0.0158268071  -0.0117340868  -0.0044065340   0.0226518928  -0.1364805400
       -0.0794111135  -0.1343828090   0.0000073427  -0.0001668869  -0.0000801000
       -0.0001458100  -0.0002706953   0.0000475560  -0.0001761763  -0.0000938040
       -0.0000207450  -0.0003093820  -0.0000412088   0.0000694491  -0.0000423452
        0.0001950732   0.0000281380  -0.0001457423   0.0001161272   0.0000305850
       -0.0001874711  -0.0000342195   0.0000529924
       -0.0086030953  -0.0493407569  -0.0201238868   0.2499526037   0.2020331420
        0.1225385184  -0.1046983471  -0.0886473104   0.0231822361  -0.0095026809
        0.0104211898   0.0094074079  -0.0373855123  -0.0185055793  -0.0176111676
        0.0007682234   0.0006369925  -0.0030113004  -0.0006419630  -0.0002248113
        0.0000696386   0.0002647592   0.0003083868   0.0001424858  -0.0000347431
        0.0000754235  -0.0000403368  -0.0000071847   0.0002609624   0.0002101490
       -0.0002099997  -0.0008884319  -0.0000092601  -0.0011228210  -0.0006712999
        0.0002046927   0.0002730620  -0.0000023423  -0.0000269449   0.0001514159
       -0.0000825862  -0.0000489473   0.0001697304   0.0000416480  -0.0000465711
        0.0078120094   0.0039645384  -0.0167526903   0.0031224147  -0.0010219221
       -0.0105949643  -0.0132480666   0.0039047289   0.0226330795  -0.0864384265
       -0.0630828809  -0.1099652566  -0.0000190525   0.0002699453  -0.0000543112
       -0.0000855925  -0.0001153414   0.0000359182  -0.0001337099   0.0000064266
       -0.0000304636  -0.0001734146   0.0002444582  -0.0001686501  -0.0001042936
        0.0002703408   0.0000121368  -0.0000103791   0.0001140089   0.0000052719
       -0.0000949362   0.0000310705   0.0000432165
        0.0695917568  -0.0223410415  -0.2000307202  -0.0472175441   0.1225385184
        0.6463120385   0.0509691455   0.0143979056  -0.0928220804   0.0606395457
        0.0218322782  -0.0374263411  -0.0315384351  -0.0191719202   0.0002689924
       -0.0014391861  -0.0026564659  -0.0043721505  -0.0007874919  -0.0004022620
        0.0000851127  -0.0000227115  -0.0002835281   0.0004698700  -0.0000552311
       -0.0000732475   0.0000406733  -0.0000421252   0.0000063327   0.0001606045
       -0.0001425562  -0.0000987525   0.0000501854   0.0001176628   0.0001407767
       -0.0000135124  -0.0000648751   0.0000517830  -0.0000028067  -0.0000681607
        0.0000206486   0.0000113577  -0.0000714578   0.0000018336   0.0000330135
        0.0162345634  -0.0097996520  -0.0117487580   0.0084251003  -0.0039316976
       -0.0319956794   0.0099781681   0.0053529680  -0.0157912750  -0.1344452344
       -0.1055407441  -0.2528692366  -0.0000912624   0.0000469378  -0.0001967950
       -0.0000591798   0.0000008483  -0.0000189408   0.0000116862   0.0000132853
       -0.0001028354   0.0000176265  -0.0000422362  -0.0000133920   0.0000184855
       -0.0000460657  -0.0000129043   0.0000196005  -0.0000212027  -0.0000140514
        0.0000221102   0.0000046998  -0.0000003687
       -0.0109944410  -0.0008210114   0.0124773180  -0.2565602786  -0.1046983471
        0.0509691455   0.5576707453   0.1567609546  -0.2408640866  -0.1719469361
        0.0007814830   0.2297068907  -0.0760409813  -0.0199977706  -0.0204345756
       -0.0312593252  -0.0228484614  -0.0216460621   0.0004482281   0.0006417600
       -0.0007703773  -0.0011798674  -0.0013461463   0.0018174108   0.0000644956
       -0.0003088200   0.0000800757  -0.0007993671  -0.0004964657   0.0009344810
       -0.0003961858  -0.0007439560  -0.0002671957   0.0003328438   0.0005697355
        0.0001321144  -0.0000516556   0.0006960207  -0.0000546020  -0.0003267794
        0.0001452761   0.0000239451  -0.0004443951  -0.0001221251   0.0000958218
        0.0017892660  -0.0019236774  -0.0010397275   0.0021023263   0.0008059891
       -0.0018743758   0.0015139066   0.0017083254  -0.0030429311  -0.0154746988
       -0.0114712921  -0.0041972989  -0.0002138312   0.0004786817  -0.0007701151
        0.0001424920   0.0005851321  -0.0000268241   0.0004177917   0.0002711553
       -0.0004334403   0.0000578185   0.0020824986  -0.0007265598   0.0002425341
       -0.0005690912  -0.0000534275   0.0004031410  -0.0002632624  -0.0000651353
        0.0005031538   0.0000834149   0.0000295317
        0.0048933735  -0.0062625653   0.0081308151  -0.1116136215  -0.0886473104
        0.0143979056   0.1567609546   0.2611680450   0.0394438778  -0.0012375798
       -0.0680112253  -0.0055383202  -0.0188927338  -0.0681140131  -0.0460802032
       -0.0272228440  -0.0174952937  -0.0060352479  -0.0008243684   0.0014765054
       -0.0000164515  -0.0011857421  -0.0018454590   0.0014295913   0.0005403111
        0.0001073162  -0.0000043148  -0.0002785077  -0.0006613918   0.0002057819
        0.0022581906   0.0006786251  -0.0008191616   0.0029530346   0.0019091073
       -0.0010796175  -0.0000330100  -0.0002162292   0.0000322719  -0.0003549256
        0.0000861326   0.0000242707  -0.0005729044  -0.0001070008   0.0001595967
        0.0053778617  -0.0018125558  -0.0053318693   0.0000669829   0.0014587733
       -0.0010973931  -0.0015237755  -0.0006658848   0.0015525850  -0.0099564027
       -0.0105460408  -0.0000142711   0.0000936325  -0.0009228165  -0.0000519648
        0.0000808607   0.0002405384  -0.0000864281   0.0003465597  -0.0000167034
       -0.0001962126  -0.0000801175  -0.0009510619   0.0009020801   0.0001591975
       -0.0005541627   0.0001343754   0.0000202684  -0.0002635327   0.0000027869
        0.0002253052  -0.0000317962  -0.0000644826
        0.0159207610   0.0121885514  -0.0046302892   0.0699137573   0.0231822361
       -0.0928220804  -0.2408640866   0.0394438778   0.8345429695   0.2239701494
       -0.0086318361  -0.5816467967  -0.0261105546  -0.0513385557  -0.1665305990
       -0.0293863931  -0.0093882227   0.0136412966   0.0049878679   0.0039593592
       -0.0018516763  -0.0014030149  -0.0002232773  -0.0003282955   0.0003742282
       -0.0000499428  -0.0002311984  -0.0000032398  -0.0008213784  -0.0000207878
        0.0030657225   0.0009312444  -0.0005216047   0.0005842187  -0.0000546183
       -0.0015632896   0.0003431585   0.0000850231  -0.0000254840  -0.0000990657
       -0.0000086751   0.0000475468  -0.0002955561   0.0000554385  -0.0000802600
        0.0005044494   0.0004674054  -0.0007468898   0.0004561941   0.0000566126
       -0.0022619587   0.0029679370  -0.0002324088  -0.0043484259  -0.0248820049
       -0.0109576915   0.0065793479  -0.0002273356  -0.0003661879   0.0009515931
        0.0004616034   0.0005613422   0.0001469970   0.0003741325   0.0000982902
        0.0002049351  -0.0012135180   0.0014749653   0.0012294694   0.0000819793
       -0.0003234926   0.0001888464   0.0001534277  -0.0001450273   0.0000816623
        0.0003251823   0.0000369684  -0.0000050282
       -0.0055021142  -0.0068221753   0.0021642464  -0.0309134796  -0.0095026809
        0.0606395457  -0.1719469361  -0.0012375798   0.2239701494   0.1941115680
        0.0196052646  -0.2761176580   0.0150945992  -0.0060614057  -0.0117380391
       -0.0017368872   0.0004611907  -0.0009719852   0.0004900057   0.0012046180
       -0.0003472276  -0.0002341516   0.0001254799  -0.0001121486   0.0002256050
        0.0000920946  -0.0001071117   0.0004449546   0.0001489680   0.0000410857
        0.0002966125  -0.0000009857  -0.0005177817  -0.0002430668   0.0000886716
       -0.0010782312   0.0001198755  -0.0004467245  -0.0000201721   0.0000181230
       -0.0001652630   0.0000312614   0.0000512692   0.0001114645  -0.0000651521
       -0.0003695997   0.0001723227   0.0004128824  -0.0001756750  -0.0001765613
       -0.0004721066  -0.0015096808  -0.0000914397   0.0029573441   0.0026560393
        0.0030460179   0.0005514593   0.0000607945  -0.0001914619   0.0002515017
        0.0000225560  -0.0001263681   0.0000505685  -0.0000905300  -0.0001032062
        0.0001028414  -0.0005377324  -0.0002829597   0.0001969899  -0.0000476751
        0.0001143225   0.0000895368  -0.0001458515   0.0000687824   0.0000678201
       -0.0001386224  -0.0000303856   0.0000203813
       -0.0044450391   0.0031117291  -0.0008781273  -0.0167862046   0.0104211898
        0.0218322782   0.0007814830  -0.0680112253  -0.0086318361   0.0196052646
        0.0475066896   0.0212946096  -0.0037345701   0.0084265575  -0.0351664803
        0.0033826410  -0.0012049659  -0.0001470624  -0.0000783269   0.0002749285
       -0.0001550459  -0.0000329182   0.0002951638  -0.0002257134  -0.0000409951
       -0.0001821409  -0.0000299422   0.0001479980   0.0000254636  -0.0001666188
        0.0001876536  -0.0003287800  -0.0000693165  -0.0007684163  -0.0005815928
        0.0007716085  -0.0000009385   0.0001387006   0.0000341918  -0.0000439451
        0.0000241124  -0.0000417340   0.0002250425   0.0000489309  -0.0000293311
       -0.0011925628   0.0001465443   0.0016622610   0.0000862750  -0.0002069585
       -0.0001443800   0.0001667231   0.0003072682  -0.0002820312   0.0022836369
       -0.0011405662   0.0002390277  -0.0001373929   0.0003917373   0.0001914148
       -0.0000589918  -0.0000184022   0.0000590886  -0.0000854996   0.0000373185
        0.0000703555   0.0005686803   0.0001914991  -0.0001444521  -0.0000659630
        0.0002032839  -0.0000443607   0.0000393130   0.0000770493  -0.0000135756
       -0.0000029470   0.0000464653   0.0000151720
        0.0073654730   0.0018495409  -0.0002927472   0.0339234921   0.0094074079
       -0.0374263411   0.2297068907  -0.0055383202  -0.5816467967  -0.2761176580
        0.0212946096   0.7123596194  -0.0016538263  -0.0284963071  -0.0870996886
        0.0080276217   0.0039670130  -0.0018651289  -0.0011012550  -0.0011489326
        0.0009705030   0.0005287703   0.0003311669  -0.0000424472  -0.0002991662
        0.0000108379   0.0001478084  -0.0000941306   0.0001312346  -0.0000891089
       -0.0009291236  -0.0005814507   0.0001535709  -0.0004551664   0.0001722937
        0.0004711692  -0.0000192944   0.0000375011  -0.0000008896   0.0000839922
        0.0000173799   0.0000118551   0.0001445311  -0.0000063595   0.0000476205
        0.0013003405  -0.0006221328  -0.0015758168  -0.0004759384   0.0001631028
        0.0018255422   0.0007123055   0.0002459450  -0.0017609308   0.0000111848
       -0.0013522538  -0.0025031285  -0.0000232176   0.0002098109  -0.0003679108
       -0.0001365559  -0.0001588405  -0.0001208522  -0.0001327110  -0.0000190427
       -0.0000745467  -0.0001561537  -0.0000634510  -0.0009088229  -0.0000351197
        0.0000961009  -0.0001087014  -0.0000623509   0.0000567006  -0.0000534715
       -0.0001129340  -0.0000035548  -0.0000503591
       -0.0019286269  -0.0015690537  -0.0021763559  -0.0439258752  -0.0373855123
       -0.0315384351  -0.0760409813  -0.0188927338  -0.0261105546   0.0150945992
       -0.0037345701  -0.0016538263   0.3702609076   0.1472058285   0.0060421691
       -0.1866861127  -0.0506805575   0.0414124625  -0.0198694905  -0.0207283959
        0.0040405564   0.0019403648  -0.0009618038  -0.0013892018  -0.0002025787
       -0.0002865516   0.0000537236  -0.0035220801   0.0057548875  -0.0001539500
       -0.0485693270  -0.0092974982   0.0077750541  -0.0003339855  -0.0035475040
        0.0007370737  -0.0004833197  -0.0007634091   0.0000623508   0.0008549692
       -0.0003335389  -0.0000956436  -0.0009064825  -0.0009820540   0.0001484177
        0.0003263184   0.0004796109   0.0000273219  -0.0016977056  -0.0009754525
        0.0008557541  -0.0004314990  -0.0003984984  -0.0004809820  -0.0047252514
       -0.0045711664   0.0029043261   0.0014856441   0.0003626271  -0.0001836228
       -0.0008186478  -0.0006721953   0.0000675100   0.0000652092   0.0000543874
        0.0001223636   0.0008768131   0.0011343629  -0.0004007908   0.0001043728
        0.0003145365  -0.0001006243  -0.0001831286   0.0002417650  -0.0000254583
       -0.0006841060   0.0002324897   0.0000603618
       -0.0003000958  -0.0005401445  -0.0007535105  -0.0342778056  -0.0185055793
       -0.0191719202  -0.0199977706  -0.0681140131  -0.0513385557  -0.0060614057
        0.0084265575  -0.0284963071   0.1472058285   0.1729813308   0.0842317612
       -0.0513069787  -0.0722107347   0.0105748401  -0.0431373517  -0.0261343887
        0.0049133080   0.0020207725  -0.0052773339  -0.0017026976  -0.0009997964
        0.0002750086   0.0000767808   0.0022076973  -0.0019595461  -0.0003032547
        0.0082483860   0.0077729011   0.0001389305  -0.0002992798  -0.0012796726
        0.0004536177   0.0001062164   0.0007740849  -0.0002183714   0.0003249924
       -0.0002901174   0.0000063644   0.0011747920   0.0005709953  -0.0002656301
       -0.0011909132   0.0003686834  -0.0000751670  -0.0008063506  -0.0013827862
        0.0006222119   0.0001947960   0.0002622688   0.0000075513  -0.0036358501
        0.0014688792   0.0011850425  -0.0003886060   0.0031772644  -0.0000625188
       -0.0017705096  -0.0010466532   0.0003682310  -0.0000893143   0.0001785914
        0.0001937331   0.0026247784   0.0000967990  -0.0002331038  -0.0000537134
        0.0002943459  -0.0001537177   0.0000396956   0.0001765694  -0.0000028199
        0.0001677867  -0.0000833100   0.0000052016
        0.0018249362   0.0018896093  -0.0025449146  -0.0219354714  -0.0176111676
        0.0002689924  -0.0204345756  -0.0460802032  -0.1665305990  -0.0117380391
       -0.0351664803  -0.0870996886   0.0060421691   0.0842317612   0.3042026936
        0.0354569783   0.0066944216  -0.0652363181   0.0017991869   0.0038863838
        0.0032974884   0.0007812086   0.0003642790   0.0095307878   0.0005415108
       -0.0001112200  -0.0000822672   0.0016077563   0.0002659785   0.0056529215
        0.0055880379   0.0003582169   0.0013981396  -0.0008756603   0.0004256576
       -0.0012471399  -0.0001191907  -0.0003092109  -0.0002442183  -0.0000659928
        0.0000114095  -0.0003051979   0.0002929487   0.0000251453  -0.0003114424
       -0.0009342624   0.0006471854   0.0011038041   0.0011627017   0.0004866193
        0.0013637583   0.0001299387   0.0001197553   0.0008151488   0.0018029899
        0.0013624510   0.0019228748  -0.0002864392  -0.0002679146  -0.0041955444
       -0.0001279287  -0.0002967492  -0.0001741779  -0.0005638153  -0.0001736643
       -0.0020975150   0.0003430831  -0.0010023736  -0.0000890144  -0.0000493063
        0.0002351911   0.0001579874  -0.0001170807   0.0000843109   0.0000251844
       -0.0001256838  -0.0000693918   0.0004182568
        0.0002534717   0.0001468673   0.0008151824   0.0013471100   0.0007682234
       -0.0014391861  -0.0312593252  -0.0272228440  -0.0293863931  -0.0017368872
        0.0033826410   0.0080276217  -0.1866861127  -0.0513069787   0.0354569783
        0.5442510842   0.0005277628  -0.0405429899  -0.0853656092  -0.0469221371
        0.0051672687   0.0101617183  -0.0298013007  -0.0005081901  -0.0069037854
        0.0185010382   0.0000115001  -0.0427858307  -0.0112858949   0.0051488679
       -0.1920810232   0.1001984528   0.0137366204  -0.0033762217   0.0292804112
       -0.0005245592   0.0135005750  -0.0036024795  -0.0007727101  -0.0069074138
       -0.0065253013   0.0011255809  -0.0071898423   0.0035651146   0.0017207622
        0.0001563800  -0.0003313506  -0.0002896434  -0.0009761768  -0.0007232952
        0.0009606532   0.0004145492   0.0005477529  -0.0000270964   0.0000916395
       -0.0010800028   0.0001606427  -0.0002612591   0.0264579813   0.0001474174
       -0.0039877432  -0.0023116295   0.0012152642   0.0005415271   0.0005432853
        0.0000193285  -0.0010176527  -0.0022849795  -0.0000491171   0.0003161336
       -0.0007714920   0.0000097981   0.0001171911  -0.0003710953  -0.0001952551
       -0.0006164966   0.0006212504   0.0000116537
       -0.0003032501   0.0004592583  -0.0001280557  -0.0013231336   0.0006369925
       -0.0026564659  -0.0228484614  -0.0174952937  -0.0093882227   0.0004611907
       -0.0012049659   0.0039670130  -0.0506805575  -0.0722107347   0.0066944216
        0.0005277628   0.6796114754   0.0016673807   0.0239942904  -0.3607698733
        0.0025898881  -0.0850733580  -0.0235417580   0.0105858033   0.0256532757
       -0.0445244542  -0.0024262352   0.0129314801   0.0471195158  -0.0020989344
        0.0705734499  -0.1270936069  -0.0079497227   0.0354424713  -0.0555584339
       -0.0033029335  -0.0225264593  -0.0031359361   0.0032571201   0.0104681819
        0.0120670269  -0.0017450025   0.0030071078  -0.0122631802   0.0000411480
        0.0004158370  -0.0001899913   0.0000424686  -0.0002385015   0.0000409319
        0.0004899307   0.0001571206   0.0000825003  -0.0002415267  -0.0013944894
        0.0004024326  -0.0002480542   0.0016205493  -0.0216059264   0.0007252280
       -0.0016109724   0.0004398549   0.0003012087   0.0005459051  -0.0005250282
       -0.0002010103   0.0002511487   0.0000657657  -0.0000506116   0.0010880557
       -0.0010252981  -0.0000133102  -0.0001044774   0.0000751199  -0.0000170716
       -0.0010341662   0.0001436069   0.0001055465
        0.0005935541   0.0001650126  -0.0001929619  -0.0031594990  -0.0030113004
       -0.0043721505  -0.0216460621  -0.0060352479   0.0136412966  -0.0009719852
       -0.0001470624  -0.0018651289   0.0414124625   0.0105748401  -0.0652363181
       -0.0405429899   0.0016673807   0.1459207460   0.0026443243   0.0071680605
       -0.0448507885   0.0012854435   0.0037730925  -0.0030754514  -0.0003449151
       -0.0009486528  -0.0035150904   0.0049268682   0.0004083079  -0.0016858292
        0.0135423744  -0.0092594117  -0.0533315697  -0.0005109614  -0.0026981082
        0.0005147666  -0.0004697830   0.0008189860   0.0061392270   0.0006960807
        0.0005254127  -0.0002038492   0.0016410054  -0.0000302642   0.0062285433
       -0.0000135437   0.0000330772  -0.0001110321   0.0003253050   0.0001345600
       -0.0000299498   0.0000879049   0.0000270834   0.0000765304  -0.0007913603
       -0.0010758702   0.0003051682   0.0003914280  -0.0026213492   0.0020213304
        0.0011865924   0.0002527513   0.0062013551   0.0000281829  -0.0000479409
        0.0008555209  -0.0000885611   0.0002654095  -0.0018754451  -0.0000438192
        0.0001359349   0.0002275689  -0.0002152626   0.0000089204  -0.0014835588
        0.0000372163  -0.0000836217  -0.0003029297
       -0.0001183471  -0.0000337777  -0.0002305823  -0.0015351058  -0.0006419630
       -0.0007874919   0.0004482281  -0.0008243684   0.0049878679   0.0004900057
       -0.0000783269  -0.0011012550  -0.0198694905  -0.0431373517   0.0017991869
       -0.0853656092   0.0239942904   0.0026443243   0.6419000671  -0.0148443873
       -0.0604803221  -0.2569264952  -0.1152458996   0.0269636482  -0.0666408159
        0.0357976827   0.0076294801  -0.0025188383  -0.0293975217   0.0000416009
        0.0226568673   0.0070614796  -0.0026334116  -0.0080952128   0.0147479568
        0.0013983730   0.0110768979  -0.0002571015  -0.0014165343  -0.0060411133
       -0.0091695421   0.0011071046  -0.0065170929   0.0107835939   0.0006423364
       -0.0000396402   0.0000185958   0.0000183119   0.0001489222   0.0000196983
       -0.0002386587  -0.0000451704  -0.0000316613  -0.0000465546  -0.0004450825
        0.0000603261   0.0000067328  -0.2149429116   0.1218719342   0.0178121810
       -0.0039326100  -0.0035733816   0.0005562322  -0.0034144209   0.0029195953
        0.0015002462  -0.0002856092  -0.0001832555  -0.0000088787  -0.0002306625
        0.0002710046  -0.0001127095   0.0000040694  -0.0001322851  -0.0000029353
        0.0002391706   0.0000046658  -0.0000482922
       -0.0000501307   0.0000260530  -0.0000295040  -0.0000724804  -0.0002248113
       -0.0004022620   0.0006417600   0.0014765054   0.0039593592   0.0012046180
        0.0002749285  -0.0011489326  -0.0207283959  -0.0261343887   0.0038863838
       -0.0469221371  -0.3607698733   0.0071680605  -0.0148443873   0.6861643378
       -0.0084712312  -0.0381490538  -0.1273791927   0.0062380126  -0.0173855595
        0.0518038133   0.0011344838  -0.0099762769  -0.0350624093   0.0014782062
        0.0502514332  -0.0595572043  -0.0042193118  -0.0034157324   0.0187679778
        0.0002060735   0.0164724653  -0.0025975750  -0.0020573804  -0.0089576350
       -0.0113543313   0.0015517854  -0.0069704248   0.0117011332   0.0007005864
        0.0000996294  -0.0000023083  -0.0000015137  -0.0000518408   0.0000831050
       -0.0002102985  -0.0000363497  -0.0000896288  -0.0000790549  -0.0001458826
        0.0000963278   0.0000047559   0.1226420214  -0.1309728052  -0.0127883299
       -0.0270324685  -0.0156110898   0.0035328478   0.0034217716  -0.0010487188
       -0.0002744525  -0.0000841219   0.0003382041  -0.0000677080   0.0002519100
       -0.0000893616  -0.0001088990  -0.0000754370   0.0000458212  -0.0000029905
       -0.0000872946   0.0001154912   0.0000013136
        0.0000050540  -0.0000017220  -0.0000417225   0.0001983879   0.0000696386
        0.0000851127  -0.0007703773  -0.0000164515  -0.0018516763  -0.0003472276
       -0.0001550459   0.0009705030   0.0040405564   0.0049133080   0.0032974884
        0.0051672687   0.0025898881  -0.0448507885  -0.0604803221  -0.0084712312
        0.1162526714   0.0250884938   0.0154523025  -0.0496450093   0.0083619618
       -0.0052441245   0.0003118791  -0.0001667921   0.0039573835  -0.0048881433
       -0.0037746539   0.0004053238   0.0011555250   0.0016264207  -0.0019684295
        0.0053435056  -0.0016240095   0.0001571239   0.0003708842   0.0010069879
        0.0013160994   0.0003219433   0.0009230949  -0.0014865923  -0.0001954369
       -0.0000090230   0.0000050362   0.0000030517  -0.0000239303  -0.0000336420
        0.0000044993  -0.0000047790   0.0000038252   0.0000265499  -0.0000009442
       -0.0000040791  -0.0000006500   0.0180781747  -0.0120844336  -0.0351641710
        0.0011956787   0.0007772857   0.0008490441   0.0015905971  -0.0001959852
        0.0087388707   0.0000274869   0.0000523476  -0.0001879101  -0.0000950353
       -0.0000541482  -0.0008593152   0.0000037903   0.0000189846   0.0000388720
       -0.0000168598  -0.0000026622  -0.0000855773
        0.0000282602  -0.0000082557   0.0000173362   0.0002226968   0.0002647592
       -0.0000227115  -0.0011798674  -0.0011857421  -0.0014030149  -0.0002341516
       -0.0000329182   0.0005287703   0.0019403648   0.0020207725   0.0007812086
        0.0101617183  -0.0850733580   0.0012854435  -0.2569264952  -0.0381490538
        0.0250884938   0.6427938495  -0.0355560254  -0.0650243816  -0.2803302047
        0.0997209576   0.0295073210   0.0059084444   0.0710309406  -0.0015699320
       -0.0400116606   0.0220415024   0.0037215236   0.0058973678  -0.0172706738
       -0.0004895570  -0.0180389310   0.0009970928   0.0023823010   0.0111996785
        0.0168899939  -0.0019211710   0.0137137821  -0.0219650346  -0.0007005927
       -0.0000160835  -0.0000094338  -0.0000208579   0.0000006436  -0.0000312919
        0.0000040662   0.0000274384   0.0000014757  -0.0000043719  -0.0000028601
       -0.0000173539  -0.0000050933  -0.0237773926  -0.0082532899   0.0031588432
       -0.0451809158  -0.0198326871   0.0016675925  -0.0263285373   0.0147215689
        0.0030471594   0.0000667060  -0.0000494196   0.0000071747  -0.0000832474
        0.0000222886   0.0000808046   0.0001147600   0.0000170355  -0.0000950946
        0.0000346368  -0.0002938497  -0.0000212601
       -0.0000391286  -0.0000264689   0.0000402370   0.0001520938   0.0003083868
       -0.0002835281  -0.0013461463  -0.0018454590  -0.0002232773   0.0001254799
        0.0002951638   0.0003311669  -0.0009618038  -0.0052773339   0.0003642790
       -0.0298013007  -0.0235417580   0.0037730925  -0.1152458996  -0.1273791927
        0.0154523025  -0.0355560254   0.6806140994  -0.0039443668   0.1710398632
       -0.1904893350  -0.0196160062   0.0248360280  -0.0431658929  -0.0023754246
        0.0039690193   0.0035215517  -0.0006619863   0.0002583104  -0.0009128595
       -0.0000711127   0.0010138547   0.0006466845  -0.0001280730  -0.0003244178
       -0.0027625220   0.0000973363  -0.0032357924  -0.0026430862   0.0005796464
        0.0000245325  -0.0000396289  -0.0000207576   0.0000242693  -0.0000160022
       -0.0000378551   0.0000172318   0.0000397139  -0.0000258018  -0.0000901680
        0.0000162816  -0.0000386810   0.0148526217   0.0065311853  -0.0016768926
       -0.0199330670  -0.3002595431   0.0073034579  -0.0094142877   0.0063609326
        0.0011223137   0.0000453524   0.0002525303  -0.0000185398  -0.0000555839
        0.0001466269   0.0000048202  -0.0000312883  -0.0003900669  -0.0000009185
       -0.0003237476   0.0000159924   0.0000545691
       -0.0000669086  -0.0000033835  -0.0000142822   0.0001733669   0.0001424858
        0.0004698700   0.0018174108   0.0014295913  -0.0003282955  -0.0001121486
       -0.0002257134  -0.0000424472  -0.0013892018  -0.0017026976   0.0095307878
       -0.0005081901   0.0105858033  -0.0030754514   0.0269636482   0.0062380126
       -0.0496450093  -0.0650243816  -0.0039443668   0.1214479983   0.0278961274
       -0.0108460329  -0.0466520140  -0.0009069876  -0.0079115748   0.0016906280
        0.0041067382  -0.0024919416  -0.0041311235  -0.0007182493   0.0019202941
       -0.0001912728   0.0021036849  -0.0001023099   0.0001577342  -0.0012677245
       -0.0019190119   0.0005175467  -0.0008729160   0.0027769912   0.0055967628
       -0.0000022194   0.0000078889   0.0000191932   0.0000019147   0.0000039130
       -0.0000222704  -0.0000210180  -0.0000160093  -0.0000048598   0.0001259168
        0.0001089786  -0.0000132551   0.0025500080   0.0007670529   0.0003702769
        0.0017322366   0.0071836640  -0.0345310483   0.0035941861  -0.0020167073
       -0.0000551502  -0.0000420126  -0.0000033712  -0.0001951911   0.0000108508
       -0.0000017488   0.0000151809  -0.0001265084  -0.0000158129  -0.0008362466
       -0.0000176231   0.0000360062  -0.0000780615
        0.0000187747   0.0000104805   0.0000116451   0.0001298442  -0.0000347431
       -0.0000552311   0.0000644956   0.0005403111   0.0003742282   0.0002256050
       -0.0000409951  -0.0002991662  -0.0002025787  -0.0009997964   0.0005415108
       -0.0069037854   0.0256532757  -0.0003449151  -0.0666408159  -0.0173855595
        0.0083619618  -0.2803302047   0.1710398632   0.0278961274   0.6926151305
       -0.0328362967  -0.0742506532  -0.0796927214  -0.0514744996   0.0043318219
        0.0095406070  -0.0328422324  -0.0002603519  -0.0066768250   0.0024134915
        0.0015980621   0.0057145044   0.0002693118  -0.0007825484  -0.0079742591
       -0.0032118152   0.0019045990  -0.0051128518   0.0348683073   0.0000459296
        0.0000603254  -0.0000190154   0.0000100668  -0.0000032501   0.0000415732
       -0.0000727938  -0.0000271908  -0.0000000264  -0.0000069184  -0.0000125722
        0.0000141083   0.0000101312  -0.0045857843  -0.0025512446   0.0011986450
        0.0009612990   0.0007832970   0.0000478118  -0.2513770778  -0.0962441151
        0.0302101036  -0.0002917440  -0.0013835162   0.0000850486   0.0000118241
        0.0000548637  -0.0002147867  -0.0001449909   0.0013927959  -0.0000032558
        0.0006342424   0.0019421764  -0.0003370725
        0.0000109371   0.0000041826   0.0000200734   0.0000268405   0.0000754235
       -0.0000732475  -0.0003088200   0.0001073162  -0.0000499428   0.0000920946
       -0.0001821409   0.0000108379  -0.0002865516   0.0002750086  -0.0001112200
        0.0185010382  -0.0445244542  -0.0009486528   0.0357976827   0.0518038133
       -0.0052441245   0.0997209576  -0.1904893350  -0.0108460329  -0.0328362967
        0.6244037912  -0.0042346775  -0.0185987742  -0.2729017464   0.0061589003
       -0.0535702289  -0.0080319378   0.0067106787   0.0025180100  -0.0123928124
       -0.0000067607  -0.0174632799  -0.0008909263   0.0023032513   0.0154604236
        0.0194399794  -0.0025054374   0.0259259402  -0.0573029779  -0.0023166931
       -0.0000013549  -0.0000113878   0.0000040334   0.0000281798  -0.0000280685
       -0.0000374942  -0.0000094538   0.0000416828   0.0000033384  -0.0000020547
       -0.0000305223   0.0000302224  -0.0029304053  -0.0002205586   0.0005207736
        0.0245734566  -0.0215163036  -0.0028459874  -0.0948337551  -0.0879022520
        0.0131666467   0.0001600230  -0.0004431672   0.0000114800  -0.0001199044
        0.0002064328   0.0000357998  -0.0001168283  -0.0006775047   0.0000695574
       -0.0017378760   0.0011884652   0.0001746773
       -0.0000032875  -0.0000034379  -0.0000190168  -0.0000756004  -0.0000403368
        0.0000406733   0.0000800757  -0.0000043148  -0.0002311984  -0.0001071117
       -0.0000299422   0.0001478084   0.0000537236   0.0000767808  -0.0000822672
        0.0000115001  -0.0024262352  -0.0035150904   0.0076294801   0.0011344838
        0.0003118791   0.0295073210  -0.0196160062  -0.0466520140  -0.0742506532
       -0.0042346775   0.1231252750   0.0036722821   0.0101391574  -0.0523235579
        0.0001017409   0.0044279125   0.0010235862   0.0016083087   0.0000833496
        0.0059392297  -0.0004720551   0.0000122994  -0.0000679640   0.0015331330
        0.0002284137   0.0057349334   0.0003028494  -0.0034463066   0.0006091469
       -0.0000115767   0.0000053272   0.0000041937  -0.0000005934  -0.0000038444
        0.0000094081  -0.0000017455  -0.0000034119   0.0000059055   0.0000020320
        0.0000007869   0.0000013154   0.0012883698   0.0004259082   0.0058414134
       -0.0004543373   0.0002520499   0.0006004836   0.0300099505   0.0133722008
       -0.0372380944   0.0000206873   0.0001692348  -0.0001439396  -0.0001982372
       -0.0000542135  -0.0014388745   0.0000469140  -0.0001532953   0.0001823096
       -0.0002931701  -0.0003118828  -0.0018655441
        0.0000142470  -0.0000019619   0.0000108119   0.0002259162  -0.0000071847
       -0.0000421252  -0.0007993671  -0.0002785077  -0.0000032398   0.0004449546
        0.0001479980  -0.0000941306  -0.0035220801   0.0022076973   0.0016077563
       -0.0427858307   0.0129314801   0.0049268682  -0.0025188383  -0.0099762769
       -0.0001667921   0.0059084444   0.0248360280  -0.0009069876  -0.0796927214
       -0.0185987742   0.0036722821   0.6157804574  -0.0162018798  -0.0611054749
       -0.2301254664  -0.0590671139   0.0227581848   0.0109216777  -0.0553758330
        0.0002889864  -0.0418983621   0.0034746121   0.0046307428   0.0252029926
        0.0551578399  -0.0044551982  -0.2240023902   0.0720234099   0.0211981079
        0.0000041695   0.0000175677  -0.0000230135  -0.0000496668   0.0000135191
       -0.0000202544   0.0000235843  -0.0000330000  -0.0000317897   0.0000106183
       -0.0000133483  -0.0000130359   0.0003932839  -0.0005631102  -0.0000687801
       -0.0034140665   0.0037006116   0.0016420126  -0.0054111293  -0.0266236544
        0.0013049958   0.0009654216   0.0004627151   0.0006193304  -0.0005737909
        0.0001663758   0.0001085522   0.0012981207  -0.0011821253   0.0011123263
       -0.0264001781   0.0127829157   0.0030498644
        0.0000077856   0.0000148005   0.0000284468   0.0002532284   0.0002609624
        0.0000063327  -0.0004964657  -0.0006613918  -0.0008213784   0.0001489680
        0.0000254636   0.0001312346   0.0057548875  -0.0019595461   0.0002659785
       -0.0112858949   0.0471195158   0.0004083079  -0.0293975217  -0.0350624093
        0.0039573835   0.0710309406  -0.0431658929  -0.0079115748  -0.0514744996
       -0.2729017464   0.0101391574  -0.0162018798   0.6540229375  -0.0080508164
       -0.0587007158  -0.1341244111   0.0093161642  -0.0330229045  -0.0091761515
        0.0045545028   0.0219526179   0.0038150236  -0.0031133191   0.0085168600
       -0.0616606961   0.0003817227   0.1053031741  -0.1270358641  -0.0119268179
        0.0000069648   0.0000014732  -0.0000202536  -0.0000327719  -0.0000039545
        0.0000383358   0.0000274048  -0.0000251010  -0.0000152706   0.0000082904
        0.0000034813  -0.0000183831  -0.0006234337  -0.0001401523  -0.0000224903
        0.0027343533  -0.0009076129  -0.0001403352  -0.0048636244  -0.0143630426
        0.0009603900  -0.0004996316  -0.0057504874   0.0004553625   0.0002761321
        0.0008656786  -0.0001068680  -0.0004049607  -0.0056486157   0.0003565757
       -0.0090173034   0.0064577393   0.0011476125
       -0.0000298411  -0.0000105484   0.0000409038   0.0002175067   0.0002101490
        0.0001606045   0.0009344810   0.0002057819  -0.0000207878   0.0000410857
       -0.0001666188  -0.0000891089  -0.0001539500  -0.0003032547   0.0056529215
        0.0051488679  -0.0020989344  -0.0016858292   0.0000416009   0.0014782062
       -0.0048881433  -0.0015699320  -0.0023754246   0.0016906280   0.0043318219
        0.0061589003  -0.0523235579  -0.0611054749  -0.0080508164   0.1428538057
        0.0236849249   0.0085625268  -0.0589071574  -0.0005638899   0.0079545218
        0.0011669605   0.0044427309  -0.0006828343  -0.0065321480  -0.0035175037
       -0.0060606487   0.0017342585   0.0199294763  -0.0072851570  -0.0543722666
        0.0000061677  -0.0000074198  -0.0000015130   0.0000034167  -0.0000031225
       -0.0000120320  -0.0000058714   0.0000012143  -0.0000097246   0.0000242156
        0.0000832970  -0.0000288388  -0.0000766844   0.0000665204  -0.0002600369
        0.0015930016  -0.0002776160   0.0092420310   0.0008998377   0.0036875407
        0.0008496013   0.0007051897   0.0003021390   0.0057619559   0.0000410304
       -0.0000544920  -0.0002753792   0.0011575888   0.0004817810   0.0095383455
        0.0038202031  -0.0018156905   0.0007145074
        0.0000753796  -0.0001388398  -0.0000661516  -0.0000737422  -0.0002099997
       -0.0001425562  -0.0003961858   0.0022581906   0.0030657225   0.0002966125
        0.0001876536  -0.0009291236  -0.0485693270   0.0082483860   0.0055880379
       -0.1920810232   0.0705734499   0.0135423744   0.0226568673   0.0502514332
       -0.0037746539  -0.0400116606   0.0039690193   0.0041067382   0.0095406070
       -0.0535702289   0.0001017409  -0.2301254664  -0.0587007158   0.0236849249
        0.6098985069  -0.0093189779  -0.0591188862  -0.0809930387  -0.0174140765
        0.0043287763   0.0063765547   0.0249250772  -0.0014554595  -0.0029868992
       -0.0112077722  -0.0002301699  -0.0443898658   0.0128338156   0.0053221710
       -0.0000628249   0.0000545006  -0.0000535205  -0.0000425956  -0.0000595415
       -0.0002089073   0.0000331761  -0.0000359037  -0.0000230402   0.0001643610
       -0.0001780325   0.0001133581   0.0008015042  -0.0014459360   0.0010707486
       -0.0005378125   0.0001258383   0.0000897942   0.0006165988   0.0000954319
        0.0005054638  -0.0039723270  -0.0271474838   0.0016485175  -0.0034720181
        0.0036993305   0.0016852800   0.0005350817  -0.0005274887  -0.0000838893
       -0.0032804625   0.0027328701   0.0012327099
       -0.0000133369  -0.0000389277  -0.0000976663  -0.0005314674  -0.0008884319
       -0.0000987525  -0.0007439560   0.0006786251   0.0009312444  -0.0000009857
       -0.0003287800  -0.0005814507  -0.0092974982   0.0077729011   0.0003582169
        0.1001984528  -0.1270936069  -0.0092594117   0.0070614796  -0.0595572043
        0.0004053238   0.0220415024   0.0035215517  -0.0024919416  -0.0328422324
       -0.0080319378   0.0044279125  -0.0590671139  -0.1341244111   0.0085625268
       -0.0093189779   0.6503423987  -0.0140833646  -0.0500678694  -0.2718034324
        0.0142087565   0.0722433936  -0.0428889451  -0.0080269755  -0.0298674057
       -0.0360478847   0.0047819531  -0.0091448431   0.0463949089   0.0000055691
        0.0000024628   0.0000080448   0.0000106009   0.0000273229   0.0000865652
       -0.0000741576  -0.0000256783  -0.0000430921  -0.0000029845  -0.0000975454
       -0.0000453470   0.0000129036  -0.0004663917  -0.0054608533   0.0001555028
        0.0001782724   0.0007817892  -0.0000864066  -0.0007179881  -0.0055238041
        0.0002857732  -0.0055399885  -0.0148598311   0.0009465574   0.0029188976
       -0.0010266307  -0.0002129551  -0.0007318496  -0.0002213051   0.0001092904
        0.0038033441  -0.0016023591  -0.0001860648
       -0.0000033139   0.0000213289   0.0000431552   0.0000489428  -0.0000092601
        0.0000501854  -0.0002671957  -0.0008191616  -0.0005216047  -0.0005177817
       -0.0000693165   0.0001535709   0.0077750541   0.0001389305   0.0013981396
        0.0137366204  -0.0079497227  -0.0533315697  -0.0026334116  -0.0042193118
        0.0011555250   0.0037215236  -0.0006619863  -0.0041311235  -0.0002603519
        0.0067106787   0.0010235862   0.0227581848   0.0093161642  -0.0589071574
       -0.0591188862  -0.0140833646   0.1394586528   0.0054767252   0.0099835545
       -0.0522123024  -0.0026754451  -0.0020140488   0.0014366699   0.0006022573
        0.0022751949  -0.0060178789   0.0062805872  -0.0030453287   0.0005728997
        0.0000124678  -0.0000173577  -0.0000061193  -0.0000230200  -0.0000093963
        0.0000328247   0.0000004564   0.0000107234  -0.0000079284  -0.0000381497
        0.0000457708  -0.0000166951   0.0009147549   0.0004348801   0.0086263104
        0.0000272318  -0.0000373028  -0.0002155094   0.0006686411   0.0002029801
        0.0053905959   0.0007960148   0.0041129857   0.0010067738   0.0016574266
       -0.0001905977   0.0093883646  -0.0000782459   0.0000670469  -0.0002009129
        0.0011389128  -0.0001940831   0.0058315477
       -0.0001028429   0.0001118052  -0.0000127111  -0.0001827337  -0.0011228210
        0.0001176628   0.0003328438   0.0029530346   0.0005842187  -0.0002430668
       -0.0007684163  -0.0004551664  -0.0003339855  -0.0002992798  -0.0008756603
       -0.0033762217   0.0354424713  -0.0005109614  -0.0080952128  -0.0034157324
        0.0016264207   0.0058973678   0.0002583104  -0.0007182493  -0.0066768250
        0.0025180100   0.0016083087   0.0109216777  -0.0330229045  -0.0005638899
       -0.0809930387  -0.0500678694   0.0054767252   0.6899155464  -0.0297296213
       -0.0762894563  -0.2816176415   0.1694052918   0.0273941297  -0.0660219452
       -0.0181300588   0.0095064091  -0.0069620164   0.0254683134  -0.0002096384
        0.0001107000  -0.0000787387   0.0000806473  -0.0000405918   0.0001968138
        0.0000313282  -0.0001020099  -0.0000457982   0.0000052389  -0.0001602628
        0.0002154084  -0.0000412889  -0.0001024580   0.0013878904   0.0000273481
       -0.0000001587   0.0000152289  -0.0001784202  -0.0004005109  -0.0014062615
        0.0000736603  -0.2480766154  -0.0989592661   0.0320838453   0.0003908458
        0.0011110788  -0.0002509449  -0.0047180054  -0.0024873930   0.0015430320
        0.0006371617   0.0004505038  -0.0000525881
       -0.0000900954   0.0000104959  -0.0000166843  -0.0003493719  -0.0006712999
        0.0001407767   0.0005697355   0.0019091073  -0.0000546183   0.0000886716
       -0.0005815928   0.0001722937  -0.0035475040  -0.0012796726   0.0004256576
        0.0292804112  -0.0555584339  -0.0026981082   0.0147479568   0.0187679778
       -0.0019684295  -0.0172706738  -0.0009128595   0.0019202941   0.0024134915
       -0.0123928124   0.0000833496  -0.0553758330  -0.0091761515   0.0079545218
       -0.0174140765  -0.2718034324   0.0099835545  -0.0297296213   0.6236610610
       -0.0121295855   0.0969578483  -0.1869030323  -0.0093715865   0.0357787401
        0.0530477758  -0.0060732425   0.0190000228  -0.0444201406  -0.0014696071
        0.0000389199  -0.0000285586   0.0000573934  -0.0000046357   0.0000734184
        0.0000559730  -0.0000574842   0.0000066741   0.0000366207  -0.0000071255
        0.0000557609   0.0000101643  -0.0001280965  -0.0006576904   0.0000579997
       -0.0000853400   0.0002271495   0.0000067568   0.0001973688  -0.0004928233
        0.0000150243  -0.0975581461  -0.0910025012   0.0150254592   0.0249273236
       -0.0214796297  -0.0025345417  -0.0028886823  -0.0001213021   0.0005738940
        0.0005061962  -0.0002774877  -0.0002033298
        0.0000350474  -0.0000567007  -0.0001294153  -0.0001294746   0.0002046927
       -0.0000135124   0.0001321144  -0.0010796175  -0.0015632896  -0.0010782312
        0.0007716085   0.0004711692   0.0007370737   0.0004536177  -0.0012471399
       -0.0005245592  -0.0033029335   0.0005147666   0.0013983730   0.0002060735
        0.0053435056  -0.0004895570  -0.0000711127  -0.0001912728   0.0015980621
       -0.0000067607   0.0059392297   0.0002889864   0.0045545028   0.0011669605
        0.0043287763   0.0142087565  -0.0522123024  -0.0762894563  -0.0121295855
        0.1252484101   0.0289878185  -0.0187267138  -0.0470322838   0.0080776094
        0.0011233315  -0.0000539484  -0.0000140704  -0.0022966880  -0.0036149172
       -0.0000325938   0.0000229425   0.0000437257  -0.0000526730   0.0000148454
        0.0000394754  -0.0000073852  -0.0000059944   0.0000291375   0.0000612864
       -0.0000450685   0.0000427536   0.0000541930  -0.0001634036   0.0002418765
       -0.0001747684  -0.0000355124  -0.0013509092   0.0000132919   0.0001791952
       -0.0001797258   0.0323212935   0.0152336147  -0.0379972731  -0.0006969890
        0.0005165670   0.0006885877   0.0015786423   0.0004936579   0.0059369097
       -0.0001228102  -0.0000633147  -0.0001205179
        0.0000513703  -0.0000213968  -0.0000111205   0.0000800477   0.0002730620
       -0.0000648751  -0.0000516556  -0.0000330100   0.0003431585   0.0001198755
       -0.0000009385  -0.0000192944  -0.0004833197   0.0001062164  -0.0001191907
        0.0135005750  -0.0225264593  -0.0004697830   0.0110768979   0.0164724653
       -0.0016240095  -0.0180389310   0.0010138547   0.0021036849   0.0057145044
       -0.0174632799  -0.0004720551  -0.0418983621   0.0219526179   0.0044427309
        0.0063765547   0.0722433936  -0.0026754451  -0.2816176415   0.0969578483
        0.0289878185   0.6413029844  -0.0351842223  -0.0702590192  -0.2526757745
       -0.0363574560   0.0286930286   0.0119533156  -0.0843257901   0.0007113721
       -0.0000463751   0.0000245756  -0.0000204356  -0.0000139334  -0.0000460208
       -0.0000248132   0.0000397010  -0.0000047016  -0.0000149117   0.0000267678
       -0.0000258294   0.0000352637   0.0001242609   0.0000064081  -0.0000819635
       -0.0000629329   0.0000298879   0.0000403437   0.0001919805  -0.0000314073
       -0.0000467520  -0.0267691968   0.0146734795   0.0035151320  -0.0452218913
       -0.0192752252   0.0023343177  -0.0250040600  -0.0083068399   0.0037283352
        0.0013252382  -0.0001512324   0.0009684830
        0.0000007312  -0.0000188213  -0.0000073325  -0.0002106120  -0.0000023423
        0.0000517830   0.0006960207  -0.0002162292   0.0000850231  -0.0004467245
        0.0001387006   0.0000375011  -0.0007634091   0.0007740849  -0.0003092109
       -0.0036024795  -0.0031359361   0.0008189860  -0.0002571015  -0.0025975750
        0.0001571239   0.0009970928   0.0006466845  -0.0001023099   0.0002693118
       -0.0008909263   0.0000122994   0.0034746121   0.0038150236  -0.0006828343
        0.0249250772  -0.0428889451  -0.0020140488   0.1694052918  -0.1869030323
       -0.0187267138  -0.0351842223   0.6777702055  -0.0109831176  -0.1138549834
       -0.1282363593   0.0175687775  -0.0304971630  -0.0262681017   0.0047371540
       -0.0000340623   0.0000127115  -0.0000090275   0.0000405297  -0.0000251308
       -0.0000395083  -0.0000001820  -0.0000079532   0.0000122525   0.0000172532
        0.0000133003   0.0000199816  -0.0000205244  -0.0003871505  -0.0000367465
       -0.0000475899   0.0001461439  -0.0000101056   0.0001296942   0.0002876190
       -0.0000298247  -0.0096429327   0.0064502879   0.0011886372  -0.0196350503
       -0.2989238456   0.0099593649   0.0152505913   0.0062545082  -0.0021638626
       -0.0010091690  -0.0058069212   0.0004657590
       -0.0000016990   0.0000026637   0.0000009985  -0.0000065315  -0.0000269449
       -0.0000028067  -0.0000546020   0.0000322719  -0.0000254840  -0.0000201721
        0.0000341918  -0.0000008896   0.0000623508  -0.0002183714  -0.0002442183
       -0.0007727101   0.0032571201   0.0061392270  -0.0014165343  -0.0020573804
        0.0003708842   0.0023823010  -0.0001280730   0.0001577342  -0.0007825484
        0.0023032513  -0.0000679640   0.0046307428  -0.0031133191  -0.0065321480
       -0.0014554595  -0.0080269755   0.0014366699   0.0273941297  -0.0093715865
       -0.0470322838  -0.0702590192  -0.0109831176   0.1241159757   0.0307159024
        0.0072051192  -0.0538231473  -0.0006426485   0.0118678533   0.0009261286
        0.0000072597  -0.0000036955   0.0000082732  -0.0000025374   0.0000154092
        0.0000021926  -0.0000096127  -0.0000001000  -0.0000006205   0.0000123449
       -0.0000038150  -0.0000052021  -0.0001145908   0.0000022551  -0.0008346594
        0.0000144427  -0.0000071371   0.0000315958  -0.0000573845  -0.0000034190
       -0.0002045124   0.0040211036  -0.0021486980   0.0005503808   0.0021048634
        0.0100164705  -0.0350277834   0.0031742613   0.0010089434   0.0008188322
        0.0010763478   0.0003470835   0.0092428266
        0.0000081774   0.0000287511   0.0000130259   0.0002152113   0.0001514159
       -0.0000681607  -0.0003267794  -0.0003549256  -0.0000990657   0.0000181230
       -0.0000439451   0.0000839922   0.0008549692   0.0003249924  -0.0000659928
       -0.0069074138   0.0104681819   0.0006960807  -0.0060411133  -0.0089576350
        0.0010069879   0.0111996785  -0.0003244178  -0.0012677245  -0.0079742591
        0.0154604236   0.0015331330   0.0252029926   0.0085168600  -0.0035175037
       -0.0029868992  -0.0298674057   0.0006022573  -0.0660219452   0.0357787401
        0.0080776094  -0.2526757745  -0.1138549834   0.0307159024   0.6234066667
       -0.0215659224  -0.0686533582  -0.0952114011   0.0120275790   0.0064557501
        0.0000159702  -0.0000149428  -0.0000062441   0.0000038711  -0.0000150736
       -0.0000338038   0.0000045929   0.0000194657  -0.0000183181  -0.0000352132
       -0.0000056077  -0.0000148670   0.0000308526  -0.0001378786  -0.0000326387
       -0.0002086069   0.0002263368  -0.0001050365  -0.0003015297  -0.0000141699
        0.0000112734  -0.0033487397   0.0029020599   0.0016108972  -0.0033517826
       -0.0030867518   0.0005657195  -0.2106845997   0.1204415840   0.0210804958
       -0.0048850477  -0.0281027308   0.0014295889
        0.0000078026   0.0000103988  -0.0000272978  -0.0000560973  -0.0000825862
        0.0000206486   0.0001452761   0.0000861326  -0.0000086751  -0.0001652630
        0.0000241124   0.0000173799  -0.0003335389  -0.0002901174   0.0000114095
       -0.0065253013   0.0120670269   0.0005254127  -0.0091695421  -0.0113543313
        0.0013160994   0.0168899939  -0.0027625220  -0.0019190119  -0.0032118152
        0.0194399794   0.0002284137   0.0551578399  -0.0616606961  -0.0060606487
       -0.0112077722  -0.0360478847   0.0022751949  -0.0181300588   0.0530477758
        0.0011233315  -0.0363574560  -0.1282363593   0.0072051192  -0.0215659224
        0.6954332318  -0.0105075219  -0.0594306294  -0.3766434836   0.0152390162
       -0.0000197379   0.0000143071   0.0000048213   0.0000027721   0.0000069212
       -0.0000043190  -0.0000024088  -0.0000150162  -0.0000028922  -0.0000199887
        0.0000064245  -0.0000112707  -0.0000629066   0.0000362291  -0.0000223634
        0.0002497333  -0.0001012272  -0.0000652182  -0.0000684088   0.0003679276
       -0.0000263499   0.0036720101  -0.0010825189  -0.0002755058  -0.0266053978
       -0.0156859926   0.0040214917   0.1206608948  -0.1309266114  -0.0141209792
       -0.0038540777  -0.0156511201   0.0010637154
       -0.0000012045   0.0000014100  -0.0000028371  -0.0000563046  -0.0000489473
        0.0000113577   0.0000239451   0.0000242707   0.0000475468   0.0000312614
       -0.0000417340   0.0000118551  -0.0000956436   0.0000063644  -0.0003051979
        0.0011255809  -0.0017450025  -0.0002038492   0.0011071046   0.0015517854
        0.0003219433  -0.0019211710   0.0000973363   0.0005175467   0.0019045990
       -0.0025054374   0.0057349334  -0.0044551982   0.0003817227   0.0017342585
       -0.0002301699   0.0047819531  -0.0060178789   0.0095064091  -0.0060732425
       -0.0000539484   0.0286930286   0.0175687775  -0.0538231473  -0.0686533582
       -0.0105075219   0.1244025065   0.0082163376   0.0057035660  -0.0449699857
       -0.0000030790   0.0000023951  -0.0000010476   0.0000022475   0.0000002137
        0.0000045159  -0.0000007076  -0.0000034477   0.0000019618   0.0000010932
       -0.0000035075   0.0000012670  -0.0000016311   0.0000178130   0.0000250994
       -0.0000911933  -0.0000429155  -0.0008710056   0.0000237842  -0.0000115013
       -0.0001330204   0.0016354237  -0.0000561421   0.0091418903   0.0013803895
        0.0009017610   0.0010239070   0.0210355929  -0.0140694314  -0.0371654949
        0.0008228638   0.0040694623   0.0005668238
       -0.0000066601  -0.0000265913   0.0000760241   0.0002267867   0.0001697304
       -0.0000714578  -0.0004443951  -0.0005729044  -0.0002955561   0.0000512692
        0.0002250425   0.0001445311  -0.0009064825   0.0011747920   0.0002929487
       -0.0071898423   0.0030071078   0.0016410054  -0.0065170929  -0.0069704248
        0.0009230949   0.0137137821  -0.0032357924  -0.0008729160  -0.0051128518
        0.0259259402   0.0003028494  -0.2240023902   0.1053031741   0.0199294763
       -0.0443898658  -0.0091448431   0.0062805872  -0.0069620164   0.0190000228
       -0.0000140704   0.0119533156  -0.0304971630  -0.0006426485  -0.0952114011
       -0.0594306294   0.0082163376   0.6159677250   0.0307335103  -0.0667799329
        0.0000370205  -0.0000386314  -0.0000159104   0.0000137460  -0.0000109438
       -0.0000559189  -0.0000022711   0.0000426692  -0.0000079719   0.0000186192
       -0.0000299773   0.0000093030   0.0000093780  -0.0001865063  -0.0002085344
        0.0002167684  -0.0003326973  -0.0000117185   0.0009932994  -0.0020609756
       -0.0003335242   0.0005406269   0.0005383285  -0.0001816074  -0.0046079402
       -0.0030212189   0.0015438283   0.0003755356   0.0250764032  -0.0005769017
       -0.2487646632  -0.0956374219   0.0307086831
        0.0000210812  -0.0000120490  -0.0000220702  -0.0000205404   0.0000416480
        0.0000018336  -0.0001221251  -0.0001070008   0.0000554385   0.0001114645
        0.0000489309  -0.0000063595  -0.0009820540   0.0005709953   0.0000251453
        0.0035651146  -0.0122631802  -0.0000302642   0.0107835939   0.0117011332
       -0.0014865923  -0.0219650346  -0.0026430862   0.0027769912   0.0348683073
       -0.0573029779  -0.0034463066   0.0720234099  -0.1270358641  -0.0072851570
        0.0128338156   0.0463949089  -0.0030453287   0.0254683134  -0.0444201406
       -0.0022966880  -0.0843257901  -0.0262681017   0.0118678533   0.0120275790
       -0.3766434836   0.0057035660   0.0307335103   0.6990022912  -0.0172496746
       -0.0000030088   0.0000049757   0.0000023739  -0.0000065561  -0.0000169866
        0.0000209664   0.0000145397   0.0000147040   0.0000075722   0.0000275330
       -0.0000253666   0.0000052647  -0.0000230106   0.0001302777   0.0000169602
        0.0011029241  -0.0010173893  -0.0001166019   0.0015999494   0.0007575088
       -0.0002414075   0.0005375683  -0.0002003944  -0.0000165380  -0.0025338611
       -0.0002418566   0.0006038780   0.0011529275  -0.0213222778   0.0003771741
       -0.0968896508  -0.0891472181   0.0137779712
        0.0000004750   0.0000043694  -0.0000234392  -0.0000681099  -0.0000465711
        0.0000330135   0.0000958218   0.0001595967  -0.0000802600  -0.0000651521
       -0.0000293311   0.0000476205   0.0001484177  -0.0002656301  -0.0003114424
        0.0017207622   0.0000411480   0.0062285433   0.0006423364   0.0007005864
       -0.0001954369  -0.0007005927   0.0005796464   0.0055967628   0.0000459296
       -0.0023166931   0.0006091469   0.0211981079  -0.0119268179  -0.0543722666
        0.0053221710   0.0000055691   0.0005728997  -0.0002096384  -0.0014696071
       -0.0036149172   0.0007113721   0.0047371540   0.0009261286   0.0064557501
        0.0152390162  -0.0449699857  -0.0667799329  -0.0172496746   0.1236603673
       -0.0000088274   0.0000073856   0.0000063693   0.0000003413   0.0000037152
        0.0000067817  -0.0000035852  -0.0000079309   0.0000045874   0.0000047503
        0.0000022554   0.0000028488  -0.0001501066   0.0000060060  -0.0013053056
       -0.0000218637   0.0000764710   0.0001960009  -0.0003866900   0.0002296421
       -0.0017665839  -0.0001050115  -0.0000661407  -0.0000955164   0.0015351004
        0.0005978587   0.0059421603   0.0000034532  -0.0028521885   0.0007197454
        0.0306147217   0.0138401645  -0.0378178226
       -0.1539147125   0.1100961510  -0.0125319229  -0.0185099154   0.0078120094
        0.0162345634   0.0017892660   0.0053778617   0.0005044494  -0.0003695997
       -0.0011925628   0.0013003405   0.0003263184  -0.0011909132  -0.0009342624
        0.0001563800   0.0004158370  -0.0000135437  -0.0000396402   0.0000996294
       -0.0000090230  -0.0000160835   0.0000245325  -0.0000022194   0.0000603254
       -0.0000013549  -0.0000115767   0.0000041695   0.0000069648   0.0000061677
       -0.0000628249   0.0000024628   0.0000124678   0.0001107000   0.0000389199
       -0.0000325938  -0.0000463751  -0.0000340623   0.0000072597   0.0000159702
       -0.0000197379  -0.0000030790   0.0000370205  -0.0000030088  -0.0000088274
        0.1829248253  -0.1316559272   0.0014649184  -0.0195445369   0.0173646595
       -0.0055394264   0.0075281198  -0.0067698306  -0.0000397363  -0.0004191154
       -0.0001288642  -0.0004445063  -0.0000111252  -0.0001055002   0.0000184584
        0.0000038501  -0.0000241093   0.0000025833  -0.0000089881  -0.0000172261
        0.0000024654   0.0000126003  -0.0000886437   0.0000098935   0.0000096323
       -0.0000038999   0.0000009491  -0.0000165838   0.0000081152   0.0000033469
       -0.0000196772  -0.0000115023   0.0000028536
        0.1089317365  -0.1546331089   0.0104474980   0.0066401570   0.0039645384
       -0.0097996520  -0.0019236774  -0.0018125558   0.0004674054   0.0001723227
        0.0001465443  -0.0006221328   0.0004796109   0.0003686834   0.0006471854
       -0.0003313506  -0.0001899913   0.0000330772   0.0000185958  -0.0000023083
        0.0000050362  -0.0000094338  -0.0000396289   0.0000078889  -0.0000190154
       -0.0000113878   0.0000053272   0.0000175677   0.0000014732  -0.0000074198
        0.0000545006   0.0000080448  -0.0000173577  -0.0000787387  -0.0000285586
        0.0000229425   0.0000245756   0.0000127115  -0.0000036955  -0.0000149428
        0.0000143071   0.0000023951  -0.0000386314   0.0000049757   0.0000073856
       -0.1316559272   0.1750892554  -0.0060613889  -0.0033172058   0.0044454645
        0.0000540056   0.0206306380  -0.0273211630   0.0047456569   0.0003900856
       -0.0000685835   0.0000870216  -0.0000226503   0.0000261726  -0.0000009435
        0.0000020359   0.0000200894  -0.0000026802   0.0000166417   0.0000073223
       -0.0000027403   0.0000080352   0.0000049829  -0.0000105109  -0.0000099980
       -0.0000058091   0.0000016093   0.0000158728  -0.0000108388  -0.0000027458
        0.0000191956   0.0000093686  -0.0000031673
       -0.0115003467   0.0082672705  -0.0397954641   0.0303290365  -0.0167526903
       -0.0117487580  -0.0010397275  -0.0053318693  -0.0007468898   0.0004128824
        0.0016622610  -0.0015758168   0.0000273219  -0.0000751670   0.0011038041
       -0.0002896434   0.0000424686  -0.0001110321   0.0000183119  -0.0000015137
        0.0000030517  -0.0000208579  -0.0000207576   0.0000191932   0.0000100668
        0.0000040334   0.0000041937  -0.0000230135  -0.0000202536  -0.0000015130
       -0.0000535205   0.0000106009  -0.0000061193   0.0000806473   0.0000573934
        0.0000437257  -0.0000204356  -0.0000090275   0.0000082732  -0.0000062441
        0.0000048213  -0.0000010476  -0.0000159104   0.0000023739   0.0000063693
        0.0014649184  -0.0060613889   0.0531571697  -0.0164989243   0.0151811900
       -0.0018585497  -0.0041751715   0.0038596923   0.0010672856   0.0012741442
       -0.0007953681   0.0005210583   0.0000012155  -0.0000049817   0.0000024153
        0.0000040545   0.0000057295  -0.0000036607   0.0000064368  -0.0000016160
       -0.0000051598   0.0000059540   0.0000002766  -0.0000771317   0.0000082116
       -0.0000142806  -0.0000027188  -0.0000027170  -0.0000066944  -0.0000015317
        0.0000033106  -0.0000025028  -0.0000011467
       -0.1587167559  -0.0406144136  -0.1190708808   0.0099411693   0.0031224147
        0.0084251003   0.0021023263   0.0000669829   0.0004561941  -0.0001756750
        0.0000862750  -0.0004759384  -0.0016977056  -0.0008063506   0.0011627017
       -0.0009761768  -0.0002385015   0.0003253050   0.0001489222  -0.0000518408
       -0.0000239303   0.0000006436   0.0000242693   0.0000019147  -0.0000032501
        0.0000281798  -0.0000005934  -0.0000496668  -0.0000327719   0.0000034167
       -0.0000425956   0.0000273229  -0.0000230200  -0.0000405918  -0.0000046357
       -0.0000526730  -0.0000139334   0.0000405297  -0.0000025374   0.0000038711
        0.0000027721   0.0000022475   0.0000137460  -0.0000065561   0.0000003413
       -0.0195445369  -0.0033172058  -0.0164989243   0.1795831704   0.0462710428
        0.1312222543  -0.0099416701  -0.0050645011  -0.0087088882  -0.0007268500
        0.0002981792   0.0032112895   0.0000174701   0.0000391167  -0.0000068124
        0.0000257780   0.0000277852  -0.0000036686   0.0000099950   0.0000098717
       -0.0000007317   0.0000284886   0.0001139316   0.0000663034   0.0000188922
       -0.0000196361  -0.0000027247   0.0000206877  -0.0000028468  -0.0000023241
        0.0000142477   0.0000005866  -0.0000034212
       -0.0393392448  -0.0579926814  -0.0413979979  -0.0017772296  -0.0010219221
       -0.0039316976   0.0008059891   0.0014587733   0.0000566126  -0.0001765613
       -0.0002069585   0.0001631028  -0.0009754525  -0.0013827862   0.0004866193
       -0.0007232952   0.0000409319   0.0001345600   0.0000196983   0.0000831050
       -0.0000336420  -0.0000312919  -0.0000160022   0.0000039130   0.0000415732
       -0.0000280685  -0.0000038444   0.0000135191  -0.0000039545  -0.0000031225
       -0.0000595415   0.0000865652  -0.0000093963   0.0001968138   0.0000734184
        0.0000148454  -0.0000460208  -0.0000251308   0.0000154092  -0.0000150736
        0.0000069212   0.0000002137  -0.0000109438  -0.0000169866   0.0000037152
        0.0173646595   0.0044454645   0.0151811900   0.0462710428   0.0630246125
        0.0490178355  -0.0219592598  -0.0091592449  -0.0191206912   0.0003139351
        0.0008704966  -0.0005177333   0.0000185677  -0.0001148254   0.0000299307
        0.0000150547  -0.0000011448  -0.0000020456   0.0000128008  -0.0000110962
       -0.0000021256   0.0000311248  -0.0000573588  -0.0000822361   0.0000156131
       -0.0000333794  -0.0000036708  -0.0000081735  -0.0000115096   0.0000004034
        0.0000016961  -0.0000072387  -0.0000001477
       -0.1135376653  -0.0394012107  -0.1551614003  -0.0158268071  -0.0105949643
       -0.0319956794  -0.0018743758  -0.0010973931  -0.0022619587  -0.0004721066
       -0.0001443800   0.0018255422   0.0008557541   0.0006222119   0.0013637583
        0.0009606532   0.0004899307  -0.0000299498  -0.0002386587  -0.0002102985
        0.0000044993   0.0000040662  -0.0000378551  -0.0000222704  -0.0000727938
       -0.0000374942   0.0000094081  -0.0000202544   0.0000383358  -0.0000120320
       -0.0002089073  -0.0000741576   0.0000328247   0.0000313282   0.0000559730
        0.0000394754  -0.0000248132  -0.0000395083   0.0000021926  -0.0000338038
       -0.0000043190   0.0000045159  -0.0000559189   0.0000209664   0.0000067817
       -0.0055394264   0.0000540056  -0.0018585497   0.1312222543   0.0490178355
        0.1889610160   0.0020617158   0.0002672541   0.0040453489   0.0028051523
        0.0011742058  -0.0048976840   0.0000008115   0.0000729227  -0.0000045322
       -0.0000420506  -0.0000343307   0.0000083472  -0.0000254372  -0.0000072761
        0.0000066601   0.0001053568  -0.0001617464  -0.0000693357  -0.0000184916
        0.0000240127  -0.0000022922  -0.0000284345   0.0000059744   0.0000021113
       -0.0000271471   0.0000013054   0.0000032026
       -0.0793270669  -0.0821000273   0.0163045729  -0.0117340868  -0.0132480666
        0.0099781681   0.0015139066  -0.0015237755   0.0029679370  -0.0015096808
        0.0001667231   0.0007123055  -0.0004314990   0.0001947960   0.0001299387
        0.0004145492   0.0001571206   0.0000879049  -0.0000451704  -0.0000363497
       -0.0000047790   0.0000274384   0.0000172318  -0.0000210180  -0.0000271908
       -0.0000094538  -0.0000017455   0.0000235843   0.0000274048  -0.0000058714
        0.0000331761  -0.0000256783   0.0000004564  -0.0001020099  -0.0000574842
       -0.0000073852   0.0000397010  -0.0000001820  -0.0000096127   0.0000045929
       -0.0000024088  -0.0000007076  -0.0000022711   0.0000145397  -0.0000035852
        0.0075281198   0.0206306380  -0.0041751715  -0.0099416701  -0.0219592598
        0.0020617158   0.0934463558   0.0977307788  -0.0274977925   0.0001827686
        0.0000217114  -0.0005885143  -0.0000164298   0.0000348657   0.0000094589
       -0.0000092703  -0.0000050129   0.0000040418  -0.0000085815   0.0000011971
        0.0000049175  -0.0000289485  -0.0000663920   0.0000456437  -0.0000242097
        0.0000264621   0.0000063825  -0.0000000905   0.0000077651   0.0000018214
       -0.0000060167   0.0000028568   0.0000009177
       -0.0829054361  -0.2321820494   0.0403875899  -0.0044065340   0.0039047289
        0.0053529680   0.0017083254  -0.0006658848  -0.0002324088  -0.0000914397
        0.0003072682   0.0002459450  -0.0003984984   0.0002622688   0.0001197553
        0.0005477529   0.0000825003   0.0000270834  -0.0000316613  -0.0000896288
        0.0000038252   0.0000014757   0.0000397139  -0.0000160093  -0.0000000264
        0.0000416828  -0.0000034119  -0.0000330000  -0.0000251010   0.0000012143
       -0.0000359037  -0.0000430921   0.0000107234  -0.0000457982   0.0000066741
       -0.0000059944  -0.0000047016  -0.0000079532  -0.0000001000   0.0000194657
       -0.0000150162  -0.0000034477   0.0000426692   0.0000147040  -0.0000079309
       -0.0067698306  -0.0273211630   0.0038596923  -0.0050645011  -0.0091592449
        0.0002672541   0.0977307788   0.2639912099  -0.0497815825  -0.0001710599
        0.0007616487  -0.0002614261   0.0000151644   0.0000760322   0.0000004620
       -0.0000040049  -0.0000122402   0.0000019923  -0.0000230801  -0.0000024058
        0.0000048546  -0.0000498901  -0.0000061937   0.0000237652  -0.0000064344
        0.0000300653   0.0000011795  -0.0000086642   0.0000154712   0.0000023443
       -0.0000151675  -0.0000039951   0.0000016629
        0.0136987938   0.0390173278  -0.0479667748   0.0226518928   0.0226330795
       -0.0157912750  -0.0030429311   0.0015525850  -0.0043484259   0.0029573441
       -0.0002820312  -0.0017609308  -0.0004809820   0.0000075513   0.0008151488
       -0.0000270964  -0.0002415267   0.0000765304  -0.0000465546  -0.0000790549
        0.0000265499  -0.0000043719  -0.0000258018  -0.0000048598  -0.0000069184
        0.0000033384   0.0000059055  -0.0000317897  -0.0000152706  -0.0000097246
       -0.0000230402  -0.0000029845  -0.0000079284   0.0000052389   0.0000366207
        0.0000291375  -0.0000149117   0.0000122525  -0.0000006205  -0.0000183181
       -0.0000028922   0.0000019618  -0.0000079719   0.0000075722   0.0000045874
       -0.0000397363   0.0047456569   0.0010672856  -0.0087088882  -0.0191206912
        0.0040453489  -0.0274977925  -0.0497815825   0.0632591973   0.0006170203
        0.0014793661   0.0006080781  -0.0000047276   0.0000347065  -0.0000129178
       -0.0000052038   0.0000068969  -0.0000015166   0.0000041748   0.0000073263
       -0.0000000144   0.0000101385   0.0000139313  -0.0000285264   0.0000031384
       -0.0000074203  -0.0000009383   0.0000068435  -0.0000033306  -0.0000025392
        0.0000066494   0.0000043750  -0.0000027388
        0.0068842477   0.0062820954   0.0086483674  -0.1364805400  -0.0864384265
       -0.1344452344  -0.0154746988  -0.0099564027  -0.0248820049   0.0026560393
        0.0022836369   0.0000111848  -0.0047252514  -0.0036358501   0.0018029899
        0.0000916395  -0.0013944894  -0.0007913603  -0.0004450825  -0.0001458826
       -0.0000009442  -0.0000028601  -0.0000901680   0.0001259168  -0.0000125722
       -0.0000020547   0.0000020320   0.0000106183   0.0000082904   0.0000242156
        0.0001643610  -0.0000975454  -0.0000381497  -0.0001602628  -0.0000071255
        0.0000612864   0.0000267678   0.0000172532   0.0000123449  -0.0000352132
       -0.0000199887   0.0000010932   0.0000186192   0.0000275330   0.0000047503
       -0.0004191154   0.0003900856   0.0012741442  -0.0007268500   0.0003139351
        0.0028051523   0.0001827686  -0.0001710599   0.0006170203   0.1485550248
        0.0925675745   0.1449010068  -0.0000337164   0.0001004850  -0.0000138869
       -0.0000391769  -0.0000116850   0.0000057367  -0.0000160500   0.0000077378
       -0.0000195638  -0.0000104642  -0.0000874258  -0.0001028989  -0.0000216390
        0.0000366865   0.0000003093   0.0000151083   0.0000133292  -0.0000037088
       -0.0000017016   0.0000094616   0.0000002010
        0.0006778435  -0.0036670480  -0.0015456452  -0.0794111135  -0.0630828809
       -0.1055407441  -0.0114712921  -0.0105460408  -0.0109576915   0.0030460179
       -0.0011405662  -0.0013522538  -0.0045711664   0.0014688792   0.0013624510
       -0.0010800028   0.0004024326  -0.0010758702   0.0000603261   0.0000963278
       -0.0000040791  -0.0000173539   0.0000162816   0.0001089786   0.0000141083
       -0.0000305223   0.0000007869  -0.0000133483   0.0000034813   0.0000832970
       -0.0001780325  -0.0000453470   0.0000457708   0.0002154084   0.0000557609
       -0.0000450685  -0.0000258294   0.0000133003  -0.0000038150  -0.0000056077
        0.0000064245  -0.0000035075  -0.0000299773  -0.0000253666   0.0000022554
       -0.0001288642  -0.0000685835  -0.0007953681   0.0002981792   0.0008704966
        0.0011742058   0.0000217114   0.0007616487   0.0014793661   0.0925675745
        0.0750792606   0.1171427127  -0.0000071623  -0.0000659499  -0.0000849046
        0.0000108769  -0.0000000183  -0.0000034838   0.0000064936  -0.0000088549
       -0.0000319642   0.0000016283  -0.0000264321   0.0000342128   0.0000244392
       -0.0000476108   0.0000013868  -0.0000038018  -0.0000110216   0.0000009294
       -0.0000010552  -0.0000080512   0.0000080421
       -0.0121685854  -0.0077208009  -0.0214374815  -0.1343828090  -0.1099652566
       -0.2528692366  -0.0041972989  -0.0000142711   0.0065793479   0.0005514593
        0.0002390277  -0.0025031285   0.0029043261   0.0011850425   0.0019228748
        0.0001606427  -0.0002480542   0.0003051682   0.0000067328   0.0000047559
       -0.0000006500  -0.0000050933  -0.0000386810  -0.0000132551   0.0000101312
        0.0000302224   0.0000013154  -0.0000130359  -0.0000183831  -0.0000288388
        0.0001133581   0.0000129036  -0.0000166951  -0.0000412889   0.0000101643
        0.0000427536   0.0000352637   0.0000199816  -0.0000052021  -0.0000148670
       -0.0000112707   0.0000012670   0.0000093030   0.0000052647   0.0000028488
       -0.0004445063   0.0000870216   0.0005210583   0.0032112895  -0.0005177333
       -0.0048976840  -0.0005885143  -0.0002614261   0.0006080781   0.1449010068
        0.1171427127   0.2718356118  -0.0000157204   0.0000308562   0.0000076618
        0.0000000656   0.0000164944  -0.0000005622   0.0000096536   0.0000073079
        0.0000031326  -0.0000633659  -0.0000052806  -0.0000548036  -0.0000086737
        0.0000028398   0.0000020720   0.0000190905  -0.0000000907  -0.0000019016
        0.0000114362   0.0000066532  -0.0000037512
       -0.0000051082   0.0000059923   0.0000331734   0.0000073427  -0.0000190525
       -0.0000912624  -0.0002138312   0.0000936325  -0.0002273356   0.0000607945
       -0.0001373929  -0.0000232176   0.0014856441  -0.0003886060  -0.0002864392
       -0.0002612591   0.0016205493   0.0003914280  -0.2149429116   0.1226420214
        0.0180781747  -0.0237773926   0.0148526217   0.0025500080  -0.0045857843
       -0.0029304053   0.0012883698   0.0003932839  -0.0006234337  -0.0000766844
        0.0008015042  -0.0004663917   0.0009147549  -0.0001024580  -0.0001280965
        0.0000541930   0.0001242609  -0.0000205244  -0.0001145908   0.0000308526
       -0.0000629066  -0.0000016311   0.0000093780  -0.0000230106  -0.0001501066
       -0.0000111252  -0.0000226503   0.0000012155   0.0000174701   0.0000185677
        0.0000008115  -0.0000164298   0.0000151644  -0.0000047276  -0.0000337164
       -0.0000071623  -0.0000157204   0.2413517029  -0.1359389787  -0.0221758309
        0.0007475485   0.0006961966  -0.0003455160  -0.0011686686   0.0007872955
        0.0001601116   0.0000361688   0.0000260378   0.0000134588  -0.0000030593
        0.0000286244  -0.0000042426  -0.0000088255   0.0000160018   0.0000354276
        0.0000646187  -0.0000340940  -0.0000038216
        0.0000290137  -0.0000741060  -0.0000158600  -0.0001668869   0.0002699453
        0.0000469378   0.0004786817  -0.0009228165  -0.0003661879  -0.0001914619
        0.0003917373   0.0002098109   0.0003626271   0.0031772644  -0.0002679146
        0.0264579813  -0.0216059264  -0.0026213492   0.1218719342  -0.1309728052
       -0.0120844336  -0.0082532899   0.0065311853   0.0007670529  -0.0025512446
       -0.0002205586   0.0004259082  -0.0005631102  -0.0001401523   0.0000665204
       -0.0014459360  -0.0054608533   0.0004348801   0.0013878904  -0.0006576904
       -0.0001634036   0.0000064081  -0.0003871505   0.0000022551  -0.0001378786
        0.0000362291   0.0000178130  -0.0001865063   0.0001302777   0.0000060060
       -0.0001055002   0.0000261726  -0.0000049817   0.0000391167  -0.0001148254
        0.0000729227   0.0000348657   0.0000760322   0.0000347065   0.0001004850
       -0.0000659499   0.0000308562  -0.1359389787   0.1488452434   0.0132775541
       -0.0009006573   0.0009410590   0.0000519608  -0.0005766563   0.0002572089
        0.0001042710   0.0000767344   0.0000827913  -0.0000089283   0.0001103902
       -0.0001225171  -0.0000118177   0.0000167491  -0.0000194763   0.0000001727
        0.0000452293  -0.0000003185  -0.0000047518
        0.0000250363  -0.0000051962   0.0000433061  -0.0000801000  -0.0000543112
       -0.0001967950  -0.0007701151  -0.0000519648   0.0009515931   0.0002515017
        0.0001914148  -0.0003679108  -0.0001836228  -0.0000625188  -0.0041955444
        0.0001474174   0.0007252280   0.0020213304   0.0178121810  -0.0127883299
       -0.0351641710   0.0031588432  -0.0016768926   0.0003702769   0.0011986450
        0.0005207736   0.0058414134  -0.0000687801  -0.0000224903  -0.0002600369
        0.0010707486   0.0001555028   0.0086263104   0.0000273481   0.0000579997
        0.0002418765  -0.0000819635  -0.0000367465  -0.0008346594  -0.0000326387
       -0.0000223634   0.0000250994  -0.0002085344   0.0000169602  -0.0013053056
        0.0000184584  -0.0000009435   0.0000024153  -0.0000068124   0.0000299307
       -0.0000045322   0.0000094589   0.0000004620  -0.0000129178  -0.0000138869
       -0.0000849046   0.0000076618  -0.0221758309   0.0132775541   0.0256565579
       -0.0002874170  -0.0000938302  -0.0019537100   0.0001296475  -0.0000787960
        0.0000258641   0.0000231406   0.0000016041   0.0001907998   0.0000003069
       -0.0000067737  -0.0000154129   0.0000407273   0.0000038794   0.0002896868
       -0.0000037592   0.0000047522   0.0000168040
       -0.0000096737  -0.0000094096  -0.0000169249  -0.0001458100  -0.0000855925
       -0.0000591798   0.0001424920   0.0000808607   0.0004616034   0.0000225560
       -0.0000589918  -0.0001365559  -0.0008186478  -0.0017705096  -0.0001279287
       -0.0039877432  -0.0016109724   0.0011865924  -0.0039326100  -0.0270324685
        0.0011956787  -0.0451809158  -0.0199330670   0.0017322366   0.0009612990
        0.0245734566  -0.0004543373  -0.0034140665   0.0027343533   0.0015930016
       -0.0005378125   0.0001782724   0.0000272318  -0.0000001587  -0.0000853400
       -0.0001747684  -0.0000629329  -0.0000475899   0.0000144427  -0.0002086069
        0.0002497333  -0.0000911933   0.0002167684   0.0011029241  -0.0000218637
        0.0000038501   0.0000020359   0.0000040545   0.0000257780   0.0000150547
       -0.0000420506  -0.0000092703  -0.0000040049  -0.0000052038  -0.0000391769
        0.0000108769   0.0000000656   0.0007475485  -0.0009006573  -0.0002874170
        0.0553324940   0.0215645166  -0.0043187574   0.0007427353   0.0008409558
       -0.0005128517   0.0000219200   0.0000705917  -0.0000038740   0.0000096340
        0.0000068416   0.0000379312  -0.0000054998   0.0001085944  -0.0000051292
        0.0001258496  -0.0000004644   0.0000051972
        0.0000146683  -0.0000191529  -0.0000528215  -0.0002706953  -0.0001153414
        0.0000008483   0.0005851321   0.0002405384   0.0005613422  -0.0001263681
       -0.0000184022  -0.0001588405  -0.0006721953  -0.0010466532  -0.0002967492
       -0.0023116295   0.0004398549   0.0002527513  -0.0035733816  -0.0156110898
        0.0007772857  -0.0198326871  -0.3002595431   0.0071836640   0.0007832970
       -0.0215163036   0.0002520499   0.0037006116  -0.0009076129  -0.0002776160
        0.0001258383   0.0007817892  -0.0000373028   0.0000152289   0.0002271495
       -0.0000355124   0.0000298879   0.0001461439  -0.0000071371   0.0002263368
       -0.0001012272  -0.0000429155  -0.0003326973  -0.0010173893   0.0000764710
       -0.0000241093   0.0000200894   0.0000057295   0.0000277852  -0.0000011448
       -0.0000343307  -0.0000050129  -0.0000122402   0.0000068969  -0.0000116850
       -0.0000000183   0.0000164944   0.0006961966   0.0009410590  -0.0000938302
        0.0215645166   0.3370331669  -0.0081187111  -0.0006001467   0.0009505745
        0.0000100784  -0.0000091208   0.0000157652   0.0000012690   0.0000017144
       -0.0000382315   0.0000088126   0.0000272046  -0.0001260993  -0.0000035278
       -0.0000286895  -0.0000056811   0.0000056016
        0.0000006310   0.0000024156   0.0000194649   0.0000475560   0.0000359182
       -0.0000189408  -0.0000268241  -0.0000864281   0.0001469970   0.0000505685
        0.0000590886  -0.0001208522   0.0000675100   0.0003682310  -0.0001741779
        0.0012152642   0.0003012087   0.0062013551   0.0005562322   0.0035328478
        0.0008490441   0.0016675925   0.0073034579  -0.0345310483   0.0000478118
       -0.0028459874   0.0006004836   0.0016420126  -0.0001403352   0.0092420310
        0.0000897942  -0.0000864066  -0.0002155094  -0.0001784202   0.0000067568
       -0.0013509092   0.0000403437  -0.0000101056   0.0000315958  -0.0001050365
       -0.0000652182  -0.0008710056  -0.0000117185  -0.0001166019   0.0001960009
        0.0000025833  -0.0000026802  -0.0000036607  -0.0000036686  -0.0000020456
        0.0000083472   0.0000040418   0.0000019923  -0.0000015166   0.0000057367
       -0.0000034838  -0.0000005622  -0.0003455160   0.0000519608  -0.0019537100
       -0.0043187574  -0.0081187111   0.0245091181  -0.0004907844  -0.0001731615
       -0.0030452548  -0.0000008723  -0.0000091505   0.0000261972   0.0000400423
        0.0000087530   0.0003054987  -0.0000011545  -0.0000152578  -0.0000061644
        0.0000050317   0.0000029425   0.0001571789
        0.0000145463   0.0000004881  -0.0000357084  -0.0001761763  -0.0001337099
        0.0000116862   0.0004177917   0.0003465597   0.0003741325  -0.0000905300
       -0.0000854996  -0.0001327110   0.0000652092  -0.0000893143  -0.0005638153
        0.0005415271   0.0005459051   0.0000281829  -0.0034144209   0.0034217716
        0.0015905971  -0.0263285373  -0.0094142877   0.0035941861  -0.2513770778
       -0.0948337551   0.0300099505  -0.0054111293  -0.0048636244   0.0008998377
        0.0006165988  -0.0007179881   0.0006686411  -0.0004005109   0.0001973688
        0.0000132919   0.0001919805   0.0001296942  -0.0000573845  -0.0003015297
       -0.0000684088   0.0000237842   0.0009932994   0.0015999494  -0.0003866900
       -0.0000089881   0.0000166417   0.0000064368   0.0000099950   0.0000128008
       -0.0000254372  -0.0000085815  -0.0000230801   0.0000041748  -0.0000160500
        0.0000064936   0.0000096536  -0.0011686686  -0.0005766563   0.0001296475
        0.0007427353  -0.0006001467  -0.0004907844   0.2846663295   0.1051324274
       -0.0357197967   0.0000055695  -0.0001003135   0.0000577777   0.0000296537
       -0.0000095227   0.0000030515   0.0000446881   0.0000800667   0.0000182283
        0.0003622763   0.0000261400  -0.0000309327
        0.0000149054  -0.0000100093  -0.0000161066  -0.0000938040   0.0000064266
        0.0000132853   0.0002711553  -0.0000167034   0.0000982902  -0.0001032062
        0.0000373185  -0.0000190427   0.0000543874   0.0001785914  -0.0001736643
        0.0005432853  -0.0005250282  -0.0000479409   0.0029195953  -0.0010487188
       -0.0001959852   0.0147215689   0.0063609326  -0.0020167073  -0.0962441151
       -0.0879022520   0.0133722008  -0.0266236544  -0.0143630426   0.0036875407
        0.0000954319  -0.0055238041   0.0002029801  -0.0014062615  -0.0004928233
        0.0001791952  -0.0000314073   0.0002876190  -0.0000034190  -0.0000141699
        0.0003679276  -0.0000115013  -0.0020609756   0.0007575088   0.0002296421
       -0.0000172261   0.0000073223  -0.0000016160   0.0000098717  -0.0000110962
       -0.0000072761   0.0000011971  -0.0000024058   0.0000073263   0.0000077378
       -0.0000088549   0.0000073079   0.0007872955   0.0002572089  -0.0000787960
        0.0008409558   0.0009505745  -0.0001731615   0.1051324274   0.1016255983
       -0.0149432166  -0.0000422006  -0.0004832593   0.0000388724   0.0000792860
        0.0000340398  -0.0000104606   0.0000482726   0.0000909228  -0.0000051673
        0.0011096474  -0.0005739930  -0.0001325797
        0.0000085028   0.0000045265   0.0000138324  -0.0000207450  -0.0000304636
       -0.0001028354  -0.0004334403  -0.0001962126   0.0002049351   0.0001028414
        0.0000703555  -0.0000745467   0.0001223636   0.0001937331  -0.0020975150
        0.0000193285  -0.0002010103   0.0008555209   0.0015002462  -0.0002744525
        0.0087388707   0.0030471594   0.0011223137  -0.0000551502   0.0302101036
        0.0131666467  -0.0372380944   0.0013049958   0.0009603900   0.0008496013
        0.0005054638   0.0002857732   0.0053905959   0.0000736603   0.0000150243
       -0.0001797258  -0.0000467520  -0.0000298247  -0.0002045124   0.0000112734
       -0.0000263499  -0.0001330204  -0.0003335242  -0.0002414075  -0.0017665839
        0.0000024654  -0.0000027403  -0.0000051598  -0.0000007317  -0.0000021256
        0.0000066601   0.0000049175   0.0000048546  -0.0000000144  -0.0000195638
       -0.0000319642   0.0000031326   0.0001601116   0.0001042710   0.0000258641
       -0.0005128517   0.0000100784  -0.0030452548  -0.0357197967  -0.0149432166
        0.0280699056   0.0000427523   0.0000373792   0.0003643292   0.0000012286
        0.0000028303   0.0000254293   0.0000194287  -0.0000046322   0.0001940825
       -0.0000494373   0.0000062236   0.0001596538
       -0.0000961304   0.0000432815   0.0000654957  -0.0003093820  -0.0001734146
        0.0000176265   0.0000578185  -0.0000801175  -0.0012135180  -0.0005377324
        0.0005686803  -0.0001561537   0.0008768131   0.0026247784   0.0003430831
       -0.0010176527   0.0002511487  -0.0000885611  -0.0002856092  -0.0000841219
        0.0000274869   0.0000667060   0.0000453524  -0.0000420126  -0.0002917440
        0.0001600230   0.0000206873   0.0009654216  -0.0004996316   0.0007051897
       -0.0039723270  -0.0055399885   0.0007960148  -0.2480766154  -0.0975581461
        0.0323212935  -0.0267691968  -0.0096429327   0.0040211036  -0.0033487397
        0.0036720101   0.0016354237   0.0005406269   0.0005375683  -0.0001050115
        0.0000126003   0.0000080352   0.0000059540   0.0000284886   0.0000311248
        0.0001053568  -0.0000289485  -0.0000498901   0.0000101385  -0.0000104642
        0.0000016283  -0.0000633659   0.0000361688   0.0000767344   0.0000231406
        0.0000219200  -0.0000091208  -0.0000008723   0.0000055695  -0.0000422006
        0.0000427523   0.2825468196   0.1068203520  -0.0378242349   0.0007879057
       -0.0006246154  -0.0005375866  -0.0012511363  -0.0005511601   0.0001701681
        0.0000488201   0.0000146226  -0.0002795984
        0.0001172605  -0.0000043537  -0.0000468677  -0.0000412088   0.0002444582
       -0.0000422362   0.0020824986  -0.0009510619   0.0014749653  -0.0002829597
        0.0001914991  -0.0000634510   0.0011343629   0.0000967990  -0.0010023736
       -0.0022849795   0.0000657657   0.0002654095  -0.0001832555   0.0003382041
        0.0000523476  -0.0000494196   0.0002525303  -0.0000033712  -0.0013835162
       -0.0004431672   0.0001692348   0.0004627151  -0.0057504874   0.0003021390
       -0.0271474838  -0.0148598311   0.0041129857  -0.0989592661  -0.0910025012
        0.0152336147   0.0146734795   0.0064502879  -0.0021486980   0.0029020599
       -0.0010825189  -0.0000561421   0.0005383285  -0.0002003944  -0.0000661407
       -0.0000886437   0.0000049829   0.0000002766   0.0001139316  -0.0000573588
       -0.0001617464  -0.0000663920  -0.0000061937   0.0000139313  -0.0000874258
       -0.0000264321  -0.0000052806   0.0000260378   0.0000827913   0.0000016041
        0.0000705917   0.0000157652  -0.0000091505  -0.0001003135  -0.0004832593
        0.0000373792   0.1068203520   0.1058699731  -0.0175841833   0.0009149001
        0.0009988421  -0.0002769151   0.0007810232   0.0002395124  -0.0001157099
        0.0000373228   0.0000161485  -0.0000816218
       -0.0000433437   0.0000674796   0.0001345248   0.0000694491  -0.0001686501
       -0.0000133920  -0.0007265598   0.0009020801   0.0012294694   0.0001969899
       -0.0001444521  -0.0009088229  -0.0004007908  -0.0002331038  -0.0000890144
       -0.0000491171  -0.0000506116  -0.0018754451  -0.0000088787  -0.0000677080
       -0.0001879101   0.0000071747  -0.0000185398  -0.0001951911   0.0000850486
        0.0000114800  -0.0001439396   0.0006193304   0.0004553625   0.0057619559
        0.0016485175   0.0009465574   0.0010067738   0.0320838453   0.0150254592
       -0.0379972731   0.0035151320   0.0011886372   0.0005503808   0.0016108972
       -0.0002755058   0.0091418903  -0.0001816074  -0.0000165380  -0.0000955164
        0.0000098935  -0.0000105109  -0.0000771317   0.0000663034  -0.0000822361
       -0.0000693357   0.0000456437   0.0000237652  -0.0000285264  -0.0001028989
        0.0000342128  -0.0000548036   0.0000134588  -0.0000089283   0.0001907998
       -0.0000038740   0.0000012690   0.0000261972   0.0000577777   0.0000388724
        0.0003643292  -0.0378242349  -0.0175841833   0.0285679115  -0.0005625721
       -0.0000561306  -0.0031538448   0.0001431429   0.0000602588  -0.0001236180
       -0.0002687273  -0.0000383359  -0.0019604677
       -0.0000112318   0.0000159410   0.0000023793  -0.0000423452  -0.0001042936
        0.0000184855   0.0002425341   0.0001591975   0.0000819793  -0.0000476751
       -0.0000659630  -0.0000351197   0.0001043728  -0.0000537134  -0.0000493063
        0.0003161336   0.0010880557  -0.0000438192  -0.0002306625   0.0002519100
       -0.0000950353  -0.0000832474  -0.0000555839   0.0000108508   0.0000118241
       -0.0001199044  -0.0001982372  -0.0005737909   0.0002761321   0.0000410304
       -0.0034720181   0.0029188976   0.0016574266   0.0003908458   0.0249273236
       -0.0006969890  -0.0452218913  -0.0196350503   0.0021048634  -0.0033517826
       -0.0266053978   0.0013803895  -0.0046079402  -0.0025338611   0.0015351004
        0.0000096323  -0.0000099980   0.0000082116   0.0000188922   0.0000156131
       -0.0000184916  -0.0000242097  -0.0000064344   0.0000031384  -0.0000216390
        0.0000244392  -0.0000086737  -0.0000030593   0.0001103902   0.0000003069
        0.0000096340   0.0000017144   0.0000400423   0.0000296537   0.0000792860
        0.0000012286   0.0007879057   0.0009149001  -0.0005625721   0.0553495486
        0.0207148150  -0.0048829815   0.0006884057  -0.0009105029  -0.0003350948
       -0.0002678896  -0.0013979125   0.0000408875
        0.0000102369  -0.0000197667   0.0000318752   0.0001950732   0.0002703408
       -0.0000460657  -0.0005690912  -0.0005541627  -0.0003234926   0.0001143225
        0.0002032839   0.0000961009   0.0003145365   0.0002943459   0.0002351911
       -0.0007714920  -0.0010252981   0.0001359349   0.0002710046  -0.0000893616
       -0.0000541482   0.0000222886   0.0001466269  -0.0000017488   0.0000548637
        0.0002064328  -0.0000542135   0.0001663758   0.0008656786  -0.0000544920
        0.0036993305  -0.0010266307  -0.0001905977   0.0011110788  -0.0214796297
        0.0005165670  -0.0192752252  -0.2989238456   0.0100164705  -0.0030867518
       -0.0156859926   0.0009017610  -0.0030212189  -0.0002418566   0.0005978587
       -0.0000038999  -0.0000058091  -0.0000142806  -0.0000196361  -0.0000333794
        0.0000240127   0.0000264621   0.0000300653  -0.0000074203   0.0000366865
       -0.0000476108   0.0000028398   0.0000286244  -0.0001225171  -0.0000067737
        0.0000068416  -0.0000382315   0.0000087530  -0.0000095227   0.0000340398
        0.0000028303  -0.0006246154   0.0009988421  -0.0000561306   0.0207148150
        0.3360652833  -0.0115934949   0.0006549660   0.0009414183  -0.0001716840
       -0.0000460535  -0.0007622653   0.0000043476
       -0.0000036951   0.0000002093   0.0000138729   0.0000281380   0.0000121368
       -0.0000129043  -0.0000534275   0.0001343754   0.0001888464   0.0000895368
       -0.0000443607  -0.0001087014  -0.0001006243  -0.0001537177   0.0001579874
        0.0000097981  -0.0000133102   0.0002275689  -0.0001127095  -0.0001088990
       -0.0008593152   0.0000808046   0.0000048202   0.0000151809  -0.0002147867
        0.0000357998  -0.0014388745   0.0001085522  -0.0001068680  -0.0002753792
        0.0016852800  -0.0002129551   0.0093883646  -0.0002509449  -0.0025345417
        0.0006885877   0.0023343177   0.0099593649  -0.0350277834   0.0005657195
        0.0040214917   0.0010239070   0.0015438283   0.0006038780   0.0059421603
        0.0000009491   0.0000016093  -0.0000027188  -0.0000027247  -0.0000036708
       -0.0000022922   0.0000063825   0.0000011795  -0.0000009383   0.0000003093
        0.0000013868   0.0000020720  -0.0000042426  -0.0000118177  -0.0000154129
        0.0000379312   0.0000088126   0.0003054987   0.0000030515  -0.0000104606
        0.0000254293  -0.0005375866  -0.0002769151  -0.0031538448  -0.0048829815
       -0.0115934949   0.0248524588  -0.0003714802   0.0000533594  -0.0018722256
        0.0000406048   0.0002325877  -0.0000615445
        0.0000212211  -0.0000139024  -0.0000249902  -0.0001457423  -0.0000103791
        0.0000196005   0.0004031410   0.0000202684   0.0001534277  -0.0001458515
        0.0000393130  -0.0000623509  -0.0001831286   0.0000396956  -0.0001170807
        0.0001171911  -0.0001044774  -0.0002152626   0.0000040694  -0.0000754370
        0.0000037903   0.0001147600  -0.0000312883  -0.0001265084  -0.0001449909
       -0.0001168283   0.0000469140   0.0012981207  -0.0004049607   0.0011575888
        0.0005350817  -0.0007318496  -0.0000782459  -0.0047180054  -0.0028886823
        0.0015786423  -0.0250040600   0.0152505913   0.0031742613  -0.2106845997
        0.1206608948   0.0210355929   0.0003755356   0.0011529275   0.0000034532
       -0.0000165838   0.0000158728  -0.0000027170   0.0000206877  -0.0000081735
       -0.0000284345  -0.0000000905  -0.0000086642   0.0000068435   0.0000151083
       -0.0000038018   0.0000190905  -0.0000088255   0.0000167491   0.0000407273
       -0.0000054998   0.0000272046  -0.0000011545   0.0000446881   0.0000482726
        0.0000194287  -0.0012511363   0.0007810232   0.0001431429   0.0006884057
        0.0006549660  -0.0003714802   0.2376559896  -0.1335356847  -0.0258201508
        0.0010145146  -0.0007736496  -0.0005541281
       -0.0000055788  -0.0000035093   0.0000237113   0.0001161272   0.0001140089
       -0.0000212027  -0.0002632624  -0.0002635327  -0.0001450273   0.0000687824
        0.0000770493   0.0000567006   0.0002417650   0.0001765694   0.0000843109
       -0.0003710953   0.0000751199   0.0000089204  -0.0001322851   0.0000458212
        0.0000189846   0.0000170355  -0.0003900669  -0.0000158129   0.0013927959
       -0.0006775047  -0.0001532953  -0.0011821253  -0.0056486157   0.0004817810
       -0.0005274887  -0.0002213051   0.0000670469  -0.0024873930  -0.0001213021
        0.0004936579  -0.0083068399   0.0062545082   0.0010089434   0.1204415840
       -0.1309266114  -0.0140694314   0.0250764032  -0.0213222778  -0.0028521885
        0.0000081152  -0.0000108388  -0.0000066944  -0.0000028468  -0.0000115096
        0.0000059744   0.0000077651   0.0000154712  -0.0000033306   0.0000133292
       -0.0000110216  -0.0000000907   0.0000160018  -0.0000194763   0.0000038794
        0.0001085944  -0.0001260993  -0.0000152578   0.0000800667   0.0000909228
       -0.0000046322  -0.0005511601   0.0002395124   0.0000602588  -0.0009105029
        0.0009414183   0.0000533594  -0.1335356847   0.1509600397   0.0151016869
        0.0006878976   0.0007632299  -0.0001822523
       -0.0000044994   0.0000017279   0.0000139476   0.0000305850   0.0000052719
       -0.0000140514  -0.0000651353   0.0000027869   0.0000816623   0.0000678201
       -0.0000135756  -0.0000534715  -0.0000254583  -0.0000028199   0.0000251844
       -0.0001952551  -0.0000170716  -0.0014835588  -0.0000029353  -0.0000029905
        0.0000388720  -0.0000950946  -0.0000009185  -0.0008362466  -0.0000032558
        0.0000695574   0.0001823096   0.0011123263   0.0003565757   0.0095383455
       -0.0000838893   0.0001092904  -0.0002009129   0.0015430320   0.0005738940
        0.0059369097   0.0037283352  -0.0021638626   0.0008188322   0.0210804958
       -0.0141209792  -0.0371654949  -0.0005769017   0.0003771741   0.0007197454
        0.0000033469  -0.0000027458  -0.0000015317  -0.0000023241   0.0000004034
        0.0000021113   0.0000018214   0.0000023443  -0.0000025392  -0.0000037088
        0.0000009294  -0.0000019016   0.0000354276   0.0000001727   0.0002896868
       -0.0000051292  -0.0000035278  -0.0000061644   0.0000182283  -0.0000051673
        0.0001940825   0.0001701681  -0.0001157099  -0.0001236180  -0.0003350948
       -0.0001716840  -0.0018722256  -0.0258201508   0.0151016869   0.0270741761
       -0.0005727541   0.0000192377  -0.0031541490
        0.0000184412  -0.0000119721  -0.0000355882  -0.0001874711  -0.0000949362
        0.0000221102   0.0005031538   0.0002253052   0.0003251823  -0.0001386224
       -0.0000029470  -0.0001129340  -0.0006841060   0.0001677867  -0.0001256838
       -0.0006164966  -0.0010341662   0.0000372163   0.0002391706  -0.0000872946
       -0.0000168598   0.0000346368  -0.0003237476  -0.0000176231   0.0006342424
       -0.0017378760  -0.0002931701  -0.0264001781  -0.0090173034   0.0038202031
       -0.0032804625   0.0038033441   0.0011389128   0.0006371617   0.0005061962
       -0.0001228102   0.0013252382  -0.0010091690   0.0010763478  -0.0048850477
       -0.0038540777   0.0008228638  -0.2487646632  -0.0968896508   0.0306147217
       -0.0000196772   0.0000191956   0.0000033106   0.0000142477   0.0000016961
       -0.0000271471  -0.0000060167  -0.0000151675   0.0000066494  -0.0000017016
       -0.0000010552   0.0000114362   0.0000646187   0.0000452293  -0.0000037592
        0.0001258496  -0.0000286895   0.0000050317   0.0003622763   0.0011096474
       -0.0000494373   0.0000488201   0.0000373228  -0.0002687273  -0.0002678896
       -0.0000460535   0.0000406048   0.0010145146   0.0006878976  -0.0005727541
        0.2802299609   0.1075504854  -0.0362780965
        0.0000130229  -0.0000071324  -0.0000119960  -0.0000342195   0.0000310705
        0.0000046998   0.0000834149  -0.0000317962   0.0000369684  -0.0000303856
        0.0000464653  -0.0000035548   0.0002324897  -0.0000833100  -0.0000693918
        0.0006212504   0.0001436069  -0.0000836217   0.0000046658   0.0001154912
       -0.0000026622  -0.0002938497   0.0000159924   0.0000360062   0.0019421764
        0.0011884652  -0.0003118828   0.0127829157   0.0064577393  -0.0018156905
        0.0027328701  -0.0016023591  -0.0001940831   0.0004505038  -0.0002774877
       -0.0000633147  -0.0001512324  -0.0058069212   0.0003470835  -0.0281027308
       -0.0156511201   0.0040694623  -0.0956374219  -0.0891472181   0.0138401645
       -0.0000115023   0.0000093686  -0.0000025028   0.0000005866  -0.0000072387
        0.0000013054   0.0000028568  -0.0000039951   0.0000043750   0.0000094616
       -0.0000080512   0.0000066532  -0.0000340940  -0.0000003185   0.0000047522
       -0.0000004644  -0.0000056811   0.0000029425   0.0000261400  -0.0005739930
        0.0000062236   0.0000146226   0.0000161485  -0.0000383359  -0.0013979125
       -0.0007622653   0.0002325877  -0.0007736496   0.0007632299   0.0000192377
        0.1075504854   0.1051813097  -0.0160154257
       -0.0000050961  -0.0000005854   0.0000156456   0.0000529924   0.0000432165
       -0.0000003687   0.0000295317  -0.0000644826  -0.0000050282   0.0000203813
        0.0000151720  -0.0000503591   0.0000603618   0.0000052016   0.0004182568
        0.0000116537   0.0001055465  -0.0003029297  -0.0000482922   0.0000013136
       -0.0000855773  -0.0000212601   0.0000545691  -0.0000780615  -0.0003370725
        0.0001746773  -0.0018655441   0.0030498644   0.0011476125   0.0007145074
        0.0012327099  -0.0001860648   0.0058315477  -0.0000525881  -0.0002033298
       -0.0001205179   0.0009684830   0.0004657590   0.0092428266   0.0014295889
        0.0010637154   0.0005668238   0.0307086831   0.0137779712  -0.0378178226
        0.0000028536  -0.0000031673  -0.0000011467  -0.0000034212  -0.0000001477
        0.0000032026   0.0000009177   0.0000016629  -0.0000027388   0.0000002010
        0.0000080421  -0.0000037512  -0.0000038216  -0.0000047518   0.0000168040
        0.0000051972   0.0000056016   0.0001571789  -0.0000309327  -0.0001325797
        0.0001596538  -0.0002795984  -0.0000816218  -0.0019604677   0.0000408875
        0.0000043476  -0.0000615445  -0.0005541281  -0.0001822523  -0.0031541490
       -0.0362780965  -0.0160154257   0.0283835599
