           1           2   1.00579859335438     
           2           3   1.20745261998561     
           2           4  0.169523876172681     
           3           4   1.64150750893585     
           3           5   1.03269302086496     
           4           5  0.130669379940291     
           5           6  0.961415557427104     
           6           7   1.51284098735395     
           7           8   1.32202584357639     
           6           9  0.110047740675363     
           8           9   1.55587983767957     
           9          10   1.27841621804120     
           6          11   1.24313447862463     
          10          11   1.25052178524877     
          11          12   1.28619171856285     
          12          13   1.55249735526006     
          13          14   1.32378018755996     
          10          15   1.28145004942394     
          12          15  0.118612600066928     
          14          15   1.55542701653505     
           1          16  0.975376487349842     
           1          17  0.977395050642661     
           1          18  0.980402922444100     
           2          19  0.937636883733352     
           7          20  0.967943157891922     
           8          21  0.970002641652112     
           9          22  0.967817971442179     
          12          23  0.967430428752952     
          13          24  0.970928873182165     
          14          25  0.970788106058964     
          15          26  0.968149147769887     
