           1           2  0.992789216056324     
           2           3  0.976537296972294     
           3           4   1.77237586958118     
           3           5   1.12971659179587     
           4           5  0.173467804061663     
           1           6  0.987628941096766     
           1           7  0.983960754924142     
           1           8  0.987530005275489     
           2           9  0.968690934179739     
           2          10  0.972005619462320     
           5          11  0.868057302779318     
