$hessian                                                                        
        0.6868337559  -0.0140733200  -0.0000051736  -0.1009112168   0.0018280969
        0.0000003604   0.0440290701   0.0114303701  -0.0000006556  -0.0282692561
       -0.0277162962   0.0000004538  -0.0660886089   0.0386131406   0.0000010380
       -0.3306803089  -0.1164666225   0.0000040016   0.0076884553   0.0034607134
       -0.0000001764  -0.0061361287   0.0043988450   0.0000001572   0.0057867682
       -0.0014715361  -0.0000000496  -0.1941958699   0.1290458760  -0.0000000732
       -0.0073758594  -0.0275928149  -0.0000001780  -0.0027355669   0.0039120339
        0.0000003066  -0.0068217118  -0.0039486578  -0.0000002006   0.0004697432
        0.0003303796   0.0000000620  -0.0015932651  -0.0017502080   0.0000001273
       -0.0140733200   0.6425421322  -0.0000006105  -0.0770728266  -0.3043210702
       -0.0000003807   0.0645304932  -0.0530746926  -0.0000011560  -0.0368785935
       -0.0256491105   0.0000006621  -0.0105782972   0.0394885450   0.0000003013
       -0.0424554956  -0.1194840027   0.0000008844   0.0141533656  -0.0027210308
       -0.0000002894  -0.0037397649   0.0062436817   0.0000000508   0.0085567199
       -0.0030898672  -0.0000001296   0.1287661517  -0.1534323382   0.0000005677
       -0.0040749884  -0.0110333528  -0.0000002696   0.0032648044  -0.0011108571
       -0.0000000713  -0.0282374261  -0.0119919544   0.0000003810   0.0005089443
        0.0001028600   0.0000000091  -0.0026697668  -0.0024689425   0.0000000507
       -0.0000051736  -0.0000006105   0.1108795152   0.0000004970  -0.0000013446
       -0.0486005685  -0.0000006207  -0.0000002201   0.0014637738   0.0000003129
        0.0000005814  -0.0057539693   0.0000010736  -0.0000008142   0.0038708512
        0.0000030189   0.0000018137  -0.0461987998   0.0000000316  -0.0000000418
        0.0079624196  -0.0000000067  -0.0000000577  -0.0017204390   0.0000000590
       -0.0000001037  -0.0001824239   0.0000000610   0.0000000023  -0.0328325695
        0.0000001681   0.0000005693   0.0020338818   0.0000001999   0.0000000940
        0.0083498003   0.0000004218   0.0000001263   0.0015929214  -0.0000000214
       -0.0000000372  -0.0009378949  -0.0000000214   0.0000000426   0.0000735016
       -0.1009112168  -0.0770728266   0.0000004970   0.6803457473  -0.0074008783
       -0.0000131777  -0.2417266587   0.1665360760   0.0000040370  -0.0609173282
        0.0017921473   0.0000009624  -0.0036555917   0.0144168134  -0.0000001575
        0.0035164726  -0.0330317605   0.0000001437   0.0005496662   0.0005783880
        0.0000001101   0.0001304398   0.0011904486  -0.0000001620  -0.0007173091
       -0.0049421917   0.0000001105   0.0027876492   0.0223263170   0.0000000714
       -0.2750867569  -0.0805142441   0.0000073119   0.0034751843  -0.0016244868
        0.0000000915  -0.0053111218  -0.0024669650   0.0000000589   0.0003834830
        0.0003816431  -0.0000000076  -0.0028626592  -0.0001684806   0.0000001103
        0.0018280969  -0.3043210702  -0.0000013446  -0.0074008783   0.6466633593
        0.0000013518   0.0919684863  -0.2097514588  -0.0000016620   0.0569837524
        0.0453392359  -0.0000010052   0.0257992359  -0.0430365463  -0.0000002655
       -0.0916464974  -0.0176104383   0.0000014056  -0.0094682099   0.0001176412
        0.0000001478   0.0048620478  -0.0059074515  -0.0000000899  -0.0132215396
        0.0028495368   0.0000001377  -0.0013017353  -0.0223749536  -0.0000004923
       -0.0803902117  -0.0719613195   0.0000025163   0.0213484015  -0.0225735442
       -0.0000005226  -0.0020211436  -0.0003075525  -0.0000000554  -0.0001763651
       -0.0002804324  -0.0000000664   0.0028365601   0.0031549940  -0.0000000555
        0.0000003604  -0.0000003807  -0.0486005685  -0.0000131777   0.0000013518
        0.1190118073   0.0000045899  -0.0000034975  -0.0428535785   0.0000010888
        0.0000000283  -0.0028412378  -0.0000002266  -0.0000001480  -0.0050041330
        0.0000001327   0.0000003601   0.0011934124  -0.0000000449  -0.0000000208
       -0.0002618789   0.0000000328  -0.0000000013   0.0001378330   0.0000001658
        0.0000000043   0.0054405886   0.0000000107  -0.0000002168   0.0001491744
        0.0000068499   0.0000022692  -0.0359858569  -0.0000001842   0.0000000710
       -0.0000772362   0.0000003282   0.0000002432   0.0084240857   0.0000000220
       -0.0000000032   0.0000533593   0.0000000524  -0.0000000595   0.0012142291
        0.0440290701   0.0645304932  -0.0000006207  -0.2417266587   0.0919684863
        0.0000045899   0.6473674671  -0.0318105750  -0.0000107362  -0.2597800678
       -0.0445838595   0.0000029239   0.0053498988  -0.0660312025   0.0000002471
       -0.0577305238   0.0087057431   0.0000009612  -0.0041779215  -0.0011354518
        0.0000003323   0.0023041410  -0.0056937075  -0.0000000373  -0.0607622152
        0.0087804451   0.0000008335   0.0010220720  -0.0015861878  -0.0000000781
       -0.0252981969   0.0178320246   0.0000006504  -0.0520446930  -0.0467142638
        0.0000012381  -0.0003326054  -0.0003221714  -0.0000000414  -0.0003653874
       -0.0007263348  -0.0000001471   0.0021456207   0.0067865617  -0.0000001156
        0.0114303701  -0.0530746926  -0.0000002201   0.1665360760  -0.2097514588
       -0.0000034975  -0.0318105750   0.6884261518  -0.0000036675  -0.1081452096
       -0.1190295030   0.0000019182  -0.0293694264  -0.0103302999   0.0000000717
        0.0124384585   0.0013681509  -0.0000002032  -0.0017665777  -0.0062530613
        0.0000000833   0.0016277377   0.0010451868  -0.0000001276   0.0306707631
        0.0088251630  -0.0000002084  -0.0011342124  -0.0056461229   0.0000000292
       -0.0056649276   0.0055537434   0.0000002027  -0.0457524003  -0.2984391224
        0.0000056257   0.0003034876   0.0008473707  -0.0000000745  -0.0015730545
       -0.0010087269   0.0000000743   0.0022094903  -0.0025327789  -0.0000000063
       -0.0000006556  -0.0000011560   0.0014637738   0.0000040370  -0.0000016620
       -0.0428535785  -0.0000107362  -0.0000036675   0.1081131898   0.0000037943
        0.0000010422  -0.0546145771   0.0000002242   0.0000009532   0.0049070638
        0.0000006970  -0.0000002033  -0.0036349701   0.0000001541  -0.0000001356
        0.0069331252   0.0000000153   0.0000001239  -0.0003330763   0.0000008626
        0.0000000306   0.0049712017   0.0000000192   0.0000000967   0.0064897912
        0.0000006167  -0.0000004522   0.0016322571   0.0000011099   0.0000050691
       -0.0331729402   0.0000000337   0.0000000388   0.0000623801  -0.0000000856
        0.0000000210  -0.0024550631  -0.0000000865  -0.0000000989   0.0024914226
       -0.0282692561  -0.0368785935   0.0000003129  -0.0609173282   0.0569837524
        0.0000010888  -0.2597800678  -0.1081452096   0.0000037943   0.6632895729
       -0.0107243284  -0.0000069653  -0.1088878027  -0.0154088869   0.0000004135
        0.0482150386   0.0109975285  -0.0000011465   0.0114934556  -0.0331755931
       -0.0000005037  -0.0054943450   0.0184584933  -0.0000001451  -0.1970704311
        0.1077462915   0.0000016457  -0.0001190168  -0.0005838616   0.0000000432
       -0.0024132862   0.0029757632   0.0000001424  -0.0060069303  -0.0046740746
       -0.0000000299  -0.0031992204   0.0036617299   0.0000004121  -0.0054686124
       -0.0029023873   0.0000001964  -0.0453717700   0.0116693762   0.0000007412
       -0.0277162962  -0.0256491105   0.0000005814   0.0017921473   0.0453392359
        0.0000000283  -0.0445838595  -0.1190295030   0.0000010422  -0.0107243284
        0.6329157585   0.0000020978  -0.0490071533  -0.2551612014  -0.0000010280
        0.0496077006  -0.0419008498  -0.0000011982  -0.0518158654  -0.0093371805
        0.0000011593   0.0172260151  -0.0235346803  -0.0000002636   0.1330404824
       -0.2095853918  -0.0000023906  -0.0006690517  -0.0002213313   0.0000000589
        0.0036358378  -0.0020949744  -0.0000002222  -0.0303038340  -0.0140395711
        0.0000005473   0.0021068345  -0.0008040786  -0.0000000315  -0.0011026036
       -0.0002453845  -0.0000001097   0.0085139745   0.0233482627  -0.0000002716
        0.0000004538   0.0000006621  -0.0057539693   0.0000009624  -0.0000010052
       -0.0028412378   0.0000029239   0.0000019182  -0.0546145771  -0.0000069653
        0.0000020978   0.1403835942   0.0000006258  -0.0000014886  -0.0552590562
       -0.0000009012  -0.0000003579  -0.0022527545  -0.0000005298   0.0000004241
        0.0001228902   0.0000002093  -0.0000003353  -0.0015812564   0.0000021463
       -0.0000025587  -0.0416415620  -0.0000000114   0.0000000205   0.0005444740
        0.0000002796  -0.0000001138   0.0095600887   0.0000003621   0.0000001299
        0.0022258441   0.0000001315   0.0000001180   0.0068720440   0.0000002058
        0.0000000713   0.0039737218   0.0000001073   0.0000004176   0.0002617563
       -0.0660886089  -0.0105782972   0.0000010736  -0.0036555917   0.0257992359
       -0.0000002266   0.0053498988  -0.0293694264   0.0000002242  -0.1088878027
       -0.0490071533   0.0000006258   0.6364568845  -0.0346600112  -0.0000104361
       -0.1973650289   0.1309546535   0.0000031188  -0.1835346931  -0.0738351613
        0.0000017764  -0.0795915304   0.0309367575   0.0000025171   0.0172651927
        0.0282710639  -0.0000000297  -0.0047139398  -0.0018596536   0.0000003535
        0.0008332904   0.0007875990   0.0000000643  -0.0052249754  -0.0018821548
        0.0000001199   0.0039675177  -0.0003858721   0.0000002591  -0.0054851893
       -0.0067966517   0.0000002077  -0.0093254238  -0.0083749281   0.0000003522
        0.0386131406   0.0394885450  -0.0000008142   0.0144168134  -0.0430365463
       -0.0000001480  -0.0660312025  -0.0103302999   0.0000009532  -0.0154088869
       -0.2551612014  -0.0000014886  -0.0346600112   0.6340283559   0.0000036425
        0.0875512606  -0.1868390855  -0.0000017145  -0.0491864123  -0.1047408874
        0.0000008127   0.0202959888   0.0223687468  -0.0000007187   0.0193215914
       -0.0473893878  -0.0000004822  -0.0026276986   0.0003773366  -0.0000000139
        0.0003711318  -0.0003165852   0.0000000181  -0.0014243900   0.0000856554
        0.0000000975   0.0199236815  -0.0240824246  -0.0000006751  -0.0254444190
       -0.0196976618   0.0000004513  -0.0057105877  -0.0047545599   0.0000000798
        0.0000010380   0.0000003013   0.0038708512  -0.0000001575  -0.0000002655
       -0.0050041330   0.0000002471   0.0000000717   0.0049070638   0.0000004135
       -0.0000010280  -0.0552590562  -0.0000104361   0.0000036425   0.1094867878
        0.0000040278  -0.0000031600  -0.0459329176   0.0000013619   0.0000013206
       -0.0599800051   0.0000030575  -0.0000007888   0.0148755708  -0.0000002885
       -0.0000007419   0.0065837677   0.0000000539  -0.0000000043   0.0081421097
       -0.0000000224  -0.0000000133  -0.0009525942   0.0000001989   0.0000001267
        0.0069205782  -0.0000003292   0.0000001568   0.0004169310   0.0000006029
        0.0000001446   0.0131930429   0.0000002323   0.0000002376  -0.0012679968
       -0.3306803089  -0.0424554956   0.0000030189   0.0035164726  -0.0916464974
        0.0000001327  -0.0577305238   0.0124384585   0.0000006970   0.0482150386
        0.0496077006  -0.0000009012  -0.1973650289   0.0875512606   0.0000040278
        0.6717662680   0.0289552831  -0.0000106244  -0.0504410444   0.0166443613
        0.0000013253   0.0001199796  -0.0090483365   0.0000002843  -0.0102227437
        0.0006006662   0.0000000976  -0.0258775282  -0.0057065964   0.0000001124
        0.0004590733  -0.0015257163   0.0000001567  -0.0007216252  -0.0002727276
        0.0000000500  -0.0535354705  -0.0500255554   0.0000019144   0.0001156961
        0.0017140952  -0.0000001091   0.0023817454   0.0031690996  -0.0000001822
       -0.1164666225  -0.1194840027   0.0000018137  -0.0330317605  -0.0176104383
        0.0000003601   0.0087057431   0.0013681509  -0.0000002033   0.0109975285
       -0.0419008498  -0.0000003579   0.1309546535  -0.1868390855  -0.0000031600
        0.0289552831   0.6522789811  -0.0000068934   0.0112040348   0.0048546539
       -0.0000003582  -0.0092297353   0.0041606461   0.0000003190   0.0022807299
       -0.0074960093  -0.0000001283   0.0183378779   0.0053969644  -0.0000001392
       -0.0016521554  -0.0059220088   0.0000000508   0.0004441980   0.0009323950
       -0.0000001428  -0.0477305120  -0.2894127957   0.0000086074  -0.0029099815
        0.0010133470   0.0000002040  -0.0008592818  -0.0013399483   0.0000000281
        0.0000040016   0.0000008844  -0.0461987998   0.0000001437   0.0000014056
        0.0011934124   0.0000009612  -0.0000002032  -0.0036349701  -0.0000011465
       -0.0000011982  -0.0022527545   0.0000031188  -0.0000017145  -0.0459329176
       -0.0000106244  -0.0000068934   0.1178394853   0.0000010161  -0.0000002033
       -0.0033077672   0.0000000644   0.0000002556   0.0043422902   0.0000002828
        0.0000000649   0.0063419391   0.0000002781   0.0000000417  -0.0003546216
        0.0000002247   0.0000000919   0.0070845026   0.0000000209   0.0000000497
       -0.0001295517   0.0000017601   0.0000075672  -0.0340476919  -0.0000000025
       -0.0000000540  -0.0008462092  -0.0000000987  -0.0000000945  -0.0000963460
        0.0076884553   0.0141533656   0.0000000316   0.0005496662  -0.0094682099
       -0.0000000449  -0.0041779215  -0.0017665777   0.0000001541   0.0114934556
       -0.0518158654  -0.0000005298  -0.1835346931  -0.0491864123   0.0000013619
       -0.0504410444   0.0112040348   0.0000010161   0.7337966250  -0.1594238798
       -0.0000197651  -0.4487138935   0.2519125192   0.0000175054  -0.0353872386
        0.0124818249   0.0000005293  -0.0003143430  -0.0005429204  -0.0000000036
        0.0002936864  -0.0000643998  -0.0000001758  -0.0000177041   0.0002973161
       -0.0000001571   0.0002974705  -0.0021961349  -0.0000000733  -0.0525422712
       -0.0390310396   0.0000005612   0.0210097503   0.0234463790  -0.0000004100
        0.0034607134  -0.0027210308  -0.0000000418   0.0005783880   0.0001176412
       -0.0000000208  -0.0011354518  -0.0062530613  -0.0000001356  -0.0331755931
       -0.0093371805   0.0000004241  -0.0738351613  -0.1047408874   0.0000013206
        0.0166443613   0.0048546539  -0.0000002033  -0.1594238798   0.6278174269
        0.0000067921   0.2730305348  -0.2781206324  -0.0000116747   0.0064277465
        0.0005424915  -0.0000002024   0.0011186901   0.0001243585   0.0000000838
        0.0001348899  -0.0001063877  -0.0000000361  -0.0014883039  -0.0007229309
       -0.0000001177   0.0033150086   0.0001108306   0.0000001135  -0.0329644960
       -0.2195115253   0.0000036658  -0.0026874467  -0.0120537663   0.0000000325
       -0.0000001764  -0.0000002894   0.0079624196   0.0000001101   0.0000001478
       -0.0002618789   0.0000003323   0.0000000833   0.0069331252  -0.0000005037
        0.0000011593   0.0001228902   0.0000017764   0.0000008127  -0.0599800051
        0.0000013253  -0.0000003582  -0.0033077672  -0.0000197651   0.0000067921
        0.1522023291   0.0000164760  -0.0000108286  -0.0507692803   0.0000009247
       -0.0000001533  -0.0016271648  -0.0000000115   0.0000000312   0.0007388746
       -0.0000000811   0.0000000347  -0.0018979857  -0.0000000311  -0.0000000214
       -0.0004010595  -0.0000000657   0.0000000106  -0.0027860420   0.0000003124
        0.0000032957  -0.0472805072  -0.0000006226  -0.0000007166   0.0003520520
       -0.0061361287  -0.0037397649  -0.0000000067   0.0001304398   0.0048620478
        0.0000000328   0.0023041410   0.0016277377   0.0000000153  -0.0054943450
        0.0172260151   0.0000002093  -0.0795915304   0.0202959888   0.0000030575
        0.0001199796  -0.0092297353   0.0000000644  -0.4487138935   0.2730305348
        0.0000164760   0.5435779910  -0.3074941665  -0.0000206864   0.0049686884
       -0.0161443925  -0.0000000333  -0.0009665430  -0.0000574999   0.0000000090
       -0.0001360438  -0.0000152892   0.0000000522   0.0002217541  -0.0000317700
        0.0000000707   0.0007917949  -0.0001725884   0.0000000062  -0.0014410904
        0.0275294451   0.0000006711  -0.0096352141  -0.0076865626   0.0000000618
        0.0043988450   0.0062436817  -0.0000000577   0.0011904486  -0.0059074515
       -0.0000000013  -0.0056937075   0.0010451868   0.0000001239   0.0184584933
       -0.0235346803  -0.0000003353   0.0309367575   0.0223687468  -0.0000007888
       -0.0090483365   0.0041606461   0.0000002556   0.2519125192  -0.2781206324
       -0.0000108286  -0.3074941665   0.3084586006   0.0000133650  -0.0413871853
       -0.0080325099   0.0000006493   0.0000145274   0.0000719648  -0.0000000555
       -0.0001179421   0.0001255330   0.0000000451   0.0001896200   0.0002287329
        0.0000000461  -0.0010806592   0.0005275755  -0.0000000985   0.0427843894
       -0.0429779747  -0.0000019291   0.0149363967   0.0153425806  -0.0000003900
        0.0000001572   0.0000000508  -0.0017204390  -0.0000001620  -0.0000000899
        0.0001378330  -0.0000000373  -0.0000001276  -0.0003330763  -0.0000001451
       -0.0000002636  -0.0015812564   0.0000025171  -0.0000007187   0.0148755708
        0.0000002843   0.0000003190   0.0043422902   0.0000175054  -0.0000116747
       -0.0507692803  -0.0000206864   0.0000133650   0.0239827306   0.0000003325
        0.0000004980   0.0040275827   0.0000000130  -0.0000000125  -0.0004739826
        0.0000000575   0.0000000022   0.0002752685   0.0000000231   0.0000000130
       -0.0000274282  -0.0000001031  -0.0000000175   0.0002578532   0.0000004749
       -0.0000010885   0.0136299456  -0.0000002313  -0.0000002551  -0.0066236119
        0.0057867682   0.0085567199   0.0000000590  -0.0007173091  -0.0132215396
        0.0000001658  -0.0607622152   0.0306707631   0.0000008626  -0.1970704311
        0.1330404824   0.0000021463   0.0172651927   0.0193215914  -0.0000002885
       -0.0102227437   0.0022807299   0.0000002828  -0.0353872386   0.0064277465
        0.0000009247   0.0049686884  -0.0413871853   0.0000003325   0.5197594234
       -0.0104781823   0.0000008854   0.0003140626  -0.0002266586   0.0000000359
       -0.0013946469   0.0009726606  -0.0000000163   0.0021667644   0.0004631977
       -0.0000000622  -0.0002419808   0.0000512952  -0.0000000716   0.0011284040
       -0.0010950788  -0.0000000622  -0.2455927382  -0.1353765421  -0.0000051943
       -0.0014715361  -0.0030898672  -0.0000001037  -0.0049421917   0.0028495368
        0.0000000043   0.0087804451   0.0088251630   0.0000000306   0.1077462915
       -0.2095853918  -0.0000025587   0.0282710639  -0.0473893878  -0.0000007419
        0.0006006662  -0.0074960093   0.0000000649   0.0124818249   0.0005424915
       -0.0000001533  -0.0161443925  -0.0080325099   0.0000004980  -0.0104781823
        0.3881053999   0.0000058090  -0.0001978602   0.0002845464  -0.0000000466
       -0.0005237582   0.0003824156   0.0000001205   0.0009177514   0.0011503841
        0.0000000265   0.0016221127  -0.0016312901  -0.0000000310   0.0011966430
        0.0001656499  -0.0000000436  -0.1278588776  -0.1250811313  -0.0000028749
       -0.0000000496  -0.0000001296  -0.0001824239   0.0000001105   0.0000001377
        0.0054405886   0.0000008335  -0.0000002084   0.0049712017   0.0000016457
       -0.0000023906  -0.0416415620  -0.0000000297  -0.0000004822   0.0065837677
        0.0000000976  -0.0000001283   0.0063419391   0.0000005293  -0.0000002024
       -0.0016271648  -0.0000000333   0.0000006493   0.0040275827   0.0000008854
        0.0000058090   0.0374166891  -0.0000000165   0.0000000344  -0.0013980056
       -0.0000000007  -0.0000000150  -0.0002681987  -0.0000001169  -0.0000000884
       -0.0029012500   0.0000000290   0.0000000366   0.0002195547  -0.0000000268
        0.0000000763  -0.0000954728  -0.0000038573  -0.0000030984  -0.0168872460
       -0.1941958699   0.1287661517   0.0000000610   0.0027876492  -0.0013017353
        0.0000000107   0.0010220720  -0.0011342124   0.0000000192  -0.0001190168
       -0.0006690517  -0.0000000114  -0.0047139398  -0.0026276986   0.0000000539
       -0.0258775282   0.0183378779   0.0000002781  -0.0003143430   0.0011186901
       -0.0000000115  -0.0009665430   0.0000145274   0.0000000130   0.0003140626
       -0.0001978602  -0.0000000165   0.2201615387  -0.1418701294  -0.0000003634
        0.0009239161  -0.0008345553   0.0000000136   0.0001218529  -0.0002445613
        0.0000000003   0.0007498398   0.0006773528  -0.0000000353  -0.0000020280
        0.0000717687  -0.0000000021   0.0001083373  -0.0001065645  -0.0000000095
        0.1290458760  -0.1534323382   0.0000000023   0.0223263170  -0.0223749536
       -0.0000002168  -0.0015861878  -0.0056461229   0.0000000967  -0.0005838616
       -0.0002213313   0.0000000205  -0.0018596536   0.0003773366  -0.0000000043
       -0.0057065964   0.0053969644   0.0000000417  -0.0005429204   0.0001243585
        0.0000000312  -0.0000574999   0.0000719648  -0.0000000125  -0.0002266586
        0.0002845464   0.0000000344  -0.1418701294   0.1746442710   0.0000000785
        0.0007560029   0.0006625196  -0.0000000080   0.0011098277  -0.0009444839
       -0.0000000363  -0.0008162032   0.0009458262  -0.0000000392   0.0000572822
        0.0000875975  -0.0000000179  -0.0000455949   0.0000238449   0.0000000297
       -0.0000000732   0.0000005677  -0.0328325695   0.0000000714  -0.0000004923
        0.0001491744  -0.0000000781   0.0000000292   0.0064897912   0.0000000432
        0.0000000589   0.0005444740   0.0000003535  -0.0000000139   0.0081421097
        0.0000001124  -0.0000001392  -0.0003546216  -0.0000000036   0.0000000838
        0.0007388746   0.0000000090  -0.0000000555  -0.0004739826   0.0000000359
       -0.0000000466  -0.0013980056  -0.0000003634   0.0000000785   0.0237937843
       -0.0000001044   0.0000000226  -0.0021531110  -0.0000000060   0.0000000208
        0.0002165676  -0.0000000126  -0.0000001368  -0.0027711895   0.0000000278
       -0.0000000387  -0.0000028304  -0.0000000120   0.0000000614  -0.0000884655
       -0.0073758594  -0.0040749884   0.0000001681  -0.2750867569  -0.0803902117
        0.0000068499  -0.0252981969  -0.0056649276   0.0000006167  -0.0024132862
        0.0036358378   0.0000002796   0.0008332904   0.0003711318  -0.0000000224
        0.0004590733  -0.0016521554   0.0000002247   0.0002936864   0.0001348899
       -0.0000000811  -0.0001360438  -0.0001179421   0.0000000575  -0.0013946469
       -0.0005237582  -0.0000000007   0.0009239161   0.0007560029  -0.0000001044
        0.3087758213   0.0881515862  -0.0000079194   0.0008655119  -0.0006711776
       -0.0000000891  -0.0004059076  -0.0001125338  -0.0000000235   0.0000148904
       -0.0000532167   0.0000000279  -0.0000554920   0.0002114630   0.0000000161
       -0.0275928149  -0.0110333528   0.0000005693  -0.0805142441  -0.0719613195
        0.0000022692   0.0178320246   0.0055537434  -0.0000004522   0.0029757632
       -0.0020949744  -0.0000001138   0.0007875990  -0.0003165852  -0.0000000133
       -0.0015257163  -0.0059220088   0.0000000919  -0.0000643998  -0.0001063877
        0.0000000347  -0.0000152892   0.0001255330   0.0000000022   0.0009726606
        0.0003824156  -0.0000000150  -0.0008345553   0.0006625196   0.0000000226
        0.0881515862   0.0845369794  -0.0000023699   0.0009309173   0.0008918277
       -0.0000000387  -0.0014542398  -0.0006450873   0.0000000177   0.0000848864
        0.0000691323   0.0000000118   0.0002658220  -0.0001424354  -0.0000000165
       -0.0000001780  -0.0000002696   0.0020338818   0.0000073119   0.0000025163
       -0.0359858569   0.0000006504   0.0000002027   0.0016322571   0.0000001424
       -0.0000002222   0.0095600887   0.0000000643   0.0000000181  -0.0009525942
        0.0000001567   0.0000000508   0.0070845026  -0.0000001758  -0.0000000361
       -0.0018979857   0.0000000522   0.0000000451   0.0002752685  -0.0000000163
        0.0000001205  -0.0002681987   0.0000000136  -0.0000000080  -0.0021531110
       -0.0000079194  -0.0000023699   0.0239814704  -0.0000001378  -0.0000000505
       -0.0029812566   0.0000000181   0.0000000080  -0.0004242591   0.0000000598
        0.0000000351   0.0004825862  -0.0000000420  -0.0000000405  -0.0003867930
       -0.0027355669   0.0032648044   0.0000001999   0.0034751843   0.0213484015
       -0.0000001842  -0.0520446930  -0.0457524003   0.0000011099  -0.0060069303
       -0.0303038340   0.0000003621  -0.0052249754  -0.0014243900   0.0000001989
       -0.0007216252   0.0004441980   0.0000000209  -0.0000177041  -0.0014883039
       -0.0000000311   0.0002217541   0.0001896200   0.0000000231   0.0021667644
        0.0009177514  -0.0000001169   0.0001218529   0.0011098277  -0.0000000060
        0.0008655119   0.0009309173  -0.0000001378   0.0599396498   0.0510317680
       -0.0000014890  -0.0000235727   0.0000090495  -0.0000000557  -0.0004504283
       -0.0002974630   0.0000000586   0.0004347787   0.0000200535   0.0000000475
        0.0039120339  -0.0011108571   0.0000000940  -0.0016244868  -0.0225735442
        0.0000000710  -0.0467142638  -0.2984391224   0.0000050691  -0.0046740746
       -0.0140395711   0.0000001299  -0.0018821548   0.0000856554   0.0000001267
       -0.0002727276   0.0009323950   0.0000000497   0.0002973161  -0.0007229309
       -0.0000000214  -0.0000317700   0.0002287329   0.0000000130   0.0004631977
        0.0011503841  -0.0000000884  -0.0002445613  -0.0009444839   0.0000000208
       -0.0006711776   0.0008918277  -0.0000000505   0.0510317680   0.3343647139
       -0.0000054536  -0.0000167442   0.0001073917   0.0000000225  -0.0001665490
       -0.0001146335   0.0000000373   0.0005941940   0.0001840421  -0.0000000202
        0.0000003066  -0.0000000713   0.0083498003   0.0000000915  -0.0000005226
       -0.0000772362   0.0000012381   0.0000056257  -0.0331729402  -0.0000000299
        0.0000005473   0.0022258441   0.0000001199   0.0000000975   0.0069205782
        0.0000000500  -0.0000001428  -0.0001295517  -0.0000001571  -0.0000001177
       -0.0004010595   0.0000000707   0.0000000461  -0.0000274282  -0.0000000622
        0.0000000265  -0.0029012500   0.0000000003  -0.0000000363   0.0002165676
       -0.0000000891  -0.0000000387  -0.0029812566  -0.0000014890  -0.0000054536
        0.0236135589  -0.0000000224   0.0000000482  -0.0017649688   0.0000000279
        0.0000000585   0.0000485984  -0.0000000556  -0.0000000667   0.0000807437
       -0.0068217118  -0.0282374261   0.0000004218  -0.0053111218  -0.0020211436
        0.0000003282  -0.0003326054   0.0003034876   0.0000000337  -0.0031992204
        0.0021068345   0.0000001315   0.0039675177   0.0199236815  -0.0000003292
       -0.0535354705  -0.0477305120   0.0000017601   0.0002974705   0.0033150086
       -0.0000000657   0.0007917949  -0.0010806592  -0.0000001031  -0.0002419808
        0.0016221127   0.0000000290   0.0007498398  -0.0008162032  -0.0000000126
       -0.0004059076  -0.0014542398   0.0000000181  -0.0000235727  -0.0000167442
       -0.0000000224   0.0647468370   0.0546087875  -0.0000021699  -0.0008230500
       -0.0005819715   0.0000000149   0.0001411812   0.0000589875  -0.0000000345
       -0.0039486578  -0.0119919544   0.0000001263  -0.0024669650  -0.0003075525
        0.0000002432  -0.0003221714   0.0008473707   0.0000000388   0.0036617299
       -0.0008040786   0.0000001180  -0.0003858721  -0.0240824246   0.0000001568
       -0.0500255554  -0.2894127957   0.0000075672  -0.0021961349   0.0001108306
        0.0000000106  -0.0001725884   0.0005275755  -0.0000000175   0.0000512952
       -0.0016312901   0.0000000366   0.0006773528   0.0009458262  -0.0000001368
       -0.0001125338  -0.0006450873   0.0000000080   0.0000090495   0.0001073917
        0.0000000482   0.0546087875   0.3257035498  -0.0000081616   0.0009530782
        0.0007233482  -0.0000000779  -0.0003308143  -0.0000907095   0.0000000400
       -0.0000002006   0.0000003810   0.0015929214   0.0000000589  -0.0000000554
        0.0084240857  -0.0000000414  -0.0000000745   0.0000623801   0.0000004121
       -0.0000000315   0.0068720440   0.0000002591  -0.0000006751   0.0004169310
        0.0000019144   0.0000086074  -0.0340476919  -0.0000000733   0.0000001135
       -0.0027860420   0.0000000062  -0.0000000985   0.0002578532  -0.0000000716
       -0.0000000310   0.0002195547  -0.0000000353  -0.0000000392  -0.0027711895
       -0.0000000235   0.0000000177  -0.0004242591  -0.0000000557   0.0000000225
       -0.0017649688  -0.0000021699  -0.0000081616   0.0233839028   0.0000000070
       -0.0000000369   0.0005932159   0.0000000136   0.0000000617  -0.0000287375
        0.0004697432   0.0005089443  -0.0000000214   0.0003834830  -0.0001763651
        0.0000000220  -0.0003653874  -0.0015730545  -0.0000000856  -0.0054686124
       -0.0011026036   0.0000002058  -0.0054851893  -0.0254444190   0.0000006029
        0.0001156961  -0.0029099815  -0.0000000025  -0.0525422712  -0.0329644960
        0.0000003124  -0.0014410904   0.0427843894   0.0000004749   0.0011284040
        0.0011966430  -0.0000000268  -0.0000020280   0.0000572822   0.0000000278
        0.0000148904   0.0000848864   0.0000000598  -0.0004504283  -0.0001665490
        0.0000000279  -0.0008230500   0.0009530782   0.0000000070   0.0662411519
        0.0201458714  -0.0000016573  -0.0017753118  -0.0013936261   0.0000000532
        0.0003303796   0.0001028600  -0.0000000372   0.0003816431  -0.0002804324
       -0.0000000032  -0.0007263348  -0.0010087269   0.0000000210  -0.0029023873
       -0.0002453845   0.0000000713  -0.0067966517  -0.0196976618   0.0000001446
        0.0017140952   0.0010133470  -0.0000000540  -0.0390310396  -0.2195115253
        0.0000032957   0.0275294451  -0.0429779747  -0.0000010885  -0.0010950788
        0.0001656499   0.0000000763   0.0000717687   0.0000875975  -0.0000000387
       -0.0000532167   0.0000691323   0.0000000351  -0.0002974630  -0.0001146335
        0.0000000585  -0.0005819715   0.0007233482  -0.0000000369   0.0201458714
        0.2800592748  -0.0000023807   0.0013109404   0.0016151293  -0.0000000634
        0.0000000620   0.0000000091  -0.0009378949  -0.0000000076  -0.0000000664
        0.0000533593  -0.0000001471   0.0000000743  -0.0024550631   0.0000001964
       -0.0000001097   0.0039737218   0.0000002077   0.0000004513   0.0131930429
       -0.0000001091   0.0000002040  -0.0008462092   0.0000005612   0.0000036658
       -0.0472805072   0.0000006711  -0.0000019291   0.0136299456  -0.0000000622
       -0.0000000436  -0.0000954728  -0.0000000021  -0.0000000179  -0.0000028304
        0.0000000279   0.0000000118   0.0004825862   0.0000000586   0.0000000373
        0.0000485984   0.0000000149  -0.0000000779   0.0005932159  -0.0000016573
       -0.0000023807   0.0185881637   0.0000001854   0.0000001716   0.0010553437
       -0.0015932651  -0.0026697668  -0.0000000214  -0.0028626592   0.0028365601
        0.0000000524   0.0021456207   0.0022094903  -0.0000000865  -0.0453717700
        0.0085139745   0.0000001073  -0.0093254238  -0.0057105877   0.0000002323
        0.0023817454  -0.0008592818  -0.0000000987   0.0210097503  -0.0026874467
       -0.0000006226  -0.0096352141   0.0149363967  -0.0000002313  -0.2455927382
       -0.1278588776  -0.0000038573   0.0001083373  -0.0000455949  -0.0000000120
       -0.0000554920   0.0002658220  -0.0000000420   0.0004347787   0.0005941940
       -0.0000000556   0.0001411812  -0.0003308143   0.0000000136  -0.0017753118
        0.0013109404   0.0000001854   0.2899904607   0.1094949916   0.0000044364
       -0.0017502080  -0.0024689425   0.0000000426  -0.0001684806   0.0031549940
       -0.0000000595   0.0067865617  -0.0025327789  -0.0000000989   0.0116693762
        0.0233482627   0.0000004176  -0.0083749281  -0.0047545599   0.0000002376
        0.0031690996  -0.0013399483  -0.0000000945   0.0234463790  -0.0120537663
       -0.0000007166  -0.0076865626   0.0153425806  -0.0000002551  -0.1353765421
       -0.1250811313  -0.0000030984  -0.0001065645   0.0000238449   0.0000000614
        0.0002114630  -0.0001424354  -0.0000000405   0.0000200535   0.0001840421
       -0.0000000667   0.0000589875  -0.0000907095   0.0000000617  -0.0013936261
        0.0016151293   0.0000001716   0.1094949916   0.1047954183   0.0000034377
        0.0000001273   0.0000000507   0.0000735016   0.0000001103  -0.0000000555
        0.0012142291  -0.0000001156  -0.0000000063   0.0024914226   0.0000007412
       -0.0000002716   0.0002617563   0.0000003522   0.0000000798  -0.0012679968
       -0.0000001822   0.0000000281  -0.0000963460  -0.0000004100   0.0000000325
        0.0003520520   0.0000000618  -0.0000003900  -0.0066236119  -0.0000051943
       -0.0000028749  -0.0168872460  -0.0000000095   0.0000000297  -0.0000884655
        0.0000000161  -0.0000000165  -0.0003867930   0.0000000475  -0.0000000202
        0.0000807437  -0.0000000345   0.0000000400  -0.0000287375   0.0000000532
       -0.0000000634   0.0010553437   0.0000044364   0.0000034377   0.0198501478
