           1           2   1.49064253360846     
           2           3   1.33604271102162     
           3           4   1.34874249492683     
           4           5   1.47639178468751     
           1           6   1.35865921306207     
           5           6   1.36967127710040     
           6           7  0.979893097362326     
           7           8   1.44141849543379     
           7           9   1.44343343578156     
           8           9  0.353154272026892     
           3          10   1.11343986829256     
           1          11  0.959905982032648     
           2          12  0.965045875346690     
           4          13  0.964742670956830     
           5          14  0.960471069834808     
          10          15  0.879955690666463     
