$hessian                                                                        
        0.6520708938   0.0066857051  -0.0000098326  -0.3127624782  -0.0323729787
        0.0000063463  -0.0052656348  -0.0858410787   0.0000037740  -0.0567701689
        0.0140135418   0.0000007013   0.0480859486   0.0645091750  -0.0000043191
       -0.2263815498   0.0840002873  -0.0000001847  -0.0004498060  -0.0051916267
        0.0000001582   0.0054537730  -0.0037248888   0.0000002713  -0.0008698010
        0.0023309320  -0.0000002493  -0.0562386534  -0.0559936816   0.0000026636
       -0.0229530988  -0.0053554712   0.0000006035  -0.0004482624  -0.0001748445
        0.0000001848  -0.0233576836   0.0179157221  -0.0000004818   0.0000678785
       -0.0007546608   0.0000003134  -0.0001813570  -0.0000461321   0.0000000512
        0.0066857051   0.6774949400  -0.0000263267  -0.1094675236  -0.1160005594
        0.0000050986  -0.0319195288  -0.0103974673   0.0000023640   0.0110945594
        0.0004165127  -0.0000005791   0.0101192545  -0.0512554137   0.0000017950
        0.1602572068  -0.2081630853   0.0000044799  -0.0028713276  -0.0042883028
        0.0000006399  -0.0024331746  -0.0059400315   0.0000006780   0.0017328772
        0.0001669669  -0.0000001273  -0.0561732395  -0.2910491149   0.0000130004
        0.0179852710   0.0053194434  -0.0000007352   0.0003021114   0.0007584769
        0.0000000103  -0.0049702757   0.0054558268  -0.0000000146   0.0012420657
       -0.0015657878  -0.0000000824  -0.0015839813  -0.0009524038  -0.0000002008
       -0.0000098326  -0.0000263267   0.1157921492   0.0000093757   0.0000028584
       -0.0475310955   0.0000016794   0.0000031612   0.0035144456   0.0000009832
       -0.0000007173  -0.0038033546  -0.0000018018   0.0000008533  -0.0023848141
       -0.0000041332   0.0000064336  -0.0438809574   0.0000002624   0.0000004697
        0.0052562609   0.0000000582   0.0000014598   0.0079490823   0.0000000547
       -0.0000004420  -0.0010227778   0.0000028504   0.0000128563  -0.0351687828
       -0.0000002593  -0.0000000665   0.0008197865   0.0000000044  -0.0000000410
       -0.0001776139   0.0000006382  -0.0000005227   0.0007504871  -0.0000000316
        0.0000001221   0.0013251057   0.0000001518  -0.0000000981  -0.0014379212
       -0.3127624782  -0.1094675236   0.0000093757   0.6819914977  -0.0130473293
       -0.0000115003  -0.0950354534  -0.0100114910   0.0000028124   0.0402881588
        0.0095329251  -0.0000013792  -0.0254167110  -0.0343823348   0.0000022129
       -0.0636412027   0.0556719900  -0.0000014203  -0.0011131542   0.0025973597
       -0.0000001116  -0.0153029547  -0.0277287300   0.0000012547   0.0016486919
       -0.0032588113   0.0000004547  -0.0080774429  -0.0047228944   0.0000005290
       -0.1915237293   0.1308883042  -0.0000025477  -0.0031828059   0.0040479464
        0.0000000157  -0.0026423425   0.0034417525   0.0000001175   0.0003382022
        0.0001030568  -0.0000000902  -0.0055682760  -0.0036642202   0.0000002767
       -0.0323729787  -0.1160005594   0.0000028584  -0.0130473293   0.6412511803
       -0.0000261073  -0.0638083080  -0.3033298214   0.0000154633   0.0546610203
       -0.0521480573   0.0000011843  -0.0335824186  -0.0316552084   0.0000022465
       -0.0017662975   0.0499087955  -0.0000021001   0.0015033009   0.0008634762
       -0.0000000743  -0.0284840302  -0.0112446855  -0.0000000719   0.0089602461
       -0.0052603612   0.0000007932  -0.0280145128  -0.0111508730   0.0000009721
        0.1304555107  -0.1576214935   0.0000036546   0.0031893979  -0.0019249917
        0.0000001716   0.0036568432  -0.0020453214   0.0000005018   0.0000687801
        0.0006625926   0.0000000119  -0.0014192242  -0.0003046717   0.0000004959
        0.0000063463   0.0000050986  -0.0475310955  -0.0000115003  -0.0000261073
        0.1151887336   0.0000048983   0.0000134933  -0.0498956600  -0.0000036451
        0.0000024064   0.0017320957   0.0000021986   0.0000021292  -0.0056729109
        0.0000015609  -0.0000035442   0.0017627235  -0.0000000406  -0.0000001378
       -0.0003015535   0.0000015547   0.0000020240  -0.0000999482  -0.0000003747
        0.0000001077  -0.0001758841   0.0000014243   0.0000006498   0.0008654183
       -0.0000028242   0.0000031819  -0.0334265102   0.0000001411   0.0000002828
        0.0070895646   0.0000000167   0.0000003819   0.0079341224  -0.0000000137
       -0.0000000256   0.0000079786   0.0000002577   0.0000000592   0.0025229257
       -0.0052656348  -0.0319195288   0.0000016794  -0.0950354534  -0.0638083080
        0.0000048983   0.6141889990  -0.0276090222  -0.0000133163  -0.2031275670
        0.1396955903  -0.0000020108  -0.0559513275  -0.0070996406   0.0000016542
       -0.0006063978   0.0173331310  -0.0000008806  -0.0077961210   0.0019303094
        0.0000003001  -0.1669750910  -0.0617720307   0.0000100821  -0.0776706327
        0.0225544037  -0.0000017572  -0.0053027386  -0.0022471680   0.0000002682
        0.0039167570   0.0213958318  -0.0000011930   0.0049961362  -0.0013686236
       -0.0000003701   0.0011545869   0.0005645475  -0.0000002435   0.0001791503
       -0.0002291235  -0.0000002820  -0.0067046657  -0.0074203683   0.0000011712
       -0.0858410787  -0.0103974673   0.0000031612  -0.0100114910  -0.3033298214
        0.0000134933  -0.0276090222   0.6633200085  -0.0000280715   0.0872727311
       -0.1981958877   0.0000053732   0.0495942011   0.0468778007  -0.0000034250
        0.0189748390  -0.0513119169   0.0000014646  -0.0050705841  -0.0010146014
        0.0000003257  -0.0422634398  -0.0915069017   0.0000032062   0.0237678797
        0.0142521617   0.0000004602  -0.0019379182   0.0002318716   0.0000002619
       -0.0002958656  -0.0233849790   0.0000005259   0.0187852979  -0.0245168677
        0.0000011424   0.0002604608  -0.0005655081  -0.0000000635  -0.0001124810
       -0.0008527257   0.0000004937  -0.0255135290  -0.0196051655   0.0000016518
        0.0000037740   0.0000023640   0.0035144456   0.0000028124   0.0000154633
       -0.0498956600  -0.0000133163  -0.0000280715   0.1166939878   0.0000008273
        0.0000043543  -0.0449522264  -0.0000015143  -0.0000024625  -0.0002053086
       -0.0000008032   0.0000012254  -0.0045814334   0.0000010444   0.0000002099
        0.0069475245   0.0000117405   0.0000023841  -0.0640090976  -0.0000039333
        0.0000012108   0.0151564847   0.0000004767   0.0000004299   0.0078206699
       -0.0000000713   0.0000006319   0.0001086353  -0.0000010724   0.0000011596
       -0.0007445266  -0.0000000364   0.0000000482  -0.0005298425  -0.0000000318
        0.0000000854   0.0002690028   0.0000001038   0.0000009673   0.0144073445
       -0.0567701689   0.0110945594   0.0000009832   0.0402881588   0.0546610203
       -0.0000036451  -0.2031275670   0.0872727311   0.0000008273   0.6595459625
        0.0012631572  -0.0000136576  -0.2914918907  -0.0310465729   0.0000062297
        0.0005721932  -0.0812240194   0.0000037361  -0.0503077843   0.0017417178
        0.0000009571  -0.0387033747   0.0181591015  -0.0000004127  -0.0041750262
       -0.0037313096   0.0000004016  -0.0005806005   0.0000557494  -0.0000000520
        0.0003715995  -0.0017787058   0.0000003084  -0.0572203016  -0.0552941063
        0.0000036498  -0.0000469308  -0.0011794661   0.0000002757   0.0016518647
       -0.0016453210   0.0000001779  -0.0000061340   0.0016514645   0.0000002206
        0.0140135418   0.0004165127  -0.0000007173   0.0095329251  -0.0521480573
        0.0000024064   0.1396955903  -0.1981958877   0.0000043543   0.0012631572
        0.6543424819  -0.0000253652  -0.1131146249  -0.1161111324   0.0000056621
       -0.0309880380  -0.0105615028   0.0000012171   0.0335315536   0.0014007879
       -0.0000002263   0.0108322089   0.0036750779   0.0000001111  -0.0084854082
        0.0032533771  -0.0000007218   0.0005297450   0.0009665185  -0.0000000440
       -0.0014729450  -0.0054878279   0.0000006741  -0.0537275188  -0.2794887277
        0.0000127615  -0.0013333667  -0.0057095081   0.0000004445   0.0026257652
        0.0026595656  -0.0000004390  -0.0029025855   0.0009883222  -0.0000001176
        0.0000007013  -0.0000005791  -0.0038033546  -0.0000013792   0.0000011843
        0.0017320957  -0.0000020108   0.0000053732  -0.0449522264  -0.0000136576
       -0.0000253652   0.1093058091   0.0000106162   0.0000040857  -0.0503943911
        0.0000013235   0.0000025265   0.0001216334  -0.0000002525   0.0000000107
        0.0060992944   0.0000006014  -0.0000013685  -0.0012141893   0.0000005607
        0.0000001698   0.0024546601  -0.0000000101  -0.0000000528  -0.0000280051
        0.0000001961   0.0000006761   0.0066639472   0.0000031422   0.0000129009
       -0.0311530759   0.0000001914   0.0000005698   0.0070819264  -0.0000001757
       -0.0000001550  -0.0013246255   0.0000001530   0.0000000235  -0.0005894985
        0.0480859486   0.0101192545  -0.0000018018  -0.0254167110  -0.0335824186
        0.0000021986  -0.0559513275   0.0495942011  -0.0000015143  -0.2914918907
       -0.1131146249   0.0000106162   0.6604517606   0.0064003162  -0.0000114203
       -0.1043363030  -0.0149901617   0.0000016492  -0.2195272054   0.1206446580
       -0.0000019118  -0.0020226814   0.0018363047  -0.0000001505  -0.0009624141
        0.0004914252   0.0000006121  -0.0026915793   0.0036932804   0.0000000188
       -0.0005365974  -0.0003085073   0.0000001736  -0.0082936717  -0.0030404778
        0.0000000576  -0.0096525855  -0.0300548046   0.0000016248   0.0117069700
        0.0014784017   0.0000000355   0.0006382876   0.0008331531  -0.0000001877
        0.0645091750  -0.0512554137   0.0000008533  -0.0343823348  -0.0316552084
        0.0000021292  -0.0070996406   0.0468778007  -0.0000024625  -0.0310465729
       -0.1161111324   0.0000040857   0.0064003162   0.6512757929  -0.0000230757
       -0.0915693459  -0.2868010618   0.0000119838   0.0867900224  -0.1552811343
        0.0000034259   0.0118718853  -0.0008176173   0.0000005407  -0.0035678285
        0.0024988088  -0.0000008160   0.0029119304  -0.0013833008   0.0000004688
       -0.0004636976  -0.0001153871   0.0000001937  -0.0277540497  -0.0143920207
        0.0000012896  -0.0047260829  -0.0098204345   0.0000005364   0.0278571696
       -0.0324458427   0.0000006995   0.0002690541  -0.0005738486   0.0000001477
       -0.0000043191   0.0000017950  -0.0023848141   0.0000022129   0.0000022465
       -0.0056729109   0.0000016542  -0.0000034250  -0.0002053086   0.0000062297
        0.0000056621  -0.0503943911  -0.0000114203  -0.0000230757   0.1288023516
        0.0000051164   0.0000102419  -0.0524537353  -0.0000003441   0.0000028439
       -0.0366115521  -0.0000002895   0.0000003903   0.0091291968   0.0000005724
       -0.0000003582  -0.0019711932   0.0000000374   0.0000003589   0.0086966547
        0.0000000408   0.0000000261   0.0006045361   0.0000016412   0.0000008720
        0.0018093319   0.0000004363   0.0000010596   0.0027620382  -0.0000014965
        0.0000013474  -0.0011414884  -0.0000000719   0.0000000152  -0.0009687157
       -0.2263815498   0.1602572068  -0.0000041332  -0.0636412027  -0.0017662975
        0.0000015609  -0.0006063978   0.0189748390  -0.0000008032   0.0005721932
       -0.0309880380   0.0000013235  -0.1043363030  -0.0915693459   0.0000051164
        0.6871152712  -0.0152662507  -0.0000104118   0.0037212828   0.0341251529
       -0.0000013736  -0.0025018588   0.0013526284  -0.0000001710   0.0010945885
       -0.0011656478   0.0000000628   0.0036830571  -0.0022576235   0.0000001366
       -0.0050801804  -0.0017700099   0.0000003341  -0.0054645727  -0.0023083015
        0.0000004399  -0.2857763076  -0.0721369352   0.0000082234  -0.0027194568
        0.0042640911  -0.0000002404   0.0003214367   0.0002545320  -0.0000000646
        0.0840002873  -0.2081630853   0.0000064336   0.0556719900   0.0499087955
       -0.0000035442   0.0173331310  -0.0513119169   0.0000012254  -0.0812240194
       -0.0105615028   0.0000025265  -0.0149901617  -0.2868010618   0.0000102419
       -0.0152662507   0.6450997745  -0.0000237207   0.0078220436  -0.0445751938
        0.0000019149  -0.0022537270  -0.0016422807   0.0000001586   0.0019261694
       -0.0003232861   0.0000002274   0.0210915762  -0.0237163634   0.0000006476
       -0.0019051088   0.0002225309   0.0000002459  -0.0017214259   0.0001222122
        0.0000005238  -0.0732152242  -0.0652664519   0.0000028498   0.0027330417
       -0.0031523485   0.0000002880  -0.0000023216   0.0001601781  -0.0000000185
       -0.0000001847   0.0000044799  -0.0438809574  -0.0000014203  -0.0000021001
        0.0017627235  -0.0000008806   0.0000014646  -0.0045814334   0.0000037361
        0.0000012171   0.0001216334   0.0000016492   0.0000119838  -0.0524537353
       -0.0000104118  -0.0000237207   0.1120147066  -0.0000004598   0.0000015703
        0.0039275455   0.0000004296   0.0000002382  -0.0001224743  -0.0000002253
       -0.0000000159  -0.0000006141  -0.0000010548   0.0000011859   0.0005978408
        0.0000003262   0.0000003861   0.0072719663   0.0000003586   0.0000003783
        0.0072289680   0.0000082671   0.0000028397  -0.0338227707  -0.0000000246
        0.0000001430   0.0018451500  -0.0000001051  -0.0000000502   0.0000914511
       -0.0004498060  -0.0028713276   0.0000002624  -0.0011131542   0.0015033009
       -0.0000000406  -0.0077961210  -0.0050705841   0.0000010444  -0.0503077843
        0.0335315536  -0.0000002525  -0.2195272054   0.0867900224  -0.0000003441
        0.0037212828   0.0078220436  -0.0000004598   0.3696068728   0.0016822930
       -0.0000069482   0.0039812131   0.0027039217   0.0000002982  -0.0038382148
        0.0006937393  -0.0000007621   0.0003090587  -0.0003587977   0.0000000883
        0.0004945029  -0.0002705863  -0.0000000127   0.0030996754   0.0006760463
       -0.0000001036   0.0009267993   0.0004057151  -0.0000001093  -0.0989173956
       -0.1268199006   0.0000072884  -0.0001897238  -0.0004174396   0.0000000512
       -0.0051916267  -0.0042883028   0.0000004697   0.0025973597   0.0008634762
       -0.0000001378   0.0019303094  -0.0010146014   0.0000002099   0.0017417178
        0.0014007879   0.0000000107   0.1206446580  -0.1552811343   0.0000028439
        0.0341251529  -0.0445751938   0.0000015703   0.0016822930   0.5701126896
       -0.0000244828  -0.0043126398  -0.0014063090  -0.0000002188   0.0021691939
       -0.0004178154   0.0000005507   0.0010676252  -0.0010916703  -0.0000000235
       -0.0004707254   0.0003809645  -0.0000000849  -0.0024918430   0.0026917701
       -0.0000001521   0.0003285739   0.0021011164  -0.0000001877  -0.1540296132
       -0.3700599372   0.0000197096   0.0002095643   0.0005841595  -0.0000000772
        0.0000001582   0.0000006399   0.0052562609  -0.0000001116  -0.0000000743
       -0.0003015535   0.0000003001   0.0000003257   0.0069475245   0.0000009571
       -0.0000002263   0.0060992944  -0.0000019118   0.0000034259  -0.0366115521
       -0.0000013736   0.0000019149   0.0039275455  -0.0000069482  -0.0000244828
        0.0274826246   0.0000007373  -0.0000004696  -0.0000647268  -0.0000002961
        0.0000002394   0.0000015172  -0.0000000307   0.0000000454  -0.0000050282
       -0.0000000096  -0.0000000505  -0.0013371307   0.0000000197  -0.0000002095
       -0.0016544079  -0.0000001021  -0.0000002214  -0.0029626843   0.0000087854
        0.0000190030  -0.0067645546  -0.0000001741   0.0000001401  -0.0000131290
        0.0054537730  -0.0024331746   0.0000000582  -0.0153029547  -0.0284840302
        0.0000015547  -0.1669750910  -0.0422634398   0.0000117405  -0.0387033747
        0.0108322089   0.0000006014  -0.0020226814   0.0118718853  -0.0000002895
       -0.0025018588  -0.0022537270   0.0000004296   0.0039812131  -0.0043126398
        0.0000007373   0.7429828006  -0.2047562131   0.0000206665  -0.4736445140
        0.3016579421  -0.0000355373   0.0001498333   0.0004661509   0.0000002249
        0.0006423864   0.0022273838  -0.0000004941   0.0004362808  -0.0022577678
        0.0000001478  -0.0001496301   0.0000663667   0.0000004064  -0.0007019562
        0.0005121359   0.0000001448  -0.0536442263  -0.0408730813  -0.0000003912
       -0.0037248888  -0.0059400315   0.0000014598  -0.0277287300  -0.0112446855
        0.0000020240  -0.0617720307  -0.0915069017   0.0000023841   0.0181591015
        0.0036750779  -0.0000013685   0.0018363047  -0.0008176173   0.0000003903
        0.0013526284  -0.0016422807   0.0000002382   0.0027039217  -0.0014063090
       -0.0000004696  -0.2047562131   0.6287555520  -0.0000213465   0.3065039557
       -0.3149119658   0.0000265808  -0.0014490077  -0.0007533439   0.0000008513
       -0.0009209030  -0.0012191854   0.0000005536   0.0034266923  -0.0001493170
       -0.0000008867   0.0001319163  -0.0001249300   0.0000002648   0.0001824964
        0.0002731554  -0.0000006278  -0.0339452439  -0.2029872174  -0.0000100479
        0.0000002713   0.0000006780   0.0079490823   0.0000012547  -0.0000000719
       -0.0000999482   0.0000100821   0.0000032062  -0.0640090976  -0.0000004127
        0.0000001111  -0.0012141893  -0.0000001505   0.0000005407   0.0091291968
       -0.0000001710   0.0000001586  -0.0001224743   0.0000002982  -0.0000002188
       -0.0000647268   0.0000206665  -0.0000213465   0.1546016199  -0.0000318078
        0.0000248327  -0.0501499805   0.0000001524   0.0000000345  -0.0000496125
       -0.0000000508  -0.0000000921  -0.0028341083  -0.0000001937  -0.0000001464
       -0.0029971158  -0.0000000364  -0.0000001105  -0.0019456084  -0.0000000047
        0.0000000145   0.0000822737   0.0000001024  -0.0000075902  -0.0482753110
       -0.0008698010   0.0017328772   0.0000000547   0.0016486919   0.0089602461
       -0.0000003747  -0.0776706327   0.0237678797  -0.0000039333  -0.0041750262
       -0.0084854082   0.0000005607  -0.0009624141  -0.0035678285   0.0000005724
        0.0010945885   0.0019261694  -0.0000002253  -0.0038382148   0.0021691939
       -0.0000002961  -0.4736445140   0.3065039557  -0.0000318078   0.5578433297
       -0.3607085061   0.0000379902   0.0000482930  -0.0002165005  -0.0000000727
        0.0002405087  -0.0006856475   0.0000000621   0.0007569692  -0.0002415855
       -0.0000001098   0.0000697332  -0.0000694925  -0.0000000912   0.0005689867
       -0.0003941762   0.0000000488  -0.0011104981   0.0293088230  -0.0000023782
        0.0023309320   0.0001669669  -0.0000004420  -0.0032588113  -0.0052603612
        0.0000001077   0.0225544037   0.0142521617   0.0000012108  -0.0037313096
        0.0032533771   0.0000001698   0.0004914252   0.0024988088  -0.0000003582
       -0.0011656478  -0.0003232861  -0.0000000159   0.0006937393  -0.0004178154
        0.0000002394   0.3016579421  -0.3149119658   0.0000248327  -0.3607085061
        0.3453489051  -0.0000300909   0.0001371652   0.0002403171  -0.0000002828
       -0.0000037151   0.0016503960  -0.0000002525  -0.0011792214   0.0005539092
        0.0000002902  -0.0001543586   0.0001474283  -0.0000001261  -0.0003242688
        0.0000944630   0.0000001400   0.0426602313  -0.0472933046   0.0000045778
       -0.0000002493  -0.0000001273  -0.0010227778   0.0000004547   0.0000007932
       -0.0001758841  -0.0000017572   0.0000004602   0.0151564847   0.0000004016
       -0.0000007218   0.0024546601   0.0000006121  -0.0000008160  -0.0019711932
        0.0000000628   0.0000002274  -0.0000006141  -0.0000007621   0.0000005507
        0.0000015172  -0.0000355373   0.0000265808  -0.0501499805   0.0000379902
       -0.0000300909   0.0187472173  -0.0000000452  -0.0000000203   0.0000685518
        0.0000000237  -0.0000001668   0.0002312638   0.0000001195   0.0000000437
        0.0004273183   0.0000000150  -0.0000000012   0.0004260784   0.0000000380
       -0.0000000126  -0.0000006336  -0.0000013666   0.0000033007   0.0158079916
       -0.0562386534  -0.0561732395   0.0000028504  -0.0080774429  -0.0280145128
        0.0000014243  -0.0053027386  -0.0019379182   0.0000004767  -0.0005806005
        0.0005297450  -0.0000000101  -0.0026915793   0.0029119304   0.0000000374
        0.0036830571   0.0210915762  -0.0000010548   0.0003090587   0.0010676252
       -0.0000000307   0.0001498333  -0.0014490077   0.0000001524   0.0000482930
        0.0001371652  -0.0000000452   0.0677331657   0.0615927533  -0.0000035787
        0.0007722161  -0.0007776427  -0.0000000531  -0.0000351529   0.0000155067
       -0.0000000087   0.0008504039   0.0009090738  -0.0000000780  -0.0001627312
        0.0004032193  -0.0000000375  -0.0004571290  -0.0003062743  -0.0000000445
       -0.0559936816  -0.2910491149   0.0000128563  -0.0047228944  -0.0111508730
        0.0000006498  -0.0022471680   0.0002318716   0.0000004299   0.0000557494
        0.0009665185  -0.0000000528   0.0036932804  -0.0013833008   0.0000003589
       -0.0022576235  -0.0237163634   0.0000011859  -0.0003587977  -0.0010916703
        0.0000000454   0.0004661509  -0.0007533439   0.0000000345  -0.0002165005
        0.0002403171  -0.0000000203   0.0615927533   0.3262753589  -0.0000150991
        0.0007771607   0.0008613709  -0.0000001702   0.0000232110   0.0000904573
       -0.0000000776  -0.0006955964   0.0008607586  -0.0000001357   0.0000613616
       -0.0002657276   0.0000000044  -0.0001774052  -0.0001162589  -0.0000000095
        0.0000026636   0.0000130004  -0.0351687828   0.0000005290   0.0000009721
        0.0008654183   0.0000002682   0.0000002619   0.0078206699  -0.0000000520
       -0.0000000440  -0.0000280051   0.0000000188   0.0000004688   0.0086966547
        0.0000001366   0.0000006476   0.0005978408   0.0000000883  -0.0000000235
       -0.0000050282   0.0000002249   0.0000008513  -0.0000496125  -0.0000000727
       -0.0000002828   0.0000685518  -0.0000035787  -0.0000150991   0.0244492900
       -0.0000000889  -0.0000001547  -0.0024306636  -0.0000000407  -0.0000001031
       -0.0016662334  -0.0000000316  -0.0000001914  -0.0027169065  -0.0000000020
       -0.0000000010  -0.0002611815  -0.0000000627  -0.0000003027  -0.0001720120
       -0.0229530988   0.0179852710  -0.0000002593  -0.1915237293   0.1304555107
       -0.0000028242   0.0039167570  -0.0002958656  -0.0000000713   0.0003715995
       -0.0014729450   0.0000001961  -0.0005365974  -0.0004636976   0.0000000408
       -0.0050801804  -0.0019051088   0.0000003262   0.0004945029  -0.0004707254
       -0.0000000096   0.0006423864  -0.0009209030  -0.0000000508   0.0002405087
       -0.0000037151   0.0000000237   0.0007722161   0.0007771607  -0.0000000889
        0.2145753133  -0.1445240669   0.0000027518   0.0001691763  -0.0004716803
        0.0000000357  -0.0009531026   0.0009385280  -0.0000000635   0.0000486189
        0.0000619407  -0.0000000238  -0.0001843708   0.0003102963   0.0000000171
       -0.0053554712   0.0053194434  -0.0000000665   0.1308883042  -0.1576214935
        0.0000031819   0.0213958318  -0.0233849790   0.0000006319  -0.0017787058
       -0.0054878279   0.0000006761  -0.0003085073  -0.0001153871   0.0000000261
       -0.0017700099   0.0002225309   0.0000003861  -0.0002705863   0.0003809645
       -0.0000000505   0.0022273838  -0.0012191854  -0.0000000921  -0.0006856475
        0.0016503960  -0.0000001668  -0.0007776427   0.0008613709  -0.0000001547
       -0.1445240669   0.1795516943  -0.0000044088   0.0011732160  -0.0011180879
        0.0000000514  -0.0004065239   0.0002123657  -0.0000000279  -0.0001076397
        0.0000475498  -0.0000000319   0.0003000655   0.0007006453   0.0000000457
        0.0000006035  -0.0000007352   0.0008197865  -0.0000025477   0.0000036546
       -0.0334265102  -0.0000011930   0.0000005259   0.0001086353   0.0000003084
        0.0000006741   0.0066639472   0.0000001736   0.0000001937   0.0006045361
        0.0000003341   0.0000002459   0.0072719663  -0.0000000127  -0.0000000849
       -0.0013371307  -0.0000004941   0.0000005536  -0.0028341083   0.0000000621
       -0.0000002525   0.0002312638  -0.0000000531  -0.0000001702  -0.0024306636
        0.0000027518  -0.0000044088   0.0238039918  -0.0000000767   0.0000001016
        0.0005231922   0.0000000553  -0.0000000491  -0.0000836488   0.0000000064
       -0.0000000169  -0.0002053931   0.0000000822  -0.0000002318   0.0002901355
       -0.0004482624   0.0003021114   0.0000000044  -0.0031828059   0.0031893979
        0.0000001411   0.0049961362   0.0187852979  -0.0000010724  -0.0572203016
       -0.0537275188   0.0000031422  -0.0082936717  -0.0277540497   0.0000016412
       -0.0054645727  -0.0017214259   0.0000003586   0.0030996754  -0.0024918430
        0.0000000197   0.0004362808   0.0034266923  -0.0000001937   0.0007569692
       -0.0011792214   0.0000001195  -0.0000351529   0.0000232110  -0.0000000407
        0.0001691763   0.0011732160  -0.0000000767   0.0669925560   0.0606898268
       -0.0000039084  -0.0003246928  -0.0015266970   0.0000000205  -0.0006992355
        0.0014065628  -0.0000000905  -0.0007820985  -0.0005955604  -0.0000000649
       -0.0001748445   0.0007584769  -0.0000000410   0.0040479464  -0.0019249917
        0.0000002828  -0.0013686236  -0.0245168677   0.0000011596  -0.0552941063
       -0.2794887277   0.0000129009  -0.0030404778  -0.0143920207   0.0000008720
       -0.0023083015   0.0001222122   0.0000003783   0.0006760463   0.0026917701
       -0.0000002095  -0.0022577678  -0.0001493170  -0.0000001464  -0.0002415855
        0.0005539092   0.0000000437   0.0000155067   0.0000904573  -0.0000001031
       -0.0004716803  -0.0011180879   0.0000001016   0.0606898268   0.3171772711
       -0.0000153226  -0.0000328837  -0.0006577608  -0.0000000089  -0.0012633440
        0.0000114784   0.0000000283   0.0010242890   0.0008421982   0.0000000642
        0.0000001848   0.0000000103  -0.0001776139   0.0000000157   0.0000001716
        0.0070895646  -0.0000003701   0.0000011424  -0.0007445266   0.0000036498
        0.0000127615  -0.0311530759   0.0000000576   0.0000012896   0.0018093319
        0.0000004399   0.0000005238   0.0072289680  -0.0000001036  -0.0000001521
       -0.0016544079   0.0000001478  -0.0000008867  -0.0029971158  -0.0000001098
        0.0000002902   0.0004273183  -0.0000000087  -0.0000000776  -0.0016662334
        0.0000000357   0.0000000514   0.0005231922  -0.0000039084  -0.0000153226
        0.0219944773   0.0000000040   0.0000000763  -0.0005603930   0.0000000509
       -0.0000000566  -0.0006356976  -0.0000000857   0.0000001787   0.0005162118
       -0.0233576836  -0.0049702757   0.0000006382  -0.0026423425   0.0036568432
        0.0000000167   0.0011545869   0.0002604608  -0.0000000364  -0.0000469308
       -0.0013333667   0.0000001914  -0.0096525855  -0.0047260829   0.0000004363
       -0.2857763076  -0.0732152242   0.0000082671   0.0009267993   0.0003285739
       -0.0000001021  -0.0001496301   0.0001319163  -0.0000000364   0.0000697332
       -0.0001543586   0.0000000150   0.0008504039  -0.0006955964  -0.0000000316
       -0.0009531026  -0.0004065239   0.0000000553  -0.0003246928  -0.0000328837
        0.0000000040   0.3198272646   0.0805419074  -0.0000094038   0.0000664672
        0.0006141726  -0.0000000313   0.0000080204   0.0000004378   0.0000000176
        0.0179157221   0.0054558268  -0.0000005227   0.0034417525  -0.0020453214
        0.0000003819   0.0005645475  -0.0005655081   0.0000000482  -0.0011794661
       -0.0057095081   0.0000005698  -0.0300548046  -0.0098204345   0.0000010596
       -0.0721369352  -0.0652664519   0.0000028397   0.0004057151   0.0021011164
       -0.0000002214   0.0000663667  -0.0001249300  -0.0000001105  -0.0000694925
        0.0001474283  -0.0000000012   0.0009090738   0.0008607586  -0.0000001914
        0.0009385280   0.0002123657  -0.0000000491  -0.0015266970  -0.0006577608
        0.0000000763   0.0805419074   0.0746536354  -0.0000038840   0.0001012265
        0.0006966296  -0.0000000232   0.0000825557   0.0000621540   0.0000000278
       -0.0000004818  -0.0000000146   0.0007504871   0.0000001175   0.0000005018
        0.0079341224  -0.0000002435  -0.0000000635  -0.0005298425   0.0000002757
        0.0000004445   0.0070819264   0.0000016248   0.0000005364   0.0027620382
        0.0000082234   0.0000028498  -0.0338227707  -0.0000001093  -0.0000001877
       -0.0029626843   0.0000004064   0.0000002648  -0.0019456084  -0.0000000912
       -0.0000001261   0.0004260784  -0.0000000780  -0.0000001357  -0.0027169065
       -0.0000000635  -0.0000000279  -0.0000836488   0.0000000205  -0.0000000089
       -0.0005603930  -0.0000094038  -0.0000038840   0.0233190570  -0.0000000056
       -0.0000000317   0.0001202381  -0.0000001917  -0.0000001173   0.0002279064
        0.0000678785   0.0012420657  -0.0000000316   0.0003382022   0.0000687801
       -0.0000000137   0.0001791503  -0.0001124810  -0.0000000318   0.0016518647
        0.0026257652  -0.0000001757   0.0117069700   0.0278571696  -0.0000014965
       -0.0027194568   0.0027330417  -0.0000000246  -0.0989173956  -0.1540296132
        0.0000087854  -0.0007019562   0.0001824964  -0.0000000047   0.0005689867
       -0.0003242688   0.0000000380  -0.0001627312   0.0000613616  -0.0000000020
        0.0000486189  -0.0001076397   0.0000000064  -0.0006992355  -0.0012633440
        0.0000000509   0.0000664672   0.0001012265  -0.0000000056   0.0886389911
        0.1210190677  -0.0000070976  -0.0000663544  -0.0000536279   0.0000000031
       -0.0007546608  -0.0015657878   0.0000001221   0.0001030568   0.0006625926
       -0.0000000256  -0.0002291235  -0.0008527257   0.0000000854  -0.0016453210
        0.0026595656  -0.0000001550   0.0014784017  -0.0324458427   0.0000013474
        0.0042640911  -0.0031523485   0.0000001430  -0.1268199006  -0.3700599372
        0.0000190030   0.0005121359   0.0002731554   0.0000000145  -0.0003941762
        0.0000944630  -0.0000000126   0.0004032193  -0.0002657276  -0.0000000010
        0.0000619407   0.0000475498  -0.0000000169   0.0014065628   0.0000114784
       -0.0000000566   0.0006141726   0.0006966296  -0.0000000317   0.1210190677
        0.4039565137  -0.0000203933  -0.0000194665  -0.0000595787  -0.0000000227
        0.0000003134  -0.0000000824   0.0013251057  -0.0000000902   0.0000000119
        0.0000079786  -0.0000002820   0.0000004937   0.0002690028   0.0000001779
       -0.0000004390  -0.0013246255   0.0000000355   0.0000006995  -0.0011414884
       -0.0000002404   0.0000002880   0.0018451500   0.0000072884   0.0000197096
       -0.0067645546   0.0000001448  -0.0000006278   0.0000822737   0.0000000488
        0.0000001400  -0.0000006336  -0.0000000375   0.0000000044  -0.0002611815
       -0.0000000238  -0.0000000319  -0.0002053931  -0.0000000905   0.0000000283
       -0.0006356976  -0.0000000313  -0.0000000232   0.0001202381  -0.0000070976
       -0.0000203933   0.0066910666  -0.0000001155   0.0000002223  -0.0000072412
       -0.0001813570  -0.0015839813   0.0000001518  -0.0055682760  -0.0014192242
        0.0000002577  -0.0067046657  -0.0255135290   0.0000001038  -0.0000061340
       -0.0029025855   0.0000001530   0.0006382876   0.0002690541  -0.0000000719
        0.0003214367  -0.0000023216  -0.0000001051  -0.0001897238   0.0002095643
       -0.0000001741  -0.0536442263  -0.0339452439   0.0000001024  -0.0011104981
        0.0426602313  -0.0000013666  -0.0004571290  -0.0001774052  -0.0000000627
       -0.0001843708   0.0003000655   0.0000000822  -0.0007820985   0.0010242890
       -0.0000000857   0.0000080204   0.0000825557  -0.0000001917  -0.0000663544
       -0.0000194665  -0.0000001155   0.0679270890   0.0210179974   0.0000013225
       -0.0000461321  -0.0009524038  -0.0000000981  -0.0036642202  -0.0003046717
        0.0000000592  -0.0074203683  -0.0196051655   0.0000009673   0.0016514645
        0.0009883222   0.0000000235   0.0008331531  -0.0005738486   0.0000000152
        0.0002545320   0.0001601781  -0.0000000502  -0.0004174396   0.0005841595
        0.0000001401  -0.0408730813  -0.2029872174  -0.0000075902   0.0293088230
       -0.0472933046   0.0000033007  -0.0003062743  -0.0001162589  -0.0000003027
        0.0003102963   0.0007006453  -0.0000002318  -0.0005955604   0.0008421982
        0.0000001787   0.0000004378   0.0000621540  -0.0000001173  -0.0000536279
       -0.0000595787   0.0000002223   0.0210179974   0.2685547919   0.0000034832
        0.0000000512  -0.0000002008  -0.0014379212   0.0000002767   0.0000004959
        0.0025229257   0.0000011712   0.0000016518   0.0144073445   0.0000002206
       -0.0000001176  -0.0005894985  -0.0000001877   0.0000001477  -0.0009687157
       -0.0000000646  -0.0000000185   0.0000914511   0.0000000512  -0.0000000772
       -0.0000131290  -0.0000003912  -0.0000100479  -0.0482753110  -0.0000023782
        0.0000045778   0.0158079916  -0.0000000445  -0.0000000095  -0.0001720120
        0.0000000171   0.0000000457   0.0002901355  -0.0000000649   0.0000000642
        0.0005162118   0.0000000176   0.0000000278   0.0002279064   0.0000000031
       -0.0000000227  -0.0000072412   0.0000013225   0.0000034832   0.0175998621
