           1           2  0.997787138498449     
           2           3  0.953812256380733     
           2           4  0.932555349084371     
           4           5  0.962256678616237     
           4           6  0.941013619829172     
           4           7  0.962659942074326     
           2           8   1.00571672851238     
           1           9  0.982660767130018     
           1          10  0.982491425488932     
           1          11  0.981689792772170     
           8          12  0.884797888569405     
