$hessian                                                                        
        0.3989868599  -0.0208514846   0.0826225339  -0.1434118648  -0.0655945133
       -0.0014431637  -0.0202380651  -0.0045340471  -0.0102265247  -0.0509197125
        0.0090534245   0.0403397950  -0.0540766332   0.0562024494  -0.0023723710
       -0.1174151420   0.0359946917  -0.1125451394  -0.0159439442  -0.0100611476
        0.0035332427   0.0030185018  -0.0002093729   0.0000916272
       -0.0208514846   0.4890655635  -0.0236119346  -0.0643410795  -0.1166710970
       -0.0011308586   0.0036844801   0.0048145753  -0.0004531387   0.0104857101
       -0.0303722436  -0.0140924679   0.0607436148  -0.2663124396  -0.0089355363
        0.0362124014  -0.0593250684   0.0486818131  -0.0015886882   0.0001803986
        0.0005439303  -0.0243449540  -0.0213796889  -0.0010018072
        0.0826225339  -0.0236119346   0.3724313350  -0.0095915853  -0.0080536651
       -0.0554135991  -0.0185239790  -0.0057107223  -0.0068051901   0.0407614962
       -0.0125434399  -0.0944348897  -0.0028521388  -0.0055340050  -0.0379694127
       -0.1076746710   0.0468122628  -0.1763954877   0.0195643531   0.0134542578
       -0.0016276688  -0.0043060091  -0.0048127537   0.0002149130
       -0.1434118648  -0.0643410795  -0.0095915853   0.3710503701   0.0079063600
       -0.0970352987  -0.0425867941   0.0145660070  -0.0263923022  -0.0208027080
       -0.0067855129   0.0140764795   0.0028809323   0.0000204124  -0.0007688970
       -0.0191132403  -0.0110937015  -0.0054090395  -0.0950171055   0.0050485892
        0.1088467735  -0.0529995897   0.0546789253   0.0162738697
       -0.0655945133  -0.1166710970  -0.0080536651   0.0079063600   0.4655382295
        0.0533658511   0.0159466024  -0.0307853497   0.0174805630  -0.0014064983
        0.0034502301   0.0041787073  -0.0247827633  -0.0219557922  -0.0023825967
        0.0023244425   0.0028946005   0.0001004039   0.0066118992  -0.0424974533
       -0.0140651083   0.0589944706  -0.2599733680  -0.0506241551
       -0.0014431637  -0.0011308586  -0.0554135991  -0.0970352987   0.0533658511
        0.3927911101  -0.0264796543   0.0162675775  -0.0551870668   0.0227994153
        0.0098301797  -0.0088362905  -0.0018822202  -0.0005592502   0.0006692159
       -0.0175201695  -0.0111264657  -0.0026601770   0.1041435228  -0.0122858544
       -0.2205650334   0.0174175684  -0.0543611792  -0.0507981591
       -0.0202380651   0.0036844801  -0.0185239790  -0.0425867941   0.0159466024
       -0.0264796543   0.0724863541  -0.0245694159   0.0600084729   0.0006606490
        0.0004372431   0.0001505476   0.0007027727   0.0002717190   0.0000114296
       -0.0038692328  -0.0028583813  -0.0009259480   0.0019130645   0.0002024318
       -0.0030861785  -0.0090687484   0.0068853207  -0.0111546902
       -0.0045340471   0.0048145753  -0.0057107223   0.0145660070  -0.0307853497
        0.0162675775  -0.0245694159   0.0317839616  -0.0296041875   0.0004468944
       -0.0000386560  -0.0009125175  -0.0005504962   0.0010089052  -0.0005887105
       -0.0020601891  -0.0001889558  -0.0003310680   0.0020108319   0.0001362196
        0.0036416350   0.0146904150  -0.0067307002   0.0172379933
       -0.0102265247  -0.0004531387  -0.0068051901  -0.0263923022   0.0174805630
       -0.0551870668   0.0600084729  -0.0296041875   0.0848071063   0.0002739425
        0.0002472240   0.0020012327   0.0003929404  -0.0004696672  -0.0000269023
       -0.0015019921  -0.0013187425   0.0001635759  -0.0173640249   0.0096923351
       -0.0213270227  -0.0051905119   0.0044256139  -0.0036257329
       -0.0509197125   0.0104857101   0.0407614962  -0.0208027080  -0.0014064983
        0.0227994153   0.0006606490   0.0004468944   0.0002739425   0.0756833374
       -0.0099775931  -0.0784472681  -0.0073860992   0.0048283002   0.0132731217
        0.0051915496  -0.0016694786   0.0005830039  -0.0035477441  -0.0031315351
        0.0008604522   0.0011207277   0.0004242004  -0.0001041636
        0.0090534245  -0.0303722436  -0.0125434399  -0.0067855129   0.0034502301
        0.0098301797   0.0004372431  -0.0000386560   0.0002472240  -0.0099775931
        0.0253945450   0.0183783314   0.0122041670  -0.0015188164  -0.0196597242
       -0.0022633232   0.0029088119   0.0024427167  -0.0026656955  -0.0007746495
        0.0005288621  -0.0000027099   0.0009507784   0.0007758503
        0.0403397950  -0.0140924679  -0.0944348897   0.0140764795   0.0041787073
       -0.0088362905   0.0001505476  -0.0009125175   0.0020012327  -0.0784472681
        0.0183783314   0.1394729688   0.0097649494  -0.0061194349  -0.0110662779
        0.0144436674  -0.0032485819  -0.0279619437   0.0007051201   0.0012771103
        0.0004699853  -0.0010332910   0.0005388534   0.0003552151
       -0.0540766332   0.0607436148  -0.0028521388   0.0028809323  -0.0247827633
       -0.0018822202   0.0007027727  -0.0005504962   0.0003929404  -0.0073860992
        0.0122041670   0.0097649494   0.0658696740  -0.0626792084  -0.0029330071
       -0.0046877599   0.0187662287  -0.0023416225   0.0002184581  -0.0001914078
       -0.0002135913  -0.0035213447  -0.0035101348   0.0000646900
        0.0562024494  -0.2663124396  -0.0055340050   0.0000204124  -0.0219557922
       -0.0005592502   0.0002717190   0.0010089052  -0.0004696672   0.0048283002
       -0.0015188164  -0.0061194349  -0.0626792084   0.3011474162   0.0096915094
        0.0042957674  -0.0103637456   0.0022702770   0.0003065484  -0.0000811099
        0.0001544544  -0.0032459884  -0.0019244176   0.0005661165
       -0.0023723710  -0.0089355363  -0.0379694127  -0.0007688970  -0.0023825967
        0.0006692159   0.0000114296  -0.0005887105  -0.0000269023   0.0132731217
       -0.0196597242  -0.0110662779  -0.0029330071   0.0096915094   0.0474395206
       -0.0071631453   0.0225588826  -0.0000711371   0.0001357081   0.0002068480
        0.0001434062  -0.0001828389  -0.0008906725   0.0008815874
       -0.1174151420   0.0362124014  -0.1076746710  -0.0191132403   0.0023244425
       -0.0175201695  -0.0038692328  -0.0020601891  -0.0015019921   0.0051915496
       -0.0022633232   0.0144436674  -0.0046877599   0.0042957674  -0.0071631453
        0.1395633628  -0.0391656168   0.1197517534  -0.0000926998   0.0002536517
       -0.0003341687   0.0004231624   0.0004028660  -0.0000012742
        0.0359946917  -0.0593250684   0.0468122628  -0.0110937015   0.0028946005
       -0.0111264657  -0.0028583813  -0.0001889558  -0.0013187425  -0.0016694786
        0.0029088119  -0.0032485819   0.0187662287  -0.0103637456   0.0225588826
       -0.0391656168   0.0635644727  -0.0532516394   0.0001870149   0.0003903835
       -0.0001934198  -0.0001607572   0.0001195012  -0.0002322962
       -0.1125451394   0.0486818131  -0.1763954877  -0.0054090395   0.0001004039
       -0.0026601770  -0.0009259480  -0.0003310680   0.0001635759   0.0005830039
        0.0024427167  -0.0279619437  -0.0023416225   0.0022702770  -0.0000711371
        0.1197517534  -0.0532516394   0.2061842182   0.0005426184   0.0001660285
        0.0006863221   0.0003443737  -0.0000785318   0.0000546294
       -0.0159439442  -0.0015886882   0.0195643531  -0.0950171055   0.0066118992
        0.1041435228   0.0019130645   0.0020108319  -0.0173640249  -0.0035477441
       -0.0026656955   0.0007051201   0.0002184581   0.0003065484   0.0001357081
       -0.0000926998   0.0001870149   0.0005426184   0.1160693471  -0.0068324371
       -0.1158263355  -0.0035993763   0.0019705262   0.0080990380
       -0.0100611476   0.0001803986   0.0134542578   0.0050485892  -0.0424974533
       -0.0122858544   0.0002024318   0.0001362196   0.0096923351  -0.0031315351
       -0.0007746495   0.0012771103  -0.0001914078  -0.0000811099   0.0002068480
        0.0002536517   0.0003903835   0.0001660285  -0.0068324371   0.0460848740
        0.0129467238   0.0147118548  -0.0034386630  -0.0254574491
        0.0035332427   0.0005439303  -0.0016276688   0.1088467735  -0.0140651083
       -0.2205650334  -0.0030861785   0.0036416350  -0.0213270227   0.0008604522
        0.0005288621   0.0004699853  -0.0002135913   0.0001544544   0.0001434062
       -0.0003341687  -0.0001934198   0.0006863221  -0.1158263355   0.0129467238
        0.2497396033   0.0062198056  -0.0035570776  -0.0075195919
        0.0030185018  -0.0243449540  -0.0043060091  -0.0529995897   0.0589944706
        0.0174175684  -0.0090687484   0.0146904150  -0.0051905119   0.0011207277
       -0.0000027099  -0.0010332910  -0.0035213447  -0.0032459884  -0.0001828389
        0.0004231624  -0.0001607572   0.0003443737  -0.0035993763   0.0147118548
        0.0062198056   0.0646266671  -0.0606423310  -0.0132690968
       -0.0002093729  -0.0213796889  -0.0048127537   0.0546789253  -0.2599733680
       -0.0543611792   0.0068853207  -0.0067307002   0.0044256139   0.0004242004
        0.0009507784   0.0005388534  -0.0035101348  -0.0019244176  -0.0008906725
        0.0004028660   0.0001195012  -0.0000785318   0.0019705262  -0.0034386630
       -0.0035570776  -0.0606423310   0.2923765581   0.0587357474
        0.0000916272  -0.0010018072   0.0002149130   0.0162738697  -0.0506241551
       -0.0507981591  -0.0111546902   0.0172379933  -0.0036257329  -0.0001041636
        0.0007758503   0.0003552151   0.0000646900   0.0005661165   0.0008815874
       -0.0000012742  -0.0002322962   0.0000546294   0.0080990380  -0.0254574491
       -0.0075195919  -0.0132690968   0.0587357474   0.0604371391
