           1           2   1.00136663347582     
           2           3   1.01159507661746     
           3           4   1.41879736424090     
           4           5   1.44283701062932     
           3           6  0.108492989472953     
           5           6   1.43589738884714     
           4           7  0.107874875908558     
           6           7   1.44210084981425     
           3           8   1.38350989142633     
           5           8  0.107181027781715     
           7           8   1.41781834811042     
           8           9   1.02469664756365     
           1          10  0.986601050068342     
           1          11  0.986965246717689     
           1          12  0.988414976733740     
           2          13  0.972191786858337     
           2          14  0.974245542441349     
           4          15  0.969119771312444     
           5          16  0.971422413076660     
           6          17  0.971466451864995     
           7          18  0.968746179942366     
           9          19  0.969861054816668     
           9          20  0.973094829862296     
           9          21  0.984923573588018     
