$hessian                                                                        
        0.5012748541  -0.0291633263  -0.0088527251  -0.1087689097  -0.0628303220
       -0.0184398683  -0.0212899687  -0.0214495563  -0.0060184407   0.0001997983
       -0.0001548055   0.0000126403   0.0003894213  -0.0008052663  -0.0000961789
       -0.0001521002  -0.0003217395  -0.0000522934  -0.0018350622  -0.0011296650
        0.0001247130  -0.0060326442   0.0008247291  -0.0000178758  -0.2640716958
        0.0680977928   0.0138149522  -0.0523189879   0.0157104738   0.0427454999
       -0.0493585335   0.0290647447  -0.0239902627   0.0018755563   0.0011750589
        0.0014840543   0.0019489791   0.0012751919  -0.0006156498  -0.0013457577
       -0.0003052109  -0.0000974404  -0.0000519359  -0.0000283703  -0.0000525059
       -0.0004630132   0.0000402710   0.0000513813
       -0.0291633263   0.4894581303  -0.0107570456  -0.0617793705  -0.1536258238
       -0.0243273131  -0.0027702002   0.0041439615   0.0011680690   0.0011526919
       -0.0002249070   0.0003412409  -0.0003822944   0.0000185490  -0.0000480523
        0.0000581421   0.0003893947   0.0000580467   0.0005779142  -0.0001488302
       -0.0001704844   0.0011852499   0.0005290192  -0.0003898122   0.0676821549
       -0.0624336719  -0.0033113221   0.0155055671  -0.0679425942  -0.0696973030
        0.0287812811  -0.1756527771   0.1164027913  -0.0144193647  -0.0236126716
       -0.0032999337  -0.0074119276  -0.0110415282  -0.0059142019   0.0008519923
        0.0000530185  -0.0001216319   0.0000351549   0.0000618054   0.0000303293
        0.0000963355   0.0000289255   0.0000366231
       -0.0088527251  -0.0107570456   0.5230806731  -0.0180677579  -0.0242754260
       -0.0736685012  -0.0001850588   0.0011893526   0.0005799002   0.0003603764
        0.0001882953  -0.0007046167  -0.0000566309  -0.0000455158   0.0001692695
        0.0000361973   0.0001339175   0.0000675476   0.0002449651  -0.0000758861
        0.0002675895   0.0004624803  -0.0002205708   0.0009689146   0.0137612183
       -0.0032590994  -0.0460158757   0.0427620974  -0.0696736219  -0.2522697028
       -0.0240757631   0.1161958202  -0.1473670481   0.0091444653   0.0146534127
        0.0038328797  -0.0156025694  -0.0240722063  -0.0090835266   0.0000094000
       -0.0000230092   0.0002663013   0.0000123146   0.0000188429  -0.0000456816
        0.0000469905   0.0000227399  -0.0000781228
       -0.1087689097  -0.0617793705  -0.0180677579   0.4717568267   0.0098058579
        0.0030960166  -0.1927135489   0.0296836870   0.0098264997  -0.0162995575
        0.0090852598   0.0021167147   0.0003351674   0.0023202860   0.0006092695
       -0.0009542752  -0.0002093374  -0.0000844096  -0.0006530419  -0.0031218036
       -0.0004096837  -0.0372822996  -0.0104354619  -0.0005538382  -0.0222489936
       -0.0240688037  -0.0069186313   0.0025484041   0.0018630616  -0.0013565215
        0.0022856661   0.0005522776   0.0019155489  -0.0498445048   0.0347887531
       -0.0306790840  -0.0474719306   0.0119245981   0.0405897294   0.0001282212
       -0.0008392633  -0.0001632692   0.0001519786   0.0000563002  -0.0000278140
       -0.0009692022   0.0003739591   0.0001072306
       -0.0628303220  -0.1536258238  -0.0242754260   0.0098058579   0.4973267292
       -0.0057975301   0.0271345418  -0.0693766053  -0.0022014467   0.0234919085
       -0.0048478181  -0.0028089284   0.0035003050  -0.0061450195  -0.0022526797
        0.0000480441   0.0008103059   0.0001311915  -0.0035606325  -0.0044473442
       -0.0023152921  -0.0270557401   0.0058571951   0.0030818843   0.0014648057
        0.0039715890   0.0011420128  -0.0070365757  -0.0112383858  -0.0064378300
       -0.0146895713  -0.0240655382  -0.0030021699   0.0375673561  -0.1735866675
        0.1080232939   0.0138177399  -0.0607630267  -0.0638490707   0.0000829772
        0.0001206308   0.0001490351  -0.0000577137  -0.0000338932   0.0004912914
       -0.0016829811   0.0000436723  -0.0000783353
       -0.0184398683  -0.0243273131  -0.0736685012   0.0030960166  -0.0057975301
        0.4962384077   0.0076097095  -0.0020848035  -0.0605164828   0.0047889196
       -0.0023086633   0.0038293604   0.0004153375  -0.0022226481   0.0053882146
        0.0001676542   0.0002684960   0.0001538864  -0.0004165199  -0.0026171749
        0.0099176566  -0.0038919051   0.0028443257  -0.0044896696  -0.0000416667
        0.0004946924   0.0005811415  -0.0168482047  -0.0241450791  -0.0088127191
        0.0111243688   0.0151182934   0.0042354486  -0.0318570129   0.1092609328
       -0.1293098364   0.0447108233  -0.0650100686  -0.2405576906  -0.0000091614
        0.0001340030  -0.0007594037  -0.0001118291   0.0005015244  -0.0027576561
       -0.0002966615  -0.0001089870   0.0005278436
       -0.0212899687  -0.0027702002  -0.0001850588  -0.1927135489   0.0271345418
        0.0076097095   0.6234904087  -0.0069749098  -0.0149813345  -0.1159468670
        0.1035939847   0.0197359048  -0.0433691493   0.0372316943   0.0083581758
        0.0075765359  -0.0088256009  -0.0020693422  -0.0668201091  -0.0311560245
       -0.0035831712  -0.1620167952  -0.1199743726  -0.0183136149  -0.0016272558
       -0.0023551845  -0.0006029279   0.0008812458   0.0003793062   0.0005945949
        0.0007460856   0.0004309422  -0.0002886531  -0.0143274638   0.0098582733
       -0.0003649604  -0.0140062631   0.0072852650   0.0062572440   0.0054294097
       -0.0138939472  -0.0026131826   0.0014007604  -0.0006959309  -0.0001744968
       -0.0074070251   0.0007321630   0.0006211133
       -0.0214495563   0.0041439615   0.0011893526   0.0296836870  -0.0693766053
       -0.0020848035  -0.0069749098   0.6091735237   0.0801313822   0.0296245839
       -0.2377601125  -0.0320833424   0.1067843419   0.0255594948  -0.0023975039
       -0.0098856740  -0.0794623065  -0.0110100299  -0.0928721460   0.0452973150
        0.0110524325  -0.0715986984  -0.2640629678  -0.0345906571  -0.0033394817
       -0.0032083347  -0.0010493546  -0.0000181856   0.0005137648   0.0002144671
       -0.0000787558   0.0004067400   0.0000430180   0.0250879718  -0.0081406249
       -0.0000402763   0.0112689491  -0.0024491943  -0.0029028239   0.0042489692
       -0.0210393522  -0.0042386424  -0.0003634659  -0.0002705661  -0.0001640154
       -0.0001176294   0.0006752644  -0.0020692030
       -0.0060184407   0.0011680690   0.0005799002   0.0098264997  -0.0022014467
       -0.0605164828  -0.0149813345   0.0801313822   0.1719183988   0.0067150523
       -0.0338811042  -0.0679508257   0.0206911255  -0.0007270182   0.0223379968
       -0.0024475614  -0.0109785705  -0.0175786856  -0.0147184612   0.0094681233
       -0.0009582574  -0.0094528003  -0.0334937916  -0.0596131830  -0.0010415863
       -0.0011577660   0.0002041217  -0.0006397656  -0.0000070974   0.0001185726
        0.0004131561   0.0002578271   0.0000948898  -0.0175311905   0.0052105266
        0.0013134957   0.0280432823  -0.0077762632  -0.0043438735   0.0006797725
       -0.0038251437   0.0018636680  -0.0000743428  -0.0001280462   0.0005047917
        0.0005365946  -0.0020596806   0.0120254727
        0.0001997983   0.0011526919   0.0003603764  -0.0162995575   0.0234919085
        0.0047889196  -0.1159468670   0.0296245839   0.0067150523   0.6495868359
        0.0317957599  -0.0086101218  -0.3427945402   0.0734701295   0.0208008253
       -0.0707840487  -0.0929649645  -0.0145155304  -0.0502638019   0.0421108137
        0.0083920308   0.0636506326   0.0039530314  -0.0001558017   0.0002065844
        0.0002030821   0.0000444292  -0.0001573114   0.0001808099   0.0000168790
       -0.0004537792   0.0002885449   0.0000903894  -0.0032026548   0.0007583736
        0.0002179635  -0.0024866302   0.0008522669  -0.0000440925  -0.1080962915
       -0.1115371638  -0.0178617053  -0.0031952168  -0.0043984111  -0.0003535112
        0.0000368481   0.0010185432   0.0001138975
       -0.0001548055  -0.0002249070   0.0001882953   0.0090852598  -0.0048478181
       -0.0023086633   0.1035939847  -0.2377601125  -0.0338811042   0.0317957599
        0.6382779415   0.0906691665   0.0202260265  -0.1137121284  -0.0116715629
       -0.0301235824   0.0437934583   0.0086348037   0.0398208883  -0.0237238732
       -0.0027090829  -0.0584612474  -0.0785532688  -0.0164779663  -0.0001197800
       -0.0006248881  -0.0001882490  -0.0003211006   0.0001313009  -0.0007836465
       -0.0005882884  -0.0002748015   0.0007717830  -0.0003249023   0.0004100753
        0.0001920854  -0.0004334258   0.0002158265   0.0003460820  -0.1109277557
       -0.2206927646  -0.0303619200  -0.0036229250  -0.0038215034  -0.0026419122
        0.0005558938   0.0014074631   0.0002218916
        0.0000126403   0.0003412409  -0.0007046167   0.0021167147  -0.0028089284
        0.0038293604   0.0197359048  -0.0320833424  -0.0679508257  -0.0086101218
        0.0906691665   0.1378708271   0.0114818053  -0.0130351511  -0.0529977712
       -0.0034147328   0.0102229295   0.0012679477   0.0079065023  -0.0027366803
       -0.0150467413  -0.0111029650  -0.0180334901   0.0209067560  -0.0000303515
       -0.0001300145   0.0001970815  -0.0001429434   0.0000740777   0.0000598449
        0.0000475247  -0.0002449201   0.0001724239  -0.0005011635   0.0000469162
       -0.0000778274   0.0003716469   0.0003508579  -0.0002091694  -0.0177262229
       -0.0302105906  -0.0387453671  -0.0002452552  -0.0026304393   0.0113052763
        0.0001010170   0.0002083682   0.0001228011
        0.0003894213  -0.0003822944  -0.0000566309   0.0003351674   0.0035003050
        0.0004153375  -0.0433691493   0.1067843419   0.0206911255  -0.3427945402
        0.0202260265   0.0114818053   0.6126060084   0.0773290569  -0.0006152251
       -0.1719576745  -0.0811277261  -0.0111600830   0.0667318923  -0.0631026401
       -0.0123177636  -0.0651679907  -0.0316111329  -0.0045295364   0.0000706965
        0.0000604377  -0.0000251839  -0.0002802701  -0.0001201998  -0.0000149846
       -0.0002187149  -0.0001431261  -0.0000931874  -0.0012159208   0.0005636664
        0.0005633392  -0.0009700247   0.0004049289  -0.0000095165  -0.0282370406
       -0.0062189344  -0.0004685372  -0.0263743327  -0.0273841590  -0.0043147288
        0.0004524725   0.0012214496   0.0004537696
       -0.0008052663   0.0000185490  -0.0000455158   0.0023202860  -0.0061450195
       -0.0022226481   0.0372316943   0.0255594948  -0.0007270182   0.0734701295
       -0.1137121284  -0.0130351511   0.0773290569   0.4636425182   0.0662594764
       -0.1337833373  -0.2805852769  -0.0369285414   0.0071635109  -0.0834644073
       -0.0190976519  -0.0342764347  -0.0029724895   0.0041928348  -0.0000260117
        0.0001002441   0.0000074958  -0.0000793733  -0.0000952133   0.0001571018
        0.0000211019  -0.0000342853  -0.0002056479   0.0008190578  -0.0002709791
       -0.0000266930   0.0009788854  -0.0003417414  -0.0000461517  -0.0267935022
        0.0041705281   0.0026719077  -0.0067941453   0.0034562211   0.0018395339
        0.0032243481  -0.0093260146  -0.0027933313
       -0.0000961789  -0.0000480523   0.0001692695   0.0006092695  -0.0022526797
        0.0053882146   0.0083581758  -0.0023975039   0.0223379968   0.0208008253
       -0.0116715629  -0.0529977712  -0.0006152251   0.0662594764   0.0883617617
       -0.0204209484  -0.0383438310  -0.0576331998   0.0001484340  -0.0172733763
        0.0211491259  -0.0050016263   0.0041570150  -0.0211591804  -0.0000137169
        0.0000220275   0.0000847218   0.0001549122  -0.0000152556   0.0000250355
       -0.0001624734   0.0000091995  -0.0000660032   0.0015282284  -0.0003725382
       -0.0000665835  -0.0012374514   0.0002355448   0.0002407008  -0.0041232025
        0.0020541578  -0.0059487379  -0.0006620593   0.0024527947  -0.0058947321
        0.0007330372  -0.0028154159   0.0060093815
       -0.0001521002   0.0000581421   0.0000361973  -0.0009542752   0.0000480441
        0.0001676542   0.0075765359  -0.0098856740  -0.0024475614  -0.0707840487
       -0.0301235824  -0.0034147328  -0.1719576745  -0.1337833373  -0.0204209484
        0.6870674587  -0.0066504321  -0.0160202466  -0.1210256543   0.1126188352
        0.0214708877  -0.0439154271   0.0375321650   0.0083914359   0.0001485985
        0.0000974504  -0.0000008305   0.0000265330  -0.0000238175   0.0001465063
        0.0000428709   0.0000954246  -0.0001433967   0.0002464632  -0.0003988638
        0.0001243513   0.0001412889  -0.0001922631  -0.0003170294  -0.0077817613
        0.0005027578   0.0006221962  -0.2837135302   0.0444796937   0.0143830569
        0.0050347223  -0.0143745427  -0.0025775401
       -0.0003217395   0.0003893947   0.0001339175  -0.0002093374   0.0008103059
        0.0002684960  -0.0088256009  -0.0794623065  -0.0109785705  -0.0929649645
        0.0437934583   0.0102229295  -0.0811277261  -0.2805852769  -0.0383438310
       -0.0066504321   0.6119968825   0.0865602448   0.0345392218  -0.2528526782
       -0.0348852071   0.1064276323   0.0236907115  -0.0028700563  -0.0001740937
        0.0001390202   0.0000351626   0.0003267241   0.0001440439   0.0004294686
        0.0003221489   0.0003700957  -0.0002801407  -0.0000524457   0.0002446150
       -0.0004030879  -0.0001919252   0.0001463473   0.0002950999  -0.0001667453
        0.0009917813  -0.0020560734   0.0436804693  -0.0488274111  -0.0037215602
        0.0053888142  -0.0209889836  -0.0044067919
       -0.0000522934   0.0000580467   0.0000675476  -0.0000844096   0.0001311915
        0.0001538864  -0.0020693422  -0.0110100299  -0.0175786856  -0.0145155304
        0.0086348037   0.0012679477  -0.0111600830  -0.0369285414  -0.0576331998
       -0.0160202466   0.0865602448   0.1367039283   0.0077137926  -0.0369729147
       -0.0658255246   0.0205805743  -0.0011210611   0.0239255457  -0.0000287466
        0.0000307631  -0.0000559868   0.0000380521  -0.0000129757   0.0000066145
        0.0000772184   0.0001167301  -0.0000601066  -0.0002365747   0.0000240655
       -0.0000976699   0.0001426168   0.0000930795  -0.0000221709   0.0004878403
       -0.0020532237   0.0120607142   0.0142469442  -0.0037800042  -0.0350453102
        0.0008801878  -0.0037701740   0.0021324701
       -0.0018350622   0.0005779142   0.0002449651  -0.0006530419  -0.0035606325
       -0.0004165199  -0.0668201091  -0.0928721460  -0.0147184612  -0.0502638019
        0.0398208883   0.0079065023   0.0667318923   0.0071635109   0.0001484340
       -0.1210256543   0.0345392218   0.0077137926   0.6493733776   0.0262012295
       -0.0095446786  -0.3500254966   0.0737963967   0.0212018045  -0.0003056790
       -0.0001938042  -0.0000304820   0.0003149753   0.0002760779   0.0005805559
        0.0002945526   0.0004771958  -0.0003731174  -0.0002223659   0.0003774543
       -0.0003705369  -0.0005083613   0.0003760145   0.0004539143   0.0001434227
        0.0011552156   0.0001829379  -0.0138388121   0.0226994230   0.0044192960
       -0.1113598362  -0.1108339598  -0.0173984066
       -0.0011296650  -0.0001488302  -0.0000758861  -0.0031218036  -0.0044473442
       -0.0026171749  -0.0311560245   0.0452973150   0.0094681233   0.0421108137
       -0.0237238732  -0.0027366803  -0.0631026401  -0.0834644073  -0.0172733763
        0.1126188352  -0.2528526782  -0.0369729147   0.0262012295   0.6503924344
        0.0916060397   0.0243474450  -0.1136911046  -0.0119671955   0.0000009496
       -0.0002496615  -0.0000669713  -0.0001896026  -0.0000401372  -0.0001665100
       -0.0001557908  -0.0001256214   0.0001342188   0.0001725585  -0.0000662326
        0.0001935054   0.0006762742  -0.0002536884  -0.0002820217   0.0003743363
        0.0013073384   0.0001759801   0.0027515572  -0.0026254243  -0.0008935250
       -0.1103984725  -0.2153080846  -0.0285256115
        0.0001247130  -0.0001704844   0.0002675895  -0.0004096837  -0.0023152921
        0.0099176566  -0.0035831712   0.0110524325  -0.0009582574   0.0083920308
       -0.0027090829  -0.0150467413  -0.0123177636  -0.0190976519   0.0211491259
        0.0214708877  -0.0348852071  -0.0658255246  -0.0095446786   0.0916060397
        0.1399493355   0.0124401086  -0.0133913102  -0.0522100213   0.0000735824
        0.0000457326  -0.0000761141   0.0000234461  -0.0000208877  -0.0000811362
       -0.0000910165  -0.0000540496   0.0000158701   0.0012730429  -0.0009167781
        0.0000478430  -0.0015606942   0.0006898321   0.0003709143   0.0000608225
        0.0001496355   0.0002526925   0.0009109536  -0.0014310415   0.0017623497
       -0.0172625798  -0.0285518869  -0.0395355824
       -0.0060326442   0.0011852499   0.0004624803  -0.0372822996  -0.0270557401
       -0.0038919051  -0.1620167952  -0.0715986984  -0.0094528003   0.0636506326
       -0.0584612474  -0.0111029650  -0.0651679907  -0.0342764347  -0.0050016263
       -0.0439154271   0.1064276323   0.0205805743  -0.3500254966   0.0243474450
        0.0124401086   0.6312852439   0.0641459038  -0.0041840929  -0.0010787467
       -0.0015611637  -0.0004487642  -0.0001671025   0.0000481725  -0.0003513788
       -0.0002079680  -0.0002108946   0.0003000485   0.0009477093  -0.0019186496
        0.0004224014   0.0004611787  -0.0015140732  -0.0009034764   0.0000586536
        0.0008425401   0.0003756092  -0.0025476585   0.0058855236   0.0012177579
       -0.0279612889  -0.0062855654  -0.0004619713
        0.0008247291   0.0005290192  -0.0002205708  -0.0104354619   0.0058571951
        0.0028443257  -0.1199743726  -0.2640629678  -0.0334937916   0.0039530314
       -0.0785532688  -0.0180334901  -0.0316111329  -0.0029724895   0.0041570150
        0.0375321650   0.0236907115  -0.0011210611   0.0737963967  -0.1136911046
       -0.0133913102   0.0641459038   0.4405319453   0.0625218143  -0.0001211132
       -0.0000289663  -0.0000332813   0.0000507664  -0.0001111945   0.0000089781
        0.0001397356   0.0000529449  -0.0000966784   0.0001240541  -0.0001597324
       -0.0007113092  -0.0000015863  -0.0003356641   0.0000256479   0.0037065548
       -0.0094111876  -0.0027974895   0.0039939647  -0.0061112105  -0.0022679148
       -0.0261236346   0.0047759700   0.0026091161
       -0.0000178758  -0.0003898122   0.0009689146  -0.0005538382   0.0030818843
       -0.0044896696  -0.0183136149  -0.0345906571  -0.0596131830  -0.0001558017
       -0.0164779663   0.0209067560  -0.0045295364   0.0041928348  -0.0211591804
        0.0083914359  -0.0028700563   0.0239255457   0.0212018045  -0.0119671955
       -0.0522100213  -0.0041840929   0.0625218143   0.0843650262  -0.0000371284
       -0.0000078278   0.0001335346   0.0000983359   0.0002321755   0.0001406764
       -0.0000859564  -0.0002121280  -0.0000217991  -0.0001368206   0.0005383543
        0.0006180287   0.0005287765  -0.0010456677   0.0006335923   0.0008280826
       -0.0027296487   0.0054600659   0.0009258879  -0.0023431247   0.0059762539
       -0.0039596580   0.0020670212  -0.0056345408
       -0.2640716958   0.0676821549   0.0137612183  -0.0222489936   0.0014648057
       -0.0000416667  -0.0016272558  -0.0033394817  -0.0010415863   0.0002065844
       -0.0001197800  -0.0000303515   0.0000706965  -0.0000260117  -0.0000137169
        0.0001485985  -0.0001740937  -0.0000287466  -0.0003056790   0.0000009496
        0.0000735824  -0.0010787467  -0.0001211132  -0.0000371284   0.3064755477
       -0.0757596547  -0.0151783242  -0.0096077372   0.0045048198   0.0032440410
       -0.0085265925   0.0052573148  -0.0009459042   0.0004520497   0.0004144139
        0.0003819401   0.0003928910   0.0004843723  -0.0001092111  -0.0001195015
       -0.0002316292  -0.0000284970  -0.0000546279  -0.0000033621  -0.0000089088
       -0.0001055380  -0.0000337048   0.0000032598
        0.0680977928  -0.0624336719  -0.0032590994  -0.0240688037   0.0039715890
        0.0004946924  -0.0023551845  -0.0032083347  -0.0011577660   0.0002030821
       -0.0006248881  -0.0001300145   0.0000604377   0.0001002441   0.0000220275
        0.0000974504   0.0001390202   0.0000307631  -0.0001938042  -0.0002496615
        0.0000457326  -0.0015611637  -0.0000289663  -0.0000078278  -0.0757596547
        0.0733945076   0.0051229162   0.0110795603  -0.0031820219  -0.0019983160
        0.0250574629  -0.0095265199   0.0004656764  -0.0005569061   0.0007381087
        0.0000133321  -0.0000824450   0.0005485355   0.0002615582   0.0000418531
        0.0003007874   0.0000917995   0.0000246089   0.0000337452  -0.0000088775
       -0.0000842862   0.0000275266   0.0000134032
        0.0138149522  -0.0033113221  -0.0460158757  -0.0069186313   0.0011420128
        0.0005811415  -0.0006029279  -0.0010493546   0.0002041217   0.0000444292
       -0.0001882490   0.0001970815  -0.0000251839   0.0000074958   0.0000847218
       -0.0000008305   0.0000351626  -0.0000559868  -0.0000304820  -0.0000669713
       -0.0000761141  -0.0004487642  -0.0000332813   0.0001335346  -0.0151783242
        0.0051229162   0.0491035665   0.0307061358  -0.0108520271  -0.0047328372
       -0.0213255929   0.0087745145   0.0003726484   0.0005214303   0.0001813704
        0.0001820870  -0.0005965885   0.0001395437   0.0001385499   0.0000615922
        0.0000810579  -0.0001182582   0.0000063813   0.0000081201   0.0000046097
       -0.0000275956   0.0000090115  -0.0000029905
       -0.0523189879   0.0155055671   0.0427620974   0.0025484041  -0.0070365757
       -0.0168482047   0.0008812458  -0.0000181856  -0.0006397656  -0.0001573114
       -0.0003211006  -0.0001429434  -0.0002802701  -0.0000793733   0.0001549122
        0.0000265330   0.0003267241   0.0000380521   0.0003149753  -0.0001896026
        0.0000234461  -0.0001671025   0.0000507664   0.0000983359  -0.0096077372
        0.0110795603   0.0307061358   0.0595317953  -0.0160866883  -0.0488417942
        0.0014561432  -0.0010608615  -0.0052289918   0.0002697589   0.0005070806
        0.0000416740  -0.0016090577  -0.0033247493  -0.0015076803  -0.0009589035
        0.0005820664  -0.0006008085   0.0000382043   0.0000353604  -0.0000243198
        0.0000323103   0.0000300114   0.0000098548
        0.0157104738  -0.0679425942  -0.0696736219   0.0018630616  -0.0112383858
       -0.0241450791   0.0003793062   0.0005137648  -0.0000070974   0.0001808099
        0.0001313009   0.0000740777  -0.0001201998  -0.0000952133  -0.0000152556
       -0.0000238175   0.0001440439  -0.0000129757   0.0002760779  -0.0000401372
       -0.0000208877   0.0000481725  -0.0001111945   0.0002321755   0.0045048198
       -0.0031820219  -0.0108520271  -0.0160866883   0.0789095945   0.0835377705
       -0.0043921431   0.0065199272   0.0230050274   0.0003812499   0.0003448266
       -0.0005290460  -0.0033185838  -0.0040927231  -0.0019118773   0.0005852124
        0.0001458518   0.0003146405  -0.0000070152  -0.0000035745   0.0000061978
        0.0000192638  -0.0000034651  -0.0000020216
        0.0427454999  -0.0696973030  -0.2522697028  -0.0013565215  -0.0064378300
       -0.0088127191   0.0005945949   0.0002144671   0.0001185726   0.0000168790
       -0.0007836465   0.0000598449  -0.0000149846   0.0001571018   0.0000250355
        0.0001465063   0.0004294686   0.0000066145   0.0005805559  -0.0001665100
       -0.0000811362  -0.0003513788   0.0000089781   0.0001406764   0.0032440410
       -0.0019983160  -0.0047328372  -0.0488417942   0.0835377705   0.2900128265
        0.0049903238  -0.0044787814  -0.0255403535   0.0002247648   0.0003278293
        0.0005614995  -0.0012664156  -0.0019027676   0.0005376629  -0.0007618276
        0.0007294901  -0.0000523248   0.0000376372   0.0000408120   0.0000162418
        0.0000121196   0.0000192372   0.0000100991
       -0.0493585335   0.0287812811  -0.0240757631   0.0022856661  -0.0146895713
        0.0111243688   0.0007460856  -0.0000787558   0.0004131561  -0.0004537792
       -0.0005882884   0.0000475247  -0.0002187149   0.0000211019  -0.0001624734
        0.0000428709   0.0003221489   0.0000772184   0.0002945526  -0.0001557908
       -0.0000910165  -0.0002079680   0.0001397356  -0.0000859564  -0.0085265925
        0.0250574629  -0.0213255929   0.0014561432  -0.0043921431   0.0049903238
        0.0566073009  -0.0319380243   0.0284284338  -0.0015626580  -0.0035067251
       -0.0004777159   0.0003752999   0.0005119272   0.0002691004  -0.0015476188
        0.0004515022   0.0008272537   0.0000404857   0.0000305908   0.0000352755
        0.0000274601   0.0000335483   0.0000058630
        0.0290647447  -0.1756527771   0.1161958202   0.0005522776  -0.0240655382
        0.0151182934   0.0004309422   0.0004067400   0.0002578271   0.0002885449
       -0.0002748015  -0.0002449201  -0.0001431261  -0.0000342853   0.0000091995
        0.0000954246   0.0003700957   0.0001167301   0.0004771958  -0.0001256214
       -0.0000540496  -0.0002108946   0.0000529449  -0.0002121280   0.0052573148
       -0.0095265199   0.0087745145  -0.0010608615   0.0065199272  -0.0044787814
       -0.0319380243   0.2056679819  -0.1347503955  -0.0035575798  -0.0044600741
       -0.0011638080   0.0004567260   0.0004138942   0.0004519583   0.0002529597
        0.0006768467  -0.0000146933   0.0000100759   0.0000231276  -0.0000022104
        0.0000242801   0.0000080594  -0.0000033566
       -0.0239902627   0.1164027913  -0.1473670481   0.0019155489  -0.0030021699
        0.0042354486  -0.0002886531   0.0000430180   0.0000948898   0.0000903894
        0.0007717830   0.0001724239  -0.0000931874  -0.0002056479  -0.0000660032
       -0.0001433967  -0.0002801407  -0.0000601066  -0.0003731174   0.0001342188
        0.0000158701   0.0003000485  -0.0000966784  -0.0000217991  -0.0009459042
        0.0004656764   0.0003726484  -0.0052289918   0.0230050274  -0.0255403535
        0.0284284338  -0.1347503955   0.1665577624  -0.0006797112  -0.0013266275
        0.0009593721   0.0000114824  -0.0005823700   0.0007674646   0.0010340137
       -0.0005163661  -0.0001185001  -0.0000373387  -0.0000421816  -0.0000008298
        0.0000006464  -0.0000199374  -0.0000012394
        0.0018755563  -0.0144193647   0.0091444653  -0.0498445048   0.0375673561
       -0.0318570129  -0.0143274638   0.0250879718  -0.0175311905  -0.0032026548
       -0.0003249023  -0.0005011635  -0.0012159208   0.0008190578   0.0015282284
        0.0002464632  -0.0000524457  -0.0002365747  -0.0002223659   0.0001725585
        0.0012730429   0.0009477093   0.0001240541  -0.0001368206   0.0004520497
       -0.0005569061   0.0005214303   0.0002697589   0.0003812499   0.0002247648
       -0.0015626580  -0.0035575798  -0.0006797112   0.0633149677  -0.0411836721
        0.0347090155   0.0030766258  -0.0037759247   0.0038575190  -0.0000374291
       -0.0002290520  -0.0000219546   0.0000632546  -0.0000100626  -0.0004326671
        0.0001666116  -0.0000423382   0.0001386289
        0.0011750589  -0.0236126716   0.0146534127   0.0347887531  -0.1735866675
        0.1092609328   0.0098582733  -0.0081406249   0.0052105266   0.0007583736
        0.0004100753   0.0000469162   0.0005636664  -0.0002709791  -0.0003725382
       -0.0003988638   0.0002446150   0.0000240655   0.0003774543  -0.0000662326
       -0.0009167781  -0.0019186496  -0.0001597324   0.0005383543   0.0004144139
        0.0007381087   0.0001813704   0.0005070806   0.0003448266   0.0003278293
       -0.0035067251  -0.0044600741  -0.0013266275  -0.0411836721   0.2027938089
       -0.1252509748  -0.0012323687   0.0056113031  -0.0026558903  -0.0001115754
        0.0001601972   0.0000382587  -0.0000037416  -0.0000224687   0.0002694058
       -0.0000874779   0.0000165161  -0.0000282632
        0.0014840543  -0.0032999337   0.0038328797  -0.0306790840   0.1080232939
       -0.1293098364  -0.0003649604  -0.0000402763   0.0013134957   0.0002179635
        0.0001920854  -0.0000778274   0.0005633392  -0.0000266930  -0.0000665835
        0.0001243513  -0.0004030879  -0.0000976699  -0.0003705369   0.0001935054
        0.0000478430   0.0004224014  -0.0007113092   0.0006180287   0.0003819401
        0.0000133321   0.0001820870   0.0000416740  -0.0005290460   0.0005614995
       -0.0004777159  -0.0011638080   0.0009593721   0.0347090155  -0.1252509748
        0.1483860356  -0.0060871414   0.0232061117  -0.0263634044  -0.0000253303
       -0.0001222746   0.0000379476   0.0000206790  -0.0000677635  -0.0000096567
        0.0000393506  -0.0000131615  -0.0000142103
        0.0019489791  -0.0074119276  -0.0156025694  -0.0474719306   0.0138177399
        0.0447108233  -0.0140062631   0.0112689491   0.0280432823  -0.0024866302
       -0.0004334258   0.0003716469  -0.0009700247   0.0009788854  -0.0012374514
        0.0001412889  -0.0001919252   0.0001426168  -0.0005083613   0.0006762742
       -0.0015606942   0.0004611787  -0.0000015863   0.0005287765   0.0003928910
       -0.0000824450  -0.0005965885  -0.0016090577  -0.0033185838  -0.0012664156
        0.0003752999   0.0004567260   0.0000114824   0.0030766258  -0.0012323687
       -0.0060871414   0.0604805697  -0.0141907323  -0.0477989137  -0.0000324972
       -0.0002078967  -0.0000094021   0.0000878812  -0.0001542817   0.0004975051
        0.0001200504   0.0000265987  -0.0001469570
        0.0012751919  -0.0110415282  -0.0240722063   0.0119245981  -0.0607630267
       -0.0650100686   0.0072852650  -0.0024491943  -0.0077762632   0.0008522669
        0.0002158265   0.0003508579   0.0004049289  -0.0003417414   0.0002355448
       -0.0001922631   0.0001463473   0.0000930795   0.0003760145  -0.0002536884
        0.0006898321  -0.0015140732  -0.0003356641  -0.0010456677   0.0004843723
        0.0005485355   0.0001395437  -0.0033247493  -0.0040927231  -0.0019027676
        0.0005119272   0.0004138942  -0.0005823700  -0.0037759247   0.0056113031
        0.0232061117  -0.0141907323   0.0723065637   0.0759535681  -0.0000733427
        0.0000329366  -0.0000847802  -0.0000130715   0.0000236424  -0.0002264111
       -0.0000304081  -0.0000214830   0.0000319969
       -0.0006156498  -0.0059142019  -0.0090835266   0.0405897294  -0.0638490707
       -0.2405576906   0.0062572440  -0.0029028239  -0.0043438735  -0.0000440925
        0.0003460820  -0.0002091694  -0.0000095165  -0.0000461517   0.0002407008
       -0.0003170294   0.0002950999  -0.0000221709   0.0004539143  -0.0002820217
        0.0003709143  -0.0009034764   0.0000256479   0.0006335923  -0.0001092111
        0.0002615582   0.0001385499  -0.0015076803  -0.0019118773   0.0005376629
        0.0002691004   0.0004519583   0.0007674646   0.0038575190  -0.0026558903
       -0.0263634044  -0.0477989137   0.0759535681   0.2779246302  -0.0000210875
        0.0001379795   0.0000436369  -0.0000325711   0.0000873251  -0.0001138558
       -0.0000682791   0.0000028184   0.0000365394
       -0.0013457577   0.0008519923   0.0000094000   0.0001282212   0.0000829772
       -0.0000091614   0.0054294097   0.0042489692   0.0006797725  -0.1080962915
       -0.1109277557  -0.0177262229  -0.0282370406  -0.0267935022  -0.0041232025
       -0.0077817613  -0.0001667453   0.0004878403   0.0001434227   0.0003743363
        0.0000608225   0.0000586536   0.0037065548   0.0008280826  -0.0001195015
        0.0000418531   0.0000615922  -0.0009589035   0.0005852124  -0.0007618276
       -0.0015476188   0.0002529597   0.0010340137  -0.0000374291  -0.0001115754
       -0.0000253303  -0.0000324972  -0.0000733427  -0.0000210875   0.1432508286
        0.1294108408   0.0198163679  -0.0008650021  -0.0015420121  -0.0002347501
        0.0000112675   0.0000592377  -0.0000763095
       -0.0003052109   0.0000530185  -0.0000230092  -0.0008392633   0.0001206308
        0.0001340030  -0.0138939472  -0.0210393522  -0.0038251437  -0.1115371638
       -0.2206927646  -0.0302105906  -0.0062189344   0.0041705281   0.0020541578
        0.0005027578   0.0009917813  -0.0020532237   0.0011552156   0.0013073384
        0.0001496355   0.0008425401  -0.0094111876  -0.0027296487  -0.0002316292
        0.0003007874   0.0000810579   0.0005820664   0.0001458518   0.0007294901
        0.0004515022   0.0006768467  -0.0005163661  -0.0002290520   0.0001601972
       -0.0001222746  -0.0002078967   0.0000329366   0.0001379795   0.1294108408
        0.2431635861   0.0357490568   0.0004653333   0.0001012344  -0.0001138462
        0.0000528412  -0.0000814330   0.0005587223
       -0.0000974404  -0.0001216319   0.0002663013  -0.0001632692   0.0001490351
       -0.0007594037  -0.0026131826  -0.0042386424   0.0018636680  -0.0178617053
       -0.0303619200  -0.0387453671  -0.0004685372   0.0026719077  -0.0059487379
        0.0006221962  -0.0020560734   0.0120607142   0.0001829379   0.0001759801
        0.0002526925   0.0003756092  -0.0027974895   0.0054600659  -0.0000284970
        0.0000917995  -0.0001182582  -0.0006008085   0.0003146405  -0.0000523248
        0.0008272537  -0.0000146933  -0.0001185001  -0.0000219546   0.0000382587
        0.0000379476  -0.0000094021  -0.0000847802   0.0000436369   0.0198163679
        0.0357490568   0.0282141477   0.0001247667  -0.0000610575   0.0006614008
       -0.0000843347   0.0005456101  -0.0031179828
       -0.0000519359   0.0000351549   0.0000123146   0.0001519786  -0.0000577137
       -0.0001118291   0.0014007604  -0.0003634659  -0.0000743428  -0.0031952168
       -0.0036229250  -0.0002452552  -0.0263743327  -0.0067941453  -0.0006620593
       -0.2837135302   0.0436804693   0.0142469442  -0.0138388121   0.0027515572
        0.0009109536  -0.0025476585   0.0039939647   0.0009258879  -0.0000546279
        0.0000246089   0.0000063813   0.0000382043  -0.0000070152   0.0000376372
        0.0000404857   0.0000100759  -0.0000373387   0.0000632546  -0.0000037416
        0.0000206790   0.0000878812  -0.0000130715  -0.0000325711  -0.0008650021
        0.0004653333   0.0001247667   0.3284363786  -0.0395389555  -0.0149938454
        0.0004221728  -0.0005601306  -0.0001283229
       -0.0000283703   0.0000618054   0.0000188429   0.0000563002  -0.0000338932
        0.0005015244  -0.0006959309  -0.0002705661  -0.0001280462  -0.0043984111
       -0.0038215034  -0.0026304393  -0.0273841590   0.0034562211   0.0024527947
        0.0444796937  -0.0488274111  -0.0037800042   0.0226994230  -0.0026254243
       -0.0014310415   0.0058855236  -0.0061112105  -0.0023431247  -0.0000033621
        0.0000337452   0.0000081201   0.0000353604  -0.0000035745   0.0000408120
        0.0000305908   0.0000231276  -0.0000421816  -0.0000100626  -0.0000224687
       -0.0000677635  -0.0001542817   0.0000236424   0.0000873251  -0.0015420121
        0.0001012344  -0.0000610575  -0.0395389555   0.0576249125   0.0071745368
        0.0005686536   0.0003913632   0.0001997025
       -0.0000525059   0.0000303293  -0.0000456816  -0.0000278140   0.0004912914
       -0.0027576561  -0.0001744968  -0.0001640154   0.0005047917  -0.0003535112
       -0.0026419122   0.0113052763  -0.0043147288   0.0018395339  -0.0058947321
        0.0143830569  -0.0037215602  -0.0350453102   0.0044192960  -0.0008935250
        0.0017623497   0.0012177579  -0.0022679148   0.0059762539  -0.0000089088
       -0.0000088775   0.0000046097  -0.0000243198   0.0000061978   0.0000162418
        0.0000352755  -0.0000022104  -0.0000008298  -0.0004326671   0.0002694058
       -0.0000096567   0.0004975051  -0.0002264111  -0.0001138558  -0.0002347501
       -0.0001138462   0.0006614008  -0.0149938454   0.0071745368   0.0244480015
        0.0000646564   0.0002289778  -0.0008112031
       -0.0004630132   0.0000963355   0.0000469905  -0.0009692022  -0.0016829811
       -0.0002966615  -0.0074070251  -0.0001176294   0.0005365946   0.0000368481
        0.0005558938   0.0001010170   0.0004524725   0.0032243481   0.0007330372
        0.0050347223   0.0053888142   0.0008801878  -0.1113598362  -0.1103984725
       -0.0172625798  -0.0279612889  -0.0261236346  -0.0039596580  -0.0001055380
       -0.0000842862  -0.0000275956   0.0000323103   0.0000192638   0.0000121196
        0.0000274601   0.0000242801   0.0000006464   0.0001666116  -0.0000874779
        0.0000393506   0.0001200504  -0.0000304081  -0.0000682791   0.0000112675
        0.0000528412  -0.0000843347   0.0004221728   0.0005686536   0.0000646564
        0.1419619881   0.1285944595   0.0192845086
        0.0000402710   0.0000289255   0.0000227399   0.0003739591   0.0000436723
       -0.0001089870   0.0007321630   0.0006752644  -0.0020596806   0.0010185432
        0.0014074631   0.0002083682   0.0012214496  -0.0093260146  -0.0028154159
       -0.0143745427  -0.0209889836  -0.0037701740  -0.1108339598  -0.2153080846
       -0.0285518869  -0.0062855654   0.0047759700   0.0020670212  -0.0000337048
        0.0000275266   0.0000090115   0.0000300114  -0.0000034651   0.0000192372
        0.0000335483   0.0000080594  -0.0000199374  -0.0000423382   0.0000165161
       -0.0000131615   0.0000265987  -0.0000214830   0.0000028184   0.0000592377
       -0.0000814330   0.0005456101  -0.0005601306   0.0003913632   0.0002289778
        0.1285944595   0.2383547034   0.0342354590
        0.0000513813   0.0000366231  -0.0000781228   0.0001072306  -0.0000783353
        0.0005278436   0.0006211133  -0.0020692030   0.0120254727   0.0001138975
        0.0002218916   0.0001228011   0.0004537696  -0.0027933313   0.0060093815
       -0.0025775401  -0.0044067919   0.0021324701  -0.0173984066  -0.0285256115
       -0.0395355824  -0.0004619713   0.0026091161  -0.0056345408   0.0000032598
        0.0000134032  -0.0000029905   0.0000098548  -0.0000020216   0.0000100991
        0.0000058630  -0.0000033566  -0.0000012394   0.0001386289  -0.0000282632
       -0.0000142103  -0.0001469570   0.0000319969   0.0000365394  -0.0000763095
        0.0005587223  -0.0031179828  -0.0001283229   0.0001997025  -0.0008112031
        0.0192845086   0.0342354590   0.0283312646
