           1           2  0.992400856294096     
           2           3   1.00957003122073     
           2           4   1.01305163008431     
           4           5   1.97948970080757     
           1           6  0.985831084677890     
           1           7  0.987049718616343     
           1           8  0.987906575527993     
           2           9  0.954373737027447     
           3          10  0.985922229828620     
           3          11  0.986548219629459     
           3          12  0.985974146658095     
           4          13  0.966085294351552     
           5          14  0.977066418183864     
           5          15  0.973861366239304     
