$hessian                                                                        
        0.2781024799  -0.0000114391   0.0000019926  -0.1034674203  -0.0000040239
       -0.0000003314  -0.0582039023  -0.0657967537   0.0271823789  -0.0582126100
        0.0093587623  -0.0705859300  -0.0582185473   0.0564534544   0.0434018899
       -0.0000114391   0.4957345834   0.0000018701  -0.0000033711  -0.0215124897
       -0.0000011222  -0.0704268419  -0.2398604299   0.0814769710   0.0100174961
       -0.0466242606   0.0300789173   0.0604241559  -0.1877374032  -0.1115566362
        0.0000019926   0.0000018701   0.4957355816   0.0000006941  -0.0000007753
       -0.0215124243   0.0290946986   0.0814749232  -0.0762963615  -0.0755520011
        0.0300790997  -0.2695244082   0.0464546158  -0.1115551177  -0.1284023875
       -0.1034674203  -0.0000033711   0.0000006941   0.1685936494   0.0000075849
       -0.0000002491  -0.0217084939  -0.0028940942   0.0011940358  -0.0217091025
        0.0004090268  -0.0031028989  -0.0217086326   0.0024808536   0.0019084180
       -0.0000040239  -0.0215124897  -0.0000007753   0.0000075849   0.0164866550
        0.0000002055  -0.0180696276   0.0021218102  -0.0004455710   0.0025684110
        0.0010655564  -0.0001645295   0.0154976557   0.0018384680   0.0006106703
       -0.0000003314  -0.0000011222  -0.0215124243  -0.0000002491   0.0000002055
        0.0164866857   0.0074647958  -0.0004451623   0.0012275602  -0.0193798998
       -0.0001651723   0.0022856464   0.0119156845   0.0006112513   0.0015125321
       -0.0582039023  -0.0704268419   0.0290946986  -0.0217084939  -0.0180696276
        0.0074647958   0.0719386316   0.0747383343  -0.0308760381   0.0039866832
        0.0070761263  -0.0023634269   0.0039870814   0.0066820088  -0.0033200294
       -0.0657967537  -0.2398604299   0.0814749232  -0.0028940942   0.0021218102
       -0.0004451623   0.0747383343   0.2678497351  -0.0924397620  -0.0004648225
       -0.0051757495   0.0034440386  -0.0055826640  -0.0249353659   0.0079659625
        0.0271823789   0.0814769710  -0.0762963615   0.0011940358  -0.0004455710
        0.0012275602  -0.0308760381  -0.0924397620   0.0822797695   0.0074438917
        0.0277995862  -0.0134859501  -0.0049442683  -0.0163912241   0.0062749819
       -0.0582126100   0.0100174961  -0.0755520011  -0.0217091025   0.0025684110
       -0.0193798998   0.0039866832  -0.0004648225   0.0074438917   0.0719478409
       -0.0106299380   0.0801774284   0.0039871884  -0.0014911466   0.0073105809
        0.0093587623  -0.0466242606   0.0300790997   0.0004090268   0.0010655564
       -0.0001651723   0.0070761263  -0.0051757495   0.0277995862  -0.0106299380
        0.0486146617  -0.0341279627  -0.0062139775   0.0021197920  -0.0235855508
       -0.0705859300   0.0300789173  -0.2695244082  -0.0031028989  -0.0001645295
        0.0022856464  -0.0023634269   0.0034440386  -0.0134859501   0.0801774284
       -0.0341279627   0.3015055465  -0.0041251726   0.0007695363  -0.0207808345
       -0.0582185473   0.0604241559   0.0464546158  -0.0217086326   0.0154976557
        0.0119156845   0.0039870814  -0.0055826640  -0.0049442683   0.0039871884
       -0.0062139775  -0.0041251726   0.0719529102  -0.0641251702  -0.0493008593
        0.0564534544  -0.1877374032  -0.1115551177   0.0024808536   0.0018384680
        0.0006112513   0.0066820088  -0.0249353659  -0.0163912241  -0.0014911466
        0.0021197920   0.0007695363  -0.0641251702   0.2087145091   0.1265655542
        0.0434018899  -0.1115566362  -0.1284023875   0.0019084180   0.0006106703
        0.0015125321  -0.0033200294   0.0079659625   0.0062749819   0.0073105809
       -0.0235855508  -0.0207808345  -0.0493008593   0.1265655542   0.1413957081
