$hessian                                                                        
        0.4423024681  -0.0075752464   0.0489635246  -0.1444954261  -0.0229455119
        0.0639508576  -0.0357783497  -0.0221376649   0.0035165573   0.0001126802
        0.0033282832   0.0011140776   0.0001363289  -0.0043672917  -0.0014208824
        0.0006140439  -0.0000585212  -0.0002596462   0.0000476041  -0.0000355380
        0.0001139111  -0.0000376711  -0.0000068829  -0.0000414670   0.0001071337
        0.0000243785   0.0000039259  -0.0010163448  -0.0007094012   0.0009351241
       -0.0602928221   0.0279062071  -0.0595125974  -0.0970827227  -0.0769162329
       -0.0740876669  -0.1033823671   0.1032867230   0.0166931731  -0.0005863155
       -0.0000888685   0.0003005686  -0.0003280155   0.0001291392   0.0003789619
        0.0001858414   0.0000482179  -0.0001771744  -0.0001540137   0.0001210462
       -0.0002124663  -0.0000318859  -0.0000329541  -0.0000702845   0.0000208225
       -0.0000323343   0.0000704530   0.0000446266   0.0000363266  -0.0000590338
       -0.0001189909  -0.0000426254  -0.0000327393   0.0000796560   0.0001157287
        0.0000685586  -0.0000658220   0.0001836650   0.0001238199  -0.0002804584
       -0.0002306419  -0.0003595548
       -0.0075752464   0.5080523876   0.0310626141  -0.0162671677  -0.0631910454
        0.0039646612  -0.0272096240  -0.0115183888   0.0100783611   0.0003149911
       -0.0018784104   0.0034037717  -0.0041609361   0.0003565457  -0.0041940199
        0.0001300622   0.0000310817   0.0003017672   0.0001490321   0.0000089542
       -0.0000825026   0.0000163150  -0.0000047915   0.0000138907   0.0000394199
        0.0000366457  -0.0000285536  -0.0010682195  -0.0001983508   0.0007896895
        0.0299286540  -0.0821199788   0.0806897361  -0.0743254198  -0.1461588289
       -0.0947444552   0.0999145021  -0.2032331349  -0.0310134498   0.0004412609
        0.0000428181  -0.0003801332  -0.0000207643   0.0000514015  -0.0000504380
       -0.0000082766   0.0001047478   0.0000571783  -0.0000107892  -0.0000583812
        0.0000966511   0.0000084704  -0.0000853027   0.0000210777   0.0000370601
       -0.0000353353   0.0000389877  -0.0000059603  -0.0000094401  -0.0000161184
       -0.0000574452   0.0000266609   0.0000710080  -0.0000024673   0.0000097655
        0.0000276728  -0.0000059698   0.0000081308   0.0000363872  -0.0002614817
       -0.0002377509  -0.0001437837
        0.0489635246   0.0310626141   0.4934131842   0.0761043085   0.0120144644
       -0.1235220828  -0.0054954331   0.0039335939   0.0145614244  -0.0043371191
       -0.0002012660   0.0007265035  -0.0008261973  -0.0031123729   0.0001280702
        0.0002253328  -0.0000475178  -0.0003792657  -0.0001288341  -0.0000713742
        0.0001102656   0.0000246192   0.0000093648  -0.0000040752  -0.0000354991
       -0.0000524356   0.0001537447  -0.0002651182  -0.0000978597   0.0003272444
       -0.0622886679   0.0798734676  -0.2122021518  -0.0694082750  -0.0917002469
       -0.1251722129   0.0169922247  -0.0317602156  -0.0481660325   0.0000745781
        0.0000221642   0.0002713977   0.0002854559   0.0001066106   0.0000128183
        0.0000592560  -0.0000286586   0.0000429693   0.0000247114   0.0000993899
       -0.0000961298   0.0000439386   0.0000687170   0.0000108630  -0.0000521823
        0.0000643442  -0.0000657270   0.0000434444   0.0000060172   0.0000128340
        0.0000698370  -0.0000115339  -0.0001104504  -0.0000176057  -0.0000309926
       -0.0000512886   0.0000733830  -0.0000567863  -0.0000119125  -0.0001296823
       -0.0000894876   0.0000100100
       -0.1444954261  -0.0162671677   0.0761043085   0.3625964181   0.1550690200
       -0.0617260046  -0.1275553473  -0.0681596734  -0.0388077103   0.0098590738
       -0.0235007557  -0.0222693803  -0.0335011594  -0.0256292229  -0.0008509976
       -0.0015287518  -0.0017245503  -0.0010186636  -0.0001919593  -0.0000802921
        0.0003005699   0.0001756286  -0.0001205836  -0.0000103381   0.0003049574
        0.0001231115   0.0003404073  -0.0045196966  -0.0012967289   0.0042814685
       -0.0017619761  -0.0058057124   0.0122158665  -0.0229273056  -0.0099497397
        0.0100638503  -0.0328585464  -0.0015239379   0.0203821653  -0.0009268436
       -0.0016454390   0.0004213864  -0.0015129875   0.0009081857   0.0010839509
       -0.0003188808  -0.0000804174   0.0001216766  -0.0001999347   0.0001422973
       -0.0002996325   0.0000105957   0.0003027456   0.0000292155  -0.0000695539
        0.0001977340  -0.0001561275   0.0000388918  -0.0000372998   0.0001264209
        0.0004516186  -0.0001601872   0.0002080338  -0.0000342156  -0.0000778353
       -0.0000245844   0.0005354746   0.0006140106  -0.0000842585  -0.0015700739
       -0.0012975614  -0.0004316233
       -0.0229455119  -0.0631910454   0.0120144644   0.1550690200   0.2292159962
        0.0958456518  -0.0622071285  -0.1282281794  -0.0596068192  -0.0262828407
       -0.0274657618  -0.0632743579  -0.0208497666  -0.0084164655   0.0026100050
       -0.0002431512  -0.0023299751  -0.0022069734  -0.0003937481   0.0001454795
        0.0005646367   0.0000415960  -0.0003003484  -0.0001290337   0.0002399131
        0.0001314949  -0.0001111240  -0.0019995453   0.0004584453   0.0016580150
       -0.0163853624  -0.0053173942   0.0125427058  -0.0218785226  -0.0071857181
        0.0114684818   0.0164713499   0.0099933845  -0.0119150334  -0.0000936488
       -0.0002394654  -0.0003951316   0.0009185664   0.0011702564   0.0012560913
        0.0001208806   0.0006010828   0.0002724548   0.0000433651   0.0002243276
       -0.0009735125  -0.0000727049   0.0004774827  -0.0001051211  -0.0000105835
        0.0002072890  -0.0000435142   0.0000661397   0.0001393875   0.0001786150
        0.0006737189  -0.0004084243   0.0003889327  -0.0000292793   0.0000620959
        0.0000569359   0.0004865564   0.0008489690  -0.0001105046  -0.0007393122
       -0.0005929137   0.0000141356
        0.0639508576   0.0039646612  -0.1235220828  -0.0617260046   0.0958456518
        0.3115484730  -0.0254239041  -0.0494051548  -0.1144447317  -0.0273101399
       -0.0664092161  -0.0589448981   0.0097187765   0.0086414003   0.0100048786
        0.0016346206  -0.0009761201  -0.0009775637   0.0001087211   0.0004438499
       -0.0001469574  -0.0000262921  -0.0001548891   0.0000922733   0.0001202094
        0.0002317852  -0.0002425296   0.0025252973   0.0005346065  -0.0016909799
        0.0311357278   0.0108364974  -0.0244622300  -0.0112235373  -0.0025004652
        0.0094008999   0.0149174568  -0.0014530324  -0.0085293338  -0.0003860304
       -0.0011538068   0.0008788493   0.0010618729   0.0007534965   0.0001001580
        0.0000320160   0.0001028390   0.0000283782  -0.0003491651  -0.0000866598
        0.0001048523   0.0000205561   0.0001520504  -0.0000573731   0.0000928981
        0.0000183733   0.0000668243  -0.0001446682   0.0000279136   0.0001237252
        0.0005281088  -0.0003437893   0.0003766416   0.0000870298  -0.0000410128
        0.0001448914   0.0001878670   0.0004684621  -0.0003309359   0.0004677260
        0.0005025592   0.0004787711
       -0.0357783497  -0.0272096240  -0.0054954331  -0.1275553473  -0.0622071285
       -0.0254239041   0.4205022241   0.0634369130  -0.1543523971  -0.1020331939
        0.0508723254   0.1292508677  -0.1218592663  -0.0170179102   0.0385688115
       -0.0138460258   0.0065611719   0.0145353400   0.0000199304  -0.0005412154
       -0.0004531857  -0.0008304577   0.0002565123  -0.0000967800  -0.0005066136
        0.0000918473   0.0000910034  -0.0202210275  -0.0113778121   0.0079595188
        0.0009236819   0.0001603064  -0.0009827692  -0.0053146798  -0.0022198795
        0.0029627720   0.0001174884  -0.0013160871  -0.0006412610   0.0073377673
        0.0035708323  -0.0039800375   0.0009458007  -0.0016771743  -0.0016128946
       -0.0008106227   0.0009059818   0.0007089978   0.0003299578   0.0004632136
        0.0001010628   0.0004619176  -0.0006114194   0.0001525473   0.0002370549
       -0.0003421909   0.0002740570  -0.0000943600   0.0000169582  -0.0001694491
       -0.0005756856  -0.0000330145  -0.0009383139   0.0005392152   0.0000457537
        0.0001597694   0.0002010103  -0.0000279911   0.0003956442  -0.0021904187
       -0.0018003688  -0.0010139667
       -0.0221376649  -0.0115183888   0.0039335939  -0.0681596734  -0.1282281794
       -0.0494051548   0.0634369130   0.3800731794   0.2474201505   0.0426037898
       -0.1616324623  -0.2155726115  -0.0075854061  -0.0695362296   0.0139819643
        0.0174589259   0.0070776084  -0.0130313957   0.0012115539   0.0003124693
       -0.0015046671  -0.0002672762   0.0004552664   0.0003774848   0.0000437991
        0.0001083834   0.0003237862  -0.0149638742  -0.0063524869   0.0079570930
       -0.0001103335   0.0020067191  -0.0011502174  -0.0021652315  -0.0009293353
       -0.0000303654   0.0032546950   0.0009443813   0.0001915995  -0.0108700091
       -0.0025186847   0.0123242391  -0.0000675250  -0.0007659049  -0.0020071083
        0.0027927796  -0.0046942091  -0.0023863376   0.0000525479  -0.0002623622
        0.0015730951   0.0001395764  -0.0006905106   0.0002168399   0.0000894435
       -0.0003267159   0.0000468523  -0.0001294045  -0.0004249736  -0.0002549153
       -0.0007847608   0.0009890406  -0.0011958593   0.0001918846  -0.0001195207
       -0.0001776935  -0.0011982660  -0.0020597301   0.0003376730  -0.0028364838
       -0.0019073539  -0.0019680457
        0.0035165573   0.0100783611   0.0145614244  -0.0388077103  -0.0596068192
       -0.1144447317  -0.1543523971   0.2474201505   0.8053262382   0.1176182508
       -0.2242894579  -0.5853695681   0.0471212496   0.0230051810  -0.0934370232
        0.0089764730  -0.0056440200  -0.0082229082  -0.0006573541  -0.0002189451
        0.0020656859   0.0001149778   0.0005673817  -0.0001271566  -0.0007172729
       -0.0011170546   0.0016896255  -0.0051021902   0.0010295891   0.0083529238
        0.0024222601   0.0040380792  -0.0000430108   0.0031925173   0.0000639274
       -0.0029989014   0.0034691012  -0.0000237286   0.0016671245   0.0179487342
        0.0093301820  -0.0222026633  -0.0002098610  -0.0013791478  -0.0012088146
        0.0004039121  -0.0004784015   0.0001638698   0.0004014854   0.0010533676
       -0.0000196297  -0.0002245553   0.0000068565  -0.0007650701  -0.0004814409
        0.0000307168  -0.0004110110   0.0005527352  -0.0001860535  -0.0004748607
       -0.0025147693   0.0008222755  -0.0025274838  -0.0002580146   0.0002331574
       -0.0007310739  -0.0005884291  -0.0023306553   0.0006865663  -0.0018242592
       -0.0024049422  -0.0015295515
        0.0001126802   0.0003149911  -0.0043371191   0.0098590738  -0.0262828407
       -0.0273101399  -0.1020331939   0.0426037898   0.1176182508   0.1011843406
       -0.0257358195  -0.1270367900  -0.0024421009   0.0063126901   0.0348075157
       -0.0025102831  -0.0005330863   0.0023071772   0.0000679283  -0.0002064566
        0.0000095333   0.0000549420  -0.0002538321   0.0001823361  -0.0010901572
        0.0002583610  -0.0005850522   0.0007662611   0.0013852318   0.0001212284
        0.0001968410   0.0012825422  -0.0003709958   0.0011441344   0.0000101372
       -0.0012040606   0.0012516711   0.0002917195   0.0006086914  -0.0035464660
       -0.0009961877   0.0038013581  -0.0000619895  -0.0000354764   0.0001547052
       -0.0007126972   0.0010322143   0.0003233206  -0.0002462110   0.0000544438
       -0.0000487916  -0.0000519219   0.0001168194   0.0000979342  -0.0000387052
        0.0000858423  -0.0000988862  -0.0000343253   0.0001153223   0.0001825322
       -0.0016194526  -0.0004284439   0.0004306281  -0.0002947066  -0.0001421688
        0.0002318262  -0.0004429004   0.0001671842   0.0000280905   0.0004872383
        0.0005830230   0.0000867074
        0.0033282832  -0.0018784104  -0.0002012660  -0.0235007557  -0.0274657618
       -0.0664092161   0.0508723254  -0.1616324623  -0.2242894579  -0.0257358195
        0.1786381161   0.2942363390  -0.0058108938   0.0114548668  -0.0068431319
       -0.0010348050  -0.0007593694   0.0014812817  -0.0003223452  -0.0002383228
        0.0002135669   0.0000838442  -0.0001008797  -0.0001371046   0.0000453180
        0.0002173216   0.0004652366  -0.0012509220  -0.0012670492   0.0011464290
        0.0003290030  -0.0000303859   0.0006184542   0.0010712113   0.0006954556
       -0.0001684335  -0.0002088050  -0.0002080851   0.0000238584   0.0014792498
        0.0000199040  -0.0013864557  -0.0001293712   0.0002952527   0.0003288084
        0.0000594829   0.0005392001   0.0001085737   0.0002154030  -0.0001714703
       -0.0002463122  -0.0000612863   0.0001369089   0.0000434607  -0.0000623711
        0.0001184446   0.0000171072   0.0000588563   0.0001280014  -0.0000325617
        0.0002079018  -0.0004517848   0.0004049634   0.0001926556   0.0000964936
        0.0001313470   0.0001345650   0.0015274376   0.0002726207   0.0000392754
        0.0003365788   0.0002218927
        0.0011140776   0.0034037717   0.0007265035  -0.0222693803  -0.0632743579
       -0.0589448981   0.1292508677  -0.2155726115  -0.5853695681  -0.1270367900
        0.2942363390   0.6822786988   0.0171288755  -0.0199702830  -0.0373305654
        0.0041070276   0.0033854259  -0.0037466485  -0.0001720737   0.0005830196
       -0.0008088292   0.0001199474  -0.0004290617  -0.0000213716  -0.0000279499
        0.0006169504  -0.0010874876  -0.0028800288  -0.0021868812   0.0003071539
       -0.0005663175  -0.0016601354   0.0004922999   0.0006334363   0.0010167919
        0.0011469501  -0.0016843930   0.0006546671  -0.0003580443   0.0016278025
        0.0005443215  -0.0011239254  -0.0002520758   0.0007927933   0.0006367535
        0.0015139840  -0.0021399832  -0.0008666979  -0.0001974376  -0.0008998108
        0.0002507965  -0.0001432250   0.0000879095   0.0004553404   0.0002914854
       -0.0000581650   0.0003011940  -0.0004276378   0.0001359125   0.0002475910
        0.0004341939  -0.0006482778   0.0018209036   0.0000609476  -0.0000397587
        0.0004318231  -0.0000895954   0.0015267312   0.0000370114  -0.0005357409
       -0.0001053076   0.0005250163
        0.0001363289  -0.0041609361  -0.0008261973  -0.0335011594  -0.0208497666
        0.0097187765  -0.1218592663  -0.0075854061   0.0471212496  -0.0024421009
       -0.0058108938   0.0171288755   0.4692380825   0.0048688219   0.0252979067
       -0.0878314516   0.0398381666   0.0175905635  -0.0088877043   0.0153906177
        0.0007766657   0.0014440729  -0.0008649591   0.0011137907  -0.0136077894
       -0.0058790001  -0.0128495271  -0.1165392068  -0.0483884588  -0.0343801594
       -0.0005478243  -0.0001074474   0.0000642872  -0.0007872171  -0.0002863998
        0.0006408661   0.0004961418   0.0000851037  -0.0001150509  -0.0676616690
        0.0373554362  -0.0683626996   0.0075443928  -0.0152233300  -0.0058218453
       -0.0132012055   0.0195680098   0.0108680105   0.0006460162  -0.0007173144
        0.0003558180  -0.0011510411   0.0020168795  -0.0025905314   0.0001257546
       -0.0001529311   0.0001026248  -0.0002558684  -0.0000137182   0.0000996411
        0.0003776979   0.0000346880   0.0006818373  -0.0012886957   0.0013882280
       -0.0028151305   0.0080755852   0.0061885423   0.0044846605  -0.0185218732
       -0.0166939320  -0.0082844319
       -0.0043672917   0.0003565457  -0.0031123729  -0.0256292229  -0.0084164655
        0.0086414003  -0.0170179102  -0.0695362296   0.0230051810   0.0063126901
        0.0114548668  -0.0199702830   0.0048688219   0.4637611166  -0.0060643535
        0.0456869148  -0.1449145090  -0.0367129257   0.0125687343  -0.0179591187
        0.0014953197  -0.0008874523   0.0002710653  -0.0011756400   0.0054627869
        0.0088311142   0.0022362864  -0.0473063835  -0.1094005472  -0.0326615137
        0.0004989026   0.0002658723  -0.0002474569  -0.0009356754  -0.0001534815
        0.0005310577  -0.0004906613  -0.0004574377   0.0000565587   0.0350752687
       -0.0872512527   0.0876068667   0.0073490034  -0.0208698091  -0.0091848193
        0.0005187960   0.0016323363  -0.0005071390  -0.0002627246   0.0005544881
       -0.0006966552   0.0016523001  -0.0010142910   0.0025500334  -0.0002155461
        0.0000475513  -0.0001350767   0.0000743340  -0.0000595276   0.0000311566
        0.0000575446   0.0004705667  -0.0001370846   0.0021111455  -0.0003188172
        0.0026438798  -0.0155771517  -0.0193628416  -0.0138885120  -0.0095472234
       -0.0079311949  -0.0043039080
       -0.0014208824  -0.0041940199   0.0001280702  -0.0008509976   0.0026100050
        0.0100048786   0.0385688115   0.0139819643  -0.0934370232   0.0348075157
       -0.0068431319  -0.0373305654   0.0252979067  -0.0060643535   0.4888400475
        0.0151360494  -0.0292480376  -0.0714958960  -0.0091357423   0.0162560922
        0.0061285672   0.0011474738  -0.0012169360   0.0014469345  -0.0188814082
       -0.0103983023  -0.0149050419  -0.0363745791  -0.0352164112  -0.0905121655
       -0.0002474336  -0.0002166427  -0.0001084102  -0.0006965059  -0.0003033108
        0.0004166232   0.0004273557   0.0001859308  -0.0002703396  -0.0633291366
        0.0856017764  -0.1814812434   0.0049718986  -0.0130314632  -0.0052230820
        0.0115203602  -0.0173470401  -0.0085362814  -0.0002761099   0.0002778828
        0.0009799200  -0.0028255958   0.0030514392  -0.0025227486   0.0003412265
       -0.0002097394   0.0001327938  -0.0001718296   0.0000577743  -0.0000502912
        0.0004545227  -0.0007276619   0.0007024750  -0.0027888757   0.0020678673
       -0.0034503254  -0.0075556304  -0.0102700953  -0.0067273444   0.0118816063
        0.0111964134   0.0072704481
        0.0006140439   0.0001300622   0.0002253328  -0.0015287518  -0.0002431512
        0.0016346206  -0.0138460258   0.0174589259   0.0089764730  -0.0025102831
       -0.0010348050   0.0041070276  -0.0878314516   0.0456869148   0.0151360494
        0.5158094235   0.0487120468  -0.0062694684  -0.0915446140   0.0262583353
       -0.0416973547  -0.0144608075   0.0055702359  -0.0201963399   0.0010309207
        0.0012901093   0.0009673564   0.0073686349  -0.0131530228  -0.0049726890
       -0.0000956100  -0.0000130037   0.0000008925   0.0000460396   0.0000067629
       -0.0000365545  -0.0000053664  -0.0000338508   0.0000511936  -0.0060539859
        0.0130995298   0.0024791269  -0.1521475237  -0.0979751490  -0.0640846464
       -0.1506303357  -0.0409798629   0.1066237081   0.0080139142  -0.0088376800
        0.0146111112  -0.0079820529   0.0100185831  -0.0114944423  -0.0028902008
       -0.0026732103  -0.0027984735   0.0003577260   0.0006908854  -0.0008014019
       -0.0000770177  -0.0001083575  -0.0000362610   0.0000311963   0.0001377656
        0.0001805995  -0.0020841072  -0.0033107715  -0.0021549330   0.0004162349
       -0.0006972923  -0.0004509270
       -0.0000585212   0.0000310817  -0.0000475178  -0.0017245503  -0.0023299751
       -0.0009761201   0.0065611719   0.0070776084  -0.0056440200  -0.0005330863
       -0.0007593694   0.0033854259   0.0398381666  -0.1449145090  -0.0292480376
        0.0487120468   0.4707858576   0.0054141038   0.0254655691  -0.0933451637
        0.0466828204  -0.0063589514   0.0080677287  -0.0108038904   0.0013576037
        0.0009395903   0.0013010097   0.0033106679  -0.0215592409  -0.0110803225
        0.0000131701   0.0000140993   0.0000420035  -0.0000779710  -0.0000174500
       -0.0000068241   0.0000065564  -0.0000261470   0.0000157425   0.0110120163
       -0.0177069518  -0.0033688175  -0.0988389282  -0.1267840266  -0.0573385128
       -0.0406919933  -0.0565181559   0.0382473629   0.0034248481  -0.0049561365
        0.0095110877   0.0137448449  -0.0152156337   0.0191755583  -0.0031840686
       -0.0013595311  -0.0025882807  -0.0000876843   0.0004769100  -0.0006339349
       -0.0000618757   0.0000233890  -0.0001769471   0.0000774143   0.0000167702
        0.0002055810  -0.0025273008  -0.0023106730  -0.0020046818   0.0006208551
        0.0003699286  -0.0000627884
       -0.0002596462   0.0003017672  -0.0003792657  -0.0010186636  -0.0022069734
       -0.0009775637   0.0145353400  -0.0130313957  -0.0082229082   0.0023071772
        0.0014812817  -0.0037466485   0.0175905635  -0.0367129257  -0.0714958960
       -0.0062694684   0.0054141038   0.4935962230  -0.0426615244   0.0482967552
       -0.1440598382  -0.0131709570   0.0027270160  -0.0155454328   0.0010352142
        0.0012477057   0.0013137904   0.0036952136  -0.0141229715  -0.0055509783
        0.0001283224   0.0000365379  -0.0000420030  -0.0000993793  -0.0000206262
        0.0000199830  -0.0000371083  -0.0000432183  -0.0000184735  -0.0105237379
        0.0183202802   0.0055570979  -0.0646301784  -0.0574702746  -0.0822925338
        0.1066441271   0.0381386465  -0.1500699850  -0.0083127935   0.0131584866
       -0.0222156463   0.0026993915  -0.0026202275   0.0053580813  -0.0022006210
       -0.0017333628  -0.0011257683   0.0012277635   0.0003397987   0.0009602227
        0.0000571176  -0.0000437607  -0.0004051209   0.0001685897   0.0001687967
        0.0001944237  -0.0013610930  -0.0023471468  -0.0011615637   0.0004563509
        0.0007217068   0.0003098041
        0.0000476041   0.0001490321  -0.0001288341  -0.0001919593  -0.0003937481
        0.0001087211   0.0000199304   0.0012115539  -0.0006573541   0.0000679283
       -0.0003223452  -0.0001720737  -0.0088877043   0.0125687343  -0.0091357423
       -0.0915446140   0.0254655691  -0.0426615244   0.4951302724  -0.0139317371
       -0.0437648492  -0.1273137950  -0.0543426757  -0.0344712379   0.0080579398
        0.0029808401   0.0029770985   0.0002180441  -0.0010645312  -0.0005189055
       -0.0000588979  -0.0000089102   0.0000447492  -0.0000071455   0.0000241032
        0.0000184950  -0.0000157400  -0.0000564477   0.0000103606  -0.0008024819
        0.0026794011   0.0005960127  -0.0115064387   0.0086031510  -0.0190600514
        0.0077485220  -0.0087398601   0.0148007866  -0.1490464251  -0.0390714231
        0.1074790008  -0.0911372032   0.0855939923   0.0386926444  -0.0119838899
       -0.0087360053  -0.0088341918  -0.0194249221  -0.0165811180  -0.0070862373
        0.0008111571   0.0010167675   0.0003885323  -0.0000909254   0.0030152333
        0.0013051409  -0.0000355197  -0.0000809832   0.0000008214  -0.0000537364
        0.0000214073   0.0000686382
       -0.0000355380   0.0000089542  -0.0000713742  -0.0000802921   0.0001454795
        0.0004438499  -0.0005412154   0.0003124693  -0.0002189451  -0.0002064566
       -0.0002383228   0.0005830196   0.0153906177  -0.0179591187   0.0162560922
        0.0262583353  -0.0933451637   0.0482967552  -0.0139317371   0.5084976906
        0.0077263754  -0.0554032676  -0.1131117936  -0.0323582679  -0.0141658749
       -0.0237917427  -0.0145303604  -0.0010412877   0.0029422295   0.0006566456
       -0.0000491557  -0.0000145262   0.0000399818   0.0000091943   0.0000030523
        0.0000089638  -0.0000190255  -0.0000004995   0.0000260386   0.0029002993
       -0.0044722673  -0.0008960820  -0.0072528248   0.0072605990  -0.0122458589
        0.0025913070  -0.0049153971   0.0098094783  -0.0389298190  -0.0603666159
        0.0396286977   0.0854989029  -0.1967340317  -0.0641209263   0.0074505505
        0.0070274893   0.0048531284  -0.0095839760  -0.0072095980  -0.0024240243
       -0.0005229393   0.0008349879   0.0006430351   0.0018728101  -0.0049475745
       -0.0022426504  -0.0000683112   0.0004103971  -0.0000015384  -0.0001402963
       -0.0003366971   0.0001379663
        0.0001139111  -0.0000825026   0.0001102656   0.0003005699   0.0005646367
       -0.0001469574  -0.0004531857  -0.0015046671   0.0020656859   0.0000095333
        0.0002135669  -0.0008088292   0.0007766657   0.0014953197   0.0061285672
       -0.0416973547   0.0466828204  -0.1440598382  -0.0437648492   0.0077263754
        0.4913535494  -0.0349687459  -0.0314823190  -0.0883323929  -0.0058029328
       -0.0121383891  -0.0059393526  -0.0004958253   0.0005720267   0.0000091398
        0.0000607984   0.0000170635  -0.0000768888   0.0000181789  -0.0000059750
       -0.0000174900  -0.0000058067   0.0000303458  -0.0000093035   0.0012576328
       -0.0020321112   0.0003910260  -0.0088305641   0.0057909968  -0.0127670069
       -0.0077793517   0.0132302046  -0.0221502648   0.1077392227   0.0394398457
       -0.1494286780   0.0385379322  -0.0638549694  -0.0704513183  -0.0189183600
       -0.0135944016  -0.0126958690   0.0134271511   0.0115245332   0.0070817854
       -0.0005821599  -0.0003740763   0.0000799631   0.0009601647  -0.0022830349
       -0.0002143582  -0.0000194711   0.0000513720  -0.0000460631   0.0001168464
        0.0000133388  -0.0000753715
       -0.0000376711   0.0000163150   0.0000246192   0.0001756286   0.0000415960
       -0.0000262921  -0.0008304577  -0.0002672762   0.0001149778   0.0000549420
        0.0000838442   0.0001199474   0.0014440729  -0.0008874523   0.0011474738
       -0.0144608075  -0.0063589514  -0.0131709570  -0.1273137950  -0.0554032676
       -0.0349687459   0.5010920109  -0.0054222003  -0.0047718619  -0.0937815105
        0.0490111768   0.0231328498  -0.0094145368   0.0158388318   0.0007996812
       -0.0000082188  -0.0000093642  -0.0000159681   0.0000340234   0.0000229179
        0.0000110727   0.0000035635  -0.0000097590  -0.0000071131   0.0003017041
       -0.0000931214   0.0001508712  -0.0012151827   0.0011775961  -0.0025049378
        0.0009771624  -0.0001199947   0.0012470764  -0.0197491436  -0.0159401503
       -0.0069223863   0.0073828788   0.0063122880   0.0044425676  -0.0884850054
        0.0474402330  -0.0756727371  -0.1508476318  -0.0381849116   0.1049083374
       -0.0124258689   0.0177067489   0.0104764658   0.0076825758  -0.0160727189
       -0.0068488947  -0.0012625654   0.0020394986  -0.0021923967   0.0006838328
       -0.0009218786   0.0005263504
       -0.0000068829  -0.0000047915   0.0000093648  -0.0001205836  -0.0003003484
       -0.0001548891   0.0002565123   0.0004552664   0.0005673817  -0.0002538321
       -0.0001008797  -0.0004290617  -0.0008649591   0.0002710653  -0.0012169360
        0.0055702359   0.0080677287   0.0027270160  -0.0543426757  -0.1131117936
       -0.0314823190  -0.0054222003   0.4704481509  -0.0376842400   0.0481216821
       -0.1531823778  -0.0374339628   0.0128594172  -0.0183552130   0.0008136711
        0.0000045771   0.0000141000  -0.0000124506  -0.0000048777   0.0000027534
       -0.0000015081  -0.0000102014  -0.0000116389   0.0000079598  -0.0001804289
        0.0000218518  -0.0000726688   0.0019459541  -0.0003223607   0.0027730591
        0.0006142906   0.0004499551   0.0002898217  -0.0096886170  -0.0067866134
       -0.0029320372  -0.0170289394  -0.0195448110  -0.0127743868   0.0473131131
       -0.0928630858   0.0845155248  -0.0383693602  -0.0569934897   0.0404524384
        0.0001375029   0.0031483372  -0.0000028666   0.0077323149  -0.0205557431
       -0.0096904294   0.0018001728  -0.0011685017   0.0024085596  -0.0000622148
        0.0004224395  -0.0006770410
       -0.0000414670   0.0000138907  -0.0000040752  -0.0000103381  -0.0001290337
        0.0000922733  -0.0000967800   0.0003774848  -0.0001271566   0.0001823361
       -0.0001371046  -0.0000213716   0.0011137907  -0.0011756400   0.0014469345
       -0.0201963399  -0.0108038904  -0.0155454328  -0.0344712379  -0.0323582679
       -0.0883323929  -0.0047718619  -0.0376842400   0.5241406877   0.0226155844
       -0.0365960105  -0.0827348432  -0.0095411051   0.0170335422   0.0064052074
       -0.0000250147   0.0000025812   0.0000323594   0.0000017267   0.0000044150
        0.0000012675  -0.0000030142  -0.0000143069   0.0000065017   0.0002197353
       -0.0000601239   0.0001189599  -0.0030379930   0.0020450266  -0.0036939713
       -0.0007436689  -0.0007656515   0.0004375796   0.0133722259   0.0114083829
        0.0073186104  -0.0076927488  -0.0097881479  -0.0054446626  -0.0756173665
        0.0847053207  -0.1780894030   0.1049303471   0.0401501210  -0.1493757674
        0.0125561325  -0.0181479079  -0.0095633441   0.0048566794  -0.0120225247
       -0.0048538600  -0.0029027954   0.0032732087  -0.0028344423  -0.0006968264
        0.0006688764   0.0006203418
        0.0001071337   0.0000394199  -0.0000354991   0.0003049574   0.0002399131
        0.0001202094  -0.0005066136   0.0000437991  -0.0007172729  -0.0010901572
        0.0000453180  -0.0000279499  -0.0136077894   0.0054627869  -0.0188814082
        0.0010309207   0.0013576037   0.0010352142   0.0080579398  -0.0141658749
       -0.0058029328  -0.0937815105   0.0481216821   0.0226155844   0.5180061972
        0.0418303160  -0.0166670767  -0.0935213694   0.0280783066  -0.0423874861
       -0.0000264821  -0.0000382918   0.0000075007   0.0000173232   0.0000140013
        0.0000189002   0.0000017220   0.0000052236  -0.0000120122  -0.0023892042
       -0.0022672733  -0.0023836265  -0.0000027985   0.0001196618   0.0001624276
       -0.0000610100  -0.0000756530  -0.0000614884   0.0007337060  -0.0007763865
       -0.0006275446  -0.0019784704  -0.0037231902  -0.0024809309  -0.0075087008
        0.0137688635   0.0035497696  -0.0125667458   0.0185291034   0.0109328733
       -0.1489651837  -0.0401262009   0.1095944591  -0.1518679702  -0.0981386761
       -0.0599533620  -0.0085375698   0.0106823746  -0.0117224931   0.0081516758
       -0.0090268270   0.0137241452
        0.0000243785   0.0000366457  -0.0000524356   0.0001231115   0.0001314949
        0.0002317852   0.0000918473   0.0001083834  -0.0011170546   0.0002583610
        0.0002173216   0.0006169504  -0.0058790001   0.0088311142  -0.0103983023
        0.0012901093   0.0009395903   0.0012477057   0.0029808401  -0.0237917427
       -0.0121383891   0.0490111768  -0.1531823778  -0.0365960105   0.0418303160
        0.4849846479   0.0078403882   0.0267004094  -0.0954393123   0.0465234145
       -0.0000032801  -0.0000058194   0.0000171707  -0.0000047406   0.0000042585
        0.0000011560  -0.0000046024  -0.0000118172   0.0000001977  -0.0031772623
       -0.0013650122  -0.0026365720   0.0001068587   0.0000934149   0.0002076966
       -0.0000333291  -0.0000498043  -0.0001792416   0.0008686106   0.0005220887
       -0.0000301601  -0.0026488873  -0.0023824680  -0.0022425230   0.0102529048
       -0.0163570311  -0.0037345585  -0.0002537316   0.0033440691  -0.0004466804
       -0.0410432891  -0.0574678182   0.0391697230  -0.0983089749  -0.1285068318
       -0.0549683708   0.0137162913  -0.0148624209   0.0180120012   0.0041018823
       -0.0057905732   0.0106721092
        0.0000039259  -0.0000285536   0.0001537447   0.0003404073  -0.0001111240
       -0.0002425296   0.0000910034   0.0003237862   0.0016896255  -0.0005850522
        0.0004652366  -0.0010874876  -0.0128495271   0.0022362864  -0.0149050419
        0.0009673564   0.0013010097   0.0013137904   0.0029770985  -0.0145303604
       -0.0059393526   0.0231328498  -0.0374339628  -0.0827348432  -0.0166670767
        0.0078403882   0.5009195841  -0.0420663407   0.0483096891  -0.1396236029
       -0.0000020021   0.0000408344  -0.0000091487   0.0000192184   0.0000017373
       -0.0000312763   0.0000167015  -0.0000113646  -0.0000025796  -0.0020626194
       -0.0015034436  -0.0010427013   0.0001090455   0.0001855571   0.0001911675
        0.0001616798  -0.0000361843  -0.0003479559   0.0003833776   0.0009593387
        0.0005422804  -0.0016576273  -0.0021928499  -0.0008616762  -0.0103528955
        0.0183219421   0.0062514165   0.0129544603  -0.0179453570  -0.0101586335
        0.1109548813   0.0388714894  -0.1591085375  -0.0606019888  -0.0555503965
       -0.0791378563   0.0029800126  -0.0031097475   0.0060030603  -0.0082468887
        0.0135960490  -0.0218314463
       -0.0010163448  -0.0010682195  -0.0002651182  -0.0045196966  -0.0019995453
        0.0025252973  -0.0202210275  -0.0149638742  -0.0051021902   0.0007662611
       -0.0012509220  -0.0028800288  -0.1165392068  -0.0473063835  -0.0363745791
        0.0073686349   0.0033106679   0.0036952136   0.0002180441  -0.0010412877
       -0.0004958253  -0.0094145368   0.0128594172  -0.0095411051  -0.0935213694
        0.0267004094  -0.0420663407   0.4969282940  -0.0174499537  -0.0476504628
       -0.0000283561   0.0000124619  -0.0000594164  -0.0002830607  -0.0000747940
        0.0001942843   0.0000801218  -0.0000539991  -0.0000533727  -0.0101592496
       -0.0077261529  -0.0087680976  -0.0004736790   0.0029858960   0.0012506261
        0.0004986048   0.0007661067   0.0003679240  -0.0000037281   0.0000443336
        0.0000702229  -0.0000383332  -0.0001295470  -0.0000115642  -0.0009172537
        0.0030266704   0.0007981722   0.0002049161   0.0001253315  -0.0007391386
        0.0083697915  -0.0083260491   0.0137414131  -0.0125249572   0.0087607313
       -0.0190839346  -0.0989653798   0.0893015525   0.0453281121  -0.1458084891
       -0.0465028505   0.1051199091
       -0.0007094012  -0.0001983508  -0.0000978597  -0.0012967289   0.0004584453
        0.0005346065  -0.0113778121  -0.0063524869   0.0010295891   0.0013852318
       -0.0012670492  -0.0021868812  -0.0483884588  -0.1094005472  -0.0352164112
       -0.0131530228  -0.0215592409  -0.0141229715  -0.0010645312   0.0029422295
        0.0005720267   0.0158388318  -0.0183552130   0.0170335422   0.0280783066
       -0.0954393123   0.0483096891  -0.0174499537   0.5007809976   0.0056169237
        0.0000149798   0.0000243653  -0.0000752405  -0.0000404466  -0.0000157135
        0.0000545876   0.0000468479  -0.0000573169  -0.0000106241   0.0064046184
        0.0063365100   0.0051019746   0.0016854499  -0.0046515652  -0.0020625402
       -0.0006138276   0.0007048514   0.0005499048  -0.0001368251  -0.0003253271
        0.0001864436  -0.0000866791   0.0004084891   0.0000152916   0.0029700545
       -0.0047944392  -0.0011493853  -0.0007627228   0.0008663073   0.0004771064
        0.0034088685  -0.0053311952   0.0099916286  -0.0080962239   0.0072917901
       -0.0121230948   0.0898711793  -0.1862076132  -0.0694984406  -0.0465277348
       -0.0658586151   0.0470701345
        0.0009351241   0.0007896895   0.0003272444   0.0042814685   0.0016580150
       -0.0016909799   0.0079595188   0.0079570930   0.0083529238   0.0001212284
        0.0011464290   0.0003071539  -0.0343801594  -0.0326615137  -0.0905121655
       -0.0049726890  -0.0110803225  -0.0055509783  -0.0005189055   0.0006566456
        0.0000091398   0.0007996812   0.0008136711   0.0064052074  -0.0423874861
        0.0465234145  -0.1396236029  -0.0476504628   0.0056169237   0.4904867594
       -0.0000440327  -0.0000123226   0.0000415640   0.0002714698   0.0001020373
       -0.0001215104  -0.0000405153  -0.0000013877   0.0000308969  -0.0184637559
       -0.0133547172  -0.0137956457   0.0010737222  -0.0020145895  -0.0001573952
       -0.0003970659  -0.0002109863   0.0000554355   0.0000645750   0.0000501014
       -0.0000385610   0.0000349976   0.0000133893  -0.0000973160   0.0013069558
       -0.0022088968   0.0004757348   0.0005255067  -0.0008534400   0.0007571090
       -0.0088302483   0.0134569343  -0.0218509820  -0.0090891301   0.0057947245
       -0.0126683529   0.0451363191  -0.0692826331  -0.0758221203   0.1042638839
        0.0471017411  -0.1453195588
       -0.0602928221   0.0299286540  -0.0622886679  -0.0017619761  -0.0163853624
        0.0311357278   0.0009236819  -0.0001103335   0.0024222601   0.0001968410
        0.0003290030  -0.0005663175  -0.0005478243   0.0004989026  -0.0002474336
       -0.0000956100   0.0000131701   0.0001283224  -0.0000588979  -0.0000491557
        0.0000607984  -0.0000082188   0.0000045771  -0.0000250147  -0.0000264821
       -0.0000032801  -0.0000020021  -0.0000283561   0.0000149798  -0.0000440327
        0.0716619026  -0.0293850833   0.0589495064  -0.0046309942   0.0059549015
       -0.0141802889  -0.0054557529   0.0091371004  -0.0150177850   0.0000649643
        0.0000962630  -0.0001744230   0.0000489207  -0.0001185890  -0.0000714642
       -0.0000022363   0.0000194095  -0.0000417071  -0.0000764850   0.0000137679
        0.0000263566   0.0000361586  -0.0000050487  -0.0000291344  -0.0000110415
        0.0000031964  -0.0000082737   0.0000397325   0.0000218655  -0.0000117577
       -0.0000195043  -0.0000432698  -0.0000013751   0.0000163649   0.0000178338
       -0.0000077726   0.0000004722   0.0000224207   0.0000043354   0.0000271629
        0.0000240772  -0.0000098568
        0.0279062071  -0.0821199788   0.0798734676  -0.0058057124  -0.0053173942
        0.0108364974   0.0001603064   0.0020067191   0.0040380792   0.0012825422
       -0.0000303859  -0.0016601354  -0.0001074474   0.0002658723  -0.0002166427
       -0.0000130037   0.0000140993   0.0000365379  -0.0000089102  -0.0000145262
        0.0000170635  -0.0000093642   0.0000141000   0.0000025812  -0.0000382918
       -0.0000058194   0.0000408344   0.0000124619   0.0000243653  -0.0000123226
       -0.0293850833   0.0921017280  -0.0990681410  -0.0063914408   0.0077978169
       -0.0173562839   0.0122958506  -0.0147481178   0.0237915041   0.0000668186
        0.0000480056  -0.0001500915   0.0000047186  -0.0000621462  -0.0000502158
        0.0000147653  -0.0000143893  -0.0000139353  -0.0000225007   0.0000781091
        0.0000125419   0.0000259295  -0.0000109234  -0.0000263085  -0.0000097187
        0.0000057305  -0.0000154582   0.0000150401  -0.0000167305  -0.0000163708
       -0.0000417184   0.0000012295  -0.0000318861   0.0000135609  -0.0000017589
       -0.0000258046   0.0000052008  -0.0000240163   0.0000104661   0.0000297897
        0.0000084112  -0.0000159769
       -0.0595125974   0.0806897361  -0.2122021518   0.0122158665   0.0125427058
       -0.0244622300  -0.0009827692  -0.0011502174  -0.0000430108  -0.0003709958
        0.0006184542   0.0004922999   0.0000642872  -0.0002474569  -0.0001084102
        0.0000008925   0.0000420035  -0.0000420030   0.0000447492   0.0000399818
       -0.0000768888  -0.0000159681  -0.0000124506   0.0000323594   0.0000075007
        0.0000171707  -0.0000091487  -0.0000594164  -0.0000752405   0.0000415640
        0.0589495064  -0.0990681410   0.2522163222  -0.0090300563   0.0064495848
       -0.0184796233  -0.0012503074   0.0002585947   0.0022722745  -0.0000523595
       -0.0001260152   0.0001677282  -0.0000595751   0.0001339556  -0.0000098921
       -0.0000208990  -0.0000247151   0.0000307809   0.0001016345  -0.0000054416
        0.0000960639   0.0000045470  -0.0000315039   0.0000214809   0.0000162409
       -0.0000151048   0.0000264220  -0.0000295195  -0.0000189988  -0.0000051633
        0.0000001062   0.0000133232   0.0000300373   0.0000067720  -0.0000090864
        0.0000185610  -0.0000037234  -0.0000084419   0.0000031871  -0.0000239161
       -0.0000126962  -0.0000105591
       -0.0970827227  -0.0743254198  -0.0694082750  -0.0229273056  -0.0218785226
       -0.0112235373  -0.0053146798  -0.0021652315   0.0031925173   0.0011441344
        0.0010712113   0.0006334363  -0.0007872171  -0.0009356754  -0.0006965059
        0.0000460396  -0.0000779710  -0.0000993793  -0.0000071455   0.0000091943
        0.0000181789   0.0000340234  -0.0000048777   0.0000017267   0.0000173232
       -0.0000047406   0.0000192184  -0.0002830607  -0.0000404466   0.0002714698
       -0.0046309942  -0.0063914408  -0.0090300563   0.1216371087   0.0947882035
        0.0781880997   0.0082001795   0.0099577322   0.0081735061   0.0000493420
        0.0000522873  -0.0000664611  -0.0000587586  -0.0000485914   0.0000138405
        0.0000393516   0.0000234172  -0.0000091849   0.0000170079  -0.0000718150
       -0.0000213669  -0.0000373013   0.0000259545   0.0000177978   0.0000025814
        0.0000182500  -0.0000094992   0.0000183278   0.0000016532   0.0000104709
        0.0000167314   0.0000082566   0.0000359924  -0.0000150908   0.0000016466
       -0.0000002808   0.0000197468   0.0000549902   0.0000239633  -0.0000976212
       -0.0000680644  -0.0000356714
       -0.0769162329  -0.1461588289  -0.0917002469  -0.0099497397  -0.0071857181
       -0.0025004652  -0.0022198795  -0.0009293353   0.0000639274   0.0000101372
        0.0006954556   0.0010167919  -0.0002863998  -0.0001534815  -0.0003033108
        0.0000067629  -0.0000174500  -0.0000206262   0.0000241032   0.0000030523
       -0.0000059750   0.0000229179   0.0000027534   0.0000044150   0.0000140013
        0.0000042585   0.0000017373  -0.0000747940  -0.0000157135   0.0001020373
        0.0059549015   0.0077978169   0.0064495848   0.0947882035   0.1661816248
        0.1046199426  -0.0112978018  -0.0202345958  -0.0177568848   0.0000224299
       -0.0000023822  -0.0000386604  -0.0000381129   0.0000199197  -0.0000088718
       -0.0000017932   0.0000071748   0.0000115435  -0.0000279087  -0.0000300822
        0.0000204014  -0.0000036646   0.0000130433   0.0000068854  -0.0000051584
        0.0000086009  -0.0000050438  -0.0000043998  -0.0000012022   0.0000088245
        0.0000110172  -0.0000145015   0.0000296837  -0.0000084270  -0.0000063061
       -0.0000014466   0.0000225031   0.0000354256   0.0000077426  -0.0000426655
       -0.0000195285  -0.0000019859
       -0.0740876669  -0.0947444552  -0.1251722129   0.0100638503   0.0114684818
        0.0094008999   0.0029627720  -0.0000303654  -0.0029989014  -0.0012040606
       -0.0001684335   0.0011469501   0.0006408661   0.0005310577   0.0004166232
       -0.0000365545  -0.0000068241   0.0000199830   0.0000184950   0.0000089638
       -0.0000174900   0.0000110727  -0.0000015081   0.0000012675   0.0000189002
        0.0000011560  -0.0000312763   0.0001942843   0.0000545876  -0.0001215104
       -0.0141802889  -0.0173562839  -0.0184796233   0.0781880997   0.1046199426
        0.1388780337  -0.0025331661  -0.0044295666  -0.0032079158  -0.0000453470
       -0.0000269621   0.0000598869  -0.0000121774   0.0000231047   0.0000658354
       -0.0000095987   0.0000174971   0.0000188850  -0.0000032615  -0.0000321286
       -0.0000466403  -0.0000221533   0.0000127131   0.0000115110   0.0000026077
       -0.0000005739   0.0000000797  -0.0000150995   0.0000073694   0.0000130122
        0.0000284118   0.0000006544   0.0000108719  -0.0000106690  -0.0000011736
        0.0000105174  -0.0000058462   0.0000115492  -0.0000147737   0.0000365298
        0.0000411974   0.0000359871
       -0.1033823671   0.0999145021   0.0169922247  -0.0328585464   0.0164713499
        0.0149174568   0.0001174884   0.0032546950   0.0034691012   0.0012516711
       -0.0002088050  -0.0016843930   0.0004961418  -0.0004906613   0.0004273557
       -0.0000053664   0.0000065564  -0.0000371083  -0.0000157400  -0.0000190255
       -0.0000058067   0.0000035635  -0.0000102014  -0.0000030142   0.0000017220
       -0.0000046024   0.0000167015   0.0000801218   0.0000468479  -0.0000405153
       -0.0054557529   0.0122958506  -0.0012503074   0.0082001795  -0.0112978018
       -0.0025331661   0.1316026343  -0.1197600258  -0.0301309528  -0.0001221218
        0.0000632560   0.0000522042   0.0000472847  -0.0001302918  -0.0001440121
       -0.0000076837  -0.0000754686  -0.0000563996   0.0000329745  -0.0000170682
        0.0000732001   0.0000074410  -0.0000110501  -0.0000015080  -0.0000043233
       -0.0000010222  -0.0000187453   0.0000079504  -0.0000158938  -0.0000022417
       -0.0000158814   0.0000274190   0.0000050313  -0.0000042270  -0.0000152161
       -0.0000152984  -0.0000206617  -0.0000440283  -0.0000208279   0.0000434988
        0.0000206852  -0.0000089789
        0.1032867230  -0.2032331349  -0.0317602156  -0.0015239379   0.0099933845
       -0.0014530324  -0.0013160871   0.0009443813  -0.0000237286   0.0002917195
       -0.0002080851   0.0006546671   0.0000851037  -0.0004574377   0.0001859308
       -0.0000338508  -0.0000261470  -0.0000432183  -0.0000564477  -0.0000004995
        0.0000303458  -0.0000097590  -0.0000116389  -0.0000143069   0.0000052236
       -0.0000118172  -0.0000113646  -0.0000539991  -0.0000573169  -0.0000013877
        0.0091371004  -0.0147481178   0.0002585947   0.0099577322  -0.0202345958
       -0.0044295666  -0.1197600258   0.2279591365   0.0365420760  -0.0000578726
        0.0000206590   0.0000429207   0.0000077286  -0.0000117765   0.0000698378
        0.0000352098   0.0000134846  -0.0000265857  -0.0000124057  -0.0000189660
       -0.0000462178  -0.0000141798   0.0000095038   0.0000027491   0.0000075706
       -0.0000014805   0.0000128138   0.0000228565   0.0000201390  -0.0000060165
        0.0000001280  -0.0000091162  -0.0000009351   0.0000096682   0.0000203736
        0.0000166622  -0.0000140688   0.0000409453   0.0000163755   0.0000058704
        0.0000081223  -0.0000163978
        0.0166931731  -0.0310134498  -0.0481660325   0.0203821653  -0.0119150334
       -0.0085293338  -0.0006412610   0.0001915995   0.0016671245   0.0006086914
        0.0000238584  -0.0003580443  -0.0001150509   0.0000565587  -0.0002703396
        0.0000511936   0.0000157425  -0.0000184735   0.0000103606   0.0000260386
       -0.0000093035  -0.0000071131   0.0000079598   0.0000065017  -0.0000120122
        0.0000001977  -0.0000025796  -0.0000533727  -0.0000106241   0.0000308969
       -0.0150177850   0.0237915041   0.0022722745   0.0081735061  -0.0177568848
       -0.0032079158  -0.0301309528   0.0365420760   0.0565660765   0.0000607996
       -0.0000456897  -0.0000257656  -0.0000567495   0.0000586797   0.0000621775
        0.0000309753   0.0000164439   0.0000216113   0.0000270630   0.0000300127
       -0.0000428888  -0.0000025197  -0.0000070923  -0.0000039108   0.0000117235
       -0.0000031408   0.0000083636  -0.0000024852  -0.0000085122  -0.0000043185
       -0.0000140164   0.0000209856  -0.0000115568   0.0000067488   0.0000037745
        0.0000006876  -0.0000000744  -0.0000104423   0.0000228526  -0.0000030074
       -0.0000145622  -0.0000081038
       -0.0005863155   0.0004412609   0.0000745781  -0.0009268436  -0.0000936488
       -0.0003860304   0.0073377673  -0.0108700091   0.0179487342  -0.0035464660
        0.0014792498   0.0016278025  -0.0676616690   0.0350752687  -0.0633291366
       -0.0060539859   0.0110120163  -0.0105237379  -0.0008024819   0.0029002993
        0.0012576328   0.0003017041  -0.0001804289   0.0002197353  -0.0023892042
       -0.0031772623  -0.0020626194  -0.0101592496   0.0064046184  -0.0184637559
        0.0000649643   0.0000668186  -0.0000523595   0.0000493420   0.0000224299
       -0.0000453470  -0.0001221218  -0.0000578726   0.0000607996   0.0851888067
       -0.0441287891   0.0754403088   0.0003705326  -0.0003701059   0.0001066725
       -0.0001181347   0.0000539891  -0.0005204396  -0.0000439195  -0.0000313548
        0.0000838327  -0.0004523010   0.0004384493  -0.0005917878   0.0000856861
       -0.0000649400   0.0001126154  -0.0000157167   0.0000044751  -0.0000142484
       -0.0001114869  -0.0000606981   0.0000915080  -0.0006601084   0.0004933964
       -0.0008890157   0.0003501726   0.0001520577   0.0002129804  -0.0000989709
        0.0004907800  -0.0003587221
       -0.0000888685   0.0000428181   0.0000221642  -0.0016454390  -0.0002394654
       -0.0011538068   0.0035708323  -0.0025186847   0.0093301820  -0.0009961877
        0.0000199040   0.0005443215   0.0373554362  -0.0872512527   0.0856017764
        0.0130995298  -0.0177069518   0.0183202802   0.0026794011  -0.0044722673
       -0.0020321112  -0.0000931214   0.0000218518  -0.0000601239  -0.0022672733
       -0.0013650122  -0.0015034436  -0.0077261529   0.0063365100  -0.0133547172
        0.0000962630   0.0000480056  -0.0001260152   0.0000522873  -0.0000023822
       -0.0000269621   0.0000632560   0.0000206590  -0.0000456897  -0.0441287891
        0.1057129610  -0.0955070067  -0.0001513933   0.0000398900   0.0004519836
       -0.0001800860   0.0007723789   0.0003064346  -0.0000437853   0.0001676867
       -0.0004034749   0.0008924471  -0.0008159286   0.0009407343  -0.0000737420
        0.0000440751  -0.0000760565   0.0000132788  -0.0000525479  -0.0000193139
       -0.0000004329  -0.0000862690  -0.0000352721  -0.0005062328   0.0002550883
       -0.0006840390  -0.0000556378   0.0003833541  -0.0001693635   0.0001344102
        0.0006455792  -0.0003204805
        0.0003005686  -0.0003801332   0.0002713977   0.0004213864  -0.0003951316
        0.0008788493  -0.0039800375   0.0123242391  -0.0222026633   0.0038013581
       -0.0013864557  -0.0011239254  -0.0683626996   0.0876068667  -0.1814812434
        0.0024791269  -0.0033688175   0.0055570979   0.0005960127  -0.0008960820
        0.0003910260   0.0001508712  -0.0000726688   0.0001189599  -0.0023836265
       -0.0026365720  -0.0010427013  -0.0087680976   0.0051019746  -0.0137956457
       -0.0001744230  -0.0001500915   0.0001677282  -0.0000664611  -0.0000386604
        0.0000598869   0.0000522042   0.0000429207  -0.0000257656   0.0754403088
       -0.0955070067   0.2103880219   0.0001312770   0.0001550957   0.0003928461
        0.0000576723  -0.0002958202   0.0007606913  -0.0000133224  -0.0001853641
        0.0001348694   0.0001374354  -0.0002650426   0.0001815434   0.0001157847
       -0.0000815028   0.0000983327  -0.0000140671  -0.0000135738  -0.0000249309
        0.0001099376  -0.0001625911   0.0003892448  -0.0005440281   0.0004175369
       -0.0007088855   0.0001140348  -0.0000339199  -0.0002049221   0.0003987847
        0.0002208003   0.0008201877
       -0.0003280155  -0.0000207643   0.0002854559  -0.0015129875   0.0009185664
        0.0010618729   0.0009458007  -0.0000675250  -0.0002098610  -0.0000619895
       -0.0001293712  -0.0002520758   0.0075443928   0.0073490034   0.0049718986
       -0.1521475237  -0.0988389282  -0.0646301784  -0.0115064387  -0.0072528248
       -0.0088305641  -0.0012151827   0.0019459541  -0.0030379930  -0.0000027985
        0.0001068587   0.0001090455  -0.0004736790   0.0016854499   0.0010737222
        0.0000489207   0.0000047186  -0.0000595751  -0.0000587586  -0.0000381129
       -0.0000121774   0.0000472847   0.0000077286  -0.0000567495   0.0003705326
       -0.0001513933   0.0001312770   0.1768388431   0.1104949671   0.0759639046
       -0.0191949862  -0.0164768421  -0.0067297160   0.0006078958  -0.0000770314
        0.0004476042  -0.0002021938  -0.0000217726   0.0001565954  -0.0005604966
       -0.0005046112  -0.0006394931   0.0004099568   0.0002470558  -0.0000130513
       -0.0000345503   0.0000196039   0.0000104807   0.0000718707   0.0000710526
        0.0000965446   0.0003627783   0.0005139409   0.0002244328   0.0000513245
        0.0002142769  -0.0000613995
        0.0001291392   0.0000514015   0.0001066106   0.0009081857   0.0011702564
        0.0007534965  -0.0016771743  -0.0007659049  -0.0013791478  -0.0000354764
        0.0002952527   0.0007927933  -0.0152233300  -0.0208698091  -0.0130314632
       -0.0979751490  -0.1267840266  -0.0574702746   0.0086031510   0.0072605990
        0.0057909968   0.0011775961  -0.0003223607   0.0020450266   0.0001196618
        0.0000934149   0.0001855571   0.0029858960  -0.0046515652  -0.0020145895
       -0.0001185890  -0.0000621462   0.0001339556  -0.0000485914   0.0000199197
        0.0000231047  -0.0001302918  -0.0000117765   0.0000586797  -0.0003701059
        0.0000398900   0.0001550957   0.1104949671   0.1501330649   0.0667760560
       -0.0093276948  -0.0059389120  -0.0025530777   0.0002173333   0.0003631376
       -0.0002261308   0.0001530347   0.0005699957   0.0001663706   0.0005465045
        0.0002945931   0.0003702089   0.0001140235  -0.0000658145  -0.0000047484
       -0.0000064095  -0.0000504239   0.0000182111   0.0000716549   0.0000864156
        0.0001036716  -0.0009164762  -0.0010686101  -0.0008132253   0.0003081403
        0.0002134087   0.0000128224
        0.0003789619  -0.0000504380   0.0000128183   0.0010839509   0.0012560913
        0.0001001580  -0.0016128946  -0.0020071083  -0.0012088146   0.0001547052
        0.0003288084   0.0006367535  -0.0058218453  -0.0091848193  -0.0052230820
       -0.0640846464  -0.0573385128  -0.0822925338  -0.0190600514  -0.0122458589
       -0.0127670069  -0.0025049378   0.0027730591  -0.0036939713   0.0001624276
        0.0002076966   0.0001911675   0.0012506261  -0.0020625402  -0.0001573952
       -0.0000714642  -0.0000502158  -0.0000098921   0.0000138405  -0.0000088718
        0.0000658354  -0.0001440121   0.0000698378   0.0000621775   0.0001066725
        0.0004519836   0.0003928461   0.0759639046   0.0667760560   0.0963784726
        0.0153092285   0.0128013125   0.0076406818  -0.0000043247  -0.0005672074
        0.0001412534   0.0002151109  -0.0001934608   0.0005858437  -0.0009978475
       -0.0008009348  -0.0006711382   0.0000981700   0.0001490698  -0.0000425811
       -0.0000732305   0.0000091925   0.0000019415   0.0000904332   0.0000966364
        0.0001066610  -0.0004650971  -0.0003831012  -0.0002160968   0.0000123197
       -0.0000266747  -0.0000340982
        0.0001858414  -0.0000082766   0.0000592560  -0.0003188808   0.0001208806
        0.0000320160  -0.0008106227   0.0027927796   0.0004039121  -0.0007126972
        0.0000594829   0.0015139840  -0.0132012055   0.0005187960   0.0115203602
       -0.1506303357  -0.0406919933   0.1066441271   0.0077485220   0.0025913070
       -0.0077793517   0.0009771624   0.0006142906  -0.0007436689  -0.0000610100
       -0.0000333291   0.0001616798   0.0004986048  -0.0006138276  -0.0003970659
       -0.0000022363   0.0000147653  -0.0000208990   0.0000393516  -0.0000017932
       -0.0000095987  -0.0000076837   0.0000352098   0.0000309753  -0.0001181347
       -0.0001800860   0.0000576723  -0.0191949862  -0.0093276948   0.0153092285
        0.1750889046   0.0432327601  -0.1238310173  -0.0001595564   0.0010591167
       -0.0023755587   0.0005671550  -0.0002303670  -0.0001793944  -0.0000395403
        0.0000126085  -0.0000073720  -0.0000540626   0.0000445944  -0.0000469711
       -0.0001002467   0.0000223326  -0.0000843356  -0.0000276394   0.0000125207
       -0.0000309759  -0.0000728645  -0.0001799318  -0.0001894912   0.0004061610
        0.0001358544  -0.0000375108
        0.0000482179   0.0001047478  -0.0000286586  -0.0000804174   0.0006010828
        0.0001028390   0.0009059818  -0.0046942091  -0.0004784015   0.0010322143
        0.0005392001  -0.0021399832   0.0195680098   0.0016323363  -0.0173470401
       -0.0409798629  -0.0565181559   0.0381386465  -0.0087398601  -0.0049153971
        0.0132302046  -0.0001199947   0.0004499551  -0.0007656515  -0.0000756530
       -0.0000498043  -0.0000361843   0.0007661067   0.0007048514  -0.0002109863
        0.0000194095  -0.0000143893  -0.0000247151   0.0000234172   0.0000071748
        0.0000174971  -0.0000754686   0.0000134846   0.0000164439   0.0000539891
        0.0007723789  -0.0002958202  -0.0164768421  -0.0059389120   0.0128013125
        0.0432327601   0.0687379478  -0.0461514370   0.0014607237  -0.0010446084
        0.0031122984  -0.0004241152  -0.0000570086   0.0002146913  -0.0001179753
       -0.0001186156  -0.0001835745   0.0001233327   0.0003465344  -0.0000889216
        0.0000553987  -0.0001879020   0.0000476471   0.0000366982  -0.0000396474
       -0.0000049033  -0.0000174715   0.0000992457   0.0001717186  -0.0002185988
       -0.0004302900  -0.0000970218
       -0.0001771744   0.0000571783   0.0000429693   0.0001216766   0.0002724548
        0.0000283782   0.0007089978  -0.0023863376   0.0001638698   0.0003233206
        0.0001085737  -0.0008666979   0.0108680105  -0.0005071390  -0.0085362814
        0.1066237081   0.0382473629  -0.1500699850   0.0148007866   0.0098094783
       -0.0221502648   0.0012470764   0.0002898217   0.0004375796  -0.0000614884
       -0.0001792416  -0.0003479559   0.0003679240   0.0005499048   0.0000554355
       -0.0000417071  -0.0000139353   0.0000307809  -0.0000091849   0.0000115435
        0.0000188850  -0.0000563996  -0.0000265857   0.0000216113  -0.0005204396
        0.0003064346   0.0007606913  -0.0067297160  -0.0025530777   0.0076406818
       -0.1238310173  -0.0461514370   0.1754803401  -0.0024591330   0.0031606836
       -0.0044146856   0.0002653803  -0.0002659415   0.0006893784   0.0001014116
       -0.0000692125   0.0004784561  -0.0010000024  -0.0002862918  -0.0000222304
       -0.0000934206   0.0000844830   0.0002330715  -0.0000129330   0.0000169533
       -0.0000002341  -0.0001510871   0.0001648822   0.0001828374  -0.0002845889
       -0.0006405553   0.0001433692
       -0.0001540137  -0.0000107892   0.0000247114  -0.0001999347   0.0000433651
       -0.0003491651   0.0003299578   0.0000525479   0.0004014854  -0.0002462110
        0.0002154030  -0.0001974376   0.0006460162  -0.0002627246  -0.0002761099
        0.0080139142   0.0034248481  -0.0083127935  -0.1490464251  -0.0389298190
        0.1077392227  -0.0197491436  -0.0096886170   0.0133722259   0.0007337060
        0.0008686106   0.0003833776  -0.0000037281  -0.0001368251   0.0000645750
       -0.0000764850  -0.0000225007   0.0001016345   0.0000170079  -0.0000279087
       -0.0000032615   0.0000329745  -0.0000124057   0.0000270630  -0.0000439195
       -0.0000437853  -0.0000133224   0.0006078958   0.0002173333  -0.0000043247
       -0.0001595564   0.0014607237  -0.0024591330   0.1753477066   0.0474424244
       -0.1221209286  -0.0130774768  -0.0015156110   0.0138899223   0.0000455715
        0.0002755580   0.0003195701  -0.0034828115  -0.0035970234  -0.0020772396
        0.0004718282  -0.0002970000  -0.0003705764   0.0000977185   0.0004080966
        0.0000358736  -0.0000295169   0.0000087169  -0.0000343314  -0.0000750750
        0.0001273822  -0.0001410379
        0.0001210462  -0.0000583812   0.0000993899   0.0001422973   0.0002243276
       -0.0000866598   0.0004632136  -0.0002623622   0.0010533676   0.0000544438
       -0.0001714703  -0.0008998108  -0.0007173144   0.0005544881   0.0002778828
       -0.0088376800  -0.0049561365   0.0131584866  -0.0390714231  -0.0603666159
        0.0394398457  -0.0159401503  -0.0067866134   0.0114083829  -0.0007763865
        0.0005220887   0.0009593387   0.0000443336  -0.0003253271   0.0000501014
        0.0000137679   0.0000781091  -0.0000054416  -0.0000718150  -0.0000300822
       -0.0000321286  -0.0000170682  -0.0000189660   0.0000300127  -0.0000313548
        0.0001676867  -0.0001853641  -0.0000770314   0.0003631376  -0.0005672074
        0.0010591167  -0.0010446084   0.0031606836   0.0474424244   0.0691029639
       -0.0474462580   0.0187905054   0.0048453194  -0.0184050299   0.0004968817
        0.0004588839   0.0001891862  -0.0034462342  -0.0022589155  -0.0013705654
        0.0000533668  -0.0003999479  -0.0006366321   0.0002243768   0.0002524843
       -0.0000118491  -0.0000132497  -0.0000250777  -0.0000120956   0.0000939336
        0.0001350149  -0.0001676357
       -0.0002124663   0.0000966511  -0.0000961298  -0.0002996325  -0.0009735125
        0.0001048523   0.0001010628   0.0015730951  -0.0000196297  -0.0000487916
       -0.0002463122   0.0002507965   0.0003558180  -0.0006966552   0.0009799200
        0.0146111112   0.0095110877  -0.0222156463   0.1074790008   0.0396286977
       -0.1494286780  -0.0069223863  -0.0029320372   0.0073186104  -0.0006275446
       -0.0000301601   0.0005422804   0.0000702229   0.0001864436  -0.0000385610
        0.0000263566   0.0000125419   0.0000960639  -0.0000213669   0.0000204014
       -0.0000466403   0.0000732001  -0.0000462178  -0.0000428888   0.0000838327
       -0.0004034749   0.0001348694   0.0004476042  -0.0002261308   0.0001412534
       -0.0023755587   0.0031122984  -0.0044146856  -0.1221209286  -0.0474462580
        0.1760591033   0.0115726603   0.0010187176  -0.0099440514  -0.0001541413
       -0.0001741388   0.0006810760  -0.0018247915  -0.0017911577  -0.0000447672
       -0.0000231482  -0.0000375428   0.0001123219  -0.0000628671  -0.0000025963
       -0.0000204186  -0.0000162433  -0.0000016063  -0.0000336796  -0.0001110029
       -0.0001521342  -0.0000753715
       -0.0000318859   0.0000084704   0.0000439386   0.0000105957  -0.0000727049
        0.0000205561   0.0004619176   0.0001395764  -0.0002245553  -0.0000519219
       -0.0000612863  -0.0001432250  -0.0011510411   0.0016523001  -0.0028255958
       -0.0079820529   0.0137448449   0.0026993915  -0.0911372032   0.0854989029
        0.0385379322   0.0073828788  -0.0170289394  -0.0076927488  -0.0019784704
       -0.0026488873  -0.0016576273  -0.0000383332  -0.0000866791   0.0000349976
        0.0000361586   0.0000259295   0.0000045470  -0.0000373013  -0.0000036646
       -0.0000221533   0.0000074410  -0.0000141798  -0.0000025197  -0.0004523010
        0.0008924471   0.0001374354  -0.0002021938   0.0001530347   0.0002151109
        0.0005671550  -0.0004241152   0.0002653803  -0.0130774768   0.0187905054
        0.0115726603   0.1061748701  -0.0992511410  -0.0403277010   0.0005569359
       -0.0001223857   0.0002334006   0.0006560570  -0.0001609741  -0.0001765313
       -0.0000659153  -0.0000507776  -0.0001610570   0.0003690002  -0.0009036118
       -0.0004781476   0.0000199656  -0.0000708717  -0.0000107414  -0.0000368787
       -0.0000057931  -0.0000427470
       -0.0000329541  -0.0000853027   0.0000687170   0.0003027456   0.0004774827
        0.0001520504  -0.0006114194  -0.0006905106   0.0000068565   0.0001168194
        0.0001369089   0.0000879095   0.0020168795  -0.0010142910   0.0030514392
        0.0100185831  -0.0152156337  -0.0026202275   0.0855939923  -0.1967340317
       -0.0638549694   0.0063122880  -0.0195448110  -0.0097881479  -0.0037231902
       -0.0023824680  -0.0021928499  -0.0001295470   0.0004084891   0.0000133893
       -0.0000050487  -0.0000109234  -0.0000315039   0.0000259545   0.0000130433
        0.0000127131  -0.0000110501   0.0000095038  -0.0000070923   0.0004384493
       -0.0008159286  -0.0002650426  -0.0000217726   0.0005699957  -0.0001934608
       -0.0002303670  -0.0000570086  -0.0002659415  -0.0015156110   0.0048453194
        0.0010187176  -0.0992511410   0.2301624520   0.0746414238   0.0002048391
        0.0006323026   0.0000165035   0.0003192966   0.0000780875   0.0003158030
       -0.0002266100   0.0001270659   0.0002090139   0.0004646186  -0.0011469995
       -0.0004044087  -0.0000777814   0.0002309476   0.0000481807   0.0000220265
        0.0000063100  -0.0000190732
       -0.0000702845   0.0000210777   0.0000108630   0.0000292155  -0.0001051211
       -0.0000573731   0.0001525473   0.0002168399  -0.0007650701   0.0000979342
        0.0000434607   0.0004553404  -0.0025905314   0.0025500334  -0.0025227486
       -0.0114944423   0.0191755583   0.0053580813   0.0386926444  -0.0641209263
       -0.0704513183   0.0044425676  -0.0127743868  -0.0054446626  -0.0024809309
       -0.0022425230  -0.0008616762  -0.0000115642   0.0000152916  -0.0000973160
       -0.0000291344  -0.0000263085   0.0000214809   0.0000177978   0.0000068854
        0.0000115110  -0.0000015080   0.0000027491  -0.0000039108  -0.0005917878
        0.0009407343   0.0001815434   0.0001565954   0.0001663706   0.0005858437
       -0.0001793944   0.0002146913   0.0006893784   0.0138899223  -0.0184050299
       -0.0099440514  -0.0403277010   0.0746414238   0.0825793348   0.0002558674
       -0.0001781847  -0.0001946831   0.0001737510   0.0005110905   0.0004691341
       -0.0002686404   0.0002151764   0.0002397655   0.0001739586  -0.0009115740
       -0.0002428952  -0.0000105932   0.0000432969   0.0000095692  -0.0000262890
       -0.0000006255  -0.0000261402
        0.0000208225   0.0000370601  -0.0000521823  -0.0000695539  -0.0000105835
        0.0000928981   0.0002370549   0.0000894435  -0.0004814409  -0.0000387052
       -0.0000623711   0.0002914854   0.0001257546  -0.0002155461   0.0003412265
       -0.0028902008  -0.0031840686  -0.0022006210  -0.0119838899   0.0074505505
       -0.0189183600  -0.0884850054   0.0473131131  -0.0756173665  -0.0075087008
        0.0102529048  -0.0103528955  -0.0009172537   0.0029700545   0.0013069558
       -0.0000110415  -0.0000097187   0.0000162409   0.0000025814  -0.0000051584
        0.0000026077  -0.0000043233   0.0000075706   0.0000117235   0.0000856861
       -0.0000737420   0.0001157847  -0.0005604966   0.0005465045  -0.0009978475
       -0.0000395403  -0.0001179753   0.0001014116   0.0000455715   0.0004968817
       -0.0001541413   0.0005569359   0.0002048391   0.0002558674   0.1032383239
       -0.0556246907   0.0901407394   0.0082726376  -0.0101196047   0.0170609531
       -0.0001007862   0.0000097360  -0.0004307085   0.0004282353  -0.0003884555
        0.0000703290  -0.0003600347   0.0004251632  -0.0006613548  -0.0000440714
        0.0000080929   0.0000586952
       -0.0000323343  -0.0000353353   0.0000643442   0.0001977340   0.0002072890
        0.0000183733  -0.0003421909  -0.0003267159   0.0000307168   0.0000858423
        0.0001184446  -0.0000581650  -0.0001529311   0.0000475513  -0.0002097394
       -0.0026732103  -0.0013595311  -0.0017333628  -0.0087360053   0.0070274893
       -0.0135944016   0.0474402330  -0.0928630858   0.0847053207   0.0137688635
       -0.0163570311   0.0183219421   0.0030266704  -0.0047944392  -0.0022088968
        0.0000031964   0.0000057305  -0.0000151048   0.0000182500   0.0000086009
       -0.0000005739  -0.0000010222  -0.0000014805  -0.0000031408  -0.0000649400
        0.0000440751  -0.0000815028  -0.0005046112   0.0002945931  -0.0008009348
        0.0000126085  -0.0001186156  -0.0000692125   0.0002755580   0.0004588839
       -0.0001741388  -0.0001223857   0.0006323026  -0.0001781847  -0.0556246907
        0.1112534224  -0.0951275195   0.0029632741  -0.0043713464   0.0096917655
       -0.0002355396   0.0007513262   0.0002914722  -0.0001799561   0.0000865240
        0.0004404609   0.0009006351  -0.0008915958   0.0010522477  -0.0000230477
        0.0001829438  -0.0003617649
        0.0000704530   0.0000389877  -0.0000657270  -0.0001561275  -0.0000435142
        0.0000668243   0.0002740570   0.0000468523  -0.0004110110  -0.0000988862
        0.0000171072   0.0003011940   0.0001026248  -0.0001350767   0.0001327938
       -0.0027984735  -0.0025882807  -0.0011257683  -0.0088341918   0.0048531284
       -0.0126958690  -0.0756727371   0.0845155248  -0.1780894030   0.0035497696
       -0.0037345585   0.0062514165   0.0007981722  -0.0011493853   0.0004757348
       -0.0000082737  -0.0000154582   0.0000264220  -0.0000094992  -0.0000050438
        0.0000000797  -0.0000187453   0.0000128138   0.0000083636   0.0001126154
       -0.0000760565   0.0000983327  -0.0006394931   0.0003702089  -0.0006711382
       -0.0000073720  -0.0001835745   0.0004784561   0.0003195701   0.0001891862
        0.0006810760   0.0002334006   0.0000165035  -0.0001946831   0.0901407394
       -0.0951275195   0.2054997264  -0.0076873001   0.0135980309  -0.0221896690
       -0.0000090126  -0.0002876907   0.0006192537   0.0002629791   0.0002390369
        0.0003685530   0.0001030931  -0.0002847690   0.0002670194  -0.0000273622
       -0.0002664529   0.0001680228
        0.0000446266  -0.0000059603   0.0000434444   0.0000388918   0.0000661397
       -0.0001446682  -0.0000943600  -0.0001294045   0.0005527352  -0.0000343253
        0.0000588563  -0.0004276378  -0.0002558684   0.0000743340  -0.0001718296
        0.0003577260  -0.0000876843   0.0012277635  -0.0194249221  -0.0095839760
        0.0134271511  -0.1508476318  -0.0383693602   0.1049303471  -0.0125667458
       -0.0002537316   0.0129544603   0.0002049161  -0.0007627228   0.0005255067
        0.0000397325   0.0000150401  -0.0000295195   0.0000183278  -0.0000043998
       -0.0000150995   0.0000079504   0.0000228565  -0.0000024852  -0.0000157167
        0.0000132788  -0.0000140671   0.0004099568   0.0001140235   0.0000981700
       -0.0000540626   0.0001233327  -0.0010000024  -0.0034828115  -0.0034462342
       -0.0018247915   0.0006560570   0.0003192966   0.0001737510   0.0082726376
        0.0029632741  -0.0076873001   0.1768643083   0.0458030801  -0.1232306585
       -0.0011302597   0.0029430218   0.0015588984   0.0006519315  -0.0003154188
       -0.0003566804   0.0002797663  -0.0001832768  -0.0001082633   0.0000598755
        0.0006256351  -0.0004792247
        0.0000363266  -0.0000094401   0.0000060172  -0.0000372998   0.0001393875
        0.0000279136   0.0000169582  -0.0004249736  -0.0001860535   0.0001153223
        0.0001280014   0.0001359125  -0.0000137182  -0.0000595276   0.0000577743
        0.0006908854   0.0004769100   0.0003397987  -0.0165811180  -0.0072095980
        0.0115245332  -0.0381849116  -0.0569934897   0.0401501210   0.0185291034
        0.0033440691  -0.0179453570   0.0001253315   0.0008663073  -0.0008534400
        0.0000218655  -0.0000167305  -0.0000189988   0.0000016532  -0.0000012022
        0.0000073694  -0.0000158938   0.0000201390  -0.0000085122   0.0000044751
       -0.0000525479  -0.0000135738   0.0002470558  -0.0000658145   0.0001490698
        0.0000445944   0.0003465344  -0.0002862918  -0.0035970234  -0.0022589155
       -0.0017911577  -0.0001609741   0.0000780875   0.0005110905  -0.0101196047
       -0.0043713464   0.0135980309   0.0458030801   0.0692774707  -0.0433304967
        0.0030703600  -0.0038678981  -0.0022687905   0.0002685515   0.0007795634
       -0.0001041665  -0.0002209664   0.0000845371   0.0000013073  -0.0000440531
       -0.0002095231   0.0002978998
       -0.0000590338  -0.0000161184   0.0000128340   0.0001264209   0.0001786150
        0.0001237252  -0.0001694491  -0.0002549153  -0.0004748607   0.0001825322
       -0.0000325617   0.0002475910   0.0000996411   0.0000311566  -0.0000502912
       -0.0008014019  -0.0006339349   0.0009602227  -0.0070862373  -0.0024240243
        0.0070817854   0.1049083374   0.0404524384  -0.1493757674   0.0109328733
       -0.0004466804  -0.0101586335  -0.0007391386   0.0004771064   0.0007571090
       -0.0000117577  -0.0000163708  -0.0000051633   0.0000104709   0.0000088245
        0.0000130122  -0.0000022417  -0.0000060165  -0.0000043185  -0.0000142484
       -0.0000193139  -0.0000249309  -0.0000130513  -0.0000047484  -0.0000425811
       -0.0000469711  -0.0000889216  -0.0000222304  -0.0020772396  -0.0013705654
       -0.0000447672  -0.0001765313   0.0003158030   0.0004691341   0.0170609531
        0.0096917655  -0.0221896690  -0.1232306585  -0.0433304967   0.1729446336
        0.0013660870  -0.0026395265  -0.0004717989  -0.0000585250   0.0001033191
       -0.0001180699  -0.0002273298   0.0001542029  -0.0000835807   0.0000264992
       -0.0001290366   0.0004566157
       -0.0001189909  -0.0000574452   0.0000698370   0.0004516186   0.0006737189
        0.0005281088  -0.0005756856  -0.0007847608  -0.0025147693  -0.0016194526
        0.0002079018   0.0004341939   0.0003776979   0.0000575446   0.0004545227
       -0.0000770177  -0.0000618757   0.0000571176   0.0008111571  -0.0005229393
       -0.0005821599  -0.0124258689   0.0001375029   0.0125561325  -0.1489651837
       -0.0410432891   0.1109548813   0.0083697915   0.0034088685  -0.0088302483
       -0.0000195043  -0.0000417184   0.0000001062   0.0000167314   0.0000110172
        0.0000284118  -0.0000158814   0.0000001280  -0.0000140164  -0.0001114869
       -0.0000004329   0.0001099376  -0.0000345503  -0.0000064095  -0.0000732305
       -0.0001002467   0.0000553987  -0.0000934206   0.0004718282   0.0000533668
       -0.0000231482  -0.0000659153  -0.0002266100  -0.0002686404  -0.0001007862
       -0.0002355396  -0.0000090126  -0.0011302597   0.0030703600   0.0013660870
        0.1735340162   0.0433426402  -0.1268554256  -0.0190129515  -0.0094795504
        0.0156669380   0.0005915949  -0.0001822249  -0.0001995269  -0.0002506543
        0.0016243484  -0.0027626756
       -0.0000426254   0.0000266609  -0.0000115339  -0.0001601872  -0.0004084243
       -0.0003437893  -0.0000330145   0.0009890406   0.0008222755  -0.0004284439
       -0.0004517848  -0.0006482778   0.0000346880   0.0004705667  -0.0007276619
       -0.0001083575   0.0000233890  -0.0000437607   0.0010167675   0.0008349879
       -0.0003740763   0.0177067489   0.0031483372  -0.0181479079  -0.0401262009
       -0.0574678182   0.0388714894  -0.0083260491  -0.0053311952   0.0134569343
       -0.0000432698   0.0000012295   0.0000133232   0.0000082566  -0.0000145015
        0.0000006544   0.0000274190  -0.0000091162   0.0000209856  -0.0000606981
       -0.0000862690  -0.0001625911   0.0000196039  -0.0000504239   0.0000091925
        0.0000223326  -0.0001879020   0.0000844830  -0.0002970000  -0.0003999479
       -0.0000375428  -0.0000507776   0.0001270659   0.0002151764   0.0000097360
        0.0007513262  -0.0002876907   0.0029430218  -0.0038678981  -0.0026395265
        0.0433426402   0.0693864496  -0.0469174221  -0.0166798361  -0.0062605875
        0.0132613249  -0.0004106691  -0.0000759991   0.0003930308   0.0016359146
       -0.0011471858   0.0031929109
       -0.0000327393   0.0000710080  -0.0001104504   0.0002080338   0.0003889327
        0.0003766416  -0.0009383139  -0.0011958593  -0.0025274838   0.0004306281
        0.0004049634   0.0018209036   0.0006818373  -0.0001370846   0.0007024750
       -0.0000362610  -0.0001769471  -0.0004051209   0.0003885323   0.0006430351
        0.0000799631   0.0104764658  -0.0000028666  -0.0095633441   0.1095944591
        0.0391697230  -0.1591085375   0.0137414131   0.0099916286  -0.0218509820
       -0.0000013751  -0.0000318861   0.0000300373   0.0000359924   0.0000296837
        0.0000108719   0.0000050313  -0.0000009351  -0.0000115568   0.0000915080
       -0.0000352721   0.0003892448   0.0000104807   0.0000182111   0.0000019415
       -0.0000843356   0.0000476471   0.0002330715  -0.0003705764  -0.0006366321
        0.0001123219  -0.0001610570   0.0002090139   0.0002397655  -0.0004307085
        0.0002914722   0.0006192537   0.0015588984  -0.0022687905  -0.0004717989
       -0.1268554256  -0.0469174221   0.1853053982  -0.0063994089  -0.0025599368
        0.0076317545   0.0003097133  -0.0002691372   0.0007145020  -0.0022227922
        0.0029674508  -0.0042188716
        0.0000796560  -0.0000024673  -0.0000176057  -0.0000342156  -0.0000292793
        0.0000870298   0.0005392152   0.0001918846  -0.0002580146  -0.0002947066
        0.0001926556   0.0000609476  -0.0012886957   0.0021111455  -0.0027888757
        0.0000311963   0.0000774143   0.0001685897  -0.0000909254   0.0018728101
        0.0009601647   0.0076825758   0.0077323149   0.0048566794  -0.1518679702
       -0.0983089749  -0.0606019888  -0.0125249572  -0.0080962239  -0.0090891301
        0.0000163649   0.0000135609   0.0000067720  -0.0000150908  -0.0000084270
       -0.0000106690  -0.0000042270   0.0000096682   0.0000067488  -0.0006601084
       -0.0005062328  -0.0005440281   0.0000718707   0.0000716549   0.0000904332
       -0.0000276394   0.0000366982  -0.0000129330   0.0000977185   0.0002243768
       -0.0000628671   0.0003690002   0.0004646186   0.0001739586   0.0004282353
       -0.0001799561   0.0002629791   0.0006519315   0.0002685515  -0.0000585250
       -0.0190129515  -0.0166798361  -0.0063994089   0.1753535300   0.1107506148
        0.0726857763  -0.0002901552  -0.0000725242   0.0000719547   0.0007903484
       -0.0001340475   0.0004120121
        0.0001157287   0.0000097655  -0.0000309926  -0.0000778353   0.0000620959
       -0.0000410128   0.0000457537  -0.0001195207   0.0002331574  -0.0001421688
        0.0000964936  -0.0000397587   0.0013882280  -0.0003188172   0.0020678673
        0.0001377656   0.0000167702   0.0001687967   0.0030152333  -0.0049475745
       -0.0022830349  -0.0160727189  -0.0205557431  -0.0120225247  -0.0981386761
       -0.1285068318  -0.0555503965   0.0087607313   0.0072917901   0.0057947245
        0.0000178338  -0.0000017589  -0.0000090864   0.0000016466  -0.0000063061
       -0.0000011736  -0.0000152161   0.0000203736   0.0000037745   0.0004933964
        0.0002550883   0.0004175369   0.0000710526   0.0000864156   0.0000966364
        0.0000125207  -0.0000396474   0.0000169533   0.0004080966   0.0002524843
       -0.0000025963  -0.0009036118  -0.0011469995  -0.0009115740  -0.0003884555
        0.0000865240   0.0002390369  -0.0003154188   0.0007795634   0.0001033191
       -0.0094795504  -0.0062605875  -0.0025599368   0.1107506148   0.1519433397
        0.0644051846   0.0000520516   0.0005219264   0.0001339268   0.0002629980
        0.0004811563  -0.0002288270
        0.0000685586   0.0000276728  -0.0000512886  -0.0000245844   0.0000569359
        0.0001448914   0.0001597694  -0.0001776935  -0.0007310739   0.0002318262
        0.0001313470   0.0004318231  -0.0028151305   0.0026438798  -0.0034503254
        0.0001805995   0.0002055810   0.0001944237   0.0013051409  -0.0022426504
       -0.0002143582  -0.0068488947  -0.0096904294  -0.0048538600  -0.0599533620
       -0.0549683708  -0.0791378563  -0.0190839346  -0.0121230948  -0.0126683529
       -0.0000077726  -0.0000258046   0.0000185610  -0.0000002808  -0.0000014466
        0.0000105174  -0.0000152984   0.0000166622   0.0000006876  -0.0008890157
       -0.0006840390  -0.0007088855   0.0000965446   0.0001036716   0.0001066610
       -0.0000309759  -0.0000049033  -0.0000002341   0.0000358736  -0.0000118491
       -0.0000204186  -0.0004781476  -0.0004044087  -0.0002428952   0.0000703290
        0.0004404609   0.0003685530  -0.0003566804  -0.0001041665  -0.0001180699
        0.0156669380   0.0132613249   0.0076317545   0.0726857763   0.0644051846
        0.0926321452   0.0001696100  -0.0001561923   0.0004614081  -0.0001668885
       -0.0006976718   0.0001961927
       -0.0000658220  -0.0000059698   0.0000733830   0.0005354746   0.0004865564
        0.0001878670   0.0002010103  -0.0011982660  -0.0005884291  -0.0004429004
        0.0001345650  -0.0000895954   0.0080755852  -0.0155771517  -0.0075556304
       -0.0020841072  -0.0025273008  -0.0013610930  -0.0000355197  -0.0000683112
       -0.0000194711  -0.0012625654   0.0018001728  -0.0029027954  -0.0085375698
        0.0137162913   0.0029800126  -0.0989653798   0.0898711793   0.0451363191
        0.0000004722   0.0000052008  -0.0000037234   0.0000197468   0.0000225031
       -0.0000058462  -0.0000206617  -0.0000140688  -0.0000000744   0.0003501726
       -0.0000556378   0.0001140348   0.0003627783  -0.0009164762  -0.0004650971
       -0.0000728645  -0.0000174715  -0.0001510871  -0.0000295169  -0.0000132497
       -0.0000162433   0.0000199656  -0.0000777814  -0.0000105932  -0.0003600347
        0.0009006351   0.0001030931   0.0002797663  -0.0002209664  -0.0002273298
        0.0005915949  -0.0004106691   0.0003097133  -0.0002901552   0.0000520516
        0.0001696100   0.1151324827  -0.1033336287  -0.0477124813  -0.0134019520
        0.0174477938   0.0120354574
        0.0001836650   0.0000081308  -0.0000567863   0.0006140106   0.0008489690
        0.0004684621  -0.0000279911  -0.0020597301  -0.0023306553   0.0001671842
        0.0015274376   0.0015267312   0.0061885423  -0.0193628416  -0.0102700953
       -0.0033107715  -0.0023106730  -0.0023471468  -0.0000809832   0.0004103971
        0.0000513720   0.0020394986  -0.0011685017   0.0032732087   0.0106823746
       -0.0148624209  -0.0031097475   0.0893015525  -0.1862076132  -0.0692826331
        0.0000224207  -0.0000240163  -0.0000084419   0.0000549902   0.0000354256
        0.0000115492  -0.0000440283   0.0000409453  -0.0000104423   0.0001520577
        0.0003833541  -0.0000339199   0.0005139409  -0.0010686101  -0.0003831012
       -0.0001799318   0.0000992457   0.0001648822   0.0000087169  -0.0000250777
       -0.0000016063  -0.0000708717   0.0002309476   0.0000432969   0.0004251632
       -0.0008915958  -0.0002847690  -0.0001832768   0.0000845371   0.0001542029
       -0.0001822249  -0.0000759991  -0.0002691372  -0.0000725242   0.0005219264
       -0.0001561923  -0.1033336287   0.2175906059   0.0806117978  -0.0028678853
        0.0062751573   0.0022391715
        0.0001238199   0.0000363872  -0.0000119125  -0.0000842585  -0.0001105046
       -0.0003309359   0.0003956442   0.0003376730   0.0006865663   0.0000280905
        0.0002726207   0.0000370114   0.0044846605  -0.0138885120  -0.0067273444
       -0.0021549330  -0.0020046818  -0.0011615637   0.0000008214  -0.0000015384
       -0.0000460631  -0.0021923967   0.0024085596  -0.0028344423  -0.0117224931
        0.0180120012   0.0060030603   0.0453281121  -0.0694984406  -0.0758221203
        0.0000043354   0.0000104661   0.0000031871   0.0000239633   0.0000077426
       -0.0000147737  -0.0000208279   0.0000163755   0.0000228526   0.0002129804
       -0.0001693635  -0.0002049221   0.0002244328  -0.0008132253  -0.0002160968
       -0.0001894912   0.0001717186   0.0001828374  -0.0000343314  -0.0000120956
       -0.0000336796  -0.0000107414   0.0000481807   0.0000095692  -0.0006613548
        0.0010522477   0.0002670194  -0.0001082633   0.0000013073  -0.0000835807
       -0.0001995269   0.0003930308   0.0007145020   0.0000719547   0.0001339268
        0.0004614081  -0.0477124813   0.0806117978   0.0895254068   0.0141922844
       -0.0170156739  -0.0104259857
       -0.0002804584  -0.0002614817  -0.0001296823  -0.0015700739  -0.0007393122
        0.0004677260  -0.0021904187  -0.0028364838  -0.0018242592   0.0004872383
        0.0000392754  -0.0005357409  -0.0185218732  -0.0095472234   0.0118816063
        0.0004162349   0.0006208551   0.0004563509  -0.0000537364  -0.0001402963
        0.0001168464   0.0006838328  -0.0000622148  -0.0006968264   0.0081516758
        0.0041018823  -0.0082468887  -0.1458084891  -0.0465277348   0.1042638839
        0.0000271629   0.0000297897  -0.0000239161  -0.0000976212  -0.0000426655
        0.0000365298   0.0000434988   0.0000058704  -0.0000030074  -0.0000989709
        0.0001344102   0.0003987847   0.0000513245   0.0003081403   0.0000123197
        0.0004061610  -0.0002185988  -0.0002845889  -0.0000750750   0.0000939336
       -0.0001110029  -0.0000368787   0.0000220265  -0.0000262890  -0.0000440714
       -0.0000230477  -0.0000273622   0.0000598755  -0.0000440531   0.0000264992
       -0.0002506543   0.0016359146  -0.0022227922   0.0007903484   0.0002629980
       -0.0001668885  -0.0134019520  -0.0028678853   0.0141922844   0.1713129201
        0.0560559012  -0.1175535864
       -0.0002306419  -0.0002377509  -0.0000894876  -0.0012975614  -0.0005929137
        0.0005025592  -0.0018003688  -0.0019073539  -0.0024049422   0.0005830230
        0.0003365788  -0.0001053076  -0.0166939320  -0.0079311949   0.0111964134
       -0.0006972923   0.0003699286   0.0007217068   0.0000214073  -0.0003366971
        0.0000133388  -0.0009218786   0.0004224395   0.0006688764  -0.0090268270
       -0.0057905732   0.0135960490  -0.0465028505  -0.0658586151   0.0471017411
        0.0000240772   0.0000084112  -0.0000126962  -0.0000680644  -0.0000195285
        0.0000411974   0.0000206852   0.0000081223  -0.0000145622   0.0004907800
        0.0006455792   0.0002208003   0.0002142769   0.0002134087  -0.0000266747
        0.0001358544  -0.0004302900  -0.0006405553   0.0001273822   0.0001350149
       -0.0001521342  -0.0000057931   0.0000063100  -0.0000006255   0.0000080929
        0.0001829438  -0.0002664529   0.0006256351  -0.0002095231  -0.0001290366
        0.0016243484  -0.0011471858   0.0029674508  -0.0001340475   0.0004811563
       -0.0006976718   0.0174477938   0.0062751573  -0.0170156739   0.0560559012
        0.0753765756  -0.0554743122
       -0.0003595548  -0.0001437837   0.0000100100  -0.0004316233   0.0000141356
        0.0004787711  -0.0010139667  -0.0019680457  -0.0015295515   0.0000867074
        0.0002218927   0.0005250163  -0.0082844319  -0.0043039080   0.0072704481
       -0.0004509270  -0.0000627884   0.0003098041   0.0000686382   0.0001379663
       -0.0000753715   0.0005263504  -0.0006770410   0.0006203418   0.0137241452
        0.0106721092  -0.0218314463   0.1051199091   0.0470701345  -0.1453195588
       -0.0000098568  -0.0000159769  -0.0000105591  -0.0000356714  -0.0000019859
        0.0000359871  -0.0000089789  -0.0000163978  -0.0000081038  -0.0003587221
       -0.0003204805   0.0008201877  -0.0000613995   0.0000128224  -0.0000340982
       -0.0000375108  -0.0000970218   0.0001433692  -0.0001410379  -0.0001676357
       -0.0000753715  -0.0000427470  -0.0000190732  -0.0000261402   0.0000586952
       -0.0003617649   0.0001680228  -0.0004792247   0.0002978998   0.0004566157
       -0.0027626756   0.0031929109  -0.0042188716   0.0004120121  -0.0002288270
        0.0001961927   0.0120354574   0.0022391715  -0.0104259857  -0.1175535864
       -0.0554743122   0.1725202914
