           1           2   1.00953120566843     
           2           3  0.996634521964151     
           3           4   1.00918461283920     
           4           5  0.996633764889988     
           5           6  0.996633047379926     
           2           7  0.996633399317624     
           6           7   1.00918362439328     
           5           8   1.00953152079099     
           1           9  0.986799397974181     
           1          10  0.982463701681296     
           1          11  0.986796616477844     
           2          12  0.969387967740337     
           3          13  0.975593342634456     
           3          14  0.976529599080181     
           4          15  0.976529625748004     
           4          16  0.975594150911232     
           5          17  0.969388250676592     
           6          18  0.976529799121175     
           6          19  0.975592395843704     
           7          20  0.975593506593156     
           7          21  0.976530374531373     
           8          22  0.986798658410066     
           8          23  0.986797130006792     
           8          24  0.982465349386186     
