           1           2   1.44269583122465     
           2           3   1.39994799372356     
           1           4  0.105834597369443     
           3           4   1.38758078805296     
           2           5  0.109409114228551     
           4           5   1.46012147072058     
           1           6   1.37511269852122     
           5           6   1.36002984744799     
           6           7   1.07884283298149     
           3           8  0.953511337520527     
           1           9  0.966176724918952     
           2          10  0.967152002960360     
           4          11  0.966580455368422     
           5          12  0.967015644478368     
           7          13  0.887077548761547     
