$hessian                                                                        
        0.4538338297  -0.0093353444   0.0640693788  -0.1371087526  -0.0089215280
        0.0594187860  -0.0504120760  -0.0016721269   0.0095353753   0.0012990345
       -0.0003546114   0.0028932718  -0.0034996364   0.0003600364  -0.0030410766
       -0.0011889790   0.0000370723   0.0006878987   0.0000366623   0.0000414176
        0.0000351446  -0.0000068596  -0.0000035601   0.0000159203   0.0000366880
       -0.0000502282   0.0000209315  -0.0012027400  -0.0002460526   0.0006588086
       -0.0402669146   0.0033292227  -0.0043746649  -0.1805420824   0.0176528888
       -0.1250881588  -0.0401980605  -0.0009357587  -0.0041912850  -0.0001602174
        0.0000669619  -0.0004902691  -0.0000705257  -0.0001281036  -0.0000121039
       -0.0001786932   0.0002883734  -0.0000891443  -0.0001147774   0.0000619627
        0.0000519942   0.0000164490  -0.0000959388  -0.0000124054   0.0000447996
       -0.0000113169   0.0000721438   0.0000368237   0.0000130276  -0.0000729387
       -0.0001148774  -0.0000752814   0.0000350988   0.0000142563   0.0000975065
        0.0000178479  -0.0000732069   0.0001309842   0.0000284483  -0.0001801439
       -0.0002496029  -0.0001690020
       -0.0093353444   0.4962530031   0.0007453069  -0.0110881710  -0.0585523955
        0.0115538942   0.0000242018   0.0008101295  -0.0021523511   0.0006126265
       -0.0037014111  -0.0007727582   0.0002939485   0.0064663661   0.0009545223
       -0.0009894374  -0.0000054459   0.0007662360   0.0000181388   0.0000440773
       -0.0000710498  -0.0000021239   0.0000603813   0.0000111932  -0.0000267594
        0.0000063813   0.0000621334   0.0009765677   0.0001703992  -0.0007681465
        0.0065605324  -0.2282163721   0.0898492249   0.0167701908  -0.0456526246
        0.0138757815  -0.0037302534  -0.1675998140  -0.1139823720  -0.0000552842
        0.0001801000  -0.0000071284  -0.0000240504  -0.0003485353  -0.0000950580
       -0.0002793358   0.0002419417   0.0000308410  -0.0000086447   0.0000389539
        0.0001045334   0.0000003292  -0.0000617652  -0.0000265943   0.0000062577
       -0.0000442463  -0.0000003060  -0.0000033789  -0.0000232900  -0.0000082560
       -0.0000035175   0.0000531242  -0.0000714038   0.0000031931  -0.0000506953
        0.0000063084   0.0000021349  -0.0003322694  -0.0000118551   0.0002781792
        0.0002640070   0.0000073040
        0.0640693788   0.0007453069   0.4931834376   0.0746928902   0.0116628366
       -0.1359875566  -0.0021589765  -0.0022611803   0.0165398909  -0.0040463905
       -0.0007833791   0.0015618453  -0.0024599494   0.0009586191  -0.0002902190
       -0.0001684725  -0.0001920085   0.0002054006   0.0000249304  -0.0000661403
        0.0000581050   0.0000139940   0.0000119829  -0.0000167030   0.0000186936
        0.0000511428   0.0000955994   0.0001061612   0.0001821123   0.0000384601
       -0.0054749972   0.0906441443  -0.0862987431  -0.1190367126   0.0139063224
       -0.1424316618  -0.0061711918  -0.1147932259  -0.1470041164   0.0003633735
       -0.0000053951   0.0002308859   0.0000917548   0.0000519250   0.0000409153
       -0.0000592743   0.0000825801   0.0001260401   0.0000550438  -0.0000187164
       -0.0000771310  -0.0000075078   0.0000462537   0.0000157039  -0.0000400463
        0.0000021781  -0.0000553424   0.0000219798  -0.0000081905   0.0000267253
        0.0000549781   0.0000559696  -0.0000929683  -0.0000062086  -0.0000659290
        0.0000027615   0.0000970747  -0.0001607561   0.0000216004   0.0000194746
       -0.0000464527   0.0001070704
       -0.1371087526  -0.0110881710   0.0746928902   0.4642979827   0.0019075939
        0.0039090723  -0.1892408475   0.0090575152  -0.0701497436  -0.0228806004
        0.0080414718  -0.0590446903  -0.0518456763   0.0001161268  -0.0032461625
       -0.0021490033  -0.0030165389   0.0028925259   0.0000778426   0.0001049142
       -0.0004560833   0.0005334328   0.0000016041  -0.0000075142   0.0000808919
        0.0000263918  -0.0004709229  -0.0021835805   0.0020773792   0.0036234287
       -0.0129044494  -0.0100464091   0.0138464350  -0.0327638326  -0.0024250281
        0.0158483556  -0.0131462457   0.0055757006   0.0162026903   0.0000853739
       -0.0000072386   0.0001689576   0.0005013811   0.0005805495  -0.0000159097
       -0.0011809736   0.0013415159   0.0007708858   0.0005435153  -0.0008928069
        0.0002759126  -0.0002586745   0.0002580863   0.0001861491   0.0000235419
        0.0000214032  -0.0001544775  -0.0001084492  -0.0000508514   0.0003377336
        0.0005360198   0.0007912396   0.0005189057  -0.0002531304  -0.0003045178
        0.0001053106   0.0005097027  -0.0005479172  -0.0001894108  -0.0011654690
       -0.0015220133   0.0003556619
       -0.0089215280  -0.0585523955   0.0116628366   0.0019075939   0.0799150647
       -0.0402426783   0.0067346244  -0.0563029843   0.0094911047   0.0088943490
        0.0234620366   0.0141151730  -0.0021934857   0.0081440862   0.0001379249
       -0.0006583896  -0.0009147434   0.0009101019   0.0000293786   0.0000843477
       -0.0001953577  -0.0000357564   0.0000894484   0.0000025341   0.0000082359
        0.0000432325   0.0003818036   0.0000481569  -0.0008704798  -0.0010231425
       -0.0273412977  -0.0014500208   0.0190128684   0.0016001983   0.0009529078
       -0.0014596611   0.0202816820   0.0046130099  -0.0125294276  -0.0002153703
       -0.0008618501  -0.0003301117  -0.0001197754   0.0003328089   0.0000601982
       -0.0002467911   0.0004557536   0.0000454265  -0.0001189044   0.0000454927
        0.0000575507  -0.0000843354   0.0000165313   0.0000157058  -0.0000226367
        0.0000426476  -0.0000001762   0.0000318802   0.0000048696  -0.0000290721
       -0.0000376642  -0.0001242975  -0.0001566982   0.0001145193   0.0000580642
       -0.0000585933   0.0001199276   0.0004260374   0.0000771621   0.0002253888
        0.0003904321   0.0000545285
        0.0594187860   0.0115538942  -0.1359875566   0.0039090723  -0.0402426783
        0.3591917347  -0.0535612491   0.0096151449  -0.1255308878  -0.0649894518
        0.0140366635  -0.0768422558   0.0128966224   0.0002457676   0.0070731046
        0.0020593839  -0.0010005482  -0.0003603602  -0.0001159342   0.0002470477
       -0.0006386259   0.0002715867   0.0000039171   0.0000589255  -0.0001152557
       -0.0000526982  -0.0005962604   0.0021516942   0.0008766175  -0.0003714173
        0.0204120279   0.0072021497  -0.0170482956  -0.0120844261  -0.0015810097
        0.0112182916   0.0273313313  -0.0006425207  -0.0229464866   0.0015772742
       -0.0003124242   0.0014204435  -0.0000187916   0.0004215788  -0.0000462644
       -0.0000276577  -0.0001248871   0.0000868963   0.0005604718  -0.0007813500
        0.0002476203  -0.0001323107   0.0000846917   0.0002130454   0.0001649324
       -0.0000015295   0.0000484564  -0.0002346891  -0.0000343420   0.0002263601
        0.0005655842   0.0006833036   0.0004315030  -0.0001003103  -0.0001318662
        0.0001728689   0.0000221053  -0.0002803675  -0.0001522106   0.0000392037
        0.0002154455   0.0001313709
       -0.0504120760   0.0000242018  -0.0021589765  -0.1892408475   0.0067346244
       -0.0535612491   0.4640621687   0.0011445080   0.0034856567  -0.0787206244
        0.0012138800  -0.0091685906  -0.1128037226  -0.0079962319   0.0544804527
       -0.0177505213   0.0093221259   0.0095422218  -0.0002740081  -0.0002028020
        0.0008054680  -0.0014451224   0.0000036698  -0.0000727416  -0.0002769199
       -0.0000357503   0.0008311526  -0.0174202745  -0.0117337997   0.0063756877
        0.0011597291   0.0013012915  -0.0008175748  -0.0058618756  -0.0004103271
        0.0025849395   0.0011595518  -0.0010298690  -0.0011460089   0.0073892262
        0.0011881468  -0.0081581117   0.0004079249  -0.0012283619   0.0000210035
       -0.0005240465   0.0011486024   0.0000963630  -0.0006178225   0.0014639281
       -0.0013379630   0.0007532001  -0.0004613526  -0.0001652432   0.0002051342
       -0.0000484372   0.0003664473   0.0001300426   0.0000612999  -0.0004258915
       -0.0005962096  -0.0010470817  -0.0016895232   0.0007454801   0.0004997051
       -0.0000297694   0.0004007885   0.0011848553   0.0003536036  -0.0004691756
       -0.0010968257  -0.0002113531
       -0.0016721269   0.0008101295  -0.0022611803   0.0090575152  -0.0563029843
        0.0096151449   0.0011445080   0.2129977053  -0.1033969131   0.0032212764
       -0.0778218287   0.0881480477  -0.0073891002  -0.0666033635   0.0062948468
        0.0172548742   0.0008697344  -0.0168088609  -0.0000664665   0.0004061714
       -0.0002776489   0.0000367307   0.0001247289   0.0001032967   0.0001352497
        0.0004351473  -0.0000176249  -0.0190634279  -0.0059640010   0.0152095601
       -0.0020628834   0.0003715523  -0.0001149630  -0.0004015803   0.0004187269
        0.0006095774   0.0009519289   0.0010391167   0.0000336792  -0.0024031575
        0.0003985834   0.0037142386   0.0007568555  -0.0007622391  -0.0011655143
        0.0039511810  -0.0048716100  -0.0005479493   0.0010624886  -0.0002979992
        0.0009215575   0.0000067779  -0.0000477112   0.0001074923   0.0000902444
       -0.0001280971   0.0000321748  -0.0001252899  -0.0002471264   0.0000542850
       -0.0002156213   0.0006057723  -0.0003408292   0.0000756008  -0.0001264894
        0.0000847313  -0.0007192412  -0.0009541178   0.0007469550  -0.0036263362
       -0.0043498006  -0.0007441032
        0.0095353753  -0.0021523511   0.0165398909  -0.0701497436   0.0094911047
       -0.1255308878   0.0034856567  -0.1033969131   0.9301232620  -0.0233728652
        0.0880920270  -0.6893306418   0.0503228272   0.0062535687  -0.1079268447
        0.0084000662  -0.0073041984   0.0000708821  -0.0002848289   0.0000589993
        0.0014813907  -0.0003090022   0.0001045443  -0.0005774210  -0.0002576674
       -0.0003599102   0.0014517484   0.0031718806   0.0056570121   0.0065780702
        0.0037079073   0.0023374696   0.0012258132   0.0028152301   0.0006320477
       -0.0037036025   0.0041630625  -0.0023772303   0.0006171634   0.0172256859
        0.0038307762  -0.0256044521   0.0000274857   0.0000577786   0.0004793623
       -0.0004719026   0.0012737067   0.0001483071  -0.0029363847   0.0028446068
       -0.0014566002  -0.0002661823  -0.0001999066  -0.0007952527  -0.0006301513
        0.0000334814  -0.0003429060   0.0008947989   0.0000653697  -0.0006368442
       -0.0030914813  -0.0022968664  -0.0023858511  -0.0002671336   0.0003916358
       -0.0007157942  -0.0001863575  -0.0004814002   0.0007059950  -0.0015262758
       -0.0025553521  -0.0004147870
        0.0012990345   0.0006126265  -0.0040463905  -0.0228806004   0.0088943490
       -0.0649894518  -0.0787206244   0.0032212764  -0.0233728652   0.1013186399
       -0.0078572721   0.0586020047   0.0064417857  -0.0039709151   0.0278083901
       -0.0004865492  -0.0000168619  -0.0007394386  -0.0011638435   0.0010083425
        0.0000934418   0.0002758626  -0.0000432397   0.0003291497  -0.0011457043
       -0.0010037729  -0.0001894729  -0.0005008319   0.0002099645  -0.0006848719
        0.0009026719   0.0005689475   0.0004204999   0.0015024475   0.0001685370
       -0.0011988407   0.0008988240  -0.0006383151   0.0002382353  -0.0039996722
       -0.0007615034   0.0051612069   0.0000737070   0.0000596847  -0.0000181087
        0.0000218455  -0.0002335507  -0.0001356385  -0.0015677456   0.0000216490
        0.0009815820  -0.0003144142   0.0001910490   0.0003723752   0.0000639754
        0.0000081595  -0.0000589449  -0.0002309782  -0.0000450200   0.0002971615
       -0.0015647289  -0.0003050139   0.0009266099  -0.0003107520  -0.0002913966
        0.0003021070   0.0000743333  -0.0000556251  -0.0000283885   0.0000133175
        0.0002579009  -0.0000703517
       -0.0003546114  -0.0037014111  -0.0007833791   0.0080414718   0.0234620366
        0.0140366635   0.0012138800  -0.0778218287   0.0880920270  -0.0078572721
        0.0443784776  -0.1105869842  -0.0006379322   0.0123159041   0.0085119992
       -0.0009189136  -0.0005233837   0.0021622078   0.0007828538  -0.0005509512
        0.0003481290  -0.0000230739  -0.0004195782  -0.0000949220  -0.0007762160
       -0.0004622692  -0.0003264450   0.0016050723   0.0008125308  -0.0017595608
        0.0005741172  -0.0001625021   0.0002688497  -0.0001599401   0.0001068731
       -0.0001983495  -0.0001966430  -0.0005164632  -0.0003677757  -0.0008853285
        0.0011406132   0.0010856399   0.0000040188   0.0003828543   0.0004809015
       -0.0006066346   0.0009220336  -0.0002160860   0.0001198924  -0.0001412094
       -0.0011340651   0.0001008056   0.0001088149  -0.0002165356  -0.0000551666
        0.0000586887  -0.0000317313   0.0000842327   0.0003896676   0.0000103874
       -0.0004191807  -0.0007500098   0.0006255481  -0.0001379902   0.0000721332
        0.0001845581   0.0000376098   0.0003505580  -0.0003255526   0.0004649484
        0.0005484208   0.0002344757
        0.0028932718  -0.0007727582   0.0015618453  -0.0590446903   0.0141151730
       -0.0768422558  -0.0091685906   0.0881480477  -0.6893306418   0.0586020047
       -0.1105869842   0.8135405570   0.0042647637   0.0083910107  -0.0455862734
       -0.0026372285   0.0028158618  -0.0006155634   0.0000507255   0.0000622108
       -0.0005180698   0.0001765893  -0.0000967501   0.0002405650  -0.0001648707
       -0.0000454360  -0.0006284662  -0.0022478829  -0.0024243073  -0.0019373826
       -0.0012388833  -0.0015284022  -0.0000772167   0.0011816936  -0.0001937476
        0.0014123493  -0.0013654005   0.0014067013   0.0002316735   0.0060408290
        0.0011055914  -0.0061778730  -0.0001689052  -0.0004485056  -0.0001829357
        0.0004095494  -0.0010979738   0.0004702047   0.0010492485  -0.0014562656
        0.0010558277   0.0001360949   0.0000637635   0.0001965435   0.0003941293
       -0.0000355161   0.0002845674  -0.0006119641   0.0000058837   0.0003243556
        0.0009603364   0.0009579695   0.0016602647   0.0001063901  -0.0000981706
        0.0002337824  -0.0001666585   0.0006032932  -0.0001618822   0.0005494485
        0.0011093104   0.0008460247
       -0.0034996364   0.0002939485  -0.0024599494  -0.0518456763  -0.0021934857
        0.0128966224  -0.1128037226  -0.0073891002   0.0503228272   0.0064417857
       -0.0006379322   0.0042647637   0.4751889374  -0.0045591844   0.0345051533
       -0.0962212532   0.0513429848   0.0045325532  -0.0125104592   0.0143438858
       -0.0055101950   0.0018803746  -0.0001667697   0.0012839228  -0.0122889931
       -0.0123737432  -0.0092117721  -0.0949927671  -0.0501098973  -0.0097937851
       -0.0001879381   0.0001056839   0.0000590479  -0.0011426830  -0.0001353780
        0.0009148706  -0.0001675397  -0.0001246354   0.0000170397  -0.0792835360
        0.0113401405  -0.0817007000   0.0082913691  -0.0108899246  -0.0003449905
       -0.0160566128   0.0198300554   0.0041288939   0.0001125026  -0.0001539771
        0.0005445081  -0.0017444650   0.0008040935  -0.0031892719   0.0001106232
       -0.0000167044   0.0001096954  -0.0002221798  -0.0000201454   0.0001513991
        0.0001127369  -0.0000034364   0.0005594940  -0.0017415999   0.0000802002
       -0.0032872590   0.0083215436   0.0109389602   0.0027679902  -0.0157508109
       -0.0203056388  -0.0015608584
        0.0003600364   0.0064663661   0.0009586191   0.0001161268   0.0081440862
        0.0002457676  -0.0079962319  -0.0666033635   0.0062535687  -0.0039709151
        0.0123159041   0.0083910107  -0.0045591844   0.4257316549  -0.0137231943
        0.0588002998  -0.1396897311  -0.0069926242   0.0081581331  -0.0059954239
        0.0066711634  -0.0001860730  -0.0006712406  -0.0003740208  -0.0038336349
        0.0011780711  -0.0061909535  -0.0556517613  -0.1364345109  -0.0133297879
        0.0010401073   0.0000580153  -0.0003263215   0.0000660039   0.0001563262
       -0.0000153699  -0.0010372594  -0.0000685819   0.0003765257   0.0117030468
       -0.0439374344   0.0258572430   0.0137560071  -0.0257018147  -0.0020846284
        0.0046425821  -0.0030751335  -0.0013469821   0.0000411318   0.0002706784
       -0.0004354122   0.0004158267   0.0008880436   0.0008860906  -0.0000513234
       -0.0000095144  -0.0000180537   0.0000193882  -0.0000888483  -0.0000046789
       -0.0002088948   0.0002006303   0.0003443573   0.0005328825   0.0011272388
        0.0005889328  -0.0134749169  -0.0254142558  -0.0053306330  -0.0086813774
       -0.0088471618  -0.0004006185
       -0.0030410766   0.0009545223  -0.0002902190  -0.0032461625   0.0001379249
        0.0070731046   0.0544804527   0.0062948468  -0.1079268447   0.0278083901
        0.0085119992  -0.0455862734   0.0345051533  -0.0137231943   0.5222176633
       -0.0013436964   0.0023194543  -0.0656023124  -0.0149341109   0.0193646852
       -0.0006879623   0.0014232843  -0.0003758860   0.0019814001  -0.0164061729
       -0.0189798121  -0.0080787583  -0.0173973418  -0.0227083567  -0.0701158325
        0.0001500962  -0.0000087410  -0.0002574255  -0.0005793417  -0.0000370302
        0.0003468407  -0.0001451676   0.0000706306  -0.0001517569  -0.0842594513
        0.0258533553  -0.2262946504   0.0023256309  -0.0042286904   0.0003161063
        0.0149127072  -0.0192305260  -0.0025771061   0.0006037558   0.0001002378
        0.0005412824  -0.0034773668   0.0014274460  -0.0041096576   0.0003692171
       -0.0000173331   0.0001187585  -0.0001480708  -0.0000073638  -0.0000524058
        0.0005711004  -0.0001874373   0.0006141870  -0.0034522101   0.0000433842
       -0.0043525226  -0.0015338550  -0.0031962651  -0.0000076205   0.0128142366
        0.0176221496   0.0028820051
       -0.0011889790  -0.0009894374  -0.0001684725  -0.0021490033  -0.0006583896
        0.0020593839  -0.0177505213   0.0172548742   0.0084000662  -0.0004865492
       -0.0009189136  -0.0026372285  -0.0962212532   0.0588002998  -0.0013436964
        0.4924831550   0.0444542104  -0.0220195217  -0.0994047186   0.0072593620
       -0.0534449571  -0.0140514230  -0.0043042420  -0.0178706987   0.0006577008
        0.0014462878   0.0003322889   0.0078729744  -0.0091907906  -0.0003271075
       -0.0001957015   0.0000415284   0.0000547612  -0.0001658530  -0.0000506194
        0.0001227846   0.0001638875  -0.0000738944  -0.0001500817  -0.0091560027
        0.0132549639  -0.0020548844  -0.1216698833  -0.1082427589  -0.0159422442
       -0.1339192239  -0.0139274675   0.1113932107   0.0089858179  -0.0020897103
        0.0138992502  -0.0117870997   0.0051126978  -0.0173110464  -0.0019271177
       -0.0034474871  -0.0012627827   0.0002599477   0.0004174719  -0.0008377226
        0.0000586459  -0.0001064099  -0.0000257319   0.0000557790   0.0001895602
        0.0001179148  -0.0010915056  -0.0035430341  -0.0007869317   0.0006269271
       -0.0006881017  -0.0001965526
        0.0000370723  -0.0000054459  -0.0001920085  -0.0030165389  -0.0009147434
       -0.0010005482   0.0093221259   0.0008697344  -0.0073041984  -0.0000168619
       -0.0005233837   0.0028158618   0.0513429848  -0.1396897311   0.0023194543
        0.0444542104   0.4843014537   0.0032794043   0.0059189721  -0.0662267951
        0.0106502370  -0.0138571865   0.0005330717  -0.0197436464   0.0015751041
        0.0022358326   0.0011685415   0.0093463151  -0.0296011665  -0.0029527013
       -0.0000275529  -0.0000595427   0.0000928933  -0.0000831007   0.0000067171
        0.0000130787   0.0000230849  -0.0000010903   0.0000245494   0.0062243892
       -0.0066048015   0.0015242219  -0.1081169419  -0.1880612219  -0.0245365979
       -0.0140069262  -0.0447022923   0.0133751847   0.0013058073   0.0002401029
        0.0034768644   0.0145070190  -0.0048136508   0.0210070861  -0.0036988284
       -0.0037873041  -0.0019955145   0.0003033195   0.0005748608  -0.0005711121
       -0.0000057159  -0.0001432997  -0.0002988720   0.0001682881   0.0001411157
        0.0002470093  -0.0024681819  -0.0045133253  -0.0012281116   0.0007691425
        0.0007449055  -0.0001710759
        0.0006878987   0.0007662360   0.0002054006   0.0028925259   0.0009101019
       -0.0003603602   0.0095422218  -0.0168088609   0.0000708821  -0.0007394386
        0.0021622078  -0.0006155634   0.0045325532  -0.0069926242  -0.0656023124
       -0.0220195217   0.0032794043   0.4890341156  -0.0551004627   0.0126424365
       -0.1628253585  -0.0091935864  -0.0052568860  -0.0084667237   0.0003640104
        0.0010091826   0.0003747817   0.0023130041  -0.0059492376   0.0012412137
        0.0000949083  -0.0000096977   0.0000295482   0.0001090532   0.0000422115
       -0.0000652411  -0.0001379018  -0.0000145397   0.0000744374  -0.0157467216
        0.0214593821  -0.0020553139  -0.0155915275  -0.0241905624  -0.0476888970
        0.1108809823   0.0128975353  -0.1758571893  -0.0112678785   0.0034916771
       -0.0275064280  -0.0018126694   0.0015258430  -0.0016852948  -0.0006327069
       -0.0010967817   0.0003901595   0.0010987770   0.0006891290   0.0010282560
        0.0001367983  -0.0000995002  -0.0002226570   0.0001307415   0.0002382059
        0.0000817392  -0.0004114136  -0.0013475928   0.0002725560  -0.0001296460
        0.0006527303   0.0001482493
        0.0000366623   0.0000181388   0.0000249304   0.0000778426   0.0000293786
       -0.0001159342  -0.0002740081  -0.0000664665  -0.0002848289  -0.0011638435
        0.0007828538   0.0000507255  -0.0125104592   0.0081581331  -0.0149341109
       -0.0994047186   0.0059189721  -0.0551004627   0.5027505518  -0.0285009470
       -0.0414994883  -0.1104149671  -0.0612055805  -0.0087456644   0.0089385026
        0.0096974196   0.0021628964   0.0006930426  -0.0016341111  -0.0000833400
       -0.0000256575  -0.0000177723   0.0000005268   0.0000254608  -0.0000024000
        0.0000212891  -0.0000085467   0.0000007983  -0.0000135889  -0.0015312730
        0.0029013337  -0.0003049539  -0.0116310664  -0.0006207418  -0.0180182541
        0.0084905984  -0.0015540101   0.0142037277  -0.1375206025  -0.0135574925
        0.1149150537  -0.1197762889   0.1080408530   0.0125094919  -0.0113110630
       -0.0142457220  -0.0050240441  -0.0149918256  -0.0191855881  -0.0001139844
        0.0007008158   0.0010562005  -0.0000759214  -0.0010560743   0.0040559395
        0.0003779785  -0.0000224314  -0.0001736578   0.0000431474  -0.0000706511
        0.0001044688   0.0000048087
        0.0000414176   0.0000440773  -0.0000661403   0.0001049142   0.0000843477
        0.0002470477  -0.0002028020   0.0004061714   0.0000589993   0.0010083425
       -0.0005509512   0.0000622108   0.0143438858  -0.0059954239   0.0193646852
        0.0072593620  -0.0662267951   0.0126424365  -0.0285009470   0.5041039244
       -0.0019977822  -0.0622566304  -0.1499528306  -0.0149117497  -0.0094569597
       -0.0314993380  -0.0050173374  -0.0015016614   0.0026381037  -0.0003495781
        0.0000237603   0.0000026431  -0.0000213186  -0.0000149445  -0.0000018344
        0.0000086331  -0.0000111189   0.0000085389   0.0000115030   0.0035455018
       -0.0039675312   0.0008615404  -0.0132172497   0.0010498365  -0.0201127544
        0.0009329188   0.0002565384   0.0035179689  -0.0144340985  -0.0468442426
        0.0192467034   0.1083796199  -0.1934362120  -0.0140215072  -0.0012987013
        0.0001498470  -0.0011888412  -0.0065318527  -0.0064857114   0.0014139348
       -0.0007583683   0.0009651371   0.0004097134   0.0028057166  -0.0048817592
       -0.0002938975  -0.0001566985   0.0004184567  -0.0000885776  -0.0001034067
       -0.0002849925   0.0002241076
        0.0000351446  -0.0000710498   0.0000581050  -0.0004560833  -0.0001953577
       -0.0006386259   0.0008054680  -0.0002776489   0.0014813907   0.0000934418
        0.0003481290  -0.0005180698  -0.0055101950   0.0066711634  -0.0006879623
       -0.0534449571   0.0106502370  -0.1628253585  -0.0414994883  -0.0019977822
        0.4972093037  -0.0090795109  -0.0143423867  -0.0697187619  -0.0005525189
       -0.0041735884   0.0003437293  -0.0000749473  -0.0005078570  -0.0000627497
        0.0000011328   0.0000300928   0.0000153088   0.0000112107   0.0000095541
       -0.0000216930   0.0000044463  -0.0000188555   0.0000075588   0.0002395308
       -0.0003206292   0.0008761788  -0.0054722044  -0.0009471893  -0.0067627235
       -0.0110805060   0.0039553332  -0.0285863873   0.1160525571   0.0181358958
       -0.1816331209   0.0120463600  -0.0134100755  -0.0446604067  -0.0168846713
       -0.0208514136  -0.0062854183   0.0144549148   0.0185866843   0.0018579853
       -0.0003240655  -0.0007243675   0.0001188947   0.0003927545  -0.0005202709
        0.0006505410   0.0000390612  -0.0001048468  -0.0000472257   0.0002031254
        0.0000762294  -0.0001704928
       -0.0000068596  -0.0000021239   0.0000139940   0.0005334328  -0.0000357564
        0.0002715867  -0.0014451224   0.0000367307  -0.0003090022   0.0002758626
       -0.0000230739   0.0001765893   0.0018803746  -0.0001860730   0.0014232843
       -0.0140514230  -0.0138571865  -0.0091935864  -0.1104149671  -0.0622566304
       -0.0090795109   0.5032277419  -0.0000880726   0.0028043000  -0.1118300104
        0.0627910226   0.0085911984  -0.0142968465   0.0157510075  -0.0050695175
       -0.0000016264  -0.0000012372  -0.0000202992   0.0000258288  -0.0000019648
        0.0000111224  -0.0000017744   0.0000071126  -0.0000212026   0.0003071106
       -0.0000206710   0.0001584355  -0.0017736572  -0.0001741381  -0.0031262541
        0.0008964153   0.0003995247   0.0011212184  -0.0150321245  -0.0182510615
       -0.0001543381   0.0083741196   0.0123122828   0.0023156709  -0.1041275779
        0.0136680047  -0.0991106868  -0.1347317454  -0.0157363311   0.1074108832
       -0.0152863530   0.0174375746   0.0049172930   0.0083524783  -0.0120825879
       -0.0011393608  -0.0017799621   0.0010042726  -0.0029643388   0.0009066855
       -0.0006906246   0.0009725217
       -0.0000035601   0.0000603813   0.0000119829   0.0000016041   0.0000894484
        0.0000039171   0.0000036698   0.0001247289   0.0001045443  -0.0000432397
       -0.0004195782  -0.0000967501  -0.0001667697  -0.0006712406  -0.0003758860
       -0.0043042420   0.0005330717  -0.0052568860  -0.0612055805  -0.1499528306
       -0.0143423867  -0.0000880726   0.4512141079  -0.0131747642   0.0616896231
       -0.1501866881  -0.0091122801   0.0090090643  -0.0065502712   0.0056851726
        0.0000164873  -0.0000032937  -0.0000033620  -0.0000005526   0.0000092347
       -0.0000003126  -0.0000134110  -0.0000069917   0.0000028526  -0.0000328648
       -0.0000356664  -0.0000213632   0.0005860041   0.0009745611   0.0006676000
        0.0004731296   0.0004049396   0.0005082909  -0.0066338779  -0.0059769706
        0.0008351674  -0.0139954876  -0.0259112114  -0.0043033966   0.0136451477
       -0.0438922982   0.0237569244  -0.0157701926  -0.0447547762   0.0196381476
        0.0023377548  -0.0000795625  -0.0015390785   0.0142411608  -0.0259781574
       -0.0032102975   0.0004818906   0.0007012722   0.0007927722  -0.0002276849
        0.0003077909  -0.0005706085
        0.0000159203   0.0000111932  -0.0000167030  -0.0000075142   0.0000025341
        0.0000589255  -0.0000727416   0.0001032967  -0.0005774210   0.0003291497
       -0.0000949220   0.0002405650   0.0012839228  -0.0003740208   0.0019814001
       -0.0178706987  -0.0197436464  -0.0084667237  -0.0087456644  -0.0149117497
       -0.0697187619   0.0028043000  -0.0131747642   0.5424321400   0.0086133911
       -0.0085381298  -0.0680767008  -0.0162191291   0.0200581599  -0.0011382312
       -0.0000076246  -0.0000103380  -0.0000052060   0.0000029155  -0.0000001868
        0.0000119240  -0.0000118001   0.0000107108  -0.0000016834   0.0002469961
       -0.0000211506   0.0001164697  -0.0038741330  -0.0001805055  -0.0044767938
       -0.0008018395  -0.0008651393   0.0005880735   0.0139359467   0.0180503986
        0.0023417074  -0.0014638648  -0.0035176628   0.0000425041  -0.0989457810
        0.0237564246  -0.2123902132   0.1076421341   0.0196377625  -0.1762436623
        0.0154196529  -0.0186148563  -0.0033014947   0.0025348330  -0.0039954819
        0.0001300904  -0.0038999847   0.0016300078  -0.0041968511  -0.0009083865
        0.0007820660   0.0006666465
        0.0000366880  -0.0000267594   0.0000186936   0.0000808919   0.0000082359
       -0.0001152557  -0.0002769199   0.0001352497  -0.0002576674  -0.0011457043
       -0.0007762160  -0.0001648707  -0.0122889931  -0.0038336349  -0.0164061729
        0.0006577008   0.0015751041   0.0003640104   0.0089385026  -0.0094569597
       -0.0005525189  -0.1118300104   0.0616896231   0.0086133911   0.5019840278
        0.0388842079  -0.0319993961  -0.0994297405   0.0092203166  -0.0546474882
       -0.0000088588   0.0000024190  -0.0000128783   0.0000258419  -0.0000043034
        0.0000204122  -0.0000261356   0.0000155621   0.0000043840  -0.0014588047
       -0.0026745157  -0.0010761107  -0.0000253489   0.0001515408   0.0000860762
       -0.0000695867  -0.0001007412  -0.0000210960   0.0007034707  -0.0009968428
       -0.0003616598  -0.0009786708  -0.0039581834  -0.0007490628  -0.0115194220
        0.0149874325  -0.0009039630  -0.0152549277   0.0183275477   0.0052218147
       -0.1374515221  -0.0199076771   0.1140064181  -0.1173277318  -0.1064191728
       -0.0177649497  -0.0118232313   0.0055210553  -0.0173832057   0.0084884850
       -0.0023632882   0.0140810956
       -0.0000502282   0.0000063813   0.0000511428   0.0000263918   0.0000432325
       -0.0000526982  -0.0000357503   0.0004351473  -0.0003599102  -0.0010037729
       -0.0004622692  -0.0000454360  -0.0123737432   0.0011780711  -0.0189798121
        0.0014462878   0.0022358326   0.0010091826   0.0096974196  -0.0314993380
       -0.0041735884   0.0627910226  -0.1501866881  -0.0085381298   0.0388842079
        0.5033785494   0.0032277449   0.0074772375  -0.0672641860   0.0143086977
        0.0000091391   0.0000062850  -0.0000108265   0.0000114769   0.0000004103
       -0.0000022017  -0.0000230864   0.0000059940   0.0000169256  -0.0034462382
       -0.0035181453  -0.0021269857   0.0001348492   0.0003333956   0.0001995320
        0.0000438703  -0.0001983864  -0.0002300839   0.0008165597   0.0008136304
       -0.0002091530  -0.0027613232  -0.0047488111  -0.0012595553   0.0058729285
       -0.0059904017   0.0012054503   0.0021009001  -0.0002793372  -0.0020365946
       -0.0193784995  -0.0476839613   0.0208188291  -0.1066168899  -0.1916844174
       -0.0281272509   0.0141107277  -0.0049464074   0.0204026358   0.0022665131
        0.0000254196   0.0049120859
        0.0000209315   0.0000621334   0.0000955994  -0.0004709229   0.0003818036
       -0.0005962604   0.0008311526  -0.0000176249   0.0014517484  -0.0001894729
       -0.0003264450  -0.0006284662  -0.0092117721  -0.0061909535  -0.0080787583
        0.0003322889   0.0011685415   0.0003747817   0.0021628964  -0.0050173374
        0.0003437293   0.0085911984  -0.0091122801  -0.0680767008  -0.0319993961
        0.0032277449   0.4987064874  -0.0534501224   0.0163147050  -0.1617651279
        0.0000071296   0.0000181201   0.0000102119   0.0000150273  -0.0000033817
       -0.0000248902  -0.0000049554  -0.0000337501   0.0000095542  -0.0007466350
       -0.0009411026   0.0003568012   0.0000779140   0.0002133149   0.0000402659
        0.0002246779  -0.0000824632  -0.0002568173  -0.0001102636   0.0009236575
        0.0002681103  -0.0003917581  -0.0010284999   0.0004403097  -0.0161113208
        0.0207101451   0.0000608304   0.0158968324  -0.0190604717  -0.0040825706
        0.1153341224   0.0219451034  -0.1808646067  -0.0182912775  -0.0287409568
       -0.0488597545  -0.0016217630   0.0013994346  -0.0005718181  -0.0108945113
        0.0041905632  -0.0283526588
       -0.0012027400   0.0009765677   0.0001061612  -0.0021835805   0.0000481569
        0.0021516942  -0.0174202745  -0.0190634279   0.0031718806  -0.0005008319
        0.0016050723  -0.0022478829  -0.0949927671  -0.0556517613  -0.0173973418
        0.0078729744   0.0093463151   0.0023130041   0.0006930426  -0.0015016614
       -0.0000749473  -0.0142968465   0.0090090643  -0.0162191291  -0.0994297405
        0.0074772375  -0.0534501224   0.4934175069  -0.0365056994  -0.0334308515
        0.0001637594   0.0001167658  -0.0001268512  -0.0001695395   0.0000180874
        0.0001334514  -0.0001936290  -0.0000563105   0.0000441664  -0.0089649686
       -0.0122358472  -0.0056443763  -0.0011604577   0.0036650749   0.0002270570
        0.0006283036   0.0007161967  -0.0000055799   0.0000580947   0.0001132740
        0.0000005590   0.0000609349  -0.0002172689   0.0000639649  -0.0020106087
        0.0036935676  -0.0002678607   0.0002686143  -0.0001751592  -0.0009281852
        0.0089796146  -0.0017598801   0.0139380636  -0.0115985818  -0.0002522944
       -0.0178314325  -0.1241590004   0.1091834935   0.0148006611  -0.1338592790
       -0.0185495634   0.1106738972
       -0.0002460526   0.0001703992   0.0001821123   0.0020773792  -0.0008704798
        0.0008766175  -0.0117337997  -0.0059640010   0.0056570121   0.0002099645
        0.0008125308  -0.0024243073  -0.0501098973  -0.1364345109  -0.0227083567
       -0.0091907906  -0.0296011665  -0.0059492376  -0.0016341111   0.0026381037
       -0.0005078570   0.0157510075  -0.0065502712   0.0200581599   0.0092203166
       -0.0672641860   0.0163147050  -0.0365056994   0.4856064227  -0.0044598781
        0.0000192856   0.0000094506  -0.0000469966   0.0000485192   0.0000219845
        0.0000151336  -0.0000025675  -0.0000321830  -0.0001096868  -0.0017064570
       -0.0002864158  -0.0010329768   0.0025271113  -0.0047609937  -0.0002425473
       -0.0007070190   0.0008318498   0.0003673043  -0.0000301097  -0.0002556731
        0.0002910233  -0.0001998985   0.0002615259  -0.0001911555   0.0037539452
       -0.0042055603   0.0006478738  -0.0006024305   0.0006325019   0.0004508796
        0.0019663159  -0.0000389100   0.0046177683  -0.0135493928   0.0012807595
       -0.0203271501   0.1089667698  -0.1877997796  -0.0163217187  -0.0183223890
       -0.0482013973   0.0248432789
        0.0006588086  -0.0007681465   0.0000384601   0.0036234287  -0.0010231425
       -0.0003714173   0.0063756877   0.0152095601   0.0065780702  -0.0006848719
       -0.0017595608  -0.0019373826  -0.0097937851  -0.0133297879  -0.0701158325
       -0.0003271075  -0.0029527013   0.0012412137  -0.0000833400  -0.0003495781
       -0.0000627497  -0.0050695175   0.0056851726  -0.0011382312  -0.0546474882
        0.0143086977  -0.1617651279  -0.0334308515  -0.0044598781   0.4868331650
       -0.0001382468  -0.0000060665   0.0000639007   0.0001307492  -0.0000149822
       -0.0000740947   0.0000968450  -0.0000077811   0.0000023179  -0.0166202984
       -0.0211156366  -0.0085720216   0.0002880169  -0.0001193198   0.0005925959
       -0.0003330466  -0.0004535269   0.0000665166   0.0001320220   0.0000906583
       -0.0001111566   0.0000810323  -0.0001858851  -0.0000443585   0.0004169748
       -0.0002437231   0.0008925118   0.0009784721  -0.0007908710   0.0009626763
       -0.0111806203   0.0043180026  -0.0272231953  -0.0057669414  -0.0006896441
       -0.0079725032   0.0150998943  -0.0166586048  -0.0454661086   0.1101941837
        0.0253167449  -0.1724172486
       -0.0402669146   0.0065605324  -0.0054749972  -0.0129044494  -0.0273412977
        0.0204120279   0.0011597291  -0.0020628834   0.0037079073   0.0009026719
        0.0005741172  -0.0012388833  -0.0001879381   0.0010401073   0.0001500962
       -0.0001957015  -0.0000275529   0.0000949083  -0.0000256575   0.0000237603
        0.0000011328  -0.0000016264   0.0000164873  -0.0000076246  -0.0000088588
        0.0000091391   0.0000071296   0.0001637594   0.0000192856  -0.0001382468
        0.0507241226   0.0010081055  -0.0054470608  -0.0010571976   0.0215398383
       -0.0113039767   0.0015648520  -0.0015234171  -0.0004773583   0.0000953151
        0.0000395285  -0.0002342872  -0.0000237560  -0.0000252814   0.0000510929
        0.0000048809   0.0000543606  -0.0000315006  -0.0000624609  -0.0000164907
       -0.0000219789  -0.0000056309   0.0000038186  -0.0000168427  -0.0000005756
        0.0000021015  -0.0000078825   0.0000249788   0.0000105074  -0.0000091142
       -0.0000083706  -0.0000148839   0.0000027170   0.0000136483   0.0000071413
       -0.0000108347   0.0000250875   0.0000305974   0.0000066979   0.0000700926
        0.0000723788  -0.0000131215
        0.0033292227  -0.2282163721   0.0906441443  -0.0100464091  -0.0014500208
        0.0072021497   0.0013012915   0.0003715523   0.0023374696   0.0005689475
       -0.0001625021  -0.0015284022   0.0001056839   0.0000580153  -0.0000087410
        0.0000415284  -0.0000595427  -0.0000096977  -0.0000177723   0.0000026431
        0.0000300928  -0.0000012372  -0.0000032937  -0.0000103380   0.0000024190
        0.0000062850   0.0000181201   0.0001167658   0.0000094506  -0.0000060665
        0.0010081055   0.2613258953  -0.1093646910   0.0017250695  -0.0042599266
        0.0026215128   0.0017921797  -0.0277460705   0.0082859740   0.0000675339
       -0.0000152374  -0.0001257282  -0.0000042633   0.0000497396   0.0000105646
        0.0000090909   0.0000003798  -0.0000118765  -0.0000251251   0.0000159444
       -0.0000213010   0.0000030885   0.0000198911  -0.0000217716  -0.0000171938
        0.0000101949  -0.0000205643   0.0000084846   0.0000025957   0.0000019808
       -0.0000163997  -0.0000211018  -0.0000020454   0.0000101630   0.0000003024
       -0.0000181679   0.0000270274   0.0000410863  -0.0000017014   0.0000117987
        0.0000200917  -0.0000009159
       -0.0043746649   0.0898492249  -0.0862987431   0.0138464350   0.0190128684
       -0.0170482956  -0.0008175748  -0.0001149630   0.0012258132   0.0004204999
        0.0002688497  -0.0000772167   0.0000590479  -0.0003263215  -0.0002574255
        0.0000547612   0.0000928933   0.0000295482   0.0000005268  -0.0000213186
        0.0000153088  -0.0000202992  -0.0000033620  -0.0000052060  -0.0000128783
       -0.0000108265   0.0000102119  -0.0001268512  -0.0000469966   0.0000639007
       -0.0054470608  -0.1093646910   0.1039168934  -0.0036299947   0.0197534620
       -0.0099659328   0.0001049135  -0.0189816364   0.0083129883  -0.0000710622
        0.0000184992   0.0001144887   0.0000360607  -0.0000281576  -0.0000216200
       -0.0000094836  -0.0000294149  -0.0000000602  -0.0000128292   0.0000231171
        0.0000200341   0.0000228160  -0.0000167488   0.0000024842   0.0000010838
       -0.0000089616   0.0000104173   0.0000040578   0.0000012118  -0.0000096494
       -0.0000045203  -0.0000214779  -0.0000022132   0.0000140660   0.0000096817
       -0.0000027279  -0.0000118326  -0.0000339930  -0.0000224404  -0.0000252170
       -0.0000209389  -0.0000105582
       -0.1805420824   0.0167701908  -0.1190367126  -0.0327638326   0.0016001983
       -0.0120844261  -0.0058618756  -0.0004015803   0.0028152301   0.0015024475
       -0.0001599401   0.0011816936  -0.0011426830   0.0000660039  -0.0005793417
       -0.0001658530  -0.0000831007   0.0001090532   0.0000254608  -0.0000149445
        0.0000112107   0.0000258288  -0.0000005526   0.0000029155   0.0000258419
        0.0000114769   0.0000150273  -0.0001695395   0.0000485192   0.0001307492
       -0.0010571976   0.0017250695  -0.0036299947   0.2210343761  -0.0189278008
        0.1349530155  -0.0009041750  -0.0006389454  -0.0038337744   0.0000270223
        0.0000184340  -0.0001268137   0.0000178452  -0.0000358735  -0.0000297680
       -0.0000443219   0.0000385527   0.0000192133   0.0000218392  -0.0000303336
        0.0000375420  -0.0000132735   0.0000129046   0.0000098058  -0.0000023667
        0.0000024663  -0.0000159187   0.0000044804  -0.0000023057   0.0000118225
        0.0000216423   0.0000194251   0.0000441913  -0.0000128093  -0.0000156380
        0.0000051447   0.0000175472   0.0000428671  -0.0000183145  -0.0000443216
       -0.0000450931   0.0000084495
        0.0176528888  -0.0456526246   0.0139063224  -0.0024250281   0.0009529078
       -0.0015810097  -0.0004103271   0.0004187269   0.0006320477   0.0001685370
        0.0001068731  -0.0001937476  -0.0001353780   0.0001563262  -0.0000370302
       -0.0000506194   0.0000067171   0.0000422115  -0.0000024000  -0.0000018344
        0.0000095541  -0.0000019648   0.0000092347  -0.0000001868  -0.0000043034
        0.0000004103  -0.0000033817   0.0000180874   0.0000219845  -0.0000149822
        0.0215398383  -0.0042599266   0.0197534620  -0.0189278008   0.0469632123
       -0.0160640842  -0.0174303188   0.0012557703  -0.0164223313   0.0000090116
        0.0000308529  -0.0000183053   0.0000028998  -0.0000097843   0.0000220306
       -0.0000065215   0.0000161003   0.0000023152  -0.0000179008  -0.0000088479
       -0.0000096008  -0.0000005044  -0.0000003113  -0.0000018341  -0.0000005869
       -0.0000043657  -0.0000011807   0.0000036682   0.0000032731  -0.0000013789
        0.0000097045  -0.0000143218   0.0000046814   0.0000029560   0.0000011871
       -0.0000023003   0.0000038660   0.0000002929  -0.0000188930   0.0000021966
        0.0000081472  -0.0000023782
       -0.1250881588   0.0138757815  -0.1424316618   0.0158483556  -0.0014596611
        0.0112182916   0.0025849395   0.0006095774  -0.0037036025  -0.0011988407
       -0.0001983495   0.0014123493   0.0009148706  -0.0000153699   0.0003468407
        0.0001227846   0.0000130787  -0.0000652411   0.0000212891   0.0000086331
       -0.0000216930   0.0000111224  -0.0000003126   0.0000119240   0.0000204122
       -0.0000022017  -0.0000248902   0.0001334514   0.0000151336  -0.0000740947
       -0.0113039767   0.0026215128  -0.0099659328   0.1349530155  -0.0160640842
        0.1587051329  -0.0169444956   0.0006257245  -0.0156156590  -0.0000599495
       -0.0000188993   0.0001648892  -0.0000264639   0.0000161054  -0.0000105631
        0.0000082859  -0.0000248082   0.0000091386   0.0000274567  -0.0000150022
        0.0000038764  -0.0000112350   0.0000020336   0.0000128592   0.0000041836
       -0.0000011123   0.0000027877  -0.0000241335  -0.0000021346   0.0000107574
        0.0000317836   0.0000105354   0.0000092938  -0.0000100244  -0.0000058229
        0.0000112768  -0.0000248536  -0.0000144345  -0.0000212947   0.0000101811
        0.0000240772   0.0000152154
       -0.0401980605  -0.0037302534  -0.0061711918  -0.0131462457   0.0202816820
        0.0273313313   0.0011595518   0.0009519289   0.0041630625   0.0008988240
       -0.0001966430  -0.0013654005  -0.0001675397  -0.0010372594  -0.0001451676
        0.0001638875   0.0000230849  -0.0001379018  -0.0000085467  -0.0000111189
        0.0000044463  -0.0000017744  -0.0000134110  -0.0000118001  -0.0000261356
       -0.0000230864  -0.0000049554  -0.0001936290  -0.0000025675   0.0000968450
        0.0015648520   0.0017921797   0.0001049135  -0.0009041750  -0.0174303188
       -0.0169444956   0.0507216043  -0.0005265962  -0.0065962387   0.0000966766
        0.0000277420  -0.0002374231   0.0000256514  -0.0000313677  -0.0000020626
        0.0000715132  -0.0000656440  -0.0000335964  -0.0000092418   0.0000142361
        0.0000065508   0.0000138617  -0.0000036919  -0.0000124707  -0.0000009621
        0.0000002467  -0.0000082936   0.0000252984  -0.0000073525  -0.0000116485
       -0.0000633188   0.0000206203  -0.0000177212  -0.0000051808   0.0000008845
       -0.0000176243  -0.0000233248   0.0000094421   0.0000557082   0.0000064141
       -0.0000427365  -0.0000448656
       -0.0009357587  -0.1675998140  -0.1147932259   0.0055757006   0.0046130099
       -0.0006425207  -0.0010298690   0.0010391167  -0.0023772303  -0.0006383151
       -0.0005164632   0.0014067013  -0.0001246354  -0.0000685819   0.0000706306
       -0.0000738944  -0.0000010903  -0.0000145397   0.0000007983   0.0000085389
       -0.0000188555   0.0000071126  -0.0000069917   0.0000107108   0.0000155621
        0.0000059940  -0.0000337501  -0.0000563105  -0.0000321830  -0.0000077811
       -0.0015234171  -0.0277460705  -0.0189816364  -0.0006389454   0.0012557703
        0.0006257245  -0.0005265962   0.1890138536   0.1345618472  -0.0000421944
       -0.0000342736   0.0000773558  -0.0000222147   0.0000244119   0.0000155554
       -0.0000017924   0.0000112229   0.0000069026   0.0000165932  -0.0000246410
       -0.0000038304  -0.0000126432  -0.0000032914   0.0000182135   0.0000157670
        0.0000019957   0.0000191292  -0.0000084436   0.0000032361   0.0000016054
        0.0000248760   0.0000172714   0.0000206592  -0.0000095029   0.0000091574
        0.0000240059  -0.0000076370   0.0000401075   0.0000077480  -0.0000042397
       -0.0000102858   0.0000065808
       -0.0041912850  -0.1139823720  -0.1470041164   0.0162026903  -0.0125294276
       -0.0229464866  -0.0011460089   0.0000336792   0.0006171634   0.0002382353
       -0.0003677757   0.0002316735   0.0000170397   0.0003765257  -0.0001517569
       -0.0001500817   0.0000245494   0.0000744374  -0.0000135889   0.0000115030
        0.0000075588  -0.0000212026   0.0000028526  -0.0000016834   0.0000043840
        0.0000169256   0.0000095542   0.0000441664  -0.0001096868   0.0000023179
       -0.0004773583   0.0082859740   0.0083129883  -0.0038337744  -0.0164223313
       -0.0156156590  -0.0065962387   0.1345618472   0.1762962361  -0.0000854637
       -0.0000623197   0.0001325639  -0.0000198705   0.0000470708  -0.0000083815
       -0.0000263343   0.0000276273  -0.0000020196  -0.0000007094   0.0000150674
        0.0000031101   0.0000112829  -0.0000098256  -0.0000004032   0.0000058524
        0.0000060133   0.0000199604   0.0000019919   0.0000036274  -0.0000092163
       -0.0000066698  -0.0000245841   0.0000201823   0.0000207304   0.0000205063
        0.0000146716   0.0000342052   0.0000476900  -0.0000121907  -0.0000119927
        0.0000268635   0.0000094957
       -0.0001602174  -0.0000552842   0.0003633735   0.0000853739  -0.0002153703
        0.0015772742   0.0073892262  -0.0024031575   0.0172256859  -0.0039996722
       -0.0008853285   0.0060408290  -0.0792835360   0.0117030468  -0.0842594513
       -0.0091560027   0.0062243892  -0.0157467216  -0.0015312730   0.0035455018
        0.0002395308   0.0003071106  -0.0000328648   0.0002469961  -0.0014588047
       -0.0034462382  -0.0007466350  -0.0089649686  -0.0017064570  -0.0166202984
        0.0000953151   0.0000675339  -0.0000710622   0.0000270223   0.0000090116
       -0.0000599495   0.0000966766  -0.0000421944  -0.0000854637   0.0975602681
       -0.0130091977   0.0937286670   0.0003551917  -0.0003063329   0.0001273595
       -0.0002016199  -0.0000547558  -0.0005501605  -0.0001014303   0.0000081404
        0.0001775200  -0.0006095845   0.0001453170  -0.0007893312   0.0001145225
       -0.0000209290   0.0001510317  -0.0000076831   0.0000048617  -0.0000290684
       -0.0001017520  -0.0000571855   0.0001657917  -0.0006001011   0.0000727404
       -0.0007866179   0.0003511647   0.0002594630   0.0002115497  -0.0002052262
        0.0001952903  -0.0005108494
        0.0000669619   0.0001801000  -0.0000053951  -0.0000072386  -0.0008618501
       -0.0003124242   0.0011881468   0.0003985834   0.0038307762  -0.0007615034
        0.0011406132   0.0011055914   0.0113401405  -0.0439374344   0.0258533553
        0.0132549639  -0.0066048015   0.0214593821   0.0029013337  -0.0039675312
       -0.0003206292  -0.0000206710  -0.0000356664  -0.0000211506  -0.0026745157
       -0.0035181453  -0.0009411026  -0.0122358472  -0.0002864158  -0.0211156366
        0.0000395285  -0.0000152374   0.0000184992   0.0000184340   0.0000308529
       -0.0000188993   0.0000277420  -0.0000342736  -0.0000623197  -0.0130091977
        0.0561569269  -0.0293914247  -0.0000922431   0.0001692429   0.0004124601
       -0.0001992254   0.0006964706   0.0002884024  -0.0000614061  -0.0000327982
       -0.0002898087   0.0008563340  -0.0002942647   0.0010849564  -0.0000180071
        0.0000048219  -0.0000163129   0.0000044166  -0.0000542923  -0.0000073484
        0.0000311061  -0.0001292854   0.0001764336  -0.0007931095  -0.0000164504
       -0.0010460915   0.0000357319   0.0003347492  -0.0003352501   0.0001081249
        0.0006760855  -0.0003460632
       -0.0004902691  -0.0000071284   0.0002308859   0.0001689576  -0.0003301117
        0.0014204435  -0.0081581117   0.0037142386  -0.0256044521   0.0051612069
        0.0010856399  -0.0061778730  -0.0817007000   0.0258572430  -0.2262946504
       -0.0020548844   0.0015242219  -0.0020553139  -0.0003049539   0.0008615404
        0.0008761788   0.0001584355  -0.0000213632   0.0001164697  -0.0010761107
       -0.0021269857   0.0003568012  -0.0056443763  -0.0010329768  -0.0085720216
       -0.0002342872  -0.0001257282   0.0001144887  -0.0001268137  -0.0000183053
        0.0001648892  -0.0002374231   0.0000773558   0.0001325639   0.0937286670
       -0.0293914247   0.2634363967   0.0001978568   0.0002193262   0.0000706326
        0.0002679011  -0.0004295330   0.0008561945   0.0000971330  -0.0001602241
        0.0002743793  -0.0001261611  -0.0000435138  -0.0001730495   0.0001305530
       -0.0000161102   0.0001238562  -0.0000303788  -0.0000076046  -0.0000014833
        0.0001096452   0.0000444973   0.0003709065  -0.0003610811   0.0000866523
       -0.0004614131   0.0002184628  -0.0001413771  -0.0000898941   0.0003067322
        0.0003816715   0.0008850641
       -0.0000705257  -0.0000240504   0.0000917548   0.0005013811  -0.0001197754
       -0.0000187916   0.0004079249   0.0007568555   0.0000274857   0.0000737070
        0.0000040188  -0.0001689052   0.0082913691   0.0137560071   0.0023256309
       -0.1216698833  -0.1081169419  -0.0155915275  -0.0116310664  -0.0132172497
       -0.0054722044  -0.0017736572   0.0005860041  -0.0038741330  -0.0000253489
        0.0001348492   0.0000779140  -0.0011604577   0.0025271113   0.0002880169
       -0.0000237560  -0.0000042633   0.0000360607   0.0000178452   0.0000028998
       -0.0000264639   0.0000256514  -0.0000222147  -0.0000198705   0.0003551917
       -0.0000922431   0.0001978568   0.1417442860   0.1226233717   0.0216287458
       -0.0155657554  -0.0192896742   0.0004796121   0.0005786711   0.0000995138
        0.0004162988  -0.0002431869  -0.0000792619   0.0001747689  -0.0005983406
       -0.0008906389  -0.0004643375   0.0003640533   0.0003144831  -0.0001110397
       -0.0000457219   0.0000159977  -0.0000060013   0.0000408967   0.0000720302
        0.0000465030   0.0003955163   0.0007657706   0.0000831268   0.0000112064
        0.0001974005  -0.0001205007
       -0.0001281036  -0.0003485353   0.0000519250   0.0005805495   0.0003328089
        0.0004215788  -0.0012283619  -0.0007622391   0.0000577786   0.0000596847
        0.0003828543  -0.0004485056  -0.0108899246  -0.0257018147  -0.0042286904
       -0.1082427589  -0.1880612219  -0.0241905624  -0.0006207418   0.0010498365
       -0.0009471893  -0.0001741381   0.0009745611  -0.0001805055   0.0001515408
        0.0003333956   0.0002133149   0.0036650749  -0.0047609937  -0.0001193198
       -0.0000252814   0.0000497396  -0.0000281576  -0.0000358735  -0.0000097843
        0.0000161054  -0.0000313677   0.0000244119   0.0000470708  -0.0003063329
        0.0001692429   0.0002193262   0.1226233717   0.2208862011   0.0285668811
       -0.0055442809  -0.0042817868   0.0008945662   0.0001364006   0.0001646348
       -0.0001261541   0.0000971958   0.0005604727   0.0001704645   0.0000662150
       -0.0000745213   0.0000200998   0.0001963439   0.0000526219  -0.0000316613
       -0.0000122864  -0.0000517158   0.0000149622   0.0000973665   0.0001740948
        0.0000952271  -0.0007374258  -0.0013884377  -0.0004054241   0.0003031342
        0.0002861745  -0.0000831303
       -0.0000121039  -0.0000950580   0.0000409153  -0.0000159097   0.0000601982
       -0.0000462644   0.0000210035  -0.0011655143   0.0004793623  -0.0000181087
        0.0004809015  -0.0001829357  -0.0003449905  -0.0020846284   0.0003161063
       -0.0159422442  -0.0245365979  -0.0476888970  -0.0180182541  -0.0201127544
       -0.0067627235  -0.0031262541   0.0006676000  -0.0044767938   0.0000860762
        0.0001995320   0.0000402659   0.0002270570  -0.0002425473   0.0005925959
        0.0000510929   0.0000105646  -0.0000216200  -0.0000297680   0.0000220306
       -0.0000105631  -0.0000020626   0.0000155554  -0.0000083815   0.0001273595
        0.0004124601   0.0000706326   0.0216287458   0.0285668811   0.0553987782
        0.0164944891   0.0196300571   0.0015891647  -0.0001632350  -0.0005611728
        0.0004426028   0.0002302186  -0.0001347194   0.0005478632  -0.0009435145
       -0.0011750474  -0.0003426909  -0.0000020724   0.0001159538  -0.0000889240
       -0.0000745983  -0.0000040936  -0.0000062291   0.0000487937   0.0000771591
        0.0000365848  -0.0001326555  -0.0000156308   0.0000741325  -0.0000890648
       -0.0001311288   0.0000070184
       -0.0001786932  -0.0002793358  -0.0000592743  -0.0011809736  -0.0002467911
       -0.0000276577  -0.0005240465   0.0039511810  -0.0004719026   0.0000218455
       -0.0006066346   0.0004095494  -0.0160566128   0.0046425821   0.0149127072
       -0.1339192239  -0.0140069262   0.1108809823   0.0084905984   0.0009329188
       -0.0110805060   0.0008964153   0.0004731296  -0.0008018395  -0.0000695867
        0.0000438703   0.0002246779   0.0006283036  -0.0007070190  -0.0003330466
        0.0000048809   0.0000090909  -0.0000094836  -0.0000443219  -0.0000065215
        0.0000082859   0.0000715132  -0.0000017924  -0.0000263343  -0.0002016199
       -0.0001992254   0.0002679011  -0.0155657554  -0.0055442809   0.0164944891
        0.1573964416   0.0115745799  -0.1269158936  -0.0007379723   0.0001364130
       -0.0029285999   0.0006882544  -0.0002145502  -0.0001932077  -0.0000295303
        0.0000236555   0.0000117243  -0.0000425182  -0.0000085348   0.0000506387
       -0.0000862139   0.0000016722  -0.0001259327  -0.0000271163  -0.0000059100
       -0.0000417129   0.0000167297  -0.0002693390  -0.0001730402   0.0004492021
        0.0003077676  -0.0000725242
        0.0002883734   0.0002419417   0.0000825801   0.0013415159   0.0004557536
       -0.0001248871   0.0011486024  -0.0048716100   0.0012737067  -0.0002335507
        0.0009220336  -0.0010979738   0.0198300554  -0.0030751335  -0.0192305260
       -0.0139274675  -0.0447022923   0.0128975353  -0.0015540101   0.0002565384
        0.0039553332   0.0003995247   0.0004049396  -0.0008651393  -0.0001007412
       -0.0001983864  -0.0000824632   0.0007161967   0.0008318498  -0.0004535269
        0.0000543606   0.0000003798  -0.0000294149   0.0000385527   0.0000161003
       -0.0000248082  -0.0000656440   0.0000112229   0.0000276273  -0.0000547558
        0.0006964706  -0.0004295330  -0.0192896742  -0.0042817868   0.0196300571
        0.0115745799   0.0531038313  -0.0173082598   0.0006689307   0.0006273686
        0.0007710665  -0.0001729436  -0.0000330601   0.0004965346  -0.0000519175
       -0.0001314270   0.0000536136  -0.0002612632   0.0001315394  -0.0001196380
        0.0000444958  -0.0000649755   0.0001670467   0.0000287507  -0.0000176426
        0.0000020272  -0.0001577631   0.0002001410   0.0001856230  -0.0002642079
       -0.0005237963   0.0002234189
       -0.0000891443   0.0000308410   0.0001260401   0.0007708858   0.0000454265
        0.0000868963   0.0000963630  -0.0005479493   0.0001483071  -0.0001356385
       -0.0002160860   0.0004702047   0.0041288939  -0.0013469821  -0.0025771061
        0.1113932107   0.0133751847  -0.1758571893   0.0142037277   0.0035179689
       -0.0285863873   0.0011212184   0.0005082909   0.0005880735  -0.0000210960
       -0.0002300839  -0.0002568173  -0.0000055799   0.0003673043   0.0000665166
       -0.0000315006  -0.0000118765  -0.0000000602   0.0000192133   0.0000023152
        0.0000091386  -0.0000335964   0.0000069026  -0.0000020196  -0.0005501605
        0.0002884024   0.0008561945   0.0004796121   0.0008945662   0.0015891647
       -0.1269158936  -0.0173082598   0.2069553397  -0.0035886503   0.0010200645
       -0.0054729915   0.0003855835   0.0000298899   0.0006580962   0.0001264891
        0.0001647134   0.0004740539  -0.0008785753  -0.0005135609   0.0002236514
       -0.0001307156   0.0002084034   0.0001517014  -0.0000254288   0.0000314464
       -0.0000031857  -0.0001712034   0.0001381862   0.0000860993  -0.0001480144
       -0.0004551080   0.0002662789
       -0.0001147774  -0.0000086447   0.0000550438   0.0005435153  -0.0001189044
        0.0005604718  -0.0006178225   0.0010624886  -0.0029363847  -0.0015677456
        0.0001198924   0.0010492485   0.0001125026   0.0000411318   0.0006037558
        0.0089858179   0.0013058073  -0.0112678785  -0.1375206025  -0.0144340985
        0.1160525571  -0.0150321245  -0.0066338779   0.0139359467   0.0007034707
        0.0008165597  -0.0001102636   0.0000580947  -0.0000301097   0.0001320220
       -0.0000624609  -0.0000251251  -0.0000128292   0.0000218392  -0.0000179008
        0.0000274567  -0.0000092418   0.0000165932  -0.0000007094  -0.0001014303
       -0.0000614061   0.0000971330   0.0005786711   0.0001364006  -0.0001632350
       -0.0007379723   0.0006689307  -0.0035886503   0.1613263646   0.0189728756
       -0.1304492145  -0.0147740037   0.0013094976   0.0167511535  -0.0000817214
        0.0002630315   0.0002106293  -0.0021214600  -0.0036750366  -0.0005402432
        0.0005838301  -0.0001060387  -0.0001187936  -0.0000413114   0.0003738828
       -0.0000822428  -0.0000455405   0.0000316332  -0.0000690362  -0.0000858914
       -0.0000075825  -0.0001359373
        0.0000619627   0.0000389539  -0.0000187164  -0.0008928069   0.0000454927
       -0.0007813500   0.0014639281  -0.0002979992   0.0028446068   0.0000216490
       -0.0001412094  -0.0014562656  -0.0001539771   0.0002706784   0.0001002378
       -0.0020897103   0.0002401029   0.0034916771  -0.0135574925  -0.0468442426
        0.0181358958  -0.0182510615  -0.0059769706   0.0180503986  -0.0009968428
        0.0008136304   0.0009236575   0.0001132740  -0.0002556731   0.0000906583
       -0.0000164907   0.0000159444   0.0000231171  -0.0000303336  -0.0000088479
       -0.0000150022   0.0000142361  -0.0000246410   0.0000150674   0.0000081404
       -0.0000327982  -0.0001602241   0.0000995138   0.0001646348  -0.0005611728
        0.0001364130   0.0006273686   0.0010200645   0.0189728756   0.0549094156
       -0.0212032623   0.0182983567   0.0007430876  -0.0197841646   0.0002703093
        0.0005752286   0.0002682115  -0.0038282409  -0.0042642423  -0.0001479238
        0.0001529140  -0.0009012051  -0.0004657890   0.0001854402   0.0002950802
       -0.0001232957  -0.0000132862  -0.0000447646  -0.0000086176   0.0000312297
        0.0000529757  -0.0002378082
        0.0000519942   0.0001045334  -0.0000771310   0.0002759126   0.0000575507
        0.0002476203  -0.0013379630   0.0009215575  -0.0014566002   0.0009815820
       -0.0011340651   0.0010558277   0.0005445081  -0.0004354122   0.0005412824
        0.0138992502   0.0034768644  -0.0275064280   0.1149150537   0.0192467034
       -0.1816331209  -0.0001543381   0.0008351674   0.0023417074  -0.0003616598
       -0.0002091530   0.0002681103   0.0000005590   0.0002910233  -0.0001111566
       -0.0000219789  -0.0000213010   0.0000200341   0.0000375420  -0.0000096008
        0.0000038764   0.0000065508  -0.0000038304   0.0000031101   0.0001775200
       -0.0002898087   0.0002743793   0.0004162988  -0.0001261541   0.0004426028
       -0.0029285999   0.0007710665  -0.0054729915  -0.1304492145  -0.0212032623
        0.2127095836   0.0049726493  -0.0010873032  -0.0034080630  -0.0003412190
       -0.0001993068   0.0006168216  -0.0003556678  -0.0007287604   0.0007712201
       -0.0000853364   0.0001129225   0.0003121667  -0.0001137100  -0.0001455324
        0.0000329221  -0.0000095313  -0.0000259365  -0.0000123552  -0.0001202021
       -0.0001979622   0.0000365816
        0.0000164490   0.0000003292  -0.0000075078  -0.0002586745  -0.0000843354
       -0.0001323107   0.0007532001   0.0000067779  -0.0002661823  -0.0003144142
        0.0001008056   0.0001360949  -0.0017444650   0.0004158267  -0.0034773668
       -0.0117870997   0.0145070190  -0.0018126694  -0.1197762889   0.1083796199
        0.0120463600   0.0083741196  -0.0139954876  -0.0014638648  -0.0009786708
       -0.0027613232  -0.0003917581   0.0000609349  -0.0001998985   0.0000810323
       -0.0000056309   0.0000030885   0.0000228160  -0.0000132735  -0.0000005044
       -0.0000112350   0.0000138617  -0.0000126432   0.0000112829  -0.0006095845
        0.0008563340  -0.0001261611  -0.0002431869   0.0000971958   0.0002302186
        0.0006882544  -0.0001729436   0.0003855835  -0.0147740037   0.0182983567
        0.0049726493   0.1390420271  -0.1242458934  -0.0099285931   0.0005470141
       -0.0000407123   0.0002621991   0.0006147313  -0.0001050495  -0.0001911045
       -0.0000359896  -0.0001492260  -0.0001618704   0.0004149761  -0.0007686266
       -0.0001651213   0.0000427809  -0.0001082435   0.0000191922  -0.0000270671
       -0.0000204662  -0.0000316835
       -0.0000959388  -0.0000617652   0.0000462537   0.0002580863   0.0000165313
        0.0000846917  -0.0004613526  -0.0000477112  -0.0001999066   0.0001910490
        0.0001088149   0.0000637635   0.0008040935   0.0008880436   0.0014274460
        0.0051126978  -0.0048136508   0.0015258430   0.1080408530  -0.1934362120
       -0.0134100755   0.0123122828  -0.0259112114  -0.0035176628  -0.0039581834
       -0.0047488111  -0.0010284999  -0.0002172689   0.0002615259  -0.0001858851
        0.0000038186   0.0000198911  -0.0000167488   0.0000129046  -0.0000003113
        0.0000020336  -0.0000036919  -0.0000032914  -0.0000098256   0.0001453170
       -0.0002942647  -0.0000435138  -0.0000792619   0.0005604727  -0.0001347194
       -0.0002145502  -0.0000330601   0.0000298899   0.0013094976   0.0007430876
       -0.0010873032  -0.1242458934   0.2269026447   0.0162426585   0.0002701348
        0.0005123860  -0.0001954493   0.0004156568   0.0004326925   0.0003037510
       -0.0003394055   0.0001969481   0.0001915511   0.0008063322  -0.0014916513
       -0.0000291082  -0.0000833106   0.0002061356  -0.0000267669   0.0000161332
       -0.0000072336  -0.0000324169
       -0.0000124054  -0.0000265943   0.0000157039   0.0001861491   0.0000157058
        0.0002130454  -0.0001652432   0.0001074923  -0.0007952527   0.0003723752
       -0.0002165356   0.0001965435  -0.0031892719   0.0008860906  -0.0041096576
       -0.0173110464   0.0210070861  -0.0016852948   0.0125094919  -0.0140215072
       -0.0446604067   0.0023156709  -0.0043033966   0.0000425041  -0.0007490628
       -0.0012595553   0.0004403097   0.0000639649  -0.0001911555  -0.0000443585
       -0.0000168427  -0.0000217716   0.0000024842   0.0000098058  -0.0000018341
        0.0000128592  -0.0000124707   0.0000182135  -0.0000004032  -0.0007893312
        0.0010849564  -0.0001730495   0.0001747689   0.0001704645   0.0005478632
       -0.0001932077   0.0004965346   0.0006580962   0.0167511535  -0.0197841646
       -0.0034080630  -0.0099285931   0.0162426585   0.0524697408   0.0001930590
       -0.0004076259  -0.0000696882  -0.0000701750   0.0005071629   0.0001603436
       -0.0001855695   0.0001701906   0.0001246327   0.0000606799  -0.0004225260
        0.0000743246   0.0000248071  -0.0000450972   0.0000008863  -0.0000387063
       -0.0000047920  -0.0000131633
        0.0000447996   0.0000062577  -0.0000400463   0.0000235419  -0.0000226367
        0.0001649324   0.0002051342   0.0000902444  -0.0006301513   0.0000639754
       -0.0000551666   0.0003941293   0.0001106232  -0.0000513234   0.0003692171
       -0.0019271177  -0.0036988284  -0.0006327069  -0.0113110630  -0.0012987013
       -0.0168846713  -0.1041275779   0.0136451477  -0.0989457810  -0.0115194220
        0.0058729285  -0.0161113208  -0.0020106087   0.0037539452   0.0004169748
       -0.0000005756  -0.0000171938   0.0000010838  -0.0000023667  -0.0000005869
        0.0000041836  -0.0000009621   0.0000157670   0.0000058524   0.0001145225
       -0.0000180071   0.0001305530  -0.0005983406   0.0000662150  -0.0009435145
       -0.0000295303  -0.0000519175   0.0001264891  -0.0000817214   0.0002703093
       -0.0003412190   0.0005470141   0.0002701348   0.0001930590   0.1216233917
       -0.0161520437   0.1168962020   0.0090414906  -0.0023517753   0.0169276055
       -0.0000758060  -0.0001725760  -0.0004059911   0.0005502057  -0.0003105842
        0.0001048304  -0.0006099445   0.0001962276  -0.0009383348  -0.0000296623
        0.0000141637   0.0001386249
       -0.0000113169  -0.0000442463   0.0000021781   0.0000214032   0.0000426476
       -0.0000015295  -0.0000484372  -0.0001280971   0.0000334814   0.0000081595
        0.0000586887  -0.0000355161  -0.0000167044  -0.0000095144  -0.0000173331
       -0.0034474871  -0.0037873041  -0.0010967817  -0.0142457220   0.0001498470
       -0.0208514136   0.0136680047  -0.0438922982   0.0237564246   0.0149874325
       -0.0059904017   0.0207101451   0.0036935676  -0.0042055603  -0.0002437231
        0.0000021015   0.0000101949  -0.0000089616   0.0000024663  -0.0000043657
       -0.0000011123   0.0000002467   0.0000019957   0.0000060133  -0.0000209290
        0.0000048219  -0.0000161102  -0.0008906389  -0.0000745213  -0.0011750474
        0.0000236555  -0.0001314270   0.0001647134   0.0002630315   0.0005752286
       -0.0001993068  -0.0000407123   0.0005123860  -0.0004076259  -0.0161520437
        0.0558115923  -0.0264005513   0.0016015130   0.0006210920   0.0042316999
       -0.0003204638   0.0005898702   0.0001910250  -0.0000293664   0.0003044854
        0.0005170479   0.0009787413  -0.0003887554   0.0011490194  -0.0000265015
       -0.0000263587  -0.0003067354
        0.0000721438  -0.0000003060  -0.0000553424  -0.0001544775  -0.0000001762
        0.0000484564   0.0003664473   0.0000321748  -0.0003429060  -0.0000589449
       -0.0000317313   0.0002845674   0.0001096954  -0.0000180537   0.0001187585
       -0.0012627827  -0.0019955145   0.0003901595  -0.0050240441  -0.0011888412
       -0.0062854183  -0.0991106868   0.0237569244  -0.2123902132  -0.0009039630
        0.0012054503   0.0000608304  -0.0002678607   0.0006478738   0.0008925118
       -0.0000078825  -0.0000205643   0.0000104173  -0.0000159187  -0.0000011807
        0.0000027877  -0.0000082936   0.0000191292   0.0000199604   0.0001510317
       -0.0000163129   0.0001238562  -0.0004643375   0.0000200998  -0.0003426909
        0.0000117243   0.0000536136   0.0004740539   0.0002106293   0.0002682115
        0.0006168216   0.0002621991  -0.0001954493  -0.0000696882   0.1168962020
       -0.0264005513   0.2433439528  -0.0109988318   0.0040722995  -0.0279846487
        0.0001310053  -0.0002728324   0.0005943105   0.0002603645   0.0003063431
        0.0001350123  -0.0001988387  -0.0000401153  -0.0000157039   0.0000054198
       -0.0002004909   0.0003701548
        0.0000368237  -0.0000033789   0.0000219798  -0.0001084492   0.0000318802
       -0.0002346891   0.0001300426  -0.0001252899   0.0008947989  -0.0002309782
        0.0000842327  -0.0006119641  -0.0002221798   0.0000193882  -0.0001480708
        0.0002599477   0.0003033195   0.0010987770  -0.0149918256  -0.0065318527
        0.0144549148  -0.1347317454  -0.0157701926   0.1076421341  -0.0152549277
        0.0021009001   0.0158968324   0.0002686143  -0.0006024305   0.0009784721
        0.0000249788   0.0000084846   0.0000040578   0.0000044804   0.0000036682
       -0.0000241335   0.0000252984  -0.0000084436   0.0000019919  -0.0000076831
        0.0000044166  -0.0000303788   0.0003640533   0.0001963439  -0.0000020724
       -0.0000425182  -0.0002612632  -0.0008785753  -0.0021214600  -0.0038282409
       -0.0003556678   0.0006147313   0.0004156568  -0.0000701750   0.0090414906
        0.0016015130  -0.0109988318   0.1582073105   0.0186269958  -0.1273539489
       -0.0022068334   0.0038008070   0.0007243391   0.0006179166  -0.0003790319
       -0.0001794987   0.0003696642  -0.0001843230  -0.0000530666  -0.0000467517
        0.0004968406  -0.0007772249
        0.0000130276  -0.0000232900  -0.0000081905  -0.0000508514   0.0000048696
       -0.0000343420   0.0000612999  -0.0002471264   0.0000653697  -0.0000450200
        0.0003896676   0.0000058837  -0.0000201454  -0.0000888483  -0.0000073638
        0.0004174719   0.0005748608   0.0006891290  -0.0191855881  -0.0064857114
        0.0185866843  -0.0157363311  -0.0447547762   0.0196377625   0.0183275477
       -0.0002793372  -0.0190604717  -0.0001751592   0.0006325019  -0.0007908710
        0.0000105074   0.0000025957   0.0000012118  -0.0000023057   0.0000032731
       -0.0000021346  -0.0000073525   0.0000032361   0.0000036274   0.0000048617
       -0.0000542923  -0.0000076046   0.0003144831   0.0000526219   0.0001159538
       -0.0000085348   0.0001315394  -0.0005135609  -0.0036750366  -0.0042642423
       -0.0007287604  -0.0001050495   0.0004326925   0.0005071629  -0.0023517753
        0.0006210920   0.0040722995   0.0186269958   0.0567130002  -0.0218428413
        0.0037057478  -0.0040259647  -0.0006708817   0.0001534607   0.0006264123
       -0.0003741617  -0.0002664242   0.0000581684  -0.0000728944  -0.0000058298
       -0.0000229426   0.0004289941
       -0.0000729387  -0.0000082560   0.0000267253   0.0003377336  -0.0000290721
        0.0002263601  -0.0004258915   0.0000542850  -0.0006368442   0.0002971615
        0.0000103874   0.0003243556   0.0001513991  -0.0000046789  -0.0000524058
       -0.0008377226  -0.0005711121   0.0010282560  -0.0001139844   0.0014139348
        0.0018579853   0.1074108832   0.0196381476  -0.1762436623   0.0052218147
       -0.0020365946  -0.0040825706  -0.0009281852   0.0004508796   0.0009626763
       -0.0000091142   0.0000019808  -0.0000096494   0.0000118225  -0.0000013789
        0.0000107574  -0.0000116485   0.0000016054  -0.0000092163  -0.0000290684
       -0.0000073484  -0.0000014833  -0.0001110397  -0.0000316613  -0.0000889240
        0.0000506387  -0.0001196380   0.0002236514  -0.0005402432  -0.0001479238
        0.0007712201  -0.0001911045   0.0003037510   0.0001603436   0.0169276055
        0.0042316999  -0.0279846487  -0.1273539489  -0.0218428413   0.2026490708
        0.0005109671  -0.0012517878   0.0006186885  -0.0001517070  -0.0001719418
       -0.0000333756  -0.0001927963   0.0000720198  -0.0001026054   0.0000493672
        0.0000455437   0.0003852952
       -0.0001148774  -0.0000035175   0.0000549781   0.0005360198  -0.0000376642
        0.0005655842  -0.0005962096  -0.0002156213  -0.0030914813  -0.0015647289
       -0.0004191807   0.0009603364   0.0001127369  -0.0002088948   0.0005711004
        0.0000586459  -0.0000057159   0.0001367983   0.0007008158  -0.0007583683
       -0.0003240655  -0.0152863530   0.0023377548   0.0154196529  -0.1374515221
       -0.0193784995   0.1153341224   0.0089796146   0.0019663159  -0.0111806203
       -0.0000083706  -0.0000163997  -0.0000045203   0.0000216423   0.0000097045
        0.0000317836  -0.0000633188   0.0000248760  -0.0000066698  -0.0001017520
        0.0000311061   0.0001096452  -0.0000457219  -0.0000122864  -0.0000745983
       -0.0000862139   0.0000444958  -0.0001307156   0.0005838301   0.0001529140
       -0.0000853364  -0.0000359896  -0.0003394055  -0.0001855695  -0.0000758060
       -0.0003204638   0.0001310053  -0.0022068334   0.0037057478   0.0005109671
        0.1613179530   0.0191949575  -0.1303941462  -0.0145170214  -0.0060120353
        0.0154860095   0.0005821970  -0.0000787884  -0.0001999896  -0.0007387367
        0.0003389690  -0.0036342706
       -0.0000752814   0.0000531242   0.0000559696   0.0007912396  -0.0001242975
        0.0006833036  -0.0010470817   0.0006057723  -0.0022968664  -0.0003050139
       -0.0007500098   0.0009579695  -0.0000034364   0.0002006303  -0.0001874373
       -0.0001064099  -0.0001432997  -0.0000995002   0.0010562005   0.0009651371
       -0.0007243675   0.0174375746  -0.0000795625  -0.0186148563  -0.0199076771
       -0.0476839613   0.0219451034  -0.0017598801  -0.0000389100   0.0043180026
       -0.0000148839  -0.0000211018  -0.0000214779   0.0000194251  -0.0000143218
        0.0000105354   0.0000206203   0.0000172714  -0.0000245841  -0.0000571855
       -0.0001292854   0.0000444973   0.0000159977  -0.0000517158  -0.0000040936
        0.0000016722  -0.0000649755   0.0002084034  -0.0001060387  -0.0009012051
        0.0001129225  -0.0001492260   0.0001969481   0.0001701906  -0.0001725760
        0.0005898702  -0.0002728324   0.0038008070  -0.0040259647  -0.0012517878
        0.0191949575   0.0561769268  -0.0255703617  -0.0190972739  -0.0054244917
        0.0194282702  -0.0002047244  -0.0000004298   0.0004315214   0.0006681943
        0.0006478520   0.0007014758
        0.0000350988  -0.0000714038  -0.0000929683   0.0005189057  -0.0001566982
        0.0004315030  -0.0016895232  -0.0003408292  -0.0023858511   0.0009266099
        0.0006255481   0.0016602647   0.0005594940   0.0003443573   0.0006141870
       -0.0000257319  -0.0002988720  -0.0002226570  -0.0000759214   0.0004097134
        0.0001188947   0.0049172930  -0.0015390785  -0.0033014947   0.1140064181
        0.0208188291  -0.1808646067   0.0139380636   0.0046177683  -0.0272231953
        0.0000027170  -0.0000020454  -0.0000022132   0.0000441913   0.0000046814
        0.0000092938  -0.0000177212   0.0000206592   0.0000201823   0.0001657917
        0.0001764336   0.0003709065  -0.0000060013   0.0000149622  -0.0000062291
       -0.0001259327   0.0001670467   0.0001517014  -0.0001187936  -0.0004657890
        0.0003121667  -0.0001618704   0.0001915511   0.0001246327  -0.0004059911
        0.0001910250   0.0005943105   0.0007243391  -0.0006708817   0.0006186885
       -0.1303941462  -0.0255703617   0.2114589696  -0.0003343385   0.0005735662
        0.0024998214   0.0003722610   0.0000026232   0.0006047380  -0.0028552116
        0.0009571948  -0.0054910454
        0.0000142563   0.0000031931  -0.0000062086  -0.0002531304   0.0001145193
       -0.0001003103   0.0007454801   0.0000756008  -0.0002671336  -0.0003107520
       -0.0001379902   0.0001063901  -0.0017415999   0.0005328825  -0.0034522101
        0.0000557790   0.0001682881   0.0001307415  -0.0010560743   0.0028057166
        0.0003927545   0.0083524783   0.0142411608   0.0025348330  -0.1173277318
       -0.1066168899  -0.0182912775  -0.0115985818  -0.0135493928  -0.0057669414
        0.0000136483   0.0000101630   0.0000140660  -0.0000128093   0.0000029560
       -0.0000100244  -0.0000051808  -0.0000095029   0.0000207304  -0.0006001011
       -0.0007931095  -0.0003610811   0.0000408967   0.0000973665   0.0000487937
       -0.0000271163   0.0000287507  -0.0000254288  -0.0000413114   0.0001854402
       -0.0001137100   0.0004149761   0.0008063322   0.0000606799   0.0005502057
       -0.0000293664   0.0002603645   0.0006179166   0.0001534607  -0.0001517070
       -0.0145170214  -0.0190972739  -0.0003343385   0.1362436595   0.1211083102
        0.0247007629  -0.0002422813  -0.0001665276   0.0001909966   0.0006843952
        0.0000659126   0.0004192583
        0.0000975065  -0.0000506953  -0.0000659290  -0.0003045178   0.0000580642
       -0.0001318662   0.0004997051  -0.0001264894   0.0003916358  -0.0002913966
        0.0000721332  -0.0000981706   0.0000802002   0.0011272388   0.0000433842
        0.0001895602   0.0001411157   0.0002382059   0.0040559395  -0.0048817592
       -0.0005202709  -0.0120825879  -0.0259781574  -0.0039954819  -0.1064191728
       -0.1916844174  -0.0287409568  -0.0002522944   0.0012807595  -0.0006896441
        0.0000071413   0.0000003024   0.0000096817  -0.0000156380   0.0000011871
       -0.0000058229   0.0000008845   0.0000091574   0.0000205063   0.0000727404
       -0.0000164504   0.0000866523   0.0000720302   0.0001740948   0.0000771591
       -0.0000059100  -0.0000176426   0.0000314464   0.0003738828   0.0002950802
       -0.0001455324  -0.0007686266  -0.0014916513  -0.0004225260  -0.0003105842
        0.0003044854   0.0003063431  -0.0003790319   0.0006264123  -0.0001719418
       -0.0060120353  -0.0054244917   0.0005735662   0.1211083102   0.2248498616
        0.0332366403   0.0000174886   0.0005673712   0.0001427980   0.0002664058
        0.0001644907  -0.0001698766
        0.0000178479   0.0000063084   0.0000027615   0.0001053106  -0.0000585933
        0.0001728689  -0.0000297694   0.0000847313  -0.0007157942   0.0003021070
        0.0001845581   0.0002337824  -0.0032872590   0.0005889328  -0.0043525226
        0.0001179148   0.0002470093   0.0000817392   0.0003779785  -0.0002938975
        0.0006505410  -0.0011393608  -0.0032102975   0.0001300904  -0.0177649497
       -0.0281272509  -0.0488597545  -0.0178314325  -0.0203271501  -0.0079725032
       -0.0000108347  -0.0000181679  -0.0000027279   0.0000051447  -0.0000023003
        0.0000112768  -0.0000176243   0.0000240059   0.0000146716  -0.0007866179
       -0.0010460915  -0.0004614131   0.0000465030   0.0000952271   0.0000365848
       -0.0000417129   0.0000020272  -0.0000031857  -0.0000822428  -0.0001232957
        0.0000329221  -0.0001651213  -0.0000291082   0.0000743246   0.0001048304
        0.0005170479   0.0001350123  -0.0001794987  -0.0003741617  -0.0000333756
        0.0154860095   0.0194282702   0.0024998214   0.0247007629   0.0332366403
        0.0573202727   0.0001917349  -0.0001630190   0.0005391017  -0.0001197202
       -0.0006414249   0.0004655054
       -0.0000732069   0.0000021349   0.0000970747   0.0005097027   0.0001199276
        0.0000221053   0.0004007885  -0.0007192412  -0.0001863575   0.0000743333
        0.0000376098  -0.0001666585   0.0083215436  -0.0134749169  -0.0015338550
       -0.0010915056  -0.0024681819  -0.0004114136  -0.0000224314  -0.0001566985
        0.0000390612  -0.0017799621   0.0004818906  -0.0038999847  -0.0118232313
        0.0141107277  -0.0016217630  -0.1241590004   0.1089667698   0.0150998943
        0.0000250875   0.0000270274  -0.0000118326   0.0000175472   0.0000038660
       -0.0000248536  -0.0000233248  -0.0000076370   0.0000342052   0.0003511647
        0.0000357319   0.0002184628   0.0003955163  -0.0007374258  -0.0001326555
        0.0000167297  -0.0001577631  -0.0001712034  -0.0000455405  -0.0000132862
       -0.0000095313   0.0000427809  -0.0000833106   0.0000248071  -0.0006099445
        0.0009787413  -0.0001988387   0.0003696642  -0.0002664242  -0.0001927963
        0.0005821970  -0.0002047244   0.0003722610  -0.0002422813   0.0000174886
        0.0001917349   0.1445781808  -0.1247255652  -0.0133440459  -0.0158148075
        0.0182332596   0.0058061833
        0.0001309842  -0.0003322694  -0.0001607561  -0.0005479172   0.0004260374
       -0.0002803675   0.0011848553  -0.0009541178  -0.0004814002  -0.0000556251
        0.0003505580   0.0006032932   0.0109389602  -0.0254142558  -0.0031962651
       -0.0035430341  -0.0045133253  -0.0013475928  -0.0001736578   0.0004184567
       -0.0001048468   0.0010042726   0.0007012722   0.0016300078   0.0055210553
       -0.0049464074   0.0013994346   0.1091834935  -0.1877997796  -0.0166586048
        0.0000305974   0.0000410863  -0.0000339930   0.0000428671   0.0000002929
       -0.0000144345   0.0000094421   0.0000401075   0.0000476900   0.0002594630
        0.0003347492  -0.0001413771   0.0007657706  -0.0013884377  -0.0000156308
       -0.0002693390   0.0002001410   0.0001381862   0.0000316332  -0.0000447646
       -0.0000259365  -0.0001082435   0.0002061356  -0.0000450972   0.0001962276
       -0.0003887554  -0.0000401153  -0.0001843230   0.0000581684   0.0000720198
       -0.0000787884  -0.0000004298   0.0000026232  -0.0001665276   0.0005673712
       -0.0001630190  -0.1247255652   0.2205824645   0.0196286585   0.0005533988
        0.0018557017  -0.0008124766
        0.0000284483  -0.0000118551   0.0000216004  -0.0001894108   0.0000771621
       -0.0001522106   0.0003536036   0.0007469550   0.0007059950  -0.0000283885
       -0.0003255526  -0.0001618822   0.0027679902  -0.0053306330  -0.0000076205
       -0.0007869317  -0.0012281116   0.0002725560   0.0000431474  -0.0000885776
       -0.0000472257  -0.0029643388   0.0007927722  -0.0041968511  -0.0173832057
        0.0204026358  -0.0005718181   0.0148006611  -0.0163217187  -0.0454661086
        0.0000066979  -0.0000017014  -0.0000224404  -0.0000183145  -0.0000188930
       -0.0000212947   0.0000557082   0.0000077480  -0.0000121907   0.0002115497
       -0.0003352501  -0.0000898941   0.0000831268  -0.0004054241   0.0000741325
       -0.0001730402   0.0001856230   0.0000860993  -0.0000690362  -0.0000086176
       -0.0000123552   0.0000191922  -0.0000267669   0.0000008863  -0.0009383348
        0.0011490194  -0.0000157039  -0.0000530666  -0.0000728944  -0.0001026054
       -0.0001999896   0.0004315214   0.0006047380   0.0001909966   0.0001427980
        0.0005391017  -0.0133440459   0.0196286585   0.0528760994   0.0175869814
       -0.0193888970  -0.0043010077
       -0.0001801439   0.0002781792   0.0000194746  -0.0011654690   0.0002253888
        0.0000392037  -0.0004691756  -0.0036263362  -0.0015262758   0.0000133175
        0.0004649484   0.0005494485  -0.0157508109  -0.0086813774   0.0128142366
        0.0006269271   0.0007691425  -0.0001296460  -0.0000706511  -0.0001034067
        0.0002031254   0.0009066855  -0.0002276849  -0.0009083865   0.0084884850
        0.0022665131  -0.0108945113  -0.1338592790  -0.0183223890   0.1101941837
        0.0000700926   0.0000117987  -0.0000252170  -0.0000443216   0.0000021966
        0.0000101811   0.0000064141  -0.0000042397  -0.0000119927  -0.0002052262
        0.0001081249   0.0003067322   0.0000112064   0.0003031342  -0.0000890648
        0.0004492021  -0.0002642079  -0.0001480144  -0.0000858914   0.0000312297
       -0.0001202021  -0.0000270671   0.0000161332  -0.0000387063  -0.0000296623
       -0.0000265015   0.0000054198  -0.0000467517  -0.0000058298   0.0000493672
       -0.0007387367   0.0006681943  -0.0028552116   0.0006843952   0.0002664058
       -0.0001197202  -0.0158148075   0.0005533988   0.0175869814   0.1572312686
        0.0252971847  -0.1249114054
       -0.0002496029   0.0002640070  -0.0000464527  -0.0015220133   0.0003904321
        0.0002154455  -0.0010968257  -0.0043498006  -0.0025553521   0.0002579009
        0.0005484208   0.0011093104  -0.0203056388  -0.0088471618   0.0176221496
       -0.0006881017   0.0007449055   0.0006527303   0.0001044688  -0.0002849925
        0.0000762294  -0.0006906246   0.0003077909   0.0007820660  -0.0023632882
        0.0000254196   0.0041905632  -0.0185495634  -0.0482013973   0.0253167449
        0.0000723788   0.0000200917  -0.0000209389  -0.0000450931   0.0000081472
        0.0000240772  -0.0000427365  -0.0000102858   0.0000268635   0.0001952903
        0.0006760855   0.0003816715   0.0001974005   0.0002861745  -0.0001311288
        0.0003077676  -0.0005237963  -0.0004551080  -0.0000075825   0.0000529757
       -0.0001979622  -0.0000204662  -0.0000072336  -0.0000047920   0.0000141637
       -0.0000263587  -0.0002004909   0.0004968406  -0.0000229426   0.0000455437
        0.0003389690   0.0006478520   0.0009571948   0.0000659126   0.0001644907
       -0.0006414249   0.0182332596   0.0018557017  -0.0193888970   0.0252971847
        0.0562814744  -0.0277580426
       -0.0001690020   0.0000073040   0.0001070704   0.0003556619   0.0000545285
        0.0001313709  -0.0002113531  -0.0007441032  -0.0004147870  -0.0000703517
        0.0002344757   0.0008460247  -0.0015608584  -0.0004006185   0.0028820051
       -0.0001965526  -0.0001710759   0.0001482493   0.0000048087   0.0002241076
       -0.0001704928   0.0009725217  -0.0005706085   0.0006666465   0.0140810956
        0.0049120859  -0.0283526588   0.1106738972   0.0248432789  -0.1724172486
       -0.0000131215  -0.0000009159  -0.0000105582   0.0000084495  -0.0000023782
        0.0000152154  -0.0000448656   0.0000065808   0.0000094957  -0.0005108494
       -0.0003460632   0.0008850641  -0.0001205007  -0.0000831303   0.0000070184
       -0.0000725242   0.0002234189   0.0002662789  -0.0001359373  -0.0002378082
        0.0000365816  -0.0000316835  -0.0000324169  -0.0000131633   0.0001386249
       -0.0003067354   0.0003701548  -0.0007772249   0.0004289941   0.0003852952
       -0.0036342706   0.0007014758  -0.0054910454   0.0004192583  -0.0001698766
        0.0004655054   0.0058061833  -0.0008124766  -0.0043010077  -0.1249114054
       -0.0277580426   0.2039489854
