           1           2  0.958782471943887     
           2           3   1.12103219272893     
           2           4  0.170474242768077     
           3           4   1.75622365641735     
           3           5  0.961441665981250     
           5           6  0.977461824013014     
           6           7   1.01024697567224     
           7           8   1.00929054466647     
           8           9   1.00929113228070     
           5          10  0.977489901755980     
           9          10   1.01024462782913     
           1          11  0.977324404209522     
           1          12  0.982154015146800     
           1          13  0.977322437607339     
           5          14  0.966578992087312     
           6          15  0.977566666357037     
           6          16  0.973861540075926     
           7          17  0.972778739260249     
           7          18  0.976296051011162     
           8          19  0.977677804551393     
           8          20  0.977129680385689     
           9          21  0.972776538628996     
           9          22  0.976296830462983     
          10          23  0.977566647498202     
          10          24  0.973865838463630     
