$hessian                                                                        
        0.4462718778   0.0686948337  -0.0464721065  -0.0484402834   0.0215878378
       -0.0162198694  -0.0095965902   0.0130813633  -0.0087198332   0.0013358058
        0.0005411741  -0.0000062805  -0.0000157857   0.0008497826  -0.0005124271
       -0.0000199025   0.0000646116  -0.0000512470  -0.0010435645   0.0008157128
       -0.0007519701  -0.0046310614  -0.0018244259   0.0003396157  -0.0424217955
       -0.0324585650  -0.0136064272  -0.2746282933  -0.0641688217   0.0054244745
       -0.0642534298  -0.0069227102   0.0807759674  -0.0018624109   0.0000715573
       -0.0003505122   0.0000605040  -0.0000133684   0.0000158323  -0.0001134984
        0.0000121914   0.0000055392  -0.0005102960  -0.0000925333  -0.0000001456
       -0.0001312761  -0.0002386401   0.0001293897
        0.0686948337   0.4120573987   0.0564144687   0.0358334304  -0.1000465611
        0.0502807741   0.0011454517   0.0064086428  -0.0045937183  -0.0006843631
       -0.0011043404   0.0000363968   0.0007320175   0.0004763776  -0.0001289497
       -0.0001428625   0.0006877528  -0.0003770561  -0.0009444297  -0.0001015171
        0.0004586704  -0.0006721440  -0.0006633935   0.0006326555  -0.0282639660
       -0.2248006528  -0.1025016497  -0.0686252900  -0.0559529837  -0.0014942443
       -0.0054623561  -0.0383667140   0.0023142772  -0.0010720033   0.0006487744
       -0.0003015190   0.0000711222   0.0000653573  -0.0000209177  -0.0000330146
        0.0000667619  -0.0001585692  -0.0000452721   0.0000502263  -0.0001098736
       -0.0005311541   0.0005748708  -0.0004507451
       -0.0464721065   0.0564144687   0.4530614314  -0.0245244953   0.0482915746
       -0.0540221178  -0.0017612670  -0.0029280833  -0.0002729040   0.0007111836
        0.0002050405  -0.0009004678  -0.0004390710  -0.0001160927   0.0000860083
        0.0000680569  -0.0003513460   0.0002852033   0.0002773053   0.0007092100
        0.0005402054  -0.0003344628   0.0004720271   0.0002679953  -0.0113243429
       -0.1095852678  -0.0971664457   0.0080197410  -0.0008837264  -0.0406774925
        0.0751971767   0.0086227530  -0.2617800770   0.0003140175  -0.0001439624
        0.0005099494  -0.0000343516  -0.0000342606   0.0000235167   0.0000308020
       -0.0001545505  -0.0001043517  -0.0000301960  -0.0001113243  -0.0000574382
        0.0003020101  -0.0004064600   0.0002069851
       -0.0484402834   0.0358334304  -0.0245244953   0.2557292849   0.0017907038
        0.0306891276  -0.1297861600  -0.0487200701   0.0129029850  -0.0260390397
       -0.0170586417   0.0061105151   0.0027146741  -0.0018092636   0.0007663568
       -0.0022996474  -0.0015792438   0.0006291243   0.0036004055   0.0041673332
       -0.0024694088  -0.0391768643   0.0021637681  -0.0070520046  -0.0013107090
        0.0055972494  -0.0003127104  -0.0167425432   0.0174698143  -0.0125373339
        0.0013990543  -0.0002473961  -0.0033811343   0.0004303610   0.0014811847
       -0.0006257177  -0.0006487302  -0.0000440404  -0.0000831309   0.0002999500
        0.0002719113   0.0000205121  -0.0004859482  -0.0001063955  -0.0000015804
        0.0007561955   0.0007896560  -0.0001311046
        0.0215878378  -0.1000465611   0.0482915746   0.0017907038   0.1878894817
       -0.0929574069  -0.0333522410  -0.0511980398   0.0143960593  -0.0244357101
       -0.0070630122   0.0016825662   0.0002618424  -0.0023271275   0.0043804448
       -0.0006806187  -0.0004991911   0.0000906532   0.0031599161  -0.0005319375
        0.0028735344   0.0091006078   0.0075344653  -0.0017638369   0.0144210585
       -0.0246784693   0.0132160368   0.0011520869   0.0025227605  -0.0012694956
        0.0050462296  -0.0085921569   0.0114095234   0.0002764812  -0.0011900099
       -0.0000886935  -0.0009773586  -0.0004174583   0.0000974661   0.0001878407
       -0.0003645151  -0.0003730156   0.0008517776   0.0000286166   0.0001502552
        0.0016095459  -0.0010668454  -0.0001356654
       -0.0162198694   0.0502807741  -0.0540221178   0.0306891276  -0.0929574069
        0.0866611818   0.0039560197   0.0122525014  -0.0251617675   0.0104116698
        0.0027176710   0.0015296979  -0.0004917759   0.0040865947   0.0026377763
        0.0001028409  -0.0000554503  -0.0001448446  -0.0018429903   0.0030323279
        0.0016077293  -0.0111298378  -0.0027377097   0.0023759252   0.0009649727
        0.0021355145   0.0040948814  -0.0030029283   0.0009877960  -0.0009140158
       -0.0129201407   0.0205392622  -0.0146963972   0.0000959688   0.0000814686
       -0.0014361326   0.0004815169   0.0002324842  -0.0000774433   0.0000786187
       -0.0003563204  -0.0008218488  -0.0005749696   0.0000113590  -0.0000116092
       -0.0005982230  -0.0002508662  -0.0016210149
       -0.0095965902   0.0011454517  -0.0017612670  -0.1297861600  -0.0333522410
        0.0039560197   0.4740119458   0.0086903700   0.0470548566  -0.1015027509
       -0.0819381094   0.0401512415  -0.0157723654  -0.0295714820   0.0148965429
        0.0034494794   0.0126349047  -0.0060403090  -0.0559916532   0.0033918806
       -0.0099988002  -0.1673033883   0.1111627525  -0.0816041784   0.0007291992
       -0.0007178361  -0.0003290012  -0.0010893234   0.0015794281  -0.0010916879
        0.0006409315   0.0000969001   0.0008462977   0.0057725715   0.0158327975
       -0.0084259946  -0.0052261464  -0.0020459418  -0.0006594048   0.0009337422
        0.0003094668  -0.0000322415  -0.0051796507  -0.0018569167  -0.0008223681
        0.0059101589  -0.0053614250   0.0038602943
        0.0130813633   0.0064086428  -0.0029280833  -0.0487200701  -0.0511980398
        0.0122525014   0.0086903700   0.4987376032  -0.2310969428  -0.0307208805
       -0.2408167410   0.1095293032  -0.0804337969  -0.0037688434  -0.0083461432
        0.0125793264  -0.0465835649   0.0254069384   0.0531639976   0.0372705292
       -0.0135307438   0.0619912760  -0.1672383232   0.0780447183   0.0000023107
        0.0010275940  -0.0006212688   0.0022059218  -0.0031743454   0.0022572716
       -0.0003825061   0.0006696694  -0.0002963708  -0.0034096365  -0.0178492423
        0.0098783004  -0.0019320462   0.0025763035   0.0029183696   0.0003341120
       -0.0005447550   0.0003010378  -0.0020789866   0.0027003904   0.0030816839
        0.0156292450  -0.0182168773   0.0131494282
       -0.0087198332  -0.0045937183  -0.0002729040   0.0129029850   0.0143960593
       -0.0251617675   0.0470548566  -0.2310969428   0.2430621120   0.0102105101
        0.1023721196  -0.1045425882   0.0446511214  -0.0012102867   0.0082098614
       -0.0060143095   0.0254024034  -0.0218638386  -0.0391152538  -0.0204985304
        0.0079026555  -0.0528622443   0.0849275256  -0.1056231116   0.0005059894
       -0.0001317261   0.0002087128  -0.0014550204   0.0021475822  -0.0013232387
       -0.0001261784  -0.0008000242   0.0006376766   0.0028227520   0.0125686519
       -0.0071015648  -0.0007274536   0.0028971762   0.0062251178  -0.0000472265
        0.0002861177  -0.0003087483  -0.0006969654   0.0031174777   0.0065634141
       -0.0083837294   0.0102161149  -0.0066117883
        0.0013358058  -0.0006843631   0.0007111836  -0.0260390397  -0.0244357101
        0.0104116698  -0.1015027509  -0.0307208805   0.0102105101   0.6456324063
        0.0182315243   0.0645109278  -0.3179006225  -0.0874586912   0.0128404958
       -0.0542570358   0.0553337044  -0.0401329239  -0.0347503214  -0.0317050150
        0.0143865571   0.0492053020  -0.0000555930   0.0068362474  -0.0002807117
        0.0001565985   0.0000718943   0.0006434491  -0.0005311586   0.0003702265
       -0.0002058206   0.0000097697  -0.0002892875  -0.1457595716   0.1027205273
       -0.0760191729  -0.0123685479  -0.0049251349   0.0010610748  -0.0017520665
        0.0022371126  -0.0026136197   0.0000318897  -0.0006982361   0.0004132569
       -0.0020323640   0.0025255457  -0.0027690402
        0.0005411741  -0.0011043404   0.0002050405  -0.0170586417  -0.0070630122
        0.0027176710  -0.0819381094  -0.2408167410   0.1023721196   0.0182315243
        0.5172726348  -0.2362843297  -0.0191499579  -0.0914702259   0.0246771797
        0.0041420722   0.0365062083  -0.0199996722  -0.0284416051  -0.0230904293
        0.0066375060   0.0415878469  -0.0394109712   0.0291545963   0.0003423242
       -0.0000253086  -0.0002368448   0.0003000319  -0.0005667694   0.0005396596
        0.0001318626   0.0001238774   0.0004030512   0.1024866062  -0.1428923410
        0.0793650725  -0.0250796765  -0.0077950063   0.0014512665   0.0025391275
        0.0002307015   0.0046620521  -0.0006219987   0.0001662555  -0.0002620524
        0.0019874194  -0.0000645322   0.0045976839
       -0.0000062805   0.0000363968  -0.0009004678   0.0061105151   0.0016825662
        0.0015296979   0.0401512415   0.1095293032  -0.1045425882   0.0645109278
       -0.2362843297   0.2559978387  -0.0270700266   0.0151412001  -0.0572758764
       -0.0102004991  -0.0128213042   0.0073829365   0.0124343387   0.0061444006
       -0.0068289922  -0.0174879251   0.0233457330  -0.0155630711  -0.0001047755
        0.0003292772   0.0001905535  -0.0001242191   0.0004228934   0.0000156031
       -0.0002807040  -0.0001953910  -0.0000330652  -0.0758926310   0.0793915864
       -0.0887651583   0.0128368517   0.0042612496  -0.0000257302  -0.0027943247
        0.0046200488   0.0045003762   0.0003861239  -0.0002580320   0.0001044654
       -0.0024686131   0.0046544013   0.0042134781
       -0.0000157857   0.0007320175  -0.0004390710   0.0027146741   0.0002618424
       -0.0004917759  -0.0157723654  -0.0804337969   0.0446511214  -0.3179006225
       -0.0191499579  -0.0270700266   0.6451674371   0.0326557893   0.0551374926
       -0.1965241101   0.0586613215  -0.0552344579   0.0542264356   0.0491710965
       -0.0213280539  -0.0555150536   0.0132378032  -0.0148118520  -0.0003729083
        0.0000621429  -0.0002190226   0.0001499603  -0.0000617581   0.0000373342
       -0.0004482995   0.0001633999   0.0000110790  -0.0230327445  -0.0021752542
       -0.0020410443  -0.0696379042  -0.0683538492   0.0350054688  -0.0230997377
        0.0172637943  -0.0133721157   0.0005136266  -0.0024932359   0.0004552787
       -0.0004526022   0.0004586446  -0.0002903548
        0.0008497826   0.0004763776  -0.0001160927  -0.0018092636  -0.0023271275
        0.0040865947  -0.0295714820  -0.0037688434  -0.0012102867  -0.0874586912
       -0.0914702259   0.0151412001   0.0326557893   0.5321276453  -0.2391292724
        0.1266826524  -0.1720997156   0.0907441115  -0.0017401348  -0.0447083330
        0.0266256724   0.0156234968  -0.0021168136   0.0005046867  -0.0001840341
       -0.0000002692   0.0001551599   0.0002115653   0.0000255765   0.0000226902
        0.0000960151  -0.0000480722  -0.0002422949   0.0181695698   0.0030283290
        0.0011014572  -0.0684364955  -0.2208895179   0.0995491519  -0.0034342978
        0.0035829845  -0.0024277778  -0.0020831743  -0.0023730944   0.0055952126
        0.0004287020   0.0005610999  -0.0004002128
       -0.0005124271  -0.0001289497   0.0000860083   0.0007663568   0.0043804448
        0.0026377763   0.0148965429  -0.0083461432   0.0082098614   0.0128404958
        0.0246771797  -0.0572758764   0.0551374926  -0.2391292724   0.2628830526
       -0.0949677924   0.0812390853  -0.1080778938   0.0084232077   0.0337461220
       -0.0172782372  -0.0162364754   0.0001836306  -0.0073771655  -0.0002029460
       -0.0002301048  -0.0001493457  -0.0001072312  -0.0000076438   0.0000142701
        0.0001645459   0.0001803698  -0.0000257175  -0.0139307022  -0.0017418568
       -0.0003713471   0.0350549321   0.0995671266  -0.0875314729  -0.0012621460
        0.0004687503  -0.0001994165   0.0002159004   0.0055325060   0.0044758905
       -0.0002797541  -0.0003912444  -0.0000203867
       -0.0000199025  -0.0001428625   0.0000680569  -0.0022996474  -0.0006806187
        0.0001028409   0.0034494794   0.0125793264  -0.0060143095  -0.0542570358
        0.0041420722  -0.0102004991  -0.1965241101   0.1266826524  -0.0949677924
        0.6707803777   0.0362936645   0.0568095106  -0.1183544703  -0.0994738893
        0.0482375464  -0.0144715099  -0.0291078591   0.0147913253   0.0001256922
       -0.0000681123  -0.0000470623   0.0000419589  -0.0001463567   0.0000925259
        0.0000970720   0.0000155202   0.0001202314  -0.0053929769  -0.0017768250
       -0.0008366319   0.0056495851  -0.0050654187   0.0036282225  -0.2886441058
       -0.0572845746  -0.0022806538   0.0052959366   0.0161980359  -0.0088388205
       -0.0054763431  -0.0021647547  -0.0006644905
        0.0000646116   0.0006877528  -0.0003513460  -0.0015792438  -0.0004991911
       -0.0000554503   0.0126349047  -0.0465835649   0.0254024034   0.0553337044
        0.0365062083  -0.0128213042   0.0586613215  -0.1720997156   0.0812390853
        0.0362936645   0.5146103835  -0.2293633335  -0.0313661339  -0.2452108038
        0.1110585286  -0.0795873066  -0.0034495547  -0.0082642543  -0.0002956156
        0.0001969705  -0.0000209720   0.0001171465   0.0000179729  -0.0000065802
       -0.0002490729   0.0000775978  -0.0002317785  -0.0023325321   0.0027096516
        0.0027403339   0.0156014894  -0.0180898165   0.0132440609  -0.0572193356
       -0.0542267072   0.0043791463  -0.0043434711  -0.0174782075   0.0101149232
       -0.0017341309   0.0028310240   0.0029365373
       -0.0000512470  -0.0003770561   0.0002852033   0.0006291243   0.0000906532
       -0.0001448446  -0.0060403090   0.0254069384  -0.0218638386  -0.0401329239
       -0.0199996722   0.0073829365  -0.0552344579   0.0907441115  -0.1080778938
        0.0568095106  -0.2293633335   0.2556650018   0.0084522629   0.1015312874
       -0.1058617803   0.0442910770  -0.0011998650   0.0083683048   0.0001730905
       -0.0001356238  -0.0000118799  -0.0000579075  -0.0000444441  -0.0000039139
        0.0001809124  -0.0000533583   0.0001460333  -0.0005000517   0.0028187965
        0.0062453793  -0.0084467406   0.0103513265  -0.0063992036  -0.0023225655
        0.0043806321  -0.0358974071   0.0031591100   0.0129898563  -0.0062778276
       -0.0009088846   0.0028597512   0.0064457304
       -0.0010435645  -0.0009444297   0.0002773053   0.0036004055   0.0031599161
       -0.0018429903  -0.0559916532   0.0531639976  -0.0391152538  -0.0347503214
       -0.0284416051   0.0124343387   0.0542264356  -0.0017401348   0.0084232077
       -0.1183544703  -0.0313661339   0.0084522629   0.6589788746   0.0230731321
        0.0625497943  -0.3301665885  -0.0907300248   0.0130342500   0.0003653954
       -0.0004128170  -0.0000041881  -0.0002793576   0.0002185843  -0.0001508391
        0.0002694468  -0.0001405700   0.0003940967   0.0000858129  -0.0006409741
        0.0004278189  -0.0017366616   0.0027748323  -0.0029730953  -0.0124375067
       -0.0249955302   0.0128269500  -0.1511433148   0.1017722398  -0.0758002614
       -0.0116229319  -0.0047504827   0.0010666033
        0.0008157128  -0.0001015171   0.0007092100   0.0041673332  -0.0005319375
        0.0030323279   0.0033918806   0.0372705292  -0.0204985304  -0.0317050150
       -0.0230904293   0.0061444006   0.0491710965  -0.0447083330   0.0337461220
       -0.0994738893  -0.2452108038   0.1015312874   0.0230731321   0.5238789101
       -0.2353345724  -0.0239723886  -0.0939798071   0.0256065903   0.0000521103
        0.0000163832  -0.0001044173   0.0000198070  -0.0001842947   0.0001022071
        0.0001618278   0.0000253850   0.0001073492  -0.0004881222   0.0000774673
       -0.0002322487   0.0022614185   0.0000132899   0.0049749684  -0.0044012726
       -0.0068814359   0.0036343953   0.1018162056  -0.1391341488   0.0753664048
       -0.0248898365  -0.0074592578   0.0012145058
       -0.0007519701   0.0004586704   0.0005402054  -0.0024694088   0.0028735344
        0.0016077293  -0.0099988002  -0.0135307438   0.0079026555   0.0143865571
        0.0066375060  -0.0068289922  -0.0213280539   0.0266256724  -0.0172782372
        0.0482375464   0.1110585286  -0.1058617803   0.0625497943  -0.2353345724
        0.2620254258  -0.0259775687   0.0162486925  -0.0575647191  -0.0001299523
        0.0000340678  -0.0000117907  -0.0000499843   0.0001297699  -0.0000986726
        0.0000932620  -0.0001312491   0.0000762561   0.0003238076  -0.0002621081
       -0.0000163407  -0.0026834448   0.0050386310   0.0046357393   0.0007791027
        0.0007411868   0.0000467636  -0.0758226457   0.0753715100  -0.0891866331
        0.0128417587   0.0040409035   0.0000123908
       -0.0046310614  -0.0006721440  -0.0003344628  -0.0391768643   0.0091006078
       -0.0111298378  -0.1673033883   0.0619912760  -0.0528622443   0.0492053020
        0.0415878469  -0.0174879251  -0.0555150536   0.0156234968  -0.0162364754
       -0.0144715099  -0.0795873066   0.0442910770  -0.3301665885  -0.0239723886
       -0.0259775687   0.6579822088   0.0540888121   0.0448478439  -0.0002240296
       -0.0001000282   0.0002175240  -0.0006997238   0.0016260266  -0.0010610727
       -0.0002120759  -0.0002411024  -0.0000707173   0.0000296423  -0.0026542418
        0.0005352687  -0.0003944025   0.0004283987  -0.0002712167   0.0003942369
       -0.0022447970   0.0003463585  -0.0228902680  -0.0024480977  -0.0018641268
       -0.0719264243  -0.0725263587   0.0370575755
       -0.0018244259  -0.0006633935   0.0004720271   0.0021637681   0.0075344653
       -0.0027377097   0.1111627525  -0.1672383232   0.0849275256  -0.0000555930
       -0.0394109712   0.0233457330   0.0132378032  -0.0021168136   0.0001836306
       -0.0291078591  -0.0034495547  -0.0011998650  -0.0907300248  -0.0939798071
        0.0162486925   0.0540888121   0.5210208899  -0.2317572276   0.0001846340
       -0.0001656821   0.0001123646  -0.0003005615   0.0003223901  -0.0001858665
        0.0002973150  -0.0002403967   0.0001836300  -0.0021163759  -0.0022693120
        0.0053036257   0.0003425453   0.0006458094  -0.0004387461  -0.0025158863
       -0.0022432155   0.0052441764   0.0178090277   0.0032477556   0.0009503706
       -0.0726359313  -0.2209938407   0.0993476389
        0.0003396157   0.0006326555   0.0002679953  -0.0070520046  -0.0017638369
        0.0023759252  -0.0816041784   0.0780447183  -0.1056231116   0.0068362474
        0.0291545963  -0.0155630711  -0.0148118520   0.0005046867  -0.0073771655
        0.0147913253  -0.0082642543   0.0083683048   0.0130342500   0.0256065903
       -0.0575647191   0.0448478439  -0.2317572276   0.2533572326  -0.0002685972
        0.0001625553  -0.0001231413   0.0000622382   0.0000917106   0.0000472265
       -0.0000683599   0.0000081583  -0.0000675424   0.0002176029   0.0052360330
        0.0042859836  -0.0002290531  -0.0004203949   0.0000437025   0.0004989724
        0.0052878209   0.0043224245  -0.0136979595  -0.0018898580  -0.0002185148
        0.0371039089   0.0993660465  -0.0865315292
       -0.0424217955  -0.0282639660  -0.0113243429  -0.0013107090   0.0144210585
        0.0009649727   0.0007291992   0.0000023107   0.0005059894  -0.0002807117
        0.0003423242  -0.0001047755  -0.0003729083  -0.0001840341  -0.0002029460
        0.0001256922  -0.0002956156   0.0001730905   0.0003653954   0.0000521103
       -0.0001299523  -0.0002240296   0.0001846340  -0.0002685972   0.0497387158
        0.0334595051   0.0170938763  -0.0062998857  -0.0278715799  -0.0147803450
        0.0015347229   0.0086482625   0.0067453009  -0.0018072545  -0.0002774002
        0.0010578756   0.0000208905  -0.0000222333   0.0000232814   0.0000330643
       -0.0000085262   0.0000925528   0.0000464083  -0.0000128481   0.0000277959
        0.0001232056  -0.0001740019   0.0001262235
       -0.0324585650  -0.2248006528  -0.1095852678   0.0055972494  -0.0246784693
        0.0021355145  -0.0007178361   0.0010275940  -0.0001317261   0.0001565985
       -0.0000253086   0.0003292772   0.0000621429  -0.0000002692  -0.0002301048
       -0.0000681123   0.0001969705  -0.0001356238  -0.0004128170   0.0000163832
        0.0000340678  -0.0001000282  -0.0001656821   0.0001625553   0.0334595051
        0.2564200325   0.1170375906  -0.0048077182  -0.0090274511  -0.0058382023
       -0.0006641156   0.0000962582  -0.0032845159   0.0002147708   0.0007726032
       -0.0003455079  -0.0000499097   0.0000153068  -0.0000132919  -0.0000231005
        0.0000392290  -0.0000112420  -0.0000474111  -0.0000038742  -0.0000169187
       -0.0001406531   0.0001173299  -0.0001066042
       -0.0136064272  -0.1025016497  -0.0971664457  -0.0003127104   0.0132160368
        0.0040948814  -0.0003290012  -0.0006212688   0.0002087128   0.0000718943
       -0.0002368448   0.0001905535  -0.0002190226   0.0001551599  -0.0001493457
       -0.0000470623  -0.0000209720  -0.0000118799  -0.0000041881  -0.0001044173
       -0.0000117907   0.0002175240   0.0001123646  -0.0001231413   0.0170938763
        0.1170375906   0.1100899700  -0.0002028830  -0.0006645200   0.0002556610
       -0.0037385158  -0.0264062903  -0.0173863132   0.0010106673   0.0001042853
       -0.0000751154   0.0000100190  -0.0000109837   0.0000064397  -0.0000428797
        0.0000155840   0.0000086760   0.0000154772   0.0000132939   0.0000048116
        0.0000832322  -0.0000873687   0.0000643258
       -0.2746282933  -0.0686252900   0.0080197410  -0.0167425432   0.0011520869
       -0.0030029283  -0.0010893234   0.0022059218  -0.0014550204   0.0006434491
        0.0003000319  -0.0001242191   0.0001499603   0.0002115653  -0.0001072312
        0.0000419589   0.0001171465  -0.0000579075  -0.0002793576   0.0000198070
       -0.0000499843  -0.0006997238  -0.0003005615   0.0000622382  -0.0062998857
       -0.0048077182  -0.0002028830   0.3120773219   0.0740606520  -0.0063925644
       -0.0129527573  -0.0047336364   0.0035382910  -0.0001376073   0.0002617132
       -0.0001399665   0.0000508759   0.0000321231  -0.0000119844  -0.0000149692
        0.0000163062  -0.0000113945  -0.0000471699   0.0000004765  -0.0000090470
       -0.0000719355   0.0000893758  -0.0000551396
       -0.0641688217  -0.0559529837  -0.0008837264   0.0174698143   0.0025227605
        0.0009877960   0.0015794281  -0.0031743454   0.0021475822  -0.0005311586
       -0.0005667694   0.0004228934  -0.0000617581   0.0000255765  -0.0000076438
       -0.0001463567   0.0000179729  -0.0000444441   0.0002185843  -0.0001842947
        0.0001297699   0.0016260266   0.0003223901   0.0000917106  -0.0278715799
       -0.0090274511  -0.0006645200   0.0740606520   0.0653936714  -0.0017344702
       -0.0020126628   0.0002371409  -0.0000731777  -0.0002516697   0.0001539791
       -0.0002547180  -0.0000027816   0.0000303542  -0.0000104715  -0.0000087988
        0.0000277720  -0.0000190206   0.0001008813   0.0000223443  -0.0000061826
        0.0000002014   0.0001518824  -0.0000813773
        0.0054244745  -0.0014942443  -0.0406774925  -0.0125373339  -0.0012694956
       -0.0009140158  -0.0010916879   0.0022572716  -0.0013232387   0.0003702265
        0.0005396596   0.0000156031   0.0000373342   0.0000226902   0.0000142701
        0.0000925259  -0.0000065802  -0.0000039139  -0.0001508391   0.0001022071
       -0.0000986726  -0.0010610727  -0.0001858665   0.0000472265  -0.0147803450
       -0.0058382023   0.0002556610  -0.0063925644  -0.0017344702   0.0450678123
        0.0299968527   0.0079028701  -0.0023636653   0.0001584969  -0.0001856805
       -0.0000886685   0.0000074389  -0.0000047774   0.0000192159   0.0000029433
       -0.0000168392   0.0000092440  -0.0000658413  -0.0000201964  -0.0000115675
       -0.0000106088  -0.0000683460   0.0000522018
       -0.0642534298  -0.0054623561   0.0751971767   0.0013990543   0.0050462296
       -0.0129201407   0.0006409315  -0.0003825061  -0.0001261784  -0.0002058206
        0.0001318626  -0.0002807040  -0.0004482995   0.0000960151   0.0001645459
        0.0000970720  -0.0002490729   0.0001809124   0.0002694468   0.0001618278
        0.0000932620  -0.0002120759   0.0002973150  -0.0000683599   0.0015347229
       -0.0006641156  -0.0037385158  -0.0129527573  -0.0020126628   0.0299968527
        0.0752105872   0.0044309124  -0.0879604017  -0.0013005860  -0.0010911611
       -0.0006326386   0.0000170655  -0.0000280061   0.0000119614   0.0000385384
       -0.0000747703  -0.0000378671   0.0000453296  -0.0000225410   0.0000062242
        0.0001202209  -0.0001769704   0.0001138710
       -0.0069227102  -0.0383667140   0.0086227530  -0.0002473961  -0.0085921569
        0.0205392622   0.0000969001   0.0006696694  -0.0008000242   0.0000097697
        0.0001238774  -0.0001953910   0.0001633999  -0.0000480722   0.0001803698
        0.0000155202   0.0000775978  -0.0000533583  -0.0001405700   0.0000253850
       -0.0001312491  -0.0002411024  -0.0002403967   0.0000081583   0.0086482625
        0.0000962582  -0.0264062903  -0.0047336364   0.0002371409   0.0079028701
        0.0044309124   0.0458786069  -0.0091505913  -0.0009136131   0.0000031786
       -0.0004352921  -0.0000315339   0.0000119601  -0.0000162804   0.0000297088
        0.0000082117   0.0000017222  -0.0000337971  -0.0000037938   0.0000130507
       -0.0001301144   0.0001192475  -0.0000797095
        0.0807759674   0.0023142772  -0.2617800770  -0.0033811343   0.0114095234
       -0.0146963972   0.0008462977  -0.0002963708   0.0006376766  -0.0002892875
        0.0004030512  -0.0000330652   0.0000110790  -0.0002422949  -0.0000257175
        0.0001202314  -0.0002317785   0.0001460333   0.0003940967   0.0001073492
        0.0000762561  -0.0000707173   0.0001836300  -0.0000675424   0.0067453009
       -0.0032845159  -0.0173863132   0.0035382910  -0.0000731777  -0.0023636653
       -0.0879604017  -0.0091505913   0.2951784646  -0.0009758396  -0.0009703486
        0.0001970602   0.0000426536  -0.0000121354   0.0000165497   0.0000443850
       -0.0000346083   0.0000325934   0.0000488389  -0.0000152926  -0.0000009944
        0.0001102389  -0.0001067170   0.0000691383
       -0.0018624109  -0.0010720033   0.0003140175   0.0004303610   0.0002764812
        0.0000959688   0.0057725715  -0.0034096365   0.0028227520  -0.1457595716
        0.1024866062  -0.0758926310  -0.0230327445   0.0181695698  -0.0139307022
       -0.0053929769  -0.0023325321  -0.0005000517   0.0000858129  -0.0004881222
        0.0003238076   0.0000296423  -0.0021163759   0.0002176029  -0.0018072545
        0.0002147708   0.0010106673  -0.0001376073  -0.0002516697   0.0001584969
       -0.0013005860  -0.0009136131  -0.0009758396   0.1731598674  -0.1119569354
        0.0865673909   0.0006523668   0.0008495822  -0.0000210449  -0.0010608054
        0.0008926441  -0.0006924427   0.0000139079   0.0000554407   0.0002174741
        0.0002094273  -0.0004042066   0.0002845342
        0.0000715573   0.0006487744  -0.0001439624   0.0014811847  -0.0011900099
        0.0000814686   0.0158327975  -0.0178492423   0.0125686519   0.1027205273
       -0.1428923410   0.0793915864  -0.0021752542   0.0030283290  -0.0017418568
       -0.0017768250   0.0027096516   0.0028187965  -0.0006409741   0.0000774673
       -0.0002621081  -0.0026542418  -0.0022693120   0.0052360330  -0.0002774002
        0.0007726032   0.0001042853   0.0002617132   0.0001539791  -0.0001856805
       -0.0010911611   0.0000031786  -0.0009703486  -0.1119569354   0.1578557827
       -0.0948979120  -0.0006284842   0.0001350263  -0.0017781770  -0.0002296287
        0.0001264705  -0.0000169471   0.0000670033  -0.0003760836  -0.0007998524
        0.0009961214  -0.0009342741   0.0005960233
       -0.0003505122  -0.0003015190   0.0005099494  -0.0006257177  -0.0000886935
       -0.0014361326  -0.0084259946   0.0098783004  -0.0071015648  -0.0760191729
        0.0793650725  -0.0887651583  -0.0020410443   0.0011014572  -0.0003713471
       -0.0008366319   0.0027403339   0.0062453793   0.0004278189  -0.0002322487
       -0.0000163407   0.0005352687   0.0053036257   0.0042859836   0.0010578756
       -0.0003455079  -0.0000751154  -0.0001399665  -0.0002547180  -0.0000886685
       -0.0006326386  -0.0004352921   0.0001970602   0.0865673909  -0.0948979120
        0.0899835131   0.0008433200  -0.0015695321  -0.0017133023  -0.0000351657
        0.0001403490   0.0000672928   0.0002092700  -0.0008061258  -0.0012675175
       -0.0005340998   0.0004024105  -0.0004540310
        0.0000605040   0.0000711222  -0.0000343516  -0.0006487302  -0.0009773586
        0.0004815169  -0.0052261464  -0.0019320462  -0.0007274536  -0.0123685479
       -0.0250796765   0.0128368517  -0.0696379042  -0.0684364955   0.0350549321
        0.0056495851   0.0156014894  -0.0084467406  -0.0017366616   0.0022614185
       -0.0026834448  -0.0003944025   0.0003425453  -0.0002290531   0.0000208905
       -0.0000499097   0.0000100190   0.0000508759  -0.0000027816   0.0000074389
        0.0000170655  -0.0000315339   0.0000426536   0.0006523668  -0.0006284842
        0.0008433200   0.0825095060   0.0768869173  -0.0367668678   0.0008253684
        0.0009595129  -0.0000853357   0.0001964324   0.0008633238  -0.0004665948
        0.0000297981   0.0001519568   0.0001631098
       -0.0000133684   0.0000653573  -0.0000342606  -0.0000440404  -0.0004174583
        0.0002324842  -0.0020459418   0.0025763035   0.0028971762  -0.0049251349
       -0.0077950063   0.0042612496  -0.0683538492  -0.2208895179   0.0995671266
       -0.0050654187  -0.0180898165   0.0103513265   0.0027748323   0.0000132899
        0.0050386310   0.0004283987   0.0006458094  -0.0004203949  -0.0000222333
        0.0000153068  -0.0000109837   0.0000321231   0.0000303542  -0.0000047774
       -0.0000280061   0.0000119601  -0.0000121354   0.0008495822   0.0001350263
       -0.0015695321   0.0768869173   0.2449529776  -0.1183827952  -0.0002883480
        0.0000136989  -0.0015528176  -0.0003307141  -0.0009287198   0.0004563495
        0.0001452013  -0.0003395651  -0.0008166468
        0.0000158323  -0.0000209177   0.0000235167  -0.0000831309   0.0000974661
       -0.0000774433  -0.0006594048   0.0029183696   0.0062251178   0.0010610748
        0.0014512665  -0.0000257302   0.0350054688   0.0995491519  -0.0875314729
        0.0036282225   0.0132440609  -0.0063992036  -0.0029730953   0.0049749684
        0.0046357393  -0.0002712167  -0.0004387461   0.0000437025   0.0000232814
       -0.0000132919   0.0000064397  -0.0000119844  -0.0000104715   0.0000192159
        0.0000119614  -0.0000162804   0.0000165497  -0.0000210449  -0.0017781770
       -0.0017133023  -0.0367668678  -0.1183827952   0.0881239346   0.0006460144
       -0.0013774384  -0.0016764270   0.0002297129   0.0006223857  -0.0003969176
        0.0001651763  -0.0008195510  -0.0012737193
       -0.0001134984  -0.0000330146   0.0000308020   0.0002999500   0.0001878407
        0.0000786187   0.0009337422   0.0003341120  -0.0000472265  -0.0017520665
        0.0025391275  -0.0027943247  -0.0230997377  -0.0034342978  -0.0012621460
       -0.2886441058  -0.0572193356  -0.0023225655  -0.0124375067  -0.0044012726
        0.0007791027   0.0003942369  -0.0025158863   0.0004989724   0.0000330643
       -0.0000231005  -0.0000428797  -0.0000149692  -0.0000087988   0.0000029433
        0.0000385384   0.0000297088   0.0000443850  -0.0010608054  -0.0002296287
       -0.0000351657   0.0008253684  -0.0002883480   0.0006460144   0.3242617519
        0.0643934106   0.0044374653   0.0009067554   0.0007498358   0.0000281363
       -0.0005707178  -0.0000803526  -0.0000421320
        0.0000121914   0.0000667619  -0.0001545505   0.0002719113  -0.0003645151
       -0.0003563204   0.0003094668  -0.0005447550   0.0002861177   0.0022371126
        0.0002307015   0.0046200488   0.0172637943   0.0035829845   0.0004687503
       -0.0572845746  -0.0542267072   0.0043806321  -0.0249955302  -0.0068814359
        0.0007411868  -0.0022447970  -0.0022432155   0.0052878209  -0.0000085262
        0.0000392290   0.0000155840   0.0000163062   0.0000277720  -0.0000168392
       -0.0000747703   0.0000082117  -0.0000346083   0.0008926441   0.0001264705
        0.0001403490   0.0009595129   0.0000136989  -0.0013774384   0.0643934106
        0.0605665502  -0.0126166714  -0.0004946405  -0.0000460229  -0.0014627222
       -0.0012535114  -0.0003557285   0.0000786609
        0.0000055392  -0.0001585692  -0.0001043517   0.0000205121  -0.0003730156
       -0.0008218488  -0.0000322415   0.0003010378  -0.0003087483  -0.0026136197
        0.0046620521   0.0045003762  -0.0133721157  -0.0024277778  -0.0001994165
       -0.0022806538   0.0043791463  -0.0358974071   0.0128269500   0.0036343953
        0.0000467636   0.0003463585   0.0052441764   0.0043224245   0.0000925528
       -0.0000112420   0.0000086760  -0.0000113945  -0.0000190206   0.0000092440
       -0.0000378671   0.0000017222   0.0000325934  -0.0006924427  -0.0000169471
        0.0000672928  -0.0000853357  -0.0015528176  -0.0016764270   0.0044374653
       -0.0126166714   0.0315675886   0.0007547983  -0.0012902151  -0.0015737796
        0.0006414947   0.0002437464   0.0000270199
       -0.0005102960  -0.0000452721  -0.0000301960  -0.0004859482   0.0008517776
       -0.0005749696  -0.0051796507  -0.0020789866  -0.0006969654   0.0000318897
       -0.0006219987   0.0003861239   0.0005136266  -0.0020831743   0.0002159004
        0.0052959366  -0.0043434711   0.0031591100  -0.1511433148   0.1018162056
       -0.0758226457  -0.0228902680   0.0178090277  -0.0136979595   0.0000464083
       -0.0000474111   0.0000154772  -0.0000471699   0.0001008813  -0.0000658413
        0.0000453296  -0.0000337971   0.0000488389   0.0000139079   0.0000670033
        0.0002092700   0.0001964324  -0.0003307141   0.0002297129   0.0009067554
       -0.0004946405   0.0007547983   0.1724915510  -0.1114220676   0.0858709583
        0.0007148101   0.0008566377  -0.0000016124
       -0.0000925333   0.0000502263  -0.0001113243  -0.0001063955   0.0000286166
        0.0000113590  -0.0018569167   0.0027003904   0.0031174777  -0.0006982361
        0.0001662555  -0.0002580320  -0.0024932359  -0.0023730944   0.0055325060
        0.0161980359  -0.0174782075   0.0129898563   0.1017722398  -0.1391341488
        0.0753715100  -0.0024480977   0.0032477556  -0.0018898580  -0.0000128481
       -0.0000038742   0.0000132939   0.0000004765   0.0000223443  -0.0000201964
       -0.0000225410  -0.0000037938  -0.0000152926   0.0000554407  -0.0003760836
       -0.0008061258   0.0008633238  -0.0009287198   0.0006223857   0.0007498358
       -0.0000460229  -0.0012902151  -0.1114220676   0.1540702855  -0.0915050917
       -0.0004864806   0.0000580710  -0.0017622527
       -0.0000001456  -0.0001098736  -0.0000574382  -0.0000015804   0.0001502552
       -0.0000116092  -0.0008223681   0.0030816839   0.0065634141   0.0004132569
       -0.0002620524   0.0001044654   0.0004552787   0.0055952126   0.0044758905
       -0.0088388205   0.0101149232  -0.0062778276  -0.0758002614   0.0753664048
       -0.0891866331  -0.0018641268   0.0009503706  -0.0002185148   0.0000277959
       -0.0000169187   0.0000048116  -0.0000090470  -0.0000061826  -0.0000115675
        0.0000062242   0.0000130507  -0.0000009944   0.0002174741  -0.0007998524
       -0.0012675175  -0.0004665948   0.0004563495  -0.0003969176   0.0000281363
       -0.0014627222  -0.0015737796   0.0858709583  -0.0915050917   0.0896608133
        0.0007838203  -0.0015655567  -0.0018065954
       -0.0001312761  -0.0005311541   0.0003020101   0.0007561955   0.0016095459
       -0.0005982230   0.0059101589   0.0156292450  -0.0083837294  -0.0020323640
        0.0019874194  -0.0024686131  -0.0004526022   0.0004287020  -0.0002797541
       -0.0054763431  -0.0017341309  -0.0009088846  -0.0116229319  -0.0248898365
        0.0128417587  -0.0719264243  -0.0726359313   0.0371039089   0.0001232056
       -0.0001406531   0.0000832322  -0.0000719355   0.0000002014  -0.0000106088
        0.0001202209  -0.0001301144   0.0001102389   0.0002094273   0.0009961214
       -0.0005340998   0.0000297981   0.0001452013   0.0001651763  -0.0005707178
       -0.0012535114   0.0006414947   0.0007148101  -0.0004864806   0.0007838203
        0.0844207784   0.0810053760  -0.0388477273
       -0.0002386401   0.0005748708  -0.0004064600   0.0007896560  -0.0010668454
       -0.0002508662  -0.0053614250  -0.0182168773   0.0102161149   0.0025255457
       -0.0000645322   0.0046544013   0.0004586446   0.0005610999  -0.0003912444
       -0.0021647547   0.0028310240   0.0028597512  -0.0047504827  -0.0074592578
        0.0040409035  -0.0725263587  -0.2209938407   0.0993660465  -0.0001740019
        0.0001173299  -0.0000873687   0.0000893758   0.0001518824  -0.0000683460
       -0.0001769704   0.0001192475  -0.0001067170  -0.0004042066  -0.0009342741
        0.0004024105   0.0001519568  -0.0003395651  -0.0008195510  -0.0000803526
       -0.0003557285   0.0002437464   0.0008566377   0.0000580710  -0.0015655567
        0.0810053760   0.2450173954  -0.1180872643
        0.0001293897  -0.0004507451   0.0002069851  -0.0001311046  -0.0001356654
       -0.0016210149   0.0038602943   0.0131494282  -0.0066117883  -0.0027690402
        0.0045976839   0.0042134781  -0.0002903548  -0.0004002128  -0.0000203867
       -0.0006644905   0.0029365373   0.0064457304   0.0010666033   0.0012145058
        0.0000123908   0.0370575755   0.0993476389  -0.0865315292   0.0001262235
       -0.0001066042   0.0000643258  -0.0000551396  -0.0000813773   0.0000522018
        0.0001138710  -0.0000797095   0.0000691383   0.0002845342   0.0005960233
       -0.0004540310   0.0001631098  -0.0008166468  -0.0012737193  -0.0000421320
        0.0000786609   0.0000270199  -0.0000016124  -0.0017622527  -0.0018065954
       -0.0388477273  -0.1180872643   0.0872277945
