$hessian                                                                        
        0.6590829882   0.0121980276  -0.0000428950  -0.3328233005   0.0015269479
        0.0000228347  -0.0242882324  -0.0835924440   0.0000047604  -0.0512047486
        0.0217874702   0.0000030340   0.0579485511   0.0478729932  -0.0000062705
       -0.1846410959   0.0766654273   0.0000080726  -0.0018965676  -0.0049246615
        0.0000007308   0.0047259749  -0.0003499226   0.0000004066  -0.0026334479
       -0.0031149873   0.0000000203  -0.0799146314  -0.0895780848   0.0000066108
       -0.0213350768  -0.0008005395   0.0000015959  -0.0005789271  -0.0002254584
        0.0000000910  -0.0221877444   0.0229236530   0.0000009316  -0.0007679330
       -0.0004416710   0.0000002386   0.0005141914   0.0000532500  -0.0000001619
        0.0121980276   0.6699222400  -0.0000202320  -0.0754870960  -0.0989923101
        0.0000075083  -0.0291310381   0.0073434541   0.0000026964   0.0192942430
       -0.0046280742  -0.0000013509  -0.0085284003  -0.0602096321   0.0000023331
        0.1536179498  -0.2420665582  -0.0000049966  -0.0007955003  -0.0052796921
        0.0000006310  -0.0032027531  -0.0056911216   0.0000008619  -0.0013821301
        0.0006038088  -0.0000002683  -0.0896419549  -0.2664749294   0.0000150974
        0.0234584926   0.0020810529  -0.0000020821   0.0005487399   0.0007713375
        0.0000000601  -0.0010210339   0.0028318023   0.0000000555   0.0001398047
       -0.0000154059  -0.0000002525  -0.0000673509  -0.0001959719  -0.0000000613
       -0.0000428950  -0.0000202320   0.1156111331   0.0000248392   0.0000012166
       -0.0473794523   0.0000032658   0.0000065174   0.0033914648   0.0000032018
       -0.0000017755  -0.0034385052  -0.0000047488  -0.0000019627  -0.0023641778
        0.0000055292   0.0000012637  -0.0444267549   0.0000007331   0.0000006972
        0.0067175672   0.0000004628   0.0000007536   0.0082877443   0.0000003521
        0.0000003318  -0.0019182847   0.0000065720   0.0000149869  -0.0346840442
        0.0000009921   0.0000000441   0.0003897807   0.0000000549  -0.0000000067
       -0.0001303970   0.0000016913  -0.0000017841   0.0004084514   0.0000000717
        0.0000000400   0.0002758223  -0.0000001222  -0.0000000902  -0.0007403476
       -0.3328233005  -0.0754870960   0.0000248392   0.6708096063  -0.0160214393
       -0.0000440126  -0.1112812317  -0.0406064731   0.0000074497   0.0484454332
       -0.0052424442  -0.0000035636  -0.0380632794  -0.0342151017   0.0000036944
       -0.0526798523   0.0723674686   0.0000018172   0.0008809671   0.0017050793
       -0.0000001771  -0.0185272436  -0.0285323828   0.0000021930  -0.0072750028
       -0.0015926400   0.0000004998  -0.0132907920  -0.0042864723   0.0000012529
       -0.1431421319   0.1267609820   0.0000047725  -0.0020028648   0.0037339910
        0.0000006461  -0.0014348704   0.0033689314   0.0000006406   0.0005901714
        0.0003173062  -0.0000000407  -0.0002056085  -0.0022697093  -0.0000000113
        0.0015269479  -0.0989923101   0.0000012166  -0.0160214393   0.6469278474
       -0.0000165605  -0.0966322725  -0.2847022105   0.0000154443   0.0399030225
       -0.0593516273  -0.0000014907  -0.0332422712  -0.0201676358   0.0000031987
        0.0141023584   0.0382158691  -0.0000021853   0.0023368917  -0.0012576114
       -0.0000000559  -0.0212408852  -0.0153406971   0.0000013389   0.0033329467
        0.0066230591   0.0000004147  -0.0280699715  -0.0061391750   0.0000024907
        0.1245234487  -0.2016224954  -0.0000035552   0.0033679603  -0.0026560974
       -0.0000000333   0.0038262762  -0.0032507143   0.0000001559  -0.0000538198
        0.0004969015  -0.0000001451   0.0023408074   0.0012168973  -0.0000002338
        0.0000228347   0.0000075083  -0.0473794523  -0.0000440126  -0.0000165605
        0.1142019854   0.0000088482   0.0000107044  -0.0489578838  -0.0000050847
        0.0000024487   0.0019311079   0.0000036962   0.0000033753  -0.0056975645
        0.0000038145  -0.0000070120   0.0014310374  -0.0000001277  -0.0000001641
       -0.0002093042   0.0000018755   0.0000033531  -0.0011005673   0.0000006641
       -0.0000001288   0.0026170638   0.0000019821   0.0000005630   0.0007724308
        0.0000044872  -0.0000041955  -0.0321943154   0.0000006383  -0.0000000209
        0.0072633320   0.0000005495   0.0000001285   0.0078886453  -0.0000000504
       -0.0000000179   0.0000655456  -0.0000001150   0.0000000184  -0.0006320607
       -0.0242882324  -0.0291310381   0.0000032658  -0.1112812317  -0.0966322725
        0.0000088482   0.6016638763  -0.0044991351  -0.0000404821  -0.1693745244
        0.1350409594   0.0000062935  -0.0458544803   0.0104337075   0.0000033192
        0.0036150819   0.0072407121  -0.0000009055  -0.0064020790   0.0003433450
        0.0000010241  -0.1919979957   0.0106504516   0.0000139162  -0.0409295901
       -0.0493953903   0.0000029230  -0.0058420477  -0.0013717809   0.0000010535
        0.0057477274   0.0163378283  -0.0000012709   0.0072769577  -0.0062064715
       -0.0000003639   0.0009841611   0.0005160112  -0.0000001696  -0.0009622687
        0.0007525159  -0.0000002182  -0.0223553543   0.0059205573   0.0000027669
       -0.0835924440   0.0073434541   0.0000065174  -0.0406064731  -0.2847022105
        0.0000107044  -0.0044991351   0.6757462370  -0.0000152440   0.0843173537
       -0.2391194736  -0.0000012133   0.0649323064   0.0377812923  -0.0000065249
        0.0110344122  -0.0557532072   0.0000006392  -0.0048137562   0.0004370576
        0.0000003159  -0.0087914179  -0.0647479560   0.0000022092  -0.0512254377
       -0.0226027417   0.0000025479  -0.0006931227   0.0008850876   0.0000000168
       -0.0042681262  -0.0251510693   0.0000007230   0.0146215643  -0.0255152686
       -0.0000000416  -0.0000020454  -0.0006941030   0.0000000028  -0.0005006018
       -0.0001583129   0.0000006174   0.0240869233  -0.0037487858  -0.0000012700
        0.0000047604   0.0000026964   0.0033914648   0.0000074497   0.0000154443
       -0.0489578838  -0.0000404821  -0.0000152440   0.1169887578   0.0000083538
       -0.0000054342  -0.0461876708   0.0000011695  -0.0000016562  -0.0002638153
       -0.0000012127   0.0000007584  -0.0047604747   0.0000014623  -0.0000002772
        0.0057122676   0.0000156331   0.0000020380  -0.0638500278   0.0000015229
        0.0000009372   0.0153769211   0.0000012477   0.0000004004   0.0079095190
       -0.0000003324  -0.0000005173  -0.0003043390  -0.0000011227   0.0000012913
       -0.0000389797  -0.0000000687  -0.0000000285  -0.0004244601   0.0000002090
       -0.0000000283   0.0013047812   0.0000014102  -0.0000003803   0.0141039398
       -0.0512047486   0.0192942430   0.0000032018   0.0484454332   0.0399030225
       -0.0000050847  -0.1693745244   0.0843173537   0.0000083538   0.6617100666
        0.0023172007  -0.0000426530  -0.3057329937  -0.0063437411   0.0000180814
       -0.0173521940  -0.0793628042   0.0000038651  -0.0424917492   0.0110303215
        0.0000028861  -0.0364292006   0.0162068991   0.0000013663   0.0020939536
        0.0064077088   0.0000004494  -0.0003990843   0.0002355578   0.0000000212
       -0.0003615264  -0.0026201731   0.0000006568  -0.0792066239  -0.0923435141
        0.0000069355  -0.0003654390  -0.0024393231   0.0000006320  -0.0026551804
        0.0027648780   0.0000004103  -0.0066761889   0.0006323706   0.0000008780
        0.0217874702  -0.0046280742  -0.0000017755  -0.0052424442  -0.0593516273
        0.0000024487   0.1350409594  -0.2391194736  -0.0000054342   0.0023172007
        0.6711828580  -0.0000170393  -0.0790194036  -0.0974716291   0.0000075441
       -0.0299992894   0.0076112743   0.0000019649   0.0362501636   0.0017937652
       -0.0000022682   0.0159872010   0.0094282738  -0.0000008916  -0.0050362184
       -0.0056024294  -0.0000000532   0.0006648196   0.0007609893  -0.0000001214
       -0.0019893434  -0.0051556404   0.0000004582  -0.0908350187  -0.2716912083
        0.0000150283  -0.0027557396  -0.0051744379   0.0000005055   0.0043329868
       -0.0031650121  -0.0000003498  -0.0015033440   0.0005823718  -0.0000000164
        0.0000030340  -0.0000013509  -0.0034385052  -0.0000035636  -0.0000014907
        0.0019311079   0.0000062935  -0.0000012133  -0.0461876708  -0.0000426530
       -0.0000170393   0.1112176205   0.0000207811   0.0000016958  -0.0513649092
        0.0000024855   0.0000060899   0.0003668491   0.0000021860  -0.0000007505
        0.0038672563   0.0000026591  -0.0000019673  -0.0003767870  -0.0000001304
       -0.0000002249   0.0002373422   0.0000000281  -0.0000000565  -0.0001446716
        0.0000006251   0.0000006251   0.0063556234   0.0000066762   0.0000150875
       -0.0335176972   0.0000006233   0.0000005699   0.0068564475   0.0000001950
       -0.0000000283   0.0018048947   0.0000007600   0.0000000533   0.0023930994
        0.0579485511  -0.0085284003  -0.0000047488  -0.0380632794  -0.0332422712
        0.0000036962  -0.0458544803   0.0649323064   0.0000011695  -0.3057329937
       -0.0790194036   0.0000207811   0.6617901348   0.0028743182  -0.0000384924
       -0.1248810383  -0.0367489508   0.0000069245  -0.1436996968   0.0828808675
        0.0000048233  -0.0022746216   0.0045919843   0.0000014981   0.0024316414
       -0.0000798114  -0.0000003802  -0.0015981530   0.0037952921   0.0000007054
       -0.0002525026  -0.0004068365   0.0000001193  -0.0121767901  -0.0043128342
        0.0000009737  -0.0164900142  -0.0268755609   0.0000022523  -0.0307385651
        0.0303480059   0.0000009784  -0.0004081923  -0.0002087056  -0.0000003003
        0.0478729932  -0.0602096321  -0.0000019627  -0.0342151017  -0.0201676358
        0.0000033753   0.0104337075   0.0377812923  -0.0000016562  -0.0063437411
       -0.0974716291   0.0000016958   0.0028743182   0.6494454656  -0.0000172138
       -0.1215012192  -0.2705448899   0.0000161677   0.1170024273  -0.2325567309
       -0.0000020972   0.0108560619   0.0015943560  -0.0000013700  -0.0034241488
       -0.0042446312   0.0000002478   0.0027387419  -0.0018920145   0.0000001603
       -0.0005202622   0.0001625227   0.0000003289  -0.0285267773  -0.0055392172
        0.0000025371  -0.0024516869  -0.0062097545   0.0000001233   0.0040144986
        0.0098027941  -0.0000003767   0.0011901885   0.0000497046   0.0000000403
       -0.0000062705   0.0000023331  -0.0023641778   0.0000036944   0.0000031987
       -0.0056975645   0.0000033192  -0.0000065249  -0.0002638153   0.0000180814
        0.0000075441  -0.0513649092  -0.0000384924  -0.0000172138   0.1289869055
        0.0000094264   0.0000097121  -0.0512809400   0.0000036254   0.0000005678
       -0.0367838682   0.0000004994  -0.0000005147   0.0091090324  -0.0000000177
        0.0000003894  -0.0014781029   0.0000006289   0.0000000606   0.0083305858
        0.0000000738   0.0000000325   0.0005703180   0.0000021543   0.0000006092
        0.0028952157   0.0000014316   0.0000022425   0.0019751350   0.0000018973
       -0.0000024846  -0.0012042762  -0.0000000515   0.0000000480  -0.0014295384
       -0.1846410959   0.1536179498   0.0000055292  -0.0526798523   0.0141023584
        0.0000038145   0.0036150819   0.0110344122  -0.0000012127  -0.0173521940
       -0.0299992894   0.0000024855  -0.1248810383  -0.1215012192   0.0000094264
        0.6654520688  -0.0118162064  -0.0000415504   0.0025713581   0.0311137830
       -0.0000006177  -0.0023286712  -0.0016378380   0.0000002002   0.0010667505
        0.0018283676  -0.0000001642   0.0059919863  -0.0073815239  -0.0000001768
       -0.0056243870  -0.0007540843   0.0000010285  -0.0055291126  -0.0007300507
        0.0000010123  -0.2887898932  -0.0404606893   0.0000208110   0.0027874729
        0.0026614137  -0.0000005875   0.0003415262  -0.0000773833   0.0000000015
        0.0766654273  -0.2420665582   0.0000012637   0.0723674686   0.0382158691
       -0.0000070120   0.0072407121  -0.0557532072   0.0000007584  -0.0793628042
        0.0076112743   0.0000060899  -0.0367489508  -0.2705448899   0.0000097121
       -0.0118162064   0.6520646262  -0.0000170589  -0.0007437094  -0.0524352872
        0.0000018983  -0.0005428842  -0.0019320652   0.0000001662  -0.0003013385
        0.0003769888   0.0000000559   0.0164726598  -0.0263163374  -0.0000004836
       -0.0011511236   0.0007203739   0.0000003130  -0.0007569763  -0.0000387810
        0.0000002334  -0.0396668576  -0.0513115677   0.0000037815  -0.0018108884
        0.0015104004   0.0000002395   0.0001554718  -0.0001008388   0.0000000424
        0.0000080726  -0.0000049966  -0.0444267549   0.0000018172  -0.0000021853
        0.0014310374  -0.0000009055   0.0000006392  -0.0047604747   0.0000038651
        0.0000019649   0.0003668491   0.0000069245   0.0000161677  -0.0512809400
       -0.0000415504  -0.0000170589   0.1105238270   0.0000001224  -0.0000001131
        0.0064111457   0.0000002559   0.0000002048  -0.0001443642  -0.0000000846
       -0.0000000923   0.0000533128  -0.0000009861   0.0000014983   0.0007438269
        0.0000010797   0.0000002757   0.0075986825   0.0000009680   0.0000002848
        0.0072863564   0.0000207580   0.0000037297  -0.0324790052  -0.0000002368
       -0.0000002950  -0.0013550638  -0.0000000999  -0.0000000239   0.0000315651
       -0.0018965676  -0.0007955003   0.0000007331   0.0008809671   0.0023368917
       -0.0000001277  -0.0064020790  -0.0048137562   0.0000014623  -0.0424917492
        0.0362501636   0.0000021860  -0.1436996968   0.1170024273   0.0000036254
        0.0025713581  -0.0007437094   0.0000001224   0.5699624223  -0.0112968565
       -0.0000379900   0.0027908047   0.0030371603  -0.0000008177  -0.0012489901
       -0.0017132871   0.0000000902   0.0000636850  -0.0001517282  -0.0000000839
        0.0002281706  -0.0002832182  -0.0000000016   0.0023877392   0.0004282471
       -0.0000003355   0.0026260831  -0.0025503378  -0.0000002973  -0.3849952542
       -0.1369065445   0.0000312615  -0.0007768931   0.0002000482   0.0000001728
       -0.0049246615  -0.0052796921   0.0000006972   0.0017050793  -0.0012576114
       -0.0000001641   0.0003433450   0.0004370576  -0.0000002772   0.0110303215
        0.0017937652  -0.0000007505   0.0828808675  -0.2325567309   0.0000005678
        0.0311137830  -0.0524352872  -0.0000001131  -0.0112968565   0.3706643897
       -0.0000103037  -0.0053907418  -0.0029532204   0.0000011830   0.0021433755
        0.0029911468  -0.0000001647   0.0013378524  -0.0020036103   0.0000000327
       -0.0001564619   0.0003274628  -0.0000002007   0.0000930333   0.0003701424
       -0.0000002189   0.0006674083   0.0030723902  -0.0000000508  -0.1096806411
       -0.0831058778   0.0000099725   0.0001342970  -0.0000643247  -0.0000002095
        0.0000007308   0.0000006310   0.0067175672  -0.0000001771  -0.0000000559
       -0.0002093042   0.0000010241   0.0000003159   0.0057122676   0.0000028861
       -0.0000022682   0.0038672563   0.0000048233  -0.0000020972  -0.0367838682
       -0.0000006177   0.0000018983   0.0064111457  -0.0000379900  -0.0000103037
        0.0271245238   0.0000001165  -0.0000007593  -0.0001140808   0.0000000045
        0.0000003458   0.0002423935  -0.0000000716   0.0000000572  -0.0002997718
       -0.0000001046  -0.0000000172  -0.0013697962  -0.0000004094  -0.0000001389
       -0.0030792503  -0.0000003470   0.0000000467  -0.0015025999   0.0000302102
        0.0000121655  -0.0065713718  -0.0000000779   0.0000001798  -0.0001451106
        0.0047259749  -0.0032027531   0.0000004628  -0.0185272436  -0.0212408852
        0.0000018755  -0.1919979957  -0.0087914179   0.0000156331  -0.0364292006
        0.0159872010   0.0000026591  -0.0022746216   0.0108560619   0.0000004994
       -0.0023286712  -0.0005428842   0.0000002559   0.0027908047  -0.0053907418
        0.0000001165   0.5558826187   0.1688823085  -0.0000159783  -0.2001608306
       -0.2455076649  -0.0000030036   0.0000911458   0.0004620663   0.0000001171
        0.0007188029   0.0023460444  -0.0000004703   0.0007913898  -0.0009055452
       -0.0000002795   0.0003382802  -0.0000854891   0.0000001358  -0.0008239431
        0.0009196729   0.0000005201  -0.1127965105   0.0862140263  -0.0000025436
       -0.0003499226  -0.0056911216   0.0000007536  -0.0285323828  -0.0153406971
        0.0000033531   0.0106504516  -0.0647479560   0.0000020380   0.0162068991
        0.0094282738  -0.0000019673   0.0045919843   0.0015943560  -0.0000005147
       -0.0016378380  -0.0019320652   0.0000002048   0.0030371603  -0.0029532204
       -0.0000007593   0.1688823085   0.8180086505  -0.0000027664  -0.2502690202
       -0.5908666601  -0.0000067637  -0.0011992976  -0.0002694257   0.0000006597
       -0.0028095989  -0.0006492521   0.0000007768   0.0019581200  -0.0010211943
       -0.0000007614   0.0000591765  -0.0002643296   0.0000000143   0.0001307603
        0.0001987474  -0.0000002556   0.0792811995  -0.1454941056   0.0000059883
        0.0000004066   0.0000008619   0.0082877443   0.0000021930   0.0000013389
       -0.0011005673   0.0000139162   0.0000022092  -0.0638500278   0.0000013663
       -0.0000008916  -0.0003767870   0.0000014981  -0.0000013700   0.0091090324
        0.0000002002   0.0000001662  -0.0001443642  -0.0000008177   0.0000011830
       -0.0001140808  -0.0000159783  -0.0000027664   0.1549627170  -0.0000007686
       -0.0000040556  -0.0505277114   0.0000001151  -0.0000000152   0.0000914229
       -0.0000002067  -0.0000003041  -0.0026566843  -0.0000003448  -0.0000000265
       -0.0031062879  -0.0000002129  -0.0000000599  -0.0019624958   0.0000000300
       -0.0000000614  -0.0002046738  -0.0000013963   0.0000037914  -0.0484072361
       -0.0026334479  -0.0013821301   0.0000003521  -0.0072750028   0.0033329467
        0.0000006641  -0.0409295901  -0.0512254377   0.0000015229   0.0020939536
       -0.0050362184  -0.0000001304   0.0024316414  -0.0034241488  -0.0000000177
        0.0010667505  -0.0003013385  -0.0000000846  -0.0012489901   0.0021433755
        0.0000000045  -0.2001608306  -0.2502690202  -0.0000007686   0.2286333498
        0.3034590376  -0.0000007942  -0.0008122852  -0.0003570073   0.0000000255
        0.0001190673   0.0001370337   0.0000000028   0.0003291970  -0.0000691242
       -0.0000000961  -0.0001566896   0.0000256363  -0.0000000793   0.0002795400
       -0.0004111414  -0.0000002241   0.0182633367   0.0033775368  -0.0000003769
       -0.0031149873   0.0006038088   0.0000003318  -0.0015926400   0.0066230591
       -0.0000001288  -0.0493953903  -0.0226027417   0.0000009372   0.0064077088
       -0.0056024294  -0.0000002249  -0.0000798114  -0.0042446312   0.0000003894
        0.0018283676   0.0003769888  -0.0000000923  -0.0017132871   0.0029911468
        0.0000003458  -0.2455076649  -0.5908666601  -0.0000040556   0.3034590376
        0.6767607968   0.0000047207  -0.0004537249  -0.0001604738  -0.0000001337
        0.0008985914   0.0012631920  -0.0000004006  -0.0007620271   0.0013491312
        0.0000000944  -0.0000979052   0.0002827637   0.0000000114   0.0003173181
       -0.0004609131  -0.0000000210  -0.0101935855  -0.0663130377  -0.0000017738
        0.0000000203  -0.0000002683  -0.0019182847   0.0000004998   0.0000004147
        0.0026170638   0.0000029230   0.0000025479   0.0153769211   0.0000004494
       -0.0000000532   0.0002373422  -0.0000003802   0.0000002478  -0.0014781029
       -0.0000001642   0.0000000559   0.0000533128   0.0000000902  -0.0000001647
        0.0002423935  -0.0000030036  -0.0000067637  -0.0505277114  -0.0000007942
        0.0000047207   0.0186376540  -0.0000000505   0.0000000119  -0.0001602798
        0.0000000527   0.0000000258   0.0003268150   0.0000000061   0.0000000607
        0.0001612393   0.0000000604   0.0000000272   0.0004305533  -0.0000000218
        0.0000000108  -0.0000479155   0.0000003123  -0.0000008734   0.0160489992
       -0.0799146314  -0.0896419549   0.0000065720  -0.0132907920  -0.0280699715
        0.0000019821  -0.0058420477  -0.0006931227   0.0000012477  -0.0003990843
        0.0006648196   0.0000000281  -0.0015981530   0.0027387419   0.0000006289
        0.0059919863   0.0164726598  -0.0000009861   0.0000636850   0.0013378524
       -0.0000000716   0.0000911458  -0.0011992976   0.0000001151  -0.0008122852
       -0.0004537249  -0.0000000505   0.0939097574   0.0986903526  -0.0000088013
        0.0007329181  -0.0007697519  -0.0000002525  -0.0000039576   0.0000525691
       -0.0000001182   0.0009187140   0.0009692313  -0.0000002926   0.0000999487
       -0.0000367768  -0.0000000008   0.0000527959  -0.0000616264  -0.0000000007
       -0.0895780848  -0.2664749294   0.0000149869  -0.0042864723  -0.0061391750
        0.0000005630  -0.0013717809   0.0008850876   0.0000004004   0.0002355578
        0.0007609893  -0.0000000565   0.0037952921  -0.0018920145   0.0000000606
       -0.0073815239  -0.0263163374   0.0000014983  -0.0001517282  -0.0020036103
        0.0000000572   0.0004620663  -0.0002694257  -0.0000000152  -0.0003570073
       -0.0001604738   0.0000000119   0.0986903526   0.2995506538  -0.0000172008
        0.0007518310   0.0009534034  -0.0000001856   0.0000498391   0.0001330583
       -0.0000000635  -0.0006048251   0.0008518166  -0.0000000765  -0.0001687119
        0.0000957546   0.0000000246  -0.0000848045   0.0000252026  -0.0000000048
        0.0000066108   0.0000150974  -0.0346840442   0.0000012529   0.0000024907
        0.0007724308   0.0000010535   0.0000000168   0.0079095190   0.0000000212
       -0.0000001214  -0.0001446716   0.0000007054   0.0000001603   0.0083305858
       -0.0000001768  -0.0000004836   0.0007438269  -0.0000000839   0.0000000327
       -0.0002997718   0.0000001171   0.0000006597   0.0000914229   0.0000000255
       -0.0000001337  -0.0001602798  -0.0000088013  -0.0000172008   0.0242916909
       -0.0000002830  -0.0000000798  -0.0025709147  -0.0000001441  -0.0000000550
       -0.0016571476  -0.0000002499  -0.0000001838  -0.0027001201   0.0000000109
        0.0000000005   0.0000416571  -0.0000000584  -0.0000002000   0.0000358166
       -0.0213350768   0.0234584926   0.0000009921  -0.1431421319   0.1245234487
        0.0000044872   0.0057477274  -0.0042681262  -0.0000003324  -0.0003615264
       -0.0019893434   0.0000006251  -0.0002525026  -0.0005202622   0.0000000738
       -0.0056243870  -0.0011511236   0.0000010797   0.0002281706  -0.0001564619
       -0.0000001046   0.0007188029  -0.0028095989  -0.0000002067   0.0001190673
        0.0008985914   0.0000000527   0.0007329181   0.0007518310  -0.0000002830
        0.1643024377  -0.1393256397  -0.0000064150   0.0001908693  -0.0005095178
        0.0000000333  -0.0010308496   0.0012369259   0.0000000198   0.0000288458
       -0.0001160887  -0.0000000509  -0.0003223649  -0.0000231273   0.0000000288
       -0.0008005395   0.0020810529   0.0000000441   0.1267609820  -0.2016224954
       -0.0000041955   0.0163378283  -0.0251510693  -0.0000005173  -0.0026201731
       -0.0051556404   0.0000006251  -0.0004068365   0.0001625227   0.0000000325
       -0.0007540843   0.0007203739   0.0000002757  -0.0002832182   0.0003274628
       -0.0000000172   0.0023460444  -0.0006492521  -0.0000003041   0.0001370337
        0.0012631920   0.0000000258  -0.0007697519   0.0009534034  -0.0000000798
       -0.1393256397   0.2276885759   0.0000040838   0.0010525266  -0.0010413165
       -0.0000000232  -0.0002071203   0.0000659180   0.0000000025   0.0000354997
        0.0000791398  -0.0000000110  -0.0015025511   0.0002781323   0.0000000586
        0.0000015959  -0.0000020821   0.0003897807   0.0000047725  -0.0000035552
       -0.0321943154  -0.0000012709   0.0000007230  -0.0003043390   0.0000006568
        0.0000004582   0.0063556234   0.0000001193   0.0000003289   0.0005703180
        0.0000010285   0.0000003130   0.0075986825  -0.0000000016  -0.0000002007
       -0.0013697962  -0.0000004703   0.0000007768  -0.0026566843   0.0000000028
       -0.0000004006   0.0003268150  -0.0000002525  -0.0000001856  -0.0025709147
       -0.0000064150   0.0000040838   0.0230295503  -0.0000000247   0.0000000957
        0.0004840252   0.0000001264  -0.0000001391   0.0000834641  -0.0000000245
        0.0000000034  -0.0002159006   0.0000001574  -0.0000002193   0.0004736911
       -0.0005789271   0.0005487399   0.0000000549  -0.0020028648   0.0033679603
        0.0000006383   0.0072769577   0.0146215643  -0.0000011227  -0.0792066239
       -0.0908350187   0.0000066762  -0.0121767901  -0.0285267773   0.0000021543
       -0.0055291126  -0.0007569763   0.0000009680   0.0023877392   0.0000930333
       -0.0000004094   0.0007913898   0.0019581200  -0.0000003448   0.0003291970
       -0.0007620271   0.0000000061  -0.0000039576   0.0000498391  -0.0000001441
        0.0001908693   0.0010525266  -0.0000000247   0.0882854148   0.1011129400
       -0.0000084949  -0.0006852579  -0.0014124405   0.0000000302   0.0006657036
        0.0000604220  -0.0000000439   0.0002562627  -0.0005719055   0.0000000566
       -0.0002254584   0.0007713375  -0.0000000067   0.0037339910  -0.0026560974
       -0.0000000209  -0.0062064715  -0.0255152686   0.0000012913  -0.0923435141
       -0.2716912083   0.0000150875  -0.0043128342  -0.0055392172   0.0000006092
       -0.0007300507  -0.0000387810   0.0000002848   0.0004282471   0.0003701424
       -0.0000001389  -0.0009055452  -0.0010211943  -0.0000000265  -0.0000691242
        0.0013491312   0.0000000607   0.0000525691   0.0001330583  -0.0000000550
       -0.0005095178  -0.0010413165   0.0000000957   0.1011129400   0.3047255555
       -0.0000171308   0.0000521259  -0.0001725184  -0.0000000162   0.0004838396
        0.0000534328  -0.0000000368  -0.0005611966   0.0002729439   0.0000000024
        0.0000000910   0.0000000601  -0.0001303970   0.0000006461  -0.0000000333
        0.0072633320  -0.0000003639  -0.0000000416  -0.0000389797   0.0000069355
        0.0000150283  -0.0335176972   0.0000009737   0.0000025371   0.0028952157
        0.0000010123   0.0000002334   0.0072863564  -0.0000003355  -0.0000002189
       -0.0030792503  -0.0000002795  -0.0000007614  -0.0031062879  -0.0000000961
        0.0000000944   0.0001612393  -0.0000001182  -0.0000000635  -0.0016571476
        0.0000000333  -0.0000000232   0.0004840252  -0.0000084949  -0.0000171308
        0.0236014245   0.0000000103   0.0000001149  -0.0006598706  -0.0000000560
       -0.0000000059   0.0001099455   0.0000000418   0.0000002104   0.0003880918
       -0.0221877444  -0.0010210339   0.0000016913  -0.0014348704   0.0038262762
        0.0000005495   0.0009841611  -0.0000020454  -0.0000000687  -0.0003654390
       -0.0027557396   0.0000006233  -0.0164900142  -0.0024516869   0.0000014316
       -0.2887898932  -0.0396668576   0.0000207580   0.0026260831   0.0006674083
       -0.0000003470   0.0003382802   0.0000591765  -0.0000002129  -0.0001566896
       -0.0000979052   0.0000000604   0.0009187140  -0.0006048251  -0.0000002499
       -0.0010308496  -0.0002071203   0.0000001264  -0.0006852579   0.0000521259
        0.0000000103   0.3262524992   0.0434720566  -0.0000244125   0.0000159237
       -0.0013046116   0.0000000139   0.0000050969   0.0000347822   0.0000000264
        0.0229236530   0.0028318023  -0.0000017841   0.0033689314  -0.0032507143
        0.0000001285   0.0005160112  -0.0006941030  -0.0000000285  -0.0024393231
       -0.0051744379   0.0000005699  -0.0268755609  -0.0062097545   0.0000022425
       -0.0404606893  -0.0513115677   0.0000037297  -0.0025503378   0.0030723902
        0.0000000467  -0.0000854891  -0.0002643296  -0.0000000599   0.0000256363
        0.0002827637   0.0000000272   0.0009692313   0.0008518166  -0.0000001838
        0.0012369259   0.0000659180  -0.0000001391  -0.0014124405  -0.0001725184
        0.0000001149   0.0434720566   0.0606587950  -0.0000045530   0.0013816761
       -0.0006937779  -0.0000001083  -0.0000702811   0.0000077175  -0.0000000028
        0.0000009316   0.0000000555   0.0004084514   0.0000006406   0.0000001559
        0.0078886453  -0.0000001696   0.0000000028  -0.0004244601   0.0000006320
        0.0000005055   0.0068564475   0.0000022523   0.0000001233   0.0019751350
        0.0000208110   0.0000037815  -0.0324790052  -0.0000002973  -0.0000000508
       -0.0015025999   0.0000001358   0.0000000143  -0.0019624958  -0.0000000793
        0.0000000114   0.0004305533  -0.0000002926  -0.0000000765  -0.0027001201
        0.0000000198   0.0000000025   0.0000834641   0.0000000302  -0.0000000162
       -0.0006598706  -0.0000244125  -0.0000045530   0.0225087345  -0.0000000815
        0.0000001033  -0.0006147798  -0.0000001206  -0.0000000596   0.0001919004
       -0.0007679330   0.0001398047   0.0000000717   0.0005901714  -0.0000538198
       -0.0000000504  -0.0009622687  -0.0005006018   0.0000002090  -0.0026551804
        0.0043329868   0.0000001950  -0.0307385651   0.0040144986   0.0000018973
        0.0027874729  -0.0018108884  -0.0000002368  -0.3849952542  -0.1096806411
        0.0000302102  -0.0008239431   0.0001307603   0.0000000300   0.0002795400
        0.0003173181  -0.0000000218   0.0000999487  -0.0001687119   0.0000000109
        0.0000288458   0.0000354997  -0.0000000245   0.0006657036   0.0004838396
       -0.0000000560   0.0000159237   0.0013816761  -0.0000000815   0.4166260085
        0.1013681178  -0.0000321616  -0.0001504701   0.0000101613   0.0000000085
       -0.0004416710  -0.0000154059   0.0000000400   0.0003173062   0.0004969015
       -0.0000000179   0.0007525159  -0.0001583129  -0.0000000283   0.0027648780
       -0.0031650121  -0.0000000283   0.0303480059   0.0098027941  -0.0000024846
        0.0026614137   0.0015104004  -0.0000002950  -0.1369065445  -0.0831058778
        0.0000121655   0.0009196729   0.0001987474  -0.0000000614  -0.0004111414
       -0.0004609131   0.0000000108  -0.0000367768   0.0000957546   0.0000000005
       -0.0001160887   0.0000791398   0.0000000034   0.0000604220   0.0000534328
       -0.0000000059  -0.0013046116  -0.0006937779   0.0000001033   0.1013681178
        0.0753356160  -0.0000093978   0.0000245017   0.0000265131  -0.0000000044
        0.0000002386  -0.0000002525   0.0002758223  -0.0000000407  -0.0000001451
        0.0000655456  -0.0000002182   0.0000006174   0.0013047812   0.0000004103
       -0.0000003498   0.0018048947   0.0000009784  -0.0000003767  -0.0012042762
       -0.0000005875   0.0000002395  -0.0013550638   0.0000312615   0.0000099725
       -0.0065713718   0.0000005201  -0.0000002556  -0.0002046738  -0.0000002241
       -0.0000000210  -0.0000479155  -0.0000000008   0.0000000246   0.0000416571
       -0.0000000509  -0.0000000110  -0.0002159006  -0.0000000439  -0.0000000368
        0.0001099455   0.0000000139  -0.0000001083  -0.0006147798  -0.0000321616
       -0.0000093978   0.0065820175  -0.0000000950   0.0000001007   0.0000293176
        0.0005141914  -0.0000673509  -0.0000001222  -0.0002056085   0.0023408074
       -0.0000001150  -0.0223553543   0.0240869233   0.0000014102  -0.0066761889
       -0.0015033440   0.0000007600  -0.0004081923   0.0011901885  -0.0000000515
        0.0003415262   0.0001554718  -0.0000000999  -0.0007768931   0.0001342970
       -0.0000000779  -0.1127965105   0.0792811995  -0.0000013963   0.0182633367
       -0.0101935855   0.0000003123   0.0000527959  -0.0000848045  -0.0000000584
       -0.0003223649  -0.0015025511   0.0000001574   0.0002562627  -0.0005611966
        0.0000000418   0.0000050969  -0.0000702811  -0.0000001206  -0.0001504701
        0.0000245017  -0.0000000950   0.1242583729  -0.0932302753  -0.0000005449
        0.0000532500  -0.0001959719  -0.0000000902  -0.0022697093   0.0012168973
        0.0000000184   0.0059205573  -0.0037487858  -0.0000003803   0.0006323706
        0.0005823718   0.0000000533  -0.0002087056   0.0000497046   0.0000000480
       -0.0000773833  -0.0001008388  -0.0000000239   0.0002000482  -0.0000643247
        0.0000001798   0.0862140263  -0.1454941056   0.0000037914   0.0033775368
       -0.0663130377  -0.0000008734  -0.0000616264   0.0000252026  -0.0000002000
       -0.0000231273   0.0002781323  -0.0000002193  -0.0005719055   0.0002729439
        0.0000002104   0.0000347822   0.0000077175  -0.0000000596   0.0000101613
        0.0000265131   0.0000001007  -0.0932302753   0.2134575816  -0.0000025553
       -0.0000001619  -0.0000000613  -0.0007403476  -0.0000000113  -0.0000002338
       -0.0006320607   0.0000027669  -0.0000012700   0.0141039398   0.0000008780
       -0.0000000164   0.0023930994  -0.0000003003   0.0000000403  -0.0014295384
        0.0000000015   0.0000000424   0.0000315651   0.0000001728  -0.0000002095
       -0.0001451106  -0.0000025436   0.0000059883  -0.0484072361  -0.0000003769
       -0.0000017738   0.0160489992  -0.0000000007  -0.0000000048   0.0000358166
        0.0000000288   0.0000000586   0.0004736911   0.0000000566   0.0000000024
        0.0003880918   0.0000000264  -0.0000000028   0.0001919004   0.0000000085
       -0.0000000044   0.0000293176  -0.0000005449  -0.0000025553   0.0176578724
