           1           2   1.01859102348189     
           2           3   1.15096144346192     
           3           4   1.34774225041959     
           4           5   1.45487381322860     
           5           6   1.43414818001600     
           4           7  0.101787213179336     
           6           7   1.41904512415353     
           3           8   1.33685797234935     
           5           8  0.104504957749568     
           7           8   1.47143003896733     
           1           9  0.985548369486344     
           1          10  0.978388822828371     
           1          11  0.975016249227114     
           2          12  0.949393531082027     
           4          13  0.967957443752749     
           5          14  0.971723145099374     
           6          15  0.972294518290910     
           7          16  0.971510218000135     
           8          17  0.968432932610369     
