$hessian                                                                        
        0.5620686343   0.0000194071  -0.0011568709  -0.0809206234   0.0449488844
       -0.0258592024  -0.0135752371   0.0241943838  -0.0169512712   0.0004393577
        0.0003474516  -0.0011019006   0.0004373678  -0.0003476239  -0.0011030723
       -0.0135754263  -0.0241966504  -0.0169538681  -0.0809116127  -0.0449391979
       -0.0258566884  -0.0931540211  -0.0000133659   0.0929756484  -0.2805083351
       -0.0000114256  -0.0214050134   0.0040718787  -0.0122810473   0.0088799849
       -0.0046141689   0.0021431393  -0.0003225898   0.0003922790   0.0000101398
        0.0001467305   0.0003923624  -0.0000098566   0.0001464983  -0.0046142741
       -0.0021455563  -0.0003196529   0.0040718187   0.0122813181   0.0088812679
        0.0000194071   0.4086736820  -0.0000076714   0.0278097559  -0.1404836036
        0.0699336484   0.0205880624  -0.0148005939   0.0063117133  -0.0032396387
       -0.0015380461   0.0015573583   0.0032385572  -0.0015365418  -0.0015592589
       -0.0205917520  -0.0148110261  -0.0063160109  -0.0278033145  -0.1404710399
       -0.0699454359  -0.0000103194  -0.0348971362   0.0000241259  -0.0000112203
       -0.0390117480  -0.0000009028   0.0041926933  -0.0133260156   0.0093083618
        0.0018926481   0.0027516248   0.0040108473   0.0003200500   0.0000083952
        0.0002388387  -0.0003195207   0.0000085220  -0.0002384387  -0.0018954022
        0.0027512318  -0.0040117991  -0.0041900061  -0.0133177047  -0.0093053761
       -0.0011568709  -0.0000076714   0.4821305992  -0.0313509361   0.0945290518
       -0.1040192415   0.0058328523   0.0083943269  -0.0073977140  -0.0039757826
       -0.0101687960   0.0003021659  -0.0039742720   0.0101690552   0.0003065936
        0.0058362676  -0.0083961194  -0.0073981776  -0.0313526270  -0.0945467411
       -0.1040431141   0.0893720151   0.0000259385  -0.2165496309  -0.0237936453
       -0.0000010272  -0.0473102096  -0.0035502859   0.0141118884  -0.0056235308
        0.0002276664   0.0024270730   0.0061561393   0.0006027544   0.0004386295
        0.0014614319   0.0006035805  -0.0004377799   0.0014625519   0.0002293595
       -0.0024258042   0.0061523773  -0.0035500761  -0.0141120240  -0.0056302405
       -0.0809206234   0.0278097559  -0.0313509361   0.7735548955  -0.0404711827
       -0.0297554753  -0.4556039468   0.1077550034  -0.0289667487  -0.0533178785
       -0.0274168603   0.0160947724  -0.0057384580   0.0197264673  -0.0032907509
        0.0078580704  -0.0055969446  -0.0028232780  -0.0004435369  -0.0033454231
        0.0075806908   0.0046856602  -0.0072835548   0.0042877086  -0.0121207438
        0.0257055906  -0.0163587587  -0.1629068924  -0.0967446749   0.0864673527
       -0.0132401544   0.0029456687  -0.0075830763  -0.0015468497  -0.0021905089
        0.0038953975   0.0004937782   0.0001812459   0.0010384002  -0.0005430373
        0.0004721394  -0.0007036339  -0.0002102831  -0.0015467219   0.0014683357
        0.0449488844  -0.1404836036   0.0945290518  -0.0404711827   0.3860857385
       -0.2011867247   0.0711196233  -0.0902190502   0.0299864756  -0.0028803955
        0.0226558209  -0.0083697396   0.0067069508  -0.0160814089   0.0018677770
       -0.0140540395   0.0033454698   0.0043948067   0.0033468240  -0.0271187690
       -0.0067312416  -0.0010377483  -0.0069599574   0.0109862999   0.0028777039
       -0.0030346006   0.0028382667  -0.0958085220  -0.1190776665   0.0704663514
        0.0267872519  -0.0090525506   0.0057152033  -0.0029712288  -0.0014175392
       -0.0008257561   0.0005623275   0.0000118537  -0.0005019981   0.0006734609
        0.0007422262  -0.0001975242   0.0002000900   0.0006040371  -0.0029712481
       -0.0258592024   0.0699336484  -0.1040192415  -0.0297554753  -0.2011867247
        0.2611230910  -0.0274426517   0.0204430915  -0.0472427740   0.0152297532
        0.0040438823   0.0005759624   0.0030578768  -0.0050286614  -0.0028015895
       -0.0070601270  -0.0011624598   0.0012798823   0.0075804477   0.0067260090
        0.0050724707  -0.0049806512   0.0261238238  -0.0188083920  -0.0023961666
        0.0043460959  -0.0025792137   0.0834817981   0.0706482038  -0.0908177805
       -0.0146542481   0.0055038857  -0.0020696708   0.0041100782   0.0013402805
        0.0011840288  -0.0006126008   0.0002702536  -0.0010977143  -0.0003189834
       -0.0003983406   0.0003758563  -0.0003798475  -0.0016029880  -0.0001749150
       -0.0135752371   0.0205880624   0.0058328523  -0.4556039468   0.0711196233
       -0.0274426517   0.7471312459  -0.0734350880  -0.0087939609  -0.1680657693
       -0.0425188043   0.0444604797   0.0131869705  -0.0503663602   0.0049859449
       -0.0235337755   0.0073685037   0.0028876529   0.0078543806   0.0140549238
       -0.0070624180  -0.0002157369  -0.0025246355   0.0035282959  -0.0002876530
        0.0017744854  -0.0007012782  -0.0262818631   0.0006767385  -0.0033954622
       -0.0576612503   0.0645929006  -0.0200079405  -0.0261612326  -0.0131186744
        0.0041917446   0.0024214995   0.0007618404   0.0023613491   0.0004293777
       -0.0011788450   0.0018494776   0.0003629905   0.0022053293  -0.0026940856
        0.0241943838  -0.0148005939   0.0083943269   0.1077550034  -0.0902190502
        0.0204430915  -0.0734350880   0.4828134279  -0.1907352755  -0.0884166022
       -0.1267634522   0.0487757876  -0.0197195982  -0.0393719780   0.0103049451
       -0.0073700639   0.0021624603   0.0015655178   0.0055948384   0.0033470465
        0.0011606116   0.0007888673   0.0002058822   0.0006397898   0.0016784866
       -0.0034095541   0.0025922213  -0.0173286560   0.0024041189  -0.0010281235
        0.0584658825  -0.2181700303   0.1026018394   0.0084354184   0.0064106534
       -0.0044941626  -0.0006014181  -0.0048211474  -0.0005028877   0.0002094209
       -0.0000612412   0.0008768291  -0.0002508748   0.0002734580  -0.0005945108
       -0.0169512712   0.0063117133  -0.0073977140  -0.0289667487   0.0299864756
       -0.0472427740  -0.0087939609  -0.1907352755   0.2177744433   0.0623689087
        0.0415167320  -0.0814373151  -0.0005891523   0.0129943740  -0.0015623715
        0.0028862217  -0.0015658085  -0.0033899084  -0.0028213449  -0.0043948303
        0.0012795822  -0.0018890848   0.0009864787   0.0003921141  -0.0016133847
        0.0032566041  -0.0015450999   0.0137306021  -0.0007157084   0.0011710224
       -0.0272112337   0.1001384195  -0.0889480010   0.0070621292   0.0039442795
        0.0000321004   0.0026961525  -0.0009750190   0.0101478917  -0.0000179471
       -0.0000376022  -0.0005390989   0.0001101141  -0.0007108329   0.0012651285
        0.0004393577  -0.0032396387  -0.0039757826  -0.0533178785  -0.0028803955
        0.0152297532  -0.1680657693  -0.0884166022   0.0623689087   0.5214792395
       -0.0211523247  -0.1416799563  -0.0822103610   0.0277960595   0.0113806982
        0.0131688217   0.0197274647  -0.0005948262  -0.0057326039  -0.0067034732
        0.0030594347   0.0008111784   0.0000840892  -0.0018795473   0.0004146266
       -0.0000501136   0.0001150098  -0.0044242613   0.0020365951   0.0015496636
        0.0031153382  -0.0007878379  -0.0060188454  -0.2192257760   0.0997858225
        0.0569121343  -0.0037446469  -0.0272907156   0.0005317697  -0.0027317985
        0.0028839501   0.0012018867   0.0000245333  -0.0017928796   0.0017996989
        0.0003474516  -0.0015380461  -0.0101687960  -0.0274168603   0.0226558209
        0.0040438823  -0.0425188043  -0.1267634522   0.0415167320  -0.0211523247
        0.7291626131  -0.0240466430  -0.0276734790  -0.4328652010   0.0016186923
        0.0503760560  -0.0393633381  -0.0129828124  -0.0197198591  -0.0160852415
        0.0050339124   0.0015341677   0.0006592088  -0.0017084996  -0.0000348295
       -0.0002643686  -0.0001115299   0.0028319307   0.0060255620   0.0066774743
       -0.0187242183  -0.0222866269   0.0063672200   0.1038899117  -0.0974963057
       -0.0204362837  -0.0022975159  -0.0221671657   0.0065294084   0.0011984420
        0.0018312769  -0.0044782361  -0.0006400685  -0.0015047360   0.0021454790
       -0.0011019006   0.0015573583   0.0003021659   0.0160947724  -0.0083697396
        0.0005759624   0.0444604797   0.0487757876  -0.0814373151  -0.1416799563
       -0.0240466430   0.1675406638   0.0113885364  -0.0014346237  -0.0363735810
        0.0049776337  -0.0102989492  -0.0015588669  -0.0032858588  -0.0018668098
       -0.0027989338   0.0002777278  -0.0003640132  -0.0000233103  -0.0002398520
        0.0001720783   0.0001011984   0.0007503259   0.0054208281   0.0073916047
        0.0100189075   0.0110968043  -0.0030205513   0.0552619974  -0.0263959874
       -0.0510340388   0.0010796177   0.0080026233   0.0003130075   0.0019148784
       -0.0030724772   0.0009415620   0.0000826910   0.0008237632  -0.0009195676
        0.0004373678   0.0032385572  -0.0039742720  -0.0057384580   0.0067069508
        0.0030578768   0.0131869705  -0.0197195982  -0.0005891523  -0.0822103610
       -0.0276734790   0.0113885364   0.5214207690   0.0210358213  -0.1417362738
       -0.1680611277   0.0884065270   0.0624043673  -0.0533143433   0.0028742098
        0.0152438263   0.0008109308  -0.0000830085  -0.0018799502   0.0004140514
        0.0000497738   0.0001161975   0.0000241796   0.0017923567   0.0018005868
       -0.0027315504  -0.0028857437   0.0012019009  -0.0037521584   0.0272917573
        0.0005200573  -0.2191753401  -0.0997896161   0.0569164039   0.0031121372
        0.0007941186  -0.0060224119  -0.0044230673  -0.0020386271   0.0015523071
       -0.0003476239  -0.0015365418   0.0101690552   0.0197264673  -0.0160814089
       -0.0050286614  -0.0503663602  -0.0393719780   0.0129943740   0.0277960595
       -0.4328652010  -0.0014346237   0.0210358213   0.7291852506   0.0238487438
        0.0425214889  -0.1267474390  -0.0415406021   0.0273968564   0.0226549344
       -0.0040490123  -0.0015327883   0.0006563222   0.0017082927   0.0000348920
       -0.0002651026   0.0001113776   0.0006413972  -0.0015050208  -0.0021456974
       -0.0012017216   0.0018272867   0.0044781458   0.0023035901  -0.0221635902
       -0.0065207620  -0.1038976269  -0.0975257259   0.0204557135   0.0187254494
       -0.0222868841  -0.0063709521  -0.0028359012   0.0060250984  -0.0066753918
       -0.0011030723  -0.0015592589   0.0003065936  -0.0032907509   0.0018677770
       -0.0028015895   0.0049859449   0.0103049451  -0.0015623715   0.0113806982
        0.0016186923  -0.0363735810  -0.1417362738   0.0238487438   0.1675814183
        0.0444904372  -0.0487912053  -0.0814588131   0.0161012890   0.0083704314
        0.0005694133   0.0002818408   0.0003647681  -0.0000233676  -0.0002398857
       -0.0001721684   0.0000995337   0.0000824618  -0.0008241303  -0.0009212523
        0.0019139433   0.0030717105   0.0009430442   0.0010819519  -0.0079979753
        0.0003186035   0.0552772498   0.0264171808  -0.0510442245   0.0100203733
       -0.0110976758  -0.0030221637   0.0007537924  -0.0054218349   0.0073887566
       -0.0135754263  -0.0205917520   0.0058362676   0.0078580704  -0.0140540395
       -0.0070601270  -0.0235337755  -0.0073700639   0.0028862217   0.0131688217
        0.0503760560   0.0049776337  -0.1680611277   0.0425214889   0.0444904372
        0.7471767836   0.0735148226  -0.0089084620  -0.4556469533  -0.0711936856
       -0.0273669665  -0.0002130208   0.0025238109   0.0035291222  -0.0002879642
       -0.0017738778  -0.0007018478   0.0003635989  -0.0022050008  -0.0026950934
        0.0004275455   0.0011766104   0.0018472281   0.0024217867  -0.0007586841
        0.0023649560  -0.0261619275   0.0131131414   0.0041977280  -0.0576550360
       -0.0645983581  -0.0200065806  -0.0262813755  -0.0006804684  -0.0033905172
       -0.0241966504  -0.0148110261  -0.0083961194  -0.0055969446   0.0033454698
       -0.0011624598   0.0073685037   0.0021624603  -0.0015658085   0.0197274647
       -0.0393633381  -0.0102989492   0.0884065270  -0.1267474390  -0.0487912053
        0.0735148226   0.4827799024   0.1907359120  -0.1078175454  -0.0902337243
       -0.0204263318  -0.0007905661   0.0002065244  -0.0006394692  -0.0016783307
       -0.0034096426  -0.0025925739   0.0002507887   0.0002734470   0.0005947940
       -0.0002090314  -0.0000601852  -0.0008757938   0.0006032430  -0.0048198222
        0.0005081082  -0.0084398018   0.0064121668   0.0044929746  -0.0584652991
       -0.2181416236  -0.1026074261   0.0173228198   0.0024068304   0.0010243482
       -0.0169538681  -0.0063160109  -0.0073981776  -0.0028232780   0.0043948067
        0.0012798823   0.0028876529   0.0015655178  -0.0033899084  -0.0005948262
       -0.0129828124  -0.0015588669   0.0624043673  -0.0415406021  -0.0814588131
       -0.0089084620   0.1907359120   0.2178086143  -0.0288836275  -0.0299775375
       -0.0472354528  -0.0018910760  -0.0009877175   0.0003918313  -0.0016136921
       -0.0032571155  -0.0015461873   0.0001097777   0.0007108118   0.0012658215
       -0.0000176930   0.0000376782  -0.0005384579   0.0026928366   0.0009830926
        0.0101463865   0.0070660440  -0.0039448952   0.0000302258  -0.0272132313
       -0.1001407281  -0.0889654626   0.0137390753   0.0007196000   0.0011685650
       -0.0809116127  -0.0278033145  -0.0313526270  -0.0004435369   0.0033468240
        0.0075804477   0.0078543806   0.0055948384  -0.0028213449  -0.0057326039
       -0.0197198591  -0.0032858588  -0.0533143433   0.0273968564   0.0161012890
       -0.4556469533  -0.1078175454  -0.0288836275   0.7735823362   0.0405782425
       -0.0298954162   0.0046810993   0.0072839150   0.0042906897  -0.0121179066
       -0.0257051642  -0.0163624387  -0.0002106796   0.0015462100   0.0014683032
       -0.0005422963  -0.0004716959  -0.0007026267   0.0004935313  -0.0001802408
        0.0010388605  -0.0015473012   0.0021912192   0.0038944614  -0.0132404991
       -0.0029440525  -0.0075830644  -0.1629036142   0.0967037669   0.0865129527
       -0.0449391979  -0.1404710399  -0.0945467411  -0.0033454231  -0.0271187690
        0.0067260090   0.0140549238   0.0033470465  -0.0043948303  -0.0067034732
       -0.0160852415  -0.0018668098   0.0028742098   0.0226549344   0.0083704314
       -0.0711936856  -0.0902337243  -0.0299775375   0.0405782425   0.3860269728
        0.2012037223   0.0010368044  -0.0069532346  -0.0109847640  -0.0028789303
       -0.0030375843  -0.0028398612  -0.0002006081   0.0006032451   0.0029729911
       -0.0006731373   0.0007428901   0.0001991345  -0.0005626822   0.0000116826
        0.0005012333   0.0029712191  -0.0014160308   0.0008260943  -0.0267867951
       -0.0090530414  -0.0057130893   0.0957685332  -0.1190181057  -0.0704759826
       -0.0258566884  -0.0699454359  -0.1040431141   0.0075806908  -0.0067312416
        0.0050724707  -0.0070624180   0.0011606116   0.0012795822   0.0030594347
        0.0050339124  -0.0027989338   0.0152438263  -0.0040490123   0.0005694133
       -0.0273669665  -0.0204263318  -0.0472354528  -0.0298954162   0.2012037223
        0.2612098966  -0.0049773667  -0.0261237502  -0.0188149397  -0.0023959520
       -0.0043464341  -0.0025792722  -0.0003799105   0.0016024949  -0.0001752751
       -0.0003190318   0.0003977381   0.0003750304  -0.0006124867  -0.0002711137
       -0.0010982572   0.0041112500  -0.0013398417   0.0011821674  -0.0146545450
       -0.0055062270  -0.0020648473   0.0835255802  -0.0706590910  -0.0908784685
       -0.0931540211  -0.0000103194   0.0893720151   0.0046856602  -0.0010377483
       -0.0049806512  -0.0002157369   0.0007888673  -0.0018890848   0.0008111784
        0.0015341677   0.0002777278   0.0008109308  -0.0015327883   0.0002818408
       -0.0002130208  -0.0007905661  -0.0018910760   0.0046810993   0.0010368044
       -0.0049773667   0.1010442943   0.0000140053  -0.1050976320  -0.0184727153
       -0.0000039096   0.0284546110   0.0001313689   0.0006937347  -0.0002914400
       -0.0000264315  -0.0000078748   0.0003585585  -0.0000939876   0.0001053687
        0.0001578761  -0.0000937944  -0.0001053086   0.0001585300  -0.0000262972
        0.0000083926   0.0003576700   0.0001314730  -0.0006928256  -0.0002915788
       -0.0000133659  -0.0348971362   0.0000259385  -0.0072835548  -0.0069599574
        0.0261238238  -0.0025246355   0.0002058822   0.0009864787   0.0000840892
        0.0006592088  -0.0003640132  -0.0000830085   0.0006563222   0.0003647681
        0.0025238109   0.0002065244  -0.0009877175   0.0072839150  -0.0069532346
       -0.0261237502   0.0000140053   0.0523129098  -0.0000260206  -0.0000015937
        0.0010354033   0.0000019908   0.0010704729  -0.0028359621   0.0028950730
       -0.0003363227  -0.0002451408  -0.0009415926  -0.0000404104  -0.0000524522
       -0.0000251874   0.0000402792  -0.0000524060   0.0000249990   0.0003367363
       -0.0002447174   0.0009409588  -0.0010704172  -0.0028352440  -0.0028957491
        0.0929756484   0.0000241259  -0.2165496309   0.0042877086   0.0109862999
       -0.0188083920   0.0035282959   0.0006397898   0.0003921141  -0.0018795473
       -0.0017084996  -0.0000233103  -0.0018799502   0.0017082927  -0.0000233676
        0.0035291222  -0.0006394692   0.0003918313   0.0042906897  -0.0109847640
       -0.0188149397  -0.1050976320  -0.0000260206   0.2553492444   0.0016411296
        0.0000001032   0.0006544018  -0.0011668092   0.0010107920  -0.0021093700
        0.0003209862  -0.0001636881   0.0006857355   0.0001482448   0.0000163127
        0.0001402599   0.0001482468  -0.0000162485   0.0001401109   0.0003212320
        0.0001640710   0.0006852912  -0.0011673654  -0.0010110973  -0.0021099787
       -0.2805083351  -0.0000112203  -0.0237936453  -0.0121207438   0.0028777039
       -0.0023961666  -0.0002876530   0.0016784866  -0.0016133847   0.0004146266
       -0.0000348295  -0.0002398520   0.0004140514   0.0000348920  -0.0002398857
       -0.0002879642  -0.0016783307  -0.0016136921  -0.0121179066  -0.0028789303
       -0.0023959520  -0.0184727153  -0.0000015937   0.0016411296   0.3214191011
        0.0000139130   0.0297365069   0.0011322006  -0.0004902551   0.0004623348
       -0.0004757507   0.0003106264   0.0000262793   0.0001173946  -0.0000039005
       -0.0000311549   0.0001173571   0.0000039959  -0.0000312835  -0.0004757053
       -0.0003107448   0.0000265061   0.0011320427   0.0004901872   0.0004622602
       -0.0000114256  -0.0390117480  -0.0000010272   0.0257055906  -0.0030346006
        0.0043460959   0.0017744854  -0.0034095541   0.0032566041  -0.0000501136
       -0.0002643686   0.0001720783   0.0000497738  -0.0002651026  -0.0001721684
       -0.0017738778  -0.0034096426  -0.0032571155  -0.0257051642  -0.0030375843
       -0.0043464341  -0.0000039096   0.0010354033   0.0000001032   0.0000139130
        0.0511278816   0.0000013055   0.0008479750   0.0007316930  -0.0004741699
        0.0011047577  -0.0006108730  -0.0000008087  -0.0000921001   0.0000140172
       -0.0000615927   0.0000921157   0.0000140542   0.0000615273  -0.0011048515
       -0.0006112197   0.0000012411  -0.0008471687   0.0007316444   0.0004743612
       -0.0214050134  -0.0000009028  -0.0473102096  -0.0163587587   0.0028382667
       -0.0025792137  -0.0007012782   0.0025922213  -0.0015450999   0.0001150098
       -0.0001115299   0.0001011984   0.0001161975   0.0001113776   0.0000995337
       -0.0007018478  -0.0025925739  -0.0015461873  -0.0163624387  -0.0028398612
       -0.0025792722   0.0284546110   0.0000019908   0.0006544018   0.0297365069
        0.0000013055   0.0532025890  -0.0008047745  -0.0002715142   0.0003775987
       -0.0006600171   0.0004839818   0.0002768425   0.0000184385  -0.0000060497
        0.0000964631   0.0000184405   0.0000060706   0.0000964273  -0.0006602777
       -0.0004842412   0.0002770853  -0.0008047980   0.0002714587   0.0003778430
        0.0040718787   0.0041926933  -0.0035502859  -0.1629068924  -0.0958085220
        0.0834817981  -0.0262818631  -0.0173286560   0.0137306021  -0.0044242613
        0.0028319307   0.0007503259   0.0000241796   0.0006413972   0.0000824618
        0.0003635989   0.0002507887   0.0001097777  -0.0002106796  -0.0002006081
       -0.0003799105   0.0001313689   0.0010704729  -0.0011668092   0.0011322006
        0.0008479750  -0.0008047745   0.1887223615   0.1053221869  -0.0922992806
        0.0005310970  -0.0008255376  -0.0002086646  -0.0014341913  -0.0008425319
        0.0002489946   0.0000982588  -0.0000890565   0.0000372783   0.0000511052
       -0.0000106070  -0.0000381748   0.0001318384  -0.0000519255   0.0000066618
       -0.0122810473  -0.0133260156   0.0141118884  -0.0967446749  -0.1190776665
        0.0706482038   0.0006767385   0.0024041189  -0.0007157084   0.0020365951
        0.0060255620   0.0054208281   0.0017923567  -0.0015050208  -0.0008241303
       -0.0022050008   0.0002734470   0.0007108118   0.0015462100   0.0006032451
        0.0016024949   0.0006937347  -0.0028359621   0.0010107920  -0.0004902551
        0.0007316930  -0.0002715142   0.1053221869   0.1270756982  -0.0874166517
        0.0004337127  -0.0003263207  -0.0027232917  -0.0006561378  -0.0003479288
       -0.0003700854  -0.0002468850   0.0002997316  -0.0009932726   0.0000706675
        0.0000128163   0.0001388484   0.0000517987  -0.0000073976  -0.0003292130
        0.0088799849   0.0093083618  -0.0056235308   0.0864673527   0.0704663514
       -0.0908177805  -0.0033954622  -0.0010281235   0.0011710224   0.0015496636
        0.0066774743   0.0073916047   0.0018005868  -0.0021456974  -0.0009212523
       -0.0026950934   0.0005947940   0.0012658215   0.0014683032   0.0029729911
       -0.0001752751  -0.0002914400   0.0028950730  -0.0021093700   0.0004623348
       -0.0004741699   0.0003775987  -0.0922992806  -0.0874166517   0.0928345814
       -0.0007767388  -0.0018893025  -0.0023231155  -0.0009141730  -0.0004326476
        0.0001192598  -0.0003257793   0.0003060165  -0.0012898805   0.0000632704
       -0.0001637220   0.0004792298   0.0000064710   0.0003292527  -0.0003789136
       -0.0046141689   0.0018926481   0.0002276664  -0.0132401544   0.0267872519
       -0.0146542481  -0.0576612503   0.0584658825  -0.0272112337   0.0031153382
       -0.0187242183   0.0100189075  -0.0027315504  -0.0012017216   0.0019139433
        0.0004275455  -0.0002090314  -0.0000176930  -0.0005422963  -0.0006731373
       -0.0003190318  -0.0000264315  -0.0003363227   0.0003209862  -0.0004757507
        0.0011047577  -0.0006600171   0.0005310970   0.0004337127  -0.0007767388
        0.0750749154  -0.0657433874   0.0319154672   0.0004602353  -0.0009380183
        0.0002197332  -0.0004595375  -0.0008471354  -0.0008994375   0.0000908523
        0.0000593865  -0.0001414497   0.0000511563  -0.0000706670   0.0000631459
        0.0021431393   0.0027516248   0.0024270730   0.0029456687  -0.0090525506
        0.0055038857   0.0645929006  -0.2181700303   0.1001384195  -0.0007878379
       -0.0222866269   0.0110968043  -0.0028857437   0.0018272867   0.0030717105
        0.0011766104  -0.0000601852   0.0000376782  -0.0004716959   0.0007428901
        0.0003977381  -0.0000078748  -0.0002451408  -0.0001636881   0.0003106264
       -0.0006108730   0.0004839818  -0.0008255376  -0.0003263207  -0.0018893025
       -0.0657433874   0.2454285055  -0.1195284085   0.0000534994   0.0006311499
       -0.0007431295  -0.0004517087  -0.0007055903  -0.0008875303  -0.0000593571
        0.0000630623  -0.0001086037   0.0000106983   0.0000127985   0.0001633716
       -0.0003225898   0.0040108473   0.0061561393  -0.0075830763   0.0057152033
       -0.0020696708  -0.0200079405   0.1026018394  -0.0889480010  -0.0060188454
        0.0063672200  -0.0030205513   0.0012019009   0.0044781458   0.0009430442
        0.0018472281  -0.0008757938  -0.0005384579  -0.0007026267   0.0001991345
        0.0003750304   0.0003585585  -0.0009415926   0.0006857355   0.0000262793
       -0.0000008087   0.0002768425  -0.0002086646  -0.0027232917  -0.0023231155
        0.0319154672  -0.1195284085   0.0875739606  -0.0007608876   0.0001101304
       -0.0000897073   0.0004347060   0.0006175747   0.0008285029  -0.0001414967
        0.0001085816  -0.0003284291  -0.0000380124  -0.0001387817   0.0004786774
        0.0003922790   0.0003200500   0.0006027544  -0.0015468497  -0.0029712288
        0.0041100782  -0.0261612326   0.0084354184   0.0070621292  -0.2192257760
        0.1038899117   0.0552619974  -0.0037521584   0.0023035901   0.0010819519
        0.0024217867   0.0006032430   0.0026928366   0.0004935313  -0.0005626822
       -0.0006124867  -0.0000939876  -0.0000404104   0.0001482448   0.0001173946
       -0.0000921001   0.0000184385  -0.0014341913  -0.0006561378  -0.0009141730
        0.0004602353   0.0000534994  -0.0007608876   0.2478301053  -0.1110383219
       -0.0669601196   0.0008602705  -0.0009431692  -0.0018404243  -0.0004595822
        0.0004516859   0.0004349475   0.0000981752   0.0002466518  -0.0003252873
        0.0000101398   0.0000083952   0.0004386295  -0.0021905089  -0.0014175392
        0.0013402805  -0.0131186744   0.0064106534   0.0039442795   0.0997858225
       -0.0974963057  -0.0263959874   0.0272917573  -0.0221635902  -0.0079979753
       -0.0007586841  -0.0048198222   0.0009830926  -0.0001802408   0.0000116826
       -0.0002711137   0.0001053687  -0.0000524522   0.0000163127  -0.0000039005
        0.0000140172  -0.0000060497  -0.0008425319  -0.0003479288  -0.0004326476
       -0.0009380183   0.0006311499   0.0001101304  -0.1110383219   0.1190366780
        0.0297723614   0.0009425525   0.0005888494  -0.0005772412   0.0008461878
       -0.0007042458  -0.0006171493   0.0000890521   0.0003004585  -0.0003069223
        0.0001467305   0.0002388387   0.0014614319   0.0038953975  -0.0008257561
        0.0011840288   0.0041917446  -0.0044941626   0.0000321004   0.0569121343
       -0.0204362837  -0.0510340388   0.0005200573  -0.0065207620   0.0003186035
        0.0023649560   0.0005081082   0.0101463865   0.0010388605   0.0005012333
       -0.0010982572   0.0001578761  -0.0000251874   0.0001402599  -0.0000311549
       -0.0000615927   0.0000964631   0.0002489946  -0.0003700854   0.0001192598
        0.0002197332  -0.0007431295  -0.0000897073  -0.0669601196   0.0297723614
        0.0432041971  -0.0018417943   0.0005750864  -0.0040212361  -0.0009002605
        0.0008880193   0.0008299405   0.0000368447   0.0009933121  -0.0012894322
        0.0003923624  -0.0003195207   0.0006035805   0.0004937782   0.0005623275
       -0.0006126008   0.0024214995  -0.0006014181   0.0026961525  -0.0037446469
       -0.0022975159   0.0010796177  -0.2191753401  -0.1038976269   0.0552772498
       -0.0261619275  -0.0084398018   0.0070660440  -0.0015473012   0.0029712191
        0.0041112500  -0.0000937944   0.0000402792   0.0001482468   0.0001173571
        0.0000921157   0.0000184405   0.0000982588  -0.0002468850  -0.0003257793
       -0.0004595375  -0.0004517087   0.0004347060   0.0008602705   0.0009425525
       -0.0018417943   0.2477739160   0.1110429528  -0.0669804785   0.0004600167
       -0.0000532220  -0.0007608838  -0.0014349114   0.0006562525  -0.0009137510
       -0.0000098566   0.0000085220  -0.0004377799   0.0001812459   0.0000118537
        0.0002702536   0.0007618404  -0.0048211474  -0.0009750190  -0.0272907156
       -0.0221671657   0.0080026233  -0.0997896161  -0.0975257259   0.0264171808
        0.0131131414   0.0064121668  -0.0039448952   0.0021912192  -0.0014160308
       -0.0013398417  -0.0001053086  -0.0000524060  -0.0000162485   0.0000039959
        0.0000140542   0.0000060706  -0.0000890565   0.0002997316   0.0003060165
       -0.0008471354  -0.0007055903   0.0006175747  -0.0009431692   0.0005888494
        0.0005750864   0.1110429528   0.1190690252  -0.0298027551   0.0009379013
        0.0006314758  -0.0001104731   0.0008425612  -0.0003476125   0.0004322065
        0.0001464983  -0.0002384387   0.0014625519   0.0010384002  -0.0005019981
       -0.0010977143   0.0023613491  -0.0005028877   0.0101478917   0.0005317697
        0.0065294084   0.0003130075   0.0569164039   0.0204557135  -0.0510442245
        0.0041977280   0.0044929746   0.0000302258   0.0038944614   0.0008260943
        0.0011821674   0.0001585300   0.0000249990   0.0001401109  -0.0000312835
        0.0000615273   0.0000964273   0.0000372783  -0.0009932726  -0.0012898805
       -0.0008994375  -0.0008875303   0.0008285029  -0.0018404243  -0.0005772412
       -0.0040212361  -0.0669804785  -0.0298027551   0.0432221321   0.0002200985
        0.0007431213  -0.0000891015   0.0002491065   0.0003702852   0.0001191393
       -0.0046142741  -0.0018954022   0.0002293595  -0.0005430373   0.0006734609
       -0.0003189834   0.0004293777   0.0002094209  -0.0000179471  -0.0027317985
        0.0011984420   0.0019148784   0.0031121372   0.0187254494   0.0100203733
       -0.0576550360  -0.0584652991  -0.0272132313  -0.0132404991  -0.0267867951
       -0.0146545450  -0.0000262972   0.0003367363   0.0003212320  -0.0004757053
       -0.0011048515  -0.0006602777   0.0000511052   0.0000706675   0.0000632704
        0.0000908523  -0.0000593571  -0.0001414967  -0.0004595822   0.0008461878
       -0.0009002605   0.0004600167   0.0009379013   0.0002200985   0.0750722057
        0.0657458686   0.0319150295   0.0005305349  -0.0004324294  -0.0007774998
       -0.0021455563   0.0027512318  -0.0024258042   0.0004721394   0.0007422262
       -0.0003983406  -0.0011788450  -0.0000612412  -0.0000376022   0.0028839501
        0.0018312769  -0.0030724772   0.0007941186  -0.0222868841  -0.0110976758
       -0.0645983581  -0.2181416236  -0.1001407281  -0.0029440525  -0.0090530414
       -0.0055062270   0.0000083926  -0.0002447174   0.0001640710  -0.0003107448
       -0.0006112197  -0.0004842412  -0.0000106070   0.0000128163  -0.0001637220
        0.0000593865   0.0000630623   0.0001085816   0.0004516859  -0.0007042458
        0.0008880193  -0.0000532220   0.0006314758   0.0007431213   0.0657458686
        0.2453978139   0.1195344469   0.0008258443  -0.0003269300   0.0018885782
       -0.0003196529  -0.0040117991   0.0061523773  -0.0007036339  -0.0001975242
        0.0003758563   0.0018494776   0.0008768291  -0.0005390989   0.0012018867
       -0.0044782361   0.0009415620  -0.0060224119  -0.0063709521  -0.0030221637
       -0.0200065806  -0.1026074261  -0.0889654626  -0.0075830644  -0.0057130893
       -0.0020648473   0.0003576700   0.0009409588   0.0006852912   0.0000265061
        0.0000012411   0.0002770853  -0.0000381748   0.0001388484   0.0004792298
       -0.0001414497  -0.0001086037  -0.0003284291   0.0004349475  -0.0006171493
        0.0008299405  -0.0007608838  -0.0001104731  -0.0000891015   0.0319150295
        0.1195344469   0.0875890553  -0.0002096654   0.0027229289  -0.0023212946
        0.0040718187  -0.0041900061  -0.0035500761  -0.0002102831   0.0002000900
       -0.0003798475   0.0003629905  -0.0002508748   0.0001101141   0.0000245333
       -0.0006400685   0.0000826910  -0.0044230673  -0.0028359012   0.0007537924
       -0.0262813755   0.0173228198   0.0137390753  -0.1629036142   0.0957685332
        0.0835255802   0.0001314730  -0.0010704172  -0.0011673654   0.0011320427
       -0.0008471687  -0.0008047980   0.0001318384   0.0000517987   0.0000064710
        0.0000511563   0.0000106983  -0.0000380124   0.0000981752   0.0000890521
        0.0000368447  -0.0014349114   0.0008425612   0.0002491065   0.0005305349
        0.0008258443  -0.0002096654   0.1887186883  -0.1052769612  -0.0923539105
        0.0122813181  -0.0133177047  -0.0141120240  -0.0015467219   0.0006040371
       -0.0016029880   0.0022053293   0.0002734580  -0.0007108329  -0.0017928796
       -0.0015047360   0.0008237632  -0.0020386271   0.0060250984  -0.0054218349
       -0.0006804684   0.0024068304   0.0007196000   0.0967037669  -0.1190181057
       -0.0706590910  -0.0006928256  -0.0028352440  -0.0010110973   0.0004901872
        0.0007316444   0.0002714587  -0.0000519255  -0.0000073976   0.0003292527
       -0.0000706670   0.0000127985  -0.0001387817   0.0002466518   0.0003004585
        0.0009933121   0.0006562525  -0.0003476125   0.0003702852  -0.0004324294
       -0.0003269300   0.0027229289  -0.1052769612   0.1270034052   0.0874260490
        0.0088812679  -0.0093053761  -0.0056302405   0.0014683357  -0.0029712481
       -0.0001749150  -0.0026940856  -0.0005945108   0.0012651285   0.0017996989
        0.0021454790  -0.0009195676   0.0015523071  -0.0066753918   0.0073887566
       -0.0033905172   0.0010243482   0.0011685650   0.0865129527  -0.0704759826
       -0.0908784685  -0.0002915788  -0.0028957491  -0.0021099787   0.0004622602
        0.0004743612   0.0003778430   0.0000066618  -0.0003292130  -0.0003789136
        0.0000631459   0.0001633716   0.0004786774  -0.0003252873  -0.0003069223
       -0.0012894322  -0.0009137510   0.0004322065   0.0001191393  -0.0007774998
        0.0018885782  -0.0023212946  -0.0923539105   0.0874260490   0.0929047010
