$hessian                                                                        
        0.6813814875  -0.0013117515   0.0054761339  -0.1318598124   0.1251936732
        0.0013744306  -0.0233603740   0.0314203826   0.0002128068   0.0055691521
       -0.0083740777   0.0000038125  -0.0492738888  -0.0162543085  -0.0007282387
       -0.1831350444  -0.1556225775  -0.0040237884  -0.0029812869   0.0007019308
       -0.0000366066   0.0006768354   0.0000935039  -0.0000078178  -0.0005389454
        0.0000606903  -0.0000440137  -0.0002264429   0.0001334473   0.0000090788
       -0.0002426816  -0.0001452672  -0.0000257871   0.0002036497  -0.0000559325
       -0.0000107381  -0.0001597462  -0.0005820294   0.0000366676   0.0000417599
       -0.0000206408   0.0000161534   0.0001200219   0.0001218017   0.0000115258
       -0.2979817833   0.0307373185  -0.0020147668   0.0062004495  -0.0162798726
       -0.0002141375  -0.0055068343   0.0009847295  -0.0001546601  -0.0051519168
        0.0009014929  -0.0000562558   0.0062357176   0.0083061827   0.0001786948
        0.0000262999   0.0000008963  -0.0000040381  -0.0000055590   0.0000143989
        0.0000009680  -0.0000310577  -0.0000239909   0.0000005764
       -0.0013117515   0.6510936298   0.0093829729   0.0457489550  -0.2932670733
       -0.0038922171   0.0906016814   0.0129793547   0.0012079527  -0.0095477342
       -0.0641234256  -0.0010325640  -0.0754294680   0.0387878442  -0.0001453803
       -0.0762321569  -0.2483718748  -0.0042681431   0.0010512722   0.0000784987
       -0.0000180575  -0.0007591461   0.0003238335  -0.0000195253   0.0008260885
        0.0000477764   0.0000891866   0.0004878176  -0.0002995400  -0.0000520818
        0.0003648804   0.0003655019   0.0000614537  -0.0005990583   0.0001490040
        0.0000113268   0.0008048659  -0.0001111112  -0.0000451669  -0.0000609089
        0.0000470115  -0.0000128164  -0.0000328285   0.0000166012   0.0000017259
        0.0308170006  -0.0477044420  -0.0000019236   0.0076520275  -0.0259584851
       -0.0004013188   0.0004843679   0.0010865934  -0.0001117908   0.0007586496
        0.0008992006  -0.0001168823  -0.0156920304  -0.0260825903  -0.0006440947
        0.0000144115   0.0000184473  -0.0000092749   0.0000127780   0.0000075008
        0.0000126095   0.0000402868   0.0000177443   0.0000040094
        0.0054761339   0.0093829729   0.1161427188   0.0000838384  -0.0031220868
       -0.0482225763   0.0012344671   0.0005108364   0.0014937067  -0.0000189458
       -0.0010379238  -0.0066221201  -0.0017939631   0.0004782960   0.0019450608
       -0.0027113659  -0.0050347959  -0.0482791903  -0.0000359601   0.0000173114
       -0.0001349595  -0.0000025026   0.0000507514   0.0000130297   0.0000746047
       -0.0000082402  -0.0001473363   0.0000113522  -0.0000168125   0.0000143478
       -0.0000106393   0.0000098209   0.0000497681   0.0000040090  -0.0000072570
        0.0000282640  -0.0000315167  -0.0000164349  -0.0002420327   0.0000060662
       -0.0000036940   0.0000138168  -0.0000029123  -0.0000000358   0.0000043215
       -0.0020128053   0.0000453397  -0.0342361258   0.0001907933  -0.0006353331
        0.0008993354  -0.0001203524  -0.0001086753   0.0083686182  -0.0001205296
       -0.0001191936   0.0080314740  -0.0002224134  -0.0003851027   0.0008562275
        0.0000006236   0.0000016686  -0.0000140366   0.0000021467   0.0000002666
        0.0000188189  -0.0000001287  -0.0000016783   0.0000188692
       -0.1318598124   0.0457489550   0.0000838384   0.6655037396   0.0093174490
        0.0061713251  -0.3391453889   0.0681428456  -0.0020821527  -0.0502609354
       -0.0715291814  -0.0017136264  -0.0407622749   0.0310975610   0.0000773504
        0.0586009037   0.0142035531   0.0007694139   0.0034932016  -0.0026738905
       -0.0001071828  -0.0023847624  -0.0002046106  -0.0000145387   0.0007720068
        0.0002469389   0.0000745648   0.0005017407  -0.0008393088  -0.0000699625
        0.0002446595   0.0006718129   0.0000760619  -0.0011167585  -0.0001184356
       -0.0000114500   0.0007526153   0.0003074686  -0.0000025200  -0.0000886649
        0.0000450405  -0.0000199054   0.0000583795   0.0001256732   0.0000066869
       -0.0147635265   0.0274069801   0.0003057521  -0.1339783957  -0.1226902408
       -0.0032891051  -0.0139265894   0.0040234291  -0.0000786665  -0.0002147334
        0.0005479730   0.0000187498  -0.0013854894  -0.0037693452  -0.0001797565
        0.0000218921  -0.0000367917  -0.0000051012  -0.0000321869   0.0000045116
        0.0000012074  -0.0000296199  -0.0000283871  -0.0000109829
        0.1251936732  -0.2932670733  -0.0031220868   0.0093174490   0.6676248287
        0.0097492344  -0.0099661864  -0.0982857821  -0.0009511749  -0.0126433769
        0.0398295338   0.0005880861   0.0334606620  -0.0200885394   0.0001004384
       -0.0448647163  -0.0670570031  -0.0016323146  -0.0061680713  -0.0057961178
       -0.0003642941   0.0001483501  -0.0003196407   0.0000092585  -0.0004813684
        0.0008245582   0.0000067819  -0.0011804779   0.0001685557  -0.0000090802
       -0.0006485670  -0.0007215199  -0.0000879363   0.0013573452   0.0000955424
        0.0000005781   0.0008663140   0.0006948739  -0.0000045904   0.0004562822
       -0.0000613867   0.0001106537   0.0000456432   0.0001407020   0.0000128425
        0.0035505705  -0.0045648533  -0.0000093523  -0.1224199347  -0.2107394270
       -0.0043936611   0.0266426092  -0.0051854100   0.0002563590   0.0005472061
        0.0003807919  -0.0000048590  -0.0032287835  -0.0037418421  -0.0002008335
        0.0000221651   0.0000452165   0.0000029872  -0.0000072727   0.0000571810
       -0.0000227255   0.0000004853  -0.0000331887  -0.0000343109
        0.0013744306  -0.0038922171  -0.0482225763   0.0061713251   0.0097492344
        0.1166435820  -0.0035236066  -0.0001470137  -0.0451915467  -0.0005955245
       -0.0000555621  -0.0016536416   0.0001768320   0.0000987855  -0.0046348983
       -0.0001692605  -0.0010318243   0.0017737304  -0.0002882907  -0.0001541172
        0.0065770347   0.0000684589  -0.0000596824   0.0005958066  -0.0000160367
        0.0000062972   0.0001127038  -0.0000133139   0.0000415019  -0.0005072585
       -0.0000102644  -0.0000252364   0.0002160231   0.0000252047   0.0000243893
       -0.0000926543  -0.0000643576  -0.0000457029  -0.0000184562   0.0000011511
       -0.0000023804   0.0000423884   0.0000163028   0.0000052396   0.0000922742
       -0.0000858265   0.0001719459   0.0005921341  -0.0032294139  -0.0044074791
       -0.0346387670   0.0003028184  -0.0000717951   0.0009693038   0.0000055976
        0.0000099497  -0.0002623150  -0.0001415457  -0.0002384230   0.0077976861
       -0.0000027926   0.0000154118  -0.0001904450  -0.0000018528   0.0000059417
        0.0000154019  -0.0000000349   0.0000027365  -0.0000155104
       -0.0233603740   0.0906016814   0.0012344671  -0.3391453889  -0.0099661864
       -0.0035236066   0.6770036602  -0.0266980917   0.0054197244  -0.1495725202
       -0.0622447230  -0.0019622209   0.0527933000  -0.0379420619   0.0000463502
       -0.0541563027  -0.0250428345  -0.0008840878  -0.0506878635  -0.0276651410
       -0.0012849294  -0.0000895685   0.0065776236   0.0005858733   0.0003864356
       -0.0007170644  -0.0000842849  -0.0029803388   0.0002497648  -0.0000710811
       -0.0007405361  -0.0015210796  -0.0001747537   0.0022684068  -0.0022448498
       -0.0000650693  -0.0083669325  -0.0025943282   0.0001937907  -0.0001931134
        0.0000223423  -0.0000324205  -0.0004049603   0.0001734956   0.0000161595
       -0.0001841641   0.0025981936  -0.0000113842  -0.0219845819  -0.0006320964
       -0.0002170996  -0.0796298071   0.0950909868   0.0008659704  -0.0005237551
        0.0025935466  -0.0000825649  -0.0004443913  -0.0005816643  -0.0000065452
        0.0001101045  -0.0000415185   0.0000114300  -0.0000363004  -0.0000206112
        0.0000170727  -0.0000610083   0.0000046163   0.0000092098
        0.0314203826   0.0129793547   0.0005108364   0.0681428456  -0.0982857821
       -0.0001470137  -0.0266980917   0.6559678823   0.0085425034  -0.1283078154
       -0.2316374713  -0.0043058024   0.0117447038  -0.0610714493  -0.0008031384
       -0.0234178383  -0.0069620882  -0.0002389260  -0.0131885234   0.0061688391
        0.0000135582   0.0026656191  -0.0009365847  -0.0000916677  -0.0006666709
        0.0010362218   0.0000101622  -0.0008588615   0.0006762023   0.0000513514
       -0.0011961873  -0.0009529036  -0.0001743675   0.0032731556   0.0001370792
        0.0000994852  -0.0007510724  -0.0003087635  -0.0000280286   0.0007164363
       -0.0002643884   0.0001567299   0.0002154643   0.0000515080   0.0000073168
        0.0027833900  -0.0048384708  -0.0001737607  -0.0241549143   0.0011481928
       -0.0002571576   0.0957461285  -0.2689582443  -0.0029538962   0.0030359258
       -0.0046571741  -0.0001283632  -0.0005562704   0.0007696468  -0.0000009942
        0.0000806514  -0.0000673401   0.0000348045   0.0000392337   0.0000585132
       -0.0000699392  -0.0000676913  -0.0000527796  -0.0000536926
        0.0002128068   0.0012079527   0.0014937067  -0.0020821527  -0.0009511749
       -0.0451915467   0.0054197244   0.0085425034   0.1136959332  -0.0029290534
       -0.0036511712  -0.0508521678   0.0006249085  -0.0013712933   0.0021116943
       -0.0009146125  -0.0003034889  -0.0052813992  -0.0007991275  -0.0003415193
        0.0014628115  -0.0000390151  -0.0000791863   0.0010875078   0.0000389206
        0.0001052241  -0.0003440891  -0.0000549695  -0.0000037198   0.0002950541
       -0.0000177846  -0.0000333446  -0.0004199220   0.0001302919   0.0000402882
       -0.0000568475   0.0002275966   0.0000245047   0.0015589631   0.0000454142
       -0.0000149115   0.0000366334   0.0000077838   0.0000201037  -0.0000740117
       -0.0000249537  -0.0001880559   0.0075697928  -0.0006330483   0.0000129873
        0.0002860160   0.0008658431  -0.0028433849  -0.0343408943  -0.0000502660
       -0.0001804996   0.0071270987  -0.0000118172   0.0000071134  -0.0001895496
       -0.0000083061  -0.0000033706   0.0000533834  -0.0000019370   0.0000092962
       -0.0000493921  -0.0000062461  -0.0000048527   0.0000212250
        0.0055691521  -0.0095477342  -0.0000189458  -0.0502609354  -0.0126433769
       -0.0005955245  -0.1495725202  -0.1283078154  -0.0029290534   0.5646497317
       -0.0103441717   0.0036630441  -0.1142467764   0.1017560489   0.0004960642
       -0.0251013705   0.0295250730   0.0002245247  -0.1840103360   0.0183189882
       -0.0008423065  -0.0344961979  -0.0085907677  -0.0009151884   0.0026620961
        0.0014918288   0.0001847248   0.0024858772  -0.0058406688  -0.0005334075
        0.0003052416   0.0049950437   0.0002334654  -0.0048955504   0.0002669505
       -0.0003261411  -0.0194629651   0.0253472396   0.0015745846   0.0002608227
       -0.0001831999   0.0002405793  -0.0003350393  -0.0001719394   0.0000206555
        0.0009633717  -0.0002599860  -0.0000352145  -0.0051548165   0.0007226420
       -0.0001653015   0.0078832955   0.0077328567   0.0000663143   0.0083007908
       -0.0148938919  -0.0000877046  -0.0054123677   0.0008695218  -0.0000808479
       -0.0000234057  -0.0002774525  -0.0000172088  -0.0000447280   0.0000740119
       -0.0000879793  -0.0000633700  -0.0000392008  -0.0000691332
       -0.0083740777  -0.0641234256  -0.0010379238  -0.0715291814   0.0398295338
       -0.0000555621  -0.0622447230  -0.2316374713  -0.0036511712  -0.0103441717
        0.6734598693   0.0106950935   0.0348793210  -0.2843708206  -0.0033567160
        0.0880274168   0.0158660148   0.0011148923   0.0073252523  -0.0811119442
       -0.0020917243  -0.0142775717   0.0106994678   0.0006963932   0.0021562652
       -0.0007856591   0.0000596354  -0.0043932341  -0.0020689484  -0.0005328781
        0.0000691265  -0.0010935277  -0.0001300583   0.0031394993  -0.0077200681
       -0.0006973220   0.0405106594  -0.0166560365   0.0001314494  -0.0004535730
        0.0001877758  -0.0000410396  -0.0014134870  -0.0000452713   0.0000392276
       -0.0002528294  -0.0008256187  -0.0000542626   0.0014644700   0.0011718027
       -0.0000865044  -0.0140204290  -0.0263441427  -0.0006027773   0.0080399983
       -0.0249615159  -0.0002686978   0.0002581267   0.0011650913  -0.0001254447
        0.0014569046  -0.0005829793  -0.0001052102  -0.0000645564  -0.0000351662
        0.0000681109   0.0000407943  -0.0000169596   0.0000324900
        0.0000038125  -0.0010325640  -0.0066221201  -0.0017136264   0.0005880861
       -0.0016536416  -0.0019622209  -0.0043058024  -0.0508521678   0.0036630441
        0.0106950935   0.1309503329  -0.0002709771  -0.0026841491  -0.0489673802
        0.0012168982   0.0005603152  -0.0014032105  -0.0015327098  -0.0017366762
       -0.0416321688  -0.0014234205   0.0006331460  -0.0031498505   0.0000960596
        0.0000500969  -0.0006665719  -0.0002762849  -0.0005368988   0.0046327987
       -0.0000085884  -0.0001561396   0.0013800960   0.0000207000  -0.0007041641
        0.0040740867   0.0023714554  -0.0002030630  -0.0061397265  -0.0001530793
        0.0001169676  -0.0008341859  -0.0000705569   0.0000853958  -0.0006052316
        0.0000027297  -0.0000289026   0.0005016289  -0.0001252608  -0.0001287204
        0.0085718649  -0.0001051979  -0.0003852202   0.0018499785   0.0001872968
       -0.0005638933   0.0014141132  -0.0001192392  -0.0001241966   0.0083221969
        0.0000722116  -0.0001071484   0.0011139567   0.0000551704  -0.0000456324
       -0.0000984686   0.0000717838   0.0000140696  -0.0001863295
       -0.0492738888  -0.0754294680  -0.0017939631  -0.0407622749   0.0334606620
        0.0001768320   0.0527933000   0.0117447038   0.0006249085  -0.1142467764
        0.0348793210  -0.0002709771   0.6684854417   0.0268873645   0.0060898309
       -0.3276729117   0.0648031965  -0.0013494934  -0.0239810141   0.0322590296
        0.0005730941   0.0012529031  -0.0002137363  -0.0001376589  -0.0104346032
        0.0005266374  -0.0005914037   0.0001380730   0.0011175305   0.0000816058
        0.0004869914  -0.0006026192   0.0000143037  -0.0009032551   0.0022211824
        0.0002198558  -0.0055668937  -0.0007208780  -0.0004005375  -0.0002007916
        0.0001286111  -0.0000860404   0.0002108710   0.0001982256   0.0000054443
       -0.0018225729  -0.0033996262  -0.0001320815  -0.0001356606   0.0007042726
        0.0000231886  -0.0021600845  -0.0037628905  -0.0000928163  -0.1308206204
       -0.1294358478  -0.0028873522  -0.0149021107   0.0044421129  -0.0001293229
       -0.0004829410   0.0001820463   0.0000267245  -0.0000009857  -0.0000034180
        0.0000217967  -0.0000001949   0.0000135877   0.0000140621
       -0.0162543085   0.0387878442   0.0004782960   0.0310975610  -0.0200885394
        0.0000987855  -0.0379420619  -0.0610714493  -0.0013712933   0.1017560489
       -0.2843708206  -0.0026841491   0.0268873645   0.6668273390   0.0093628030
       -0.0133094199  -0.0979296603  -0.0010444829   0.0201259507  -0.0061711602
        0.0003043493  -0.0048441598  -0.0001585478  -0.0001493195   0.0019908152
        0.0005189630   0.0001638352   0.0014467954  -0.0008426826  -0.0000635642
        0.0007917856   0.0008971260   0.0000957523  -0.0018867113  -0.0007362618
       -0.0001597600   0.0009731822   0.0011146656   0.0001077436  -0.0006150421
        0.0001098388  -0.0001271071  -0.0002506625  -0.0001614483  -0.0000273246
       -0.0035483278  -0.0033741513  -0.0002228970   0.0006530658   0.0004163833
        0.0000149070  -0.0032056359  -0.0037621200  -0.0002419521  -0.1315429406
       -0.2244833224  -0.0048059988   0.0276465801  -0.0055080425   0.0001689231
       -0.0000011903   0.0000137189   0.0000056851   0.0000160725  -0.0000777765
        0.0000404621   0.0000152388   0.0000501043   0.0000563064
       -0.0007282387  -0.0001453803   0.0019450608   0.0000773504   0.0001004384
       -0.0046348983   0.0000463502  -0.0008031384   0.0021116943   0.0004960642
       -0.0033567160  -0.0489673802   0.0060898309   0.0093628030   0.1137796650
       -0.0026260081  -0.0001944951  -0.0459186328   0.0004257934   0.0002302334
       -0.0008950245  -0.0000995702  -0.0001992025  -0.0000798385  -0.0008313394
        0.0000033454   0.0016912930  -0.0000155784   0.0000420880   0.0003821945
        0.0000608406   0.0000349506  -0.0000056073  -0.0001207301  -0.0000614662
        0.0005245393   0.0001289170  -0.0000517023   0.0006725417  -0.0000670925
        0.0000292024  -0.0000484824   0.0000018616   0.0000000031  -0.0000436089
       -0.0001500813  -0.0002228154   0.0076524892   0.0000116226   0.0000199458
       -0.0004203237  -0.0001546136  -0.0002168479   0.0067192211  -0.0028689080
       -0.0045200137  -0.0347284181   0.0003082293  -0.0000437485   0.0002772292
        0.0000025635  -0.0000049104   0.0000272184   0.0000026263  -0.0000083456
       -0.0000208959   0.0000101100   0.0000057722  -0.0000200360
       -0.1831350444  -0.0762321569  -0.0027113659   0.0586009037  -0.0448647163
       -0.0001692605  -0.0541563027  -0.0234178383  -0.0009146125  -0.0251013705
        0.0880274168   0.0012168982  -0.3276729117  -0.0133094199  -0.0026260081
        0.6536943517  -0.0016342949   0.0048513170   0.0050662984   0.0008796590
        0.0000791259  -0.0008649346  -0.0006975580  -0.0000200203  -0.0020010508
       -0.0007347756  -0.0002282233  -0.0000702952  -0.0001897722   0.0000387003
       -0.0001139893   0.0002077848  -0.0000074626  -0.0004414285  -0.0000626183
       -0.0000250857  -0.0009330302   0.0009522672   0.0000453596  -0.0001908106
        0.0000533920  -0.0000004181   0.0001306833   0.0001060594   0.0000122212
       -0.0213685735  -0.0233209991  -0.0006138034   0.0001689432   0.0030153038
       -0.0000008889  -0.0003456939  -0.0004125020  -0.0000347012  -0.0196295990
        0.0002241431  -0.0001634052  -0.0815359533   0.0914067533   0.0012661276
       -0.0000462583  -0.0000239654   0.0000045971  -0.0000063742   0.0000274964
       -0.0000063106  -0.0000475597   0.0000003410   0.0000072194
       -0.1556225775  -0.2483718748  -0.0050347959   0.0142035531  -0.0670570031
       -0.0010318243  -0.0250428345  -0.0069620882  -0.0003034889   0.0295250730
        0.0158660148   0.0005603152   0.0648031965  -0.0979296603  -0.0001944951
       -0.0016342949   0.6764221168   0.0098416292   0.0024295778  -0.0050583382
       -0.0001834599   0.0001493528  -0.0003832845   0.0000156257  -0.0025636904
       -0.0006382581  -0.0002468456  -0.0000287850   0.0002630264   0.0000684351
        0.0004892674   0.0001502113   0.0000453218  -0.0006527862  -0.0005010356
       -0.0000432666   0.0020621152  -0.0011647076   0.0000000490  -0.0004229869
        0.0001948471  -0.0001154483  -0.0000248294  -0.0000312845  -0.0000029069
        0.0005377682   0.0020412900   0.0000442975   0.0023616850  -0.0052415752
       -0.0001995850  -0.0003315063   0.0007010428  -0.0000009958  -0.0214432484
        0.0022764507  -0.0000483839   0.0910964993  -0.2645125467  -0.0032191664
        0.0000714051  -0.0000636737  -0.0000046047  -0.0000041683  -0.0000258386
        0.0000305082   0.0000422147   0.0000261693   0.0000230856
       -0.0040237884  -0.0042681431  -0.0482791903   0.0007694139  -0.0016323146
        0.0017737304  -0.0008840878  -0.0002389260  -0.0052813992   0.0002245247
        0.0011148923  -0.0014032105  -0.0013494934  -0.0010444829  -0.0459186328
        0.0048513170   0.0098416292   0.1169317232   0.0001736542  -0.0001560920
        0.0071332284   0.0000394844  -0.0000876537   0.0000455211  -0.0001563318
       -0.0000314019   0.0004533749   0.0000352165   0.0000577835  -0.0009349266
       -0.0000128921   0.0000305358  -0.0001102315  -0.0000044697   0.0000573533
       -0.0004808617  -0.0001196349  -0.0000646497   0.0013743288   0.0000393680
       -0.0000226918   0.0001624141   0.0000038653  -0.0000118731   0.0000683274
       -0.0002023850  -0.0002033676   0.0007023449  -0.0000406357  -0.0002003933
        0.0077456231  -0.0000107252   0.0000129492  -0.0003369281  -0.0004940075
        0.0000372545   0.0011643145   0.0011876848  -0.0032045667  -0.0347307819
       -0.0000026777   0.0000135722  -0.0001718871  -0.0000112251   0.0000076571
        0.0000630115  -0.0000121745  -0.0000070705   0.0000301073
       -0.0029812869   0.0010512722  -0.0000359601   0.0034932016  -0.0061680713
       -0.0002882907  -0.0506878635  -0.0131885234  -0.0007991275  -0.1840103360
        0.0073252523  -0.0015327098  -0.0239810141   0.0201259507   0.0004257934
        0.0050662984   0.0024295778   0.0001736542   0.5532784272  -0.0319069345
        0.0047770763  -0.1250193722  -0.0449426917  -0.0047634650   0.0126755648
       -0.0115802955  -0.0006398060  -0.0540872453  -0.0113091624  -0.0013648221
        0.0095282729  -0.0033417237   0.0005493457  -0.0278366611   0.0558666254
        0.0032412298  -0.1013957829   0.0272387770   0.0008337890  -0.0035224433
        0.0026906169  -0.0011739891  -0.0032695966   0.0028154995   0.0001049623
        0.0001108010   0.0000892030   0.0000400877  -0.0012357967   0.0000961279
        0.0000048429   0.0009228862   0.0017849052   0.0001129463  -0.0017485158
       -0.0009307085  -0.0001717868  -0.0004713642   0.0000251034  -0.0000237452
       -0.0057377806   0.0020766800  -0.0001615579   0.0000002455  -0.0004725478
        0.0003447608   0.0009093615   0.0002250674   0.0003467718
        0.0007019308   0.0000784987   0.0000173114  -0.0026738905  -0.0057961178
       -0.0001541172  -0.0276651410   0.0061688391  -0.0003415193   0.0183189882
       -0.0811119442  -0.0017366762   0.0322590296  -0.0061711602   0.0002302334
        0.0008796590  -0.0050583382  -0.0001560920  -0.0319069345   0.5893956426
        0.0301178039  -0.0058272560  -0.1148469587  -0.0047063534  -0.0336284741
       -0.0671071815  -0.0056128492  -0.0408388014   0.0171098017   0.0007696273
       -0.0089147203  -0.0227615251  -0.0007327839   0.0547356180  -0.0414692480
       -0.0024476057   0.0360853250  -0.2804382075  -0.0145503978  -0.0049448831
        0.0038536462  -0.0008092402   0.0101056923   0.0068031263   0.0001510688
        0.0003382432  -0.0001230881   0.0000058512  -0.0014524049   0.0000963125
       -0.0000238245   0.0010709884  -0.0008658738  -0.0000417091  -0.0013084588
        0.0010726999  -0.0000881987   0.0015278448  -0.0005481451  -0.0000020806
        0.0038767013   0.0010682332  -0.0005531731  -0.0007915789   0.0001464394
        0.0005618513   0.0000525231   0.0005045485   0.0001028734
       -0.0000366066  -0.0000180575  -0.0001349595  -0.0001071828  -0.0003642941
        0.0065770347  -0.0012849294   0.0000135582   0.0014628115  -0.0008423065
       -0.0020917243  -0.0416321688   0.0005730941   0.0003043493  -0.0008950245
        0.0000791259  -0.0001834599   0.0071332284   0.0047770763   0.0301178039
        0.1010708031  -0.0018824347  -0.0048802314  -0.0459881560  -0.0020074523
       -0.0054090836   0.0087096381  -0.0035847421   0.0008073405   0.0002832767
       -0.0002544856  -0.0011510384  -0.0051642065   0.0027672314  -0.0019879701
        0.0041639387   0.0017501507  -0.0151814769  -0.0435955283  -0.0004211461
        0.0002875525  -0.0003679159   0.0006006500   0.0002548582   0.0048319915
        0.0000400898   0.0000207455  -0.0018662362  -0.0000503655   0.0000020109
        0.0000152637   0.0000636771  -0.0000558890  -0.0023450205  -0.0001744029
       -0.0000175775  -0.0020797126   0.0000261844  -0.0000322028   0.0000857359
       -0.0000595763  -0.0005143428   0.0098268917  -0.0000109257   0.0000303505
       -0.0000170653   0.0000392768   0.0000487785  -0.0000746200
        0.0006768354  -0.0007591461  -0.0000025026  -0.0023847624   0.0001483501
        0.0000684589  -0.0000895685   0.0026656191  -0.0000390151  -0.0344961979
       -0.0142775717  -0.0014234205   0.0012529031  -0.0048441598  -0.0000995702
       -0.0008649346   0.0001493528   0.0000394844  -0.1250193722  -0.0058272560
       -0.0018824347   0.4781907285  -0.1427634412  -0.0043300313  -0.1044341522
        0.1425824027   0.0087142082  -0.1876385674   0.0292043402  -0.0008269038
       -0.0152080859   0.0450980040   0.0016626939  -0.0152462278   0.0040072456
        0.0001873363   0.0248082825  -0.0363183289  -0.0020110402   0.0166561045
       -0.0093168165   0.0040757920  -0.0339187181  -0.0112743258  -0.0010845353
        0.0003343688   0.0001042780  -0.0000211881  -0.0001651266   0.0002564382
        0.0000015883   0.0005410306   0.0005268225  -0.0000717983  -0.0009968788
        0.0021648198   0.0000152776   0.0001300831  -0.0000826220   0.0000094249
       -0.0010482793  -0.0001843293  -0.0000697534   0.0006857245   0.0011089935
       -0.0016629964  -0.0017651894  -0.0023686693  -0.0012490745
        0.0000935039   0.0003238335   0.0000507514  -0.0002046106  -0.0003196407
       -0.0000596824   0.0065776236  -0.0009365847  -0.0000791863  -0.0085907677
        0.0106994678   0.0006331460  -0.0002137363  -0.0001585478  -0.0001992025
       -0.0006975580  -0.0003832845  -0.0000876537  -0.0449426917  -0.1148469587
       -0.0048802314  -0.1427634412   0.8235666390   0.0414647325   0.1333921306
       -0.5905654339  -0.0334790314   0.0677049466  -0.0564019096   0.0009305128
        0.0280395610  -0.0202583419   0.0001343976  -0.0002644499   0.0042943125
        0.0004317703  -0.0144834347  -0.0389687663  -0.0031497196  -0.0045571764
       -0.0027908167  -0.0020786594  -0.0299014550  -0.0104310593  -0.0010667379
       -0.0000288063  -0.0002811878   0.0000071289   0.0003964561  -0.0000142168
        0.0000302135  -0.0004250712  -0.0009768700   0.0000091256   0.0100861524
       -0.0013988556   0.0006351532   0.0003483468  -0.0004003099  -0.0000005709
       -0.0002052346   0.0001565647  -0.0000965545   0.0012015002  -0.0012139798
        0.0003438012  -0.0005617878   0.0013059466   0.0005064967
       -0.0000078178  -0.0000195253   0.0000130297  -0.0000145387   0.0000092585
        0.0005958066   0.0005858733  -0.0000916677   0.0010875078  -0.0009151884
        0.0006963932  -0.0031498505  -0.0001376589  -0.0001493195  -0.0000798385
       -0.0000200203   0.0000156257   0.0000455211  -0.0047634650  -0.0047063534
       -0.0459881560  -0.0043300313   0.0414647325   0.1557987851   0.0080177818
       -0.0327464024  -0.0583021612   0.0024620839  -0.0000055677  -0.0488204284
        0.0016966505   0.0004174984  -0.0123065196  -0.0002751388   0.0005578718
       -0.0030932254  -0.0004998601  -0.0034273418   0.0032908749   0.0009028389
       -0.0008267125   0.0054849479  -0.0023733005  -0.0012393818   0.0010175288
        0.0000071802  -0.0000066086  -0.0000120060   0.0000327924   0.0000097018
       -0.0001119079  -0.0000193491  -0.0000274308  -0.0000660794   0.0005770296
        0.0000199189   0.0001208230   0.0000265595  -0.0000221113  -0.0000028456
       -0.0000586477  -0.0001002139   0.0015694462  -0.0005528607   0.0000123165
        0.0028353603  -0.0003409128   0.0001653195   0.0000733870
       -0.0005389454   0.0008260885   0.0000746047   0.0007720068  -0.0004813684
       -0.0000160367   0.0003864356  -0.0006666709   0.0000389206   0.0026620961
        0.0021562652   0.0000960596  -0.0104346032   0.0019908152  -0.0008313394
       -0.0020010508  -0.0025636904  -0.0001563318   0.0126755648  -0.0336284741
       -0.0020074523  -0.1044341522   0.1333921306   0.0080177818   0.1453893483
       -0.1612838631  -0.0077899662  -0.0265700472   0.0568808594   0.0030887195
       -0.0060146966  -0.0047360723  -0.0002839554   0.0037804582  -0.0002745018
        0.0000160379  -0.0071710700   0.0037222676   0.0000111341  -0.0030665555
        0.0041139294  -0.0004354616   0.0041475488   0.0035480190   0.0003104873
       -0.0004515908  -0.0003123523   0.0000203245  -0.0000287878  -0.0001622372
       -0.0000114759  -0.0002568536  -0.0003279964  -0.0000048885  -0.0091435541
       -0.0024572328  -0.0005873105   0.0000495369  -0.0000876663  -0.0000164540
        0.0003145787  -0.0001064671   0.0000159771  -0.0006668247   0.0002264898
        0.0002497830   0.0006011578   0.0002317283   0.0002008421
        0.0000606903   0.0000477764  -0.0000082402   0.0002469389   0.0008245582
        0.0000062972  -0.0007170644   0.0010362218   0.0001052241   0.0014918288
       -0.0007856591   0.0000500969   0.0005266374   0.0005189630   0.0000033454
       -0.0007347756  -0.0006382581  -0.0000314019  -0.0115802955  -0.0671071815
       -0.0054090836   0.1425824027  -0.5905654339  -0.0327464024  -0.1612838631
        0.7265154648   0.0440160982   0.0333273296  -0.0657224120  -0.0049346117
        0.0020055032   0.0136069562   0.0002328814  -0.0082409994  -0.0001532941
       -0.0001006114  -0.0007165050  -0.0226233355  -0.0017196435   0.0050958105
       -0.0038923224   0.0012015268   0.0027662292   0.0076381732   0.0005593575
       -0.0000054339   0.0001364629   0.0000096894  -0.0000314633   0.0000251260
       -0.0000260449   0.0007123258   0.0005895942  -0.0000358106  -0.0056264195
        0.0009268433  -0.0003494407  -0.0001046562   0.0001822879   0.0000071900
        0.0001396043   0.0004911616   0.0000928546   0.0003367681   0.0004321214
       -0.0003059279  -0.0002505929  -0.0014838142  -0.0006173427
       -0.0000440137   0.0000891866  -0.0001473363   0.0000745648   0.0000067819
        0.0001127038  -0.0000842849   0.0000101622  -0.0003440891   0.0001847248
        0.0000596354  -0.0006665719  -0.0005914037   0.0001638352   0.0016912930
       -0.0002282233  -0.0002468456   0.0004533749  -0.0006398060  -0.0056128492
        0.0087096381   0.0087142082  -0.0334790314  -0.0583021612  -0.0077899662
        0.0440160982   0.0278399951   0.0014207027  -0.0041301578   0.0142558723
        0.0000033461   0.0003173222   0.0059573955  -0.0003849447  -0.0000024691
       -0.0001170935  -0.0002974483  -0.0016344200   0.0046290652   0.0000440691
       -0.0000713147  -0.0006226483   0.0001881286   0.0006044708  -0.0011724468
       -0.0000253988  -0.0000095470  -0.0001897182  -0.0000060169  -0.0000078643
        0.0000913682   0.0000315426   0.0000119694   0.0000621355  -0.0007557071
       -0.0000983441  -0.0003865782  -0.0000005887   0.0000118711  -0.0000605838
        0.0000422946   0.0000920023  -0.0009394413   0.0001161814   0.0000258550
       -0.0009461233   0.0000280394  -0.0001163471   0.0000919502
       -0.0002264429   0.0004878176   0.0000113522   0.0005017407  -0.0011804779
       -0.0000133139  -0.0029803388  -0.0008588615  -0.0000549695   0.0024858772
       -0.0043932341  -0.0002762849   0.0001380730   0.0014467954  -0.0000155784
       -0.0000702952  -0.0000287850   0.0000352165  -0.0540872453  -0.0408388014
       -0.0035847421  -0.1876385674   0.0677049466   0.0024620839  -0.0265700472
        0.0333273296   0.0014207027   0.4732919760  -0.0945561497   0.0003677230
       -0.0711052189   0.0505884472   0.0041387975   0.0150823862  -0.0183118555
       -0.0011019372  -0.0118074017   0.0222998399   0.0012491408  -0.0389505652
        0.0498922114  -0.0024772051  -0.0913907367  -0.0661640434  -0.0048974959
       -0.0001047508  -0.0000479061  -0.0000118041  -0.0001938096  -0.0000492378
       -0.0000069014  -0.0002742754  -0.0001420918   0.0000223637   0.0016976134
       -0.0000700974   0.0001077400   0.0000771002  -0.0000937592  -0.0000010318
       -0.0031844562  -0.0035700957  -0.0003821713  -0.0060247186  -0.0006269212
        0.0007442224   0.0013341032   0.0051849299   0.0022640929
        0.0001334473  -0.0002995400  -0.0000168125  -0.0008393088   0.0001685557
        0.0000415019   0.0002497648   0.0006762023  -0.0000037198  -0.0058406688
       -0.0020689484  -0.0005368988   0.0011175305  -0.0008426826   0.0000420880
       -0.0001897722   0.0002630264   0.0000577835  -0.0113091624   0.0171098017
        0.0008073405   0.0292043402  -0.0564019096  -0.0000055677   0.0568808594
       -0.0657224120  -0.0041301578  -0.0945561497   0.6229866269   0.0321502934
        0.0983517523  -0.3443118012  -0.0182247281  -0.0495920550  -0.0456401938
       -0.0036993912   0.0239118249  -0.0125188827  -0.0003321119   0.0191742629
       -0.0264687678   0.0007284071  -0.0602853080  -0.0857031163  -0.0052708507
        0.0001407505   0.0000452972  -0.0000246290  -0.0000131147   0.0000942359
       -0.0000128722  -0.0001776440   0.0000088040  -0.0000207080  -0.0023537084
        0.0001064404  -0.0001832686   0.0000007045  -0.0000452397   0.0000117171
       -0.0023850602  -0.0017609112  -0.0003945979   0.0017486558   0.0011288920
       -0.0006112062  -0.0033719410  -0.0008034771  -0.0003716111
        0.0000090788  -0.0000520818   0.0000143478  -0.0000699625  -0.0000090802
       -0.0005072585  -0.0000710811   0.0000513514   0.0002950541  -0.0005334075
       -0.0005328781   0.0046327987   0.0000816058  -0.0000635642   0.0003821945
        0.0000387003   0.0000684351  -0.0009349266  -0.0013648221   0.0007696273
        0.0002832767  -0.0008269038   0.0009305128  -0.0488204284   0.0030887195
       -0.0049346117   0.0142558723   0.0003677230   0.0321502934   0.0753514390
        0.0059113545  -0.0184459226  -0.0394880751  -0.0029433180  -0.0030330472
       -0.0002123237   0.0013774787  -0.0007164721   0.0008646592  -0.0000067010
       -0.0004095296   0.0054927243  -0.0044469704  -0.0048045830  -0.0174391799
        0.0000072393   0.0000006939   0.0002733442  -0.0000115728   0.0000039157
       -0.0000070540  -0.0000103626  -0.0000064058   0.0000049243  -0.0001404542
        0.0000269324   0.0002874682   0.0000072925  -0.0000037592  -0.0000312135
       -0.0002731275  -0.0004297302   0.0037893876   0.0002378157  -0.0004633361
        0.0021077769  -0.0004283247  -0.0000967603  -0.0005948081
       -0.0002426816   0.0003648804  -0.0000106393   0.0002446595  -0.0006485670
       -0.0000102644  -0.0007405361  -0.0011961873  -0.0000177846   0.0003052416
        0.0000691265  -0.0000085884   0.0004869914   0.0007917856   0.0000608406
       -0.0001139893   0.0004892674  -0.0000128921   0.0095282729  -0.0089147203
       -0.0002544856  -0.0152080859   0.0280395610   0.0016966505  -0.0060146966
        0.0020055032   0.0000033461  -0.0711052189   0.0983517523   0.0059113545
        0.7024738647  -0.0690703085   0.0100486299  -0.1590592566  -0.1127724484
       -0.0085524613  -0.0812533262  -0.0019039705  -0.0022959286  -0.3280382970
        0.0847864204   0.0068979790  -0.0154154164  -0.0299060493  -0.0021285631
        0.0001262728  -0.0000349530   0.0000092284   0.0001637599   0.0001576085
        0.0000008530   0.0001477355   0.0004174015   0.0000443667   0.0000644779
        0.0002161787   0.0000081396   0.0000603425  -0.0001199962   0.0000106550
        0.0019713904   0.0008832351   0.0003148528  -0.0065332806   0.0120262904
       -0.0046381968  -0.0318482241  -0.0040318105  -0.0070770921
       -0.0001452672   0.0003655019   0.0000098209   0.0006718129  -0.0007215199
       -0.0000252364  -0.0015210796  -0.0009529036  -0.0000333446   0.0049950437
       -0.0010935277  -0.0001561396  -0.0006026192   0.0008971260   0.0000349506
        0.0002077848   0.0001502113   0.0000305358  -0.0033417237  -0.0227615251
       -0.0011510384   0.0450980040  -0.0202583419   0.0004174984  -0.0047360723
        0.0136069562   0.0003173222   0.0505884472  -0.3443118012  -0.0184459226
       -0.0690703085   0.6750100901   0.0346627272  -0.0478347157  -0.1546494139
       -0.0075588563  -0.0409618397   0.0346292798   0.0001463714   0.0887459328
       -0.1161899372  -0.0091401185  -0.0141788002  -0.0373812054  -0.0025375331
       -0.0001374393   0.0000510481   0.0000069791  -0.0001591511  -0.0000447113
        0.0000042807   0.0002437778   0.0001269616   0.0000050491   0.0015548921
       -0.0000801771   0.0000667587  -0.0000002425   0.0000306696  -0.0000060368
       -0.0200517488  -0.0227923678  -0.0020399722   0.0289412917  -0.0155616220
        0.0047122402  -0.0183059791   0.0119312094   0.0006796640
       -0.0000257871   0.0000614537   0.0000497681   0.0000760619  -0.0000879363
        0.0002160231  -0.0001747537  -0.0001743675  -0.0004199220   0.0002334654
       -0.0001300583   0.0013800960   0.0000143037   0.0000957523  -0.0000056073
       -0.0000074626   0.0000453218  -0.0001102315   0.0005493457  -0.0007327839
       -0.0051642065   0.0016626939   0.0001343976  -0.0123065196  -0.0002839554
        0.0002328814   0.0059573955   0.0041387975  -0.0182247281  -0.0394880751
        0.0100486299   0.0346627272   0.1159246853  -0.0045072885  -0.0084190440
       -0.0529487428  -0.0044107538   0.0006585313   0.0184739465  -0.0151197130
       -0.0007824289  -0.0275223847  -0.0018024823  -0.0030171336   0.0021818329
        0.0000026055   0.0000053750  -0.0000383760   0.0000055709   0.0000093978
        0.0000134405   0.0000163290   0.0000584183  -0.0000521758   0.0000573005
        0.0000177444   0.0001026669   0.0000038212  -0.0000042973   0.0000085197
       -0.0013316762  -0.0015118437   0.0020859687   0.0081363591  -0.0023401670
       -0.0055007927   0.0027185883  -0.0005572121  -0.0028373094
        0.0002036497  -0.0005990583   0.0000040090  -0.0011167585   0.0013573452
        0.0000252047   0.0022684068   0.0032731556   0.0001302919  -0.0048955504
        0.0031394993   0.0000207000  -0.0009032551  -0.0018867113  -0.0001207301
       -0.0004414285  -0.0006527862  -0.0000044697  -0.0278366611   0.0547356180
        0.0027672314  -0.0152462278  -0.0002644499  -0.0002751388   0.0037804582
       -0.0082409994  -0.0003849447   0.0150823862  -0.0495920550  -0.0029433180
       -0.1590592566  -0.0478347157  -0.0045072885   0.7193945432  -0.0786816469
        0.0069740791  -0.4480316025   0.1082722464  -0.0004958360  -0.0438422564
       -0.0170852292  -0.0031874981   0.0075085985   0.0083698697   0.0004603452
       -0.0000439980  -0.0000737003  -0.0000103712  -0.0001655631  -0.0001492827
       -0.0000106511  -0.0014408521  -0.0009134684  -0.0000629019  -0.0009573254
       -0.0005578227  -0.0000181585  -0.0001807850   0.0000577228   0.0000018998
       -0.0425701438   0.0268112707   0.0014585835   0.0013839462  -0.0028580446
       -0.0000143921  -0.0028903246   0.0033732429   0.0001933538
       -0.0000559325   0.0001490040  -0.0000072570  -0.0001184356   0.0000955424
        0.0000243893  -0.0022448498   0.0001370792   0.0000402882   0.0002669505
       -0.0077200681  -0.0007041641   0.0022211824  -0.0007362618  -0.0000614662
       -0.0000626183  -0.0005010356   0.0000573533   0.0558666254  -0.0414692480
       -0.0019879701   0.0040072456   0.0042943125   0.0005578718  -0.0002745018
       -0.0001532941  -0.0000024691  -0.0183118555  -0.0456401938  -0.0030330472
       -0.1127724484  -0.1546494139  -0.0084190440  -0.0786816469   0.6522010551
        0.0327665917   0.1136940001  -0.1200116155  -0.0027555424   0.0045576153
        0.0087583406  -0.0003392965   0.0023302764  -0.0024695463  -0.0005443893
       -0.0000092143   0.0000400843  -0.0000115264  -0.0001119176   0.0000212982
        0.0000026930   0.0004097852   0.0004595147   0.0000104449  -0.0000743080
        0.0002210586  -0.0000188986   0.0001095648  -0.0000246816   0.0000037314
        0.0246133786  -0.2942147249  -0.0160718210   0.0017454026   0.0013893468
        0.0001251468   0.0028957017  -0.0001765526   0.0003683818
       -0.0000107381   0.0000113268   0.0000282640  -0.0000114500   0.0000005781
       -0.0000926543  -0.0000650693   0.0000994852  -0.0000568475  -0.0003261411
       -0.0006973220   0.0040740867   0.0002198558  -0.0001597600   0.0005245393
       -0.0000250857  -0.0000432666  -0.0004808617   0.0032412298  -0.0024476057
        0.0041639387   0.0001873363   0.0004317703  -0.0030932254   0.0000160379
       -0.0001006114  -0.0001170935  -0.0011019372  -0.0036993912  -0.0002123237
       -0.0085524613  -0.0075588563  -0.0529487428   0.0069740791   0.0327665917
        0.1106566567  -0.0010320666  -0.0022072231  -0.0440356236  -0.0015064432
       -0.0001103913   0.0025496281   0.0002265598  -0.0003889261   0.0064252740
        0.0000022966   0.0000009118   0.0000603517  -0.0000146641   0.0000046690
       -0.0000321953  -0.0000157597   0.0000240259  -0.0000504690  -0.0000195357
        0.0000089488   0.0001041123   0.0000080584  -0.0000053551  -0.0000128675
        0.0014046318  -0.0162472505  -0.0290472355  -0.0000904913   0.0003198884
       -0.0012936918   0.0004917576  -0.0000022367   0.0028869801
       -0.0001597462   0.0008048659  -0.0000315167   0.0007526153   0.0008663140
       -0.0000643576  -0.0083669325  -0.0007510724   0.0002275966  -0.0194629651
        0.0405106594   0.0023714554  -0.0055668937   0.0009731822   0.0001289170
       -0.0009330302   0.0020621152  -0.0001196349  -0.1013957829   0.0360853250
        0.0017501507   0.0248082825  -0.0144834347  -0.0004998601  -0.0071710700
       -0.0007165050  -0.0002974483  -0.0118074017   0.0239118249   0.0013774787
       -0.0812533262  -0.0409618397  -0.0044107538  -0.4480316025   0.1136940001
       -0.0010320666   0.6850969117  -0.1693057536  -0.0001996965  -0.0061870675
       -0.0046566505   0.0001584457  -0.0026028556  -0.0021775488  -0.0001134198
        0.0000246743   0.0001778358   0.0000340913   0.0003959421   0.0001996203
        0.0000270720  -0.0058422411   0.0010854388   0.0003174074   0.0001800235
        0.0001279031  -0.0000106828  -0.0004021752  -0.0000072150  -0.0000082423
       -0.0091028528   0.0123013917   0.0008710204  -0.0000500794  -0.0000038166
        0.0002078412  -0.0029224268   0.0002633599  -0.0006837969
       -0.0005820294  -0.0001111112  -0.0000164349   0.0003074686   0.0006948739
       -0.0000457029  -0.0025943282  -0.0003087635   0.0000245047   0.0253472396
       -0.0166560365  -0.0002030630  -0.0007208780   0.0011146656  -0.0000517023
        0.0009522672  -0.0011647076  -0.0000646497   0.0272387770  -0.2804382075
       -0.0151814769  -0.0363183289  -0.0389687663  -0.0034273418   0.0037222676
       -0.0226233355  -0.0016344200   0.0222998399  -0.0125188827  -0.0007164721
       -0.0019039705   0.0346292798   0.0006585313   0.1082722464  -0.1200116155
       -0.0022072231  -0.1693057536   0.4811000781   0.0232118997  -0.0012933893
       -0.0057268767  -0.0003832237  -0.0029394344  -0.0032161295   0.0000326309
       -0.0004666861   0.0001395144   0.0000351295  -0.0002636011  -0.0002683314
       -0.0000085538  -0.0024638496   0.0015618182   0.0000762329  -0.0015165741
       -0.0002733999  -0.0000773936  -0.0000370710   0.0004027347   0.0000144089
        0.0326248405  -0.0168253297   0.0001508263   0.0005025877  -0.0008877182
       -0.0002221841  -0.0008616406   0.0003562469   0.0000356774
        0.0000366676  -0.0000451669  -0.0002420327  -0.0000025200  -0.0000045904
       -0.0000184562   0.0001937907  -0.0000280286   0.0015589631   0.0015745846
        0.0001314494  -0.0061397265  -0.0004005375   0.0001077436   0.0006725417
        0.0000453596   0.0000000490   0.0013743288   0.0008337890  -0.0145503978
       -0.0435955283  -0.0020110402  -0.0031497196   0.0032908749   0.0000111341
       -0.0017196435   0.0046290652   0.0012491408  -0.0003321119   0.0008646592
       -0.0022959286   0.0001463714   0.0184739465  -0.0004958360  -0.0027555424
       -0.0440356236  -0.0001996965   0.0232118997   0.0735575188   0.0000549338
       -0.0007341759   0.0025180392  -0.0002170912  -0.0000820607  -0.0027692365
       -0.0000245517   0.0000032104  -0.0001379545  -0.0000106525  -0.0000166683
        0.0000600341   0.0000145181  -0.0000160676   0.0000240579  -0.0000601559
       -0.0000192651  -0.0002839686  -0.0000242789   0.0000337703  -0.0000939549
        0.0021500234  -0.0002045793  -0.0101726174  -0.0000614862   0.0000611813
        0.0001060301  -0.0003601664  -0.0000376570   0.0003590396
        0.0000417599  -0.0000609089   0.0000060662  -0.0000886649   0.0004562822
        0.0000011511  -0.0001931134   0.0007164363   0.0000454142   0.0002608227
       -0.0004535730  -0.0001530793  -0.0002007916  -0.0006150421  -0.0000670925
       -0.0001908106  -0.0004229869   0.0000393680  -0.0035224433  -0.0049448831
       -0.0004211461   0.0166561045  -0.0045571764   0.0009028389  -0.0030665555
        0.0050958105   0.0000440691  -0.0389505652   0.0191742629  -0.0000067010
       -0.3280382970   0.0887459328  -0.0151197130  -0.0438422564   0.0045576153
       -0.0015064432  -0.0061870675  -0.0012933893   0.0000549338   0.6832732916
        0.0055263159  -0.0477685376   0.0099686039   0.0021409682   0.0000034649
       -0.0002100489   0.0000738601  -0.0000099969  -0.0002339714  -0.0001194206
        0.0000008049   0.0000750796   0.0001013171  -0.0000154826   0.0004994687
       -0.0002681236   0.0000109081  -0.0000756466   0.0001207331  -0.0000104342
        0.0014977876   0.0009042649  -0.0001295840  -0.0588592373   0.0568057884
        0.0263576206  -0.2286134488  -0.1716840837   0.0377415707
       -0.0000206408   0.0000470115  -0.0000036940   0.0000450405  -0.0000613867
       -0.0000023804   0.0000223423  -0.0002643884  -0.0000149115  -0.0001831999
        0.0001877758   0.0001169676   0.0001286111   0.0001098388   0.0000292024
        0.0000533920   0.0001948471  -0.0000226918   0.0026906169   0.0038536462
        0.0002875525  -0.0093168165  -0.0027908167  -0.0008267125   0.0041139294
       -0.0038923224  -0.0000713147   0.0498922114  -0.0264687678  -0.0004095296
        0.0847864204  -0.1161899372  -0.0007824289  -0.0170852292   0.0087583406
       -0.0001103913  -0.0046566505  -0.0057268767  -0.0007341759   0.0055263159
        0.7306099043   0.0931127863   0.0015453330  -0.0020412298  -0.0001376509
        0.0000790563   0.0000162628   0.0000063984   0.0000761890   0.0000686390
        0.0000003561   0.0000954870   0.0000850527   0.0000086345  -0.0003838967
        0.0001253266  -0.0000083557   0.0000298597  -0.0000218480   0.0000055699
       -0.0010338810   0.0013112149   0.0003470216   0.0597744456  -0.3710885431
       -0.1136061883  -0.1761789359  -0.2168217437   0.0228159363
        0.0000161534  -0.0000128164   0.0000138168  -0.0000199054   0.0001106537
        0.0000423884  -0.0000324205   0.0001567299   0.0000366334   0.0002405793
       -0.0000410396  -0.0008341859  -0.0000860404  -0.0001271071  -0.0000484824
       -0.0000004181  -0.0001154483   0.0001624141  -0.0011739891  -0.0008092402
       -0.0003679159   0.0040757920  -0.0020786594   0.0054849479  -0.0004354616
        0.0012015268  -0.0006226483  -0.0024772051   0.0007284071   0.0054927243
        0.0068979790  -0.0091401185  -0.0275223847  -0.0031874981  -0.0003392965
        0.0025496281   0.0001584457  -0.0003832237   0.0025180392  -0.0477685376
        0.0931127863   0.0502098691   0.0018611469   0.0007080352  -0.0008677772
       -0.0000429103   0.0000048040  -0.0000105486  -0.0000471199  -0.0000307531
       -0.0000003225   0.0000095236   0.0000087625  -0.0000406343   0.0001177965
       -0.0000609843  -0.0000738665  -0.0000217612   0.0000241992   0.0000127921
       -0.0002451550   0.0000581058  -0.0008519674   0.0196338378  -0.0967231190
       -0.0281097472   0.0225271682   0.0137477956  -0.0071727727
        0.0001200219  -0.0000328285  -0.0000029123   0.0000583795   0.0000456432
        0.0000163028  -0.0004049603   0.0002154643   0.0000077838  -0.0003350393
       -0.0014134870  -0.0000705569   0.0002108710  -0.0002506625   0.0000018616
        0.0001306833  -0.0000248294   0.0000038653  -0.0032695966   0.0101056923
        0.0006006500  -0.0339187181  -0.0299014550  -0.0023733005   0.0041475488
        0.0027662292   0.0001881286  -0.0913907367  -0.0602853080  -0.0044469704
       -0.0154154164  -0.0141788002  -0.0018024823   0.0075085985   0.0023302764
        0.0002265598  -0.0026028556  -0.0029394344  -0.0002170912   0.0099686039
        0.0015453330   0.0018611469   0.1238494114   0.0921141908   0.0071077093
       -0.0000398030   0.0000050022   0.0000022882  -0.0000244845  -0.0000354062
        0.0000082373   0.0002665574   0.0001877924   0.0000068762  -0.0003039804
       -0.0000184373  -0.0000230795  -0.0000516336   0.0000750013  -0.0000050951
       -0.0001521493   0.0001751695  -0.0000090571   0.0001989286   0.0013916176
       -0.0002957987   0.0014497695  -0.0018767639  -0.0007850656
        0.0001218017   0.0000166012  -0.0000000358   0.0001256732   0.0001407020
        0.0000052396   0.0001734956   0.0000515080   0.0000201037  -0.0001719394
       -0.0000452713   0.0000853958   0.0001982256  -0.0001614483   0.0000000031
        0.0001060594  -0.0000312845  -0.0000118731   0.0028154995   0.0068031263
        0.0002548582  -0.0112743258  -0.0104310593  -0.0012393818   0.0035480190
        0.0076381732   0.0006044708  -0.0661640434  -0.0857031163  -0.0048045830
       -0.0299060493  -0.0373812054  -0.0030171336   0.0083698697  -0.0024695463
       -0.0003889261  -0.0021775488  -0.0032161295  -0.0000820607   0.0021409682
       -0.0020412298   0.0007080352   0.0921141908   0.1266333248   0.0084363120
        0.0000175644   0.0000183483   0.0000069781   0.0000575309  -0.0000016799
        0.0000064569   0.0002388438   0.0001208112   0.0000039775  -0.0002129184
        0.0000804379  -0.0000055160   0.0000335863   0.0000579778  -0.0000020992
       -0.0011640299  -0.0007039604  -0.0000490836  -0.0009861612   0.0008963808
        0.0001859834   0.0019956882  -0.0002714605  -0.0007171214
        0.0000115258   0.0000017259   0.0000043215   0.0000066869   0.0000128425
        0.0000922742   0.0000161595   0.0000073168  -0.0000740117   0.0000206555
        0.0000392276  -0.0006052316   0.0000054443  -0.0000273246  -0.0000436089
        0.0000122212  -0.0000029069   0.0000683274   0.0001049623   0.0001510688
        0.0048319915  -0.0010845353  -0.0010667379   0.0010175288   0.0003104873
        0.0005593575  -0.0011724468  -0.0048974959  -0.0052708507  -0.0174391799
       -0.0021285631  -0.0025375331   0.0021818329   0.0004603452  -0.0005443893
        0.0064252740  -0.0001134198   0.0000326309  -0.0027692365   0.0000034649
       -0.0001376509  -0.0008677772   0.0071077093   0.0084363120   0.0103641839
        0.0000040577  -0.0000004475  -0.0000025207   0.0000069030   0.0000011439
        0.0000676114   0.0000130786   0.0000152183   0.0000246960  -0.0000263853
        0.0000026803  -0.0001040295   0.0000001822   0.0000016735  -0.0000326923
       -0.0000865325   0.0000195419  -0.0004925495   0.0000569089   0.0000831079
       -0.0000294166   0.0001961393   0.0002239932  -0.0014453404
       -0.2979817833   0.0308170006  -0.0020128053  -0.0147635265   0.0035505705
       -0.0000858265  -0.0001841641   0.0027833900  -0.0000249537   0.0009633717
       -0.0002528294   0.0000027297  -0.0018225729  -0.0035483278  -0.0001500813
       -0.0213685735   0.0005377682  -0.0002023850   0.0001108010   0.0003382432
        0.0000400898   0.0003343688  -0.0000288063   0.0000071802  -0.0004515908
       -0.0000054339  -0.0000253988  -0.0001047508   0.0001407505   0.0000072393
        0.0001262728  -0.0001374393   0.0000026055  -0.0000439980  -0.0000092143
        0.0000022966   0.0000246743  -0.0004666861  -0.0000245517  -0.0002100489
        0.0000790563  -0.0000429103  -0.0000398030   0.0000175644   0.0000040577
        0.3350405880  -0.0340491755   0.0024082172   0.0009041731  -0.0006351192
        0.0000236454  -0.0006074530  -0.0000366985  -0.0000146256  -0.0006978950
        0.0002923098   0.0000177427   0.0008280515   0.0006093024   0.0000421688
       -0.0000389747   0.0000117156   0.0000021520  -0.0000018377  -0.0000032479
        0.0000138624  -0.0000153288  -0.0000046933   0.0000095508
        0.0307373185  -0.0477044420   0.0000453397   0.0274069801  -0.0045648533
        0.0001719459   0.0025981936  -0.0048384708  -0.0001880559  -0.0002599860
       -0.0008256187  -0.0000289026  -0.0033996262  -0.0033741513  -0.0002228154
       -0.0233209991   0.0020412900  -0.0002033676   0.0000892030  -0.0001230881
        0.0000207455   0.0001042780  -0.0002811878  -0.0000066086  -0.0003123523
        0.0001364629  -0.0000095470  -0.0000479061   0.0000452972   0.0000006939
       -0.0000349530   0.0000510481   0.0000053750  -0.0000737003   0.0000400843
        0.0000009118   0.0001778358   0.0001395144   0.0000032104   0.0000738601
        0.0000162628   0.0000048040   0.0000050022   0.0000183483  -0.0000004475
       -0.0340491755   0.0578613331   0.0002665589   0.0008464672   0.0007261716
        0.0000639425   0.0012864408  -0.0002670452   0.0000250595  -0.0009876170
        0.0000879564   0.0000088640  -0.0008787549   0.0007654093   0.0000497685
        0.0000141601   0.0000105142  -0.0000007904   0.0000106492   0.0000230355
        0.0000008439   0.0000146815   0.0000161291  -0.0000075284
       -0.0020147668  -0.0000019236  -0.0342361258   0.0003057521  -0.0000093523
        0.0005921341  -0.0000113842  -0.0001737607   0.0075697928  -0.0000352145
       -0.0000542626   0.0005016289  -0.0001320815  -0.0002228970   0.0076524892
       -0.0006138034   0.0000442975   0.0007023449   0.0000400877   0.0000058512
       -0.0018662362  -0.0000211881   0.0000071289  -0.0000120060   0.0000203245
        0.0000096894  -0.0001897182  -0.0000118041  -0.0000246290   0.0002733442
        0.0000092284   0.0000069791  -0.0000383760  -0.0000103712  -0.0000115264
        0.0000603517   0.0000340913   0.0000351295  -0.0001379545  -0.0000099969
        0.0000063984  -0.0000105486   0.0000022882   0.0000069781  -0.0000025207
        0.0024082172   0.0002665589   0.0241841016   0.0000506260   0.0000520785
       -0.0024858403   0.0000106735   0.0000017220  -0.0000772307  -0.0000427683
        0.0000009995  -0.0000720825   0.0000154537   0.0000635691  -0.0025375041
        0.0000006148  -0.0000043823   0.0000617712   0.0000048076  -0.0000022099
        0.0000196034   0.0000012139  -0.0000024361   0.0000485815
        0.0062004495   0.0076520275   0.0001907933  -0.1339783957  -0.1224199347
       -0.0032294139  -0.0219845819  -0.0241549143  -0.0006330483  -0.0051548165
        0.0014644700  -0.0001252608  -0.0001356606   0.0006530658   0.0000116226
        0.0001689432   0.0023616850  -0.0000406357  -0.0012357967  -0.0014524049
       -0.0000503655  -0.0001651266   0.0003964561   0.0000327924  -0.0000287878
       -0.0000314633  -0.0000060169  -0.0001938096  -0.0000131147  -0.0000115728
        0.0001637599  -0.0001591511   0.0000055709  -0.0001655631  -0.0001119176
       -0.0000146641   0.0003959421  -0.0002636011  -0.0000106525  -0.0002339714
        0.0000761890  -0.0000471199  -0.0000244845   0.0000575309   0.0000069030
        0.0009041731   0.0008464672   0.0000506260   0.1545328852   0.1353978474
        0.0037751827   0.0006871830  -0.0008493865   0.0000251117   0.0001006660
        0.0000936194   0.0000235262   0.0002373166   0.0004950587   0.0000135154
       -0.0000512203   0.0000070269   0.0000004583  -0.0000196232  -0.0000235198
        0.0000183335  -0.0000194806  -0.0000220357   0.0000143143
       -0.0162798726  -0.0259584851  -0.0006353331  -0.1226902408  -0.2107394270
       -0.0044074791  -0.0006320964   0.0011481928   0.0000129873   0.0007226420
        0.0011718027  -0.0001287204   0.0007042726   0.0004163833   0.0000199458
        0.0030153038  -0.0052415752  -0.0002003933   0.0000961279   0.0000963125
        0.0000020109   0.0002564382  -0.0000142168   0.0000097018  -0.0001622372
        0.0000251260  -0.0000078643  -0.0000492378   0.0000942359   0.0000039157
        0.0001576085  -0.0000447113   0.0000093978  -0.0001492827   0.0000212982
        0.0000046690   0.0001996203  -0.0002683314  -0.0000166683  -0.0001194206
        0.0000686390  -0.0000307531  -0.0000354062  -0.0000016799   0.0000011439
       -0.0006351192   0.0007261716   0.0000520785   0.1353978474   0.2386554394
        0.0052068195   0.0009256975   0.0010498453   0.0000809779   0.0001263063
        0.0001228480   0.0000344060  -0.0008954366  -0.0013426258  -0.0000307113
        0.0000023953   0.0000032807   0.0000038241   0.0000227072   0.0000024518
        0.0000121072   0.0000213832   0.0000090252   0.0000039374
       -0.0002141375  -0.0004013188   0.0008993354  -0.0032891051  -0.0043936611
       -0.0346387670  -0.0002170996  -0.0002571576   0.0002860160  -0.0001653015
       -0.0000865044   0.0085718649   0.0000231886   0.0000149070  -0.0004203237
       -0.0000008889  -0.0001995850   0.0077456231   0.0000048429  -0.0000238245
        0.0000152637   0.0000015883   0.0000302135  -0.0001119079  -0.0000114759
       -0.0000260449   0.0000913682  -0.0000069014  -0.0000128722  -0.0000070540
        0.0000008530   0.0000042807   0.0000134405  -0.0000106511   0.0000026930
       -0.0000321953   0.0000270720  -0.0000085538   0.0000600341   0.0000008049
        0.0000003561  -0.0000003225   0.0000082373   0.0000064569   0.0000676114
        0.0000236454   0.0000639425  -0.0024858403   0.0037751827   0.0052068195
        0.0247214784   0.0000440741   0.0000601154  -0.0029725253   0.0000213107
        0.0000316892  -0.0017127092  -0.0000137447  -0.0000185550  -0.0000698302
       -0.0000004447   0.0000029800  -0.0000482648   0.0000015393   0.0000045689
       -0.0000038159  -0.0000025885  -0.0000009455   0.0000315203
       -0.0055068343   0.0004843679  -0.0001203524  -0.0139265894   0.0266426092
        0.0003028184  -0.0796298071   0.0957461285   0.0008658431   0.0078832955
       -0.0140204290  -0.0001051979  -0.0021600845  -0.0032056359  -0.0001546136
       -0.0003456939  -0.0003315063  -0.0000107252   0.0009228862   0.0010709884
        0.0000636771   0.0005410306  -0.0004250712  -0.0000193491  -0.0002568536
        0.0007123258   0.0000315426  -0.0002742754  -0.0001776440  -0.0000103626
        0.0001477355   0.0002437778   0.0000163290  -0.0014408521   0.0004097852
       -0.0000157597  -0.0058422411  -0.0024638496   0.0000145181   0.0000750796
        0.0000954870   0.0000095236   0.0002665574   0.0002388438   0.0000130786
       -0.0006074530   0.0012864408   0.0000106735   0.0006871830   0.0009256975
        0.0000440741   0.0991833617  -0.1064604911  -0.0009860107   0.0004670126
       -0.0008822998   0.0000183773  -0.0000024371  -0.0000460621   0.0000174694
       -0.0001173291   0.0001784484   0.0000135942  -0.0000729802  -0.0000035644
        0.0000019261   0.0000092886  -0.0000183468  -0.0000010738
        0.0009847295   0.0010865934  -0.0001086753   0.0040234291  -0.0051854100
       -0.0000717951   0.0950909868  -0.2689582443  -0.0028433849   0.0077328567
       -0.0263441427  -0.0003852202  -0.0037628905  -0.0037621200  -0.0002168479
       -0.0004125020   0.0007010428   0.0000129492   0.0017849052  -0.0008658738
       -0.0000558890   0.0005268225  -0.0009768700  -0.0000274308  -0.0003279964
        0.0005895942   0.0000119694  -0.0001420918   0.0000088040  -0.0000064058
        0.0004174015   0.0001269616   0.0000584183  -0.0009134684   0.0004595147
        0.0000240259   0.0010854388   0.0015618182  -0.0000160676   0.0001013171
        0.0000850527   0.0000087625   0.0001877924   0.0001208112   0.0000152183
       -0.0000366985  -0.0002670452   0.0000017220  -0.0008493865   0.0010498453
        0.0000601154  -0.1064604911   0.3015563376   0.0035286824   0.0007977115
       -0.0010853080  -0.0000018491  -0.0000711430   0.0001375310   0.0000307921
        0.0001868592  -0.0000285077  -0.0000132331   0.0000023930  -0.0000010041
        0.0000007776   0.0000540250  -0.0000093809  -0.0000066342
       -0.0001546601  -0.0001117908   0.0083686182  -0.0000786665   0.0002563590
        0.0009693038   0.0008659704  -0.0029538962  -0.0343408943   0.0000663143
       -0.0006027773   0.0018499785  -0.0000928163  -0.0002419521   0.0067192211
       -0.0000347012  -0.0000009958  -0.0003369281   0.0001129463  -0.0000417091
       -0.0023450205  -0.0000717983   0.0000091256  -0.0000660794  -0.0000048885
       -0.0000358106   0.0000621355   0.0000223637  -0.0000207080   0.0000049243
        0.0000443667   0.0000050491  -0.0000521758  -0.0000629019   0.0000104449
       -0.0000504690   0.0003174074   0.0000762329   0.0000240579  -0.0000154826
        0.0000086345  -0.0000406343   0.0000068762   0.0000039775   0.0000246960
       -0.0000146256   0.0000250595  -0.0000772307   0.0000251117   0.0000809779
       -0.0029725253  -0.0009860107   0.0035286824   0.0238443232   0.0000265363
       -0.0000143183   0.0000234230   0.0000160422   0.0000317527  -0.0016906515
        0.0000127285  -0.0000116294   0.0000603071   0.0000024597   0.0000010155
       -0.0000082077  -0.0000025718  -0.0000017242   0.0000298279
       -0.0051519168   0.0007586496  -0.0001205296  -0.0002147334   0.0005472061
        0.0000055976  -0.0005237551   0.0030359258  -0.0000502660   0.0083007908
        0.0080399983   0.0001872968  -0.1308206204  -0.1315429406  -0.0028689080
       -0.0196295990  -0.0214432484  -0.0004940075  -0.0017485158  -0.0013084588
       -0.0001744029  -0.0009968788   0.0100861524   0.0005770296  -0.0091435541
       -0.0056264195  -0.0007557071   0.0016976134  -0.0023537084  -0.0001404542
        0.0000644779   0.0015548921   0.0000573005  -0.0009573254  -0.0000743080
       -0.0000195357   0.0001800235  -0.0015165741  -0.0000601559   0.0004994687
       -0.0003838967   0.0001177965  -0.0003039804  -0.0002129184  -0.0000263853
       -0.0006978950  -0.0009876170  -0.0000427683   0.0001006660   0.0001263063
        0.0000213107   0.0004670126   0.0007977115   0.0000265363   0.1584438345
        0.1413821878   0.0038097121   0.0005417681  -0.0009411669   0.0000285377
       -0.0000151920  -0.0000090380  -0.0000049409   0.0000098348   0.0000363842
       -0.0000526606  -0.0001015242   0.0000348807  -0.0000203958
        0.0009014929   0.0008992006  -0.0001191936   0.0005479730   0.0003807919
        0.0000099497   0.0025935466  -0.0046571741  -0.0001804996  -0.0148938919
       -0.0249615159  -0.0005638933  -0.1294358478  -0.2244833224  -0.0045200137
        0.0002241431   0.0022764507   0.0000372545  -0.0009307085   0.0010726999
       -0.0000175775   0.0021648198  -0.0013988556   0.0000199189  -0.0024572328
        0.0009268433  -0.0000983441  -0.0000700974   0.0001064404   0.0000269324
        0.0002161787  -0.0000801771   0.0000177444  -0.0005578227   0.0002210586
        0.0000089488   0.0001279031  -0.0002733999  -0.0000192651  -0.0002681236
        0.0001253266  -0.0000609843  -0.0000184373   0.0000804379   0.0000026803
        0.0002923098   0.0000879564   0.0000009995   0.0000936194   0.0001228480
        0.0000316892  -0.0008822998  -0.0010853080  -0.0000143183   0.1413821878
        0.2496968344   0.0053215260   0.0010555614   0.0009369867   0.0000781146
       -0.0000689182   0.0000172885  -0.0000031791  -0.0000229939  -0.0000168055
        0.0000220664   0.0000066381   0.0000053947   0.0000194439
       -0.0000562558  -0.0001168823   0.0080314740   0.0000187498  -0.0000048590
       -0.0002623150  -0.0000825649  -0.0001283632   0.0071270987  -0.0000877046
       -0.0002686978   0.0014141132  -0.0028873522  -0.0048059988  -0.0347284181
       -0.0001634052  -0.0000483839   0.0011643145  -0.0001717868  -0.0000881987
       -0.0020797126   0.0000152776   0.0006351532   0.0001208230  -0.0005873105
       -0.0003494407  -0.0003865782   0.0001077400  -0.0001832686   0.0002874682
        0.0000081396   0.0000667587   0.0001026669  -0.0000181585  -0.0000188986
        0.0001041123  -0.0000106828  -0.0000773936  -0.0002839686   0.0000109081
       -0.0000083557  -0.0000738665  -0.0000230795  -0.0000055160  -0.0001040295
        0.0000177427   0.0000088640  -0.0000720825   0.0000235262   0.0000344060
       -0.0017127092   0.0000183773  -0.0000018491   0.0000234230   0.0038097121
        0.0053215260   0.0240900221   0.0000469627   0.0000523231  -0.0028126819
       -0.0000015841  -0.0000028404   0.0000405693   0.0000081568  -0.0000102075
        0.0000160926   0.0000045919   0.0000001232  -0.0000058158
        0.0062357176  -0.0156920304  -0.0002224134  -0.0013854894  -0.0032287835
       -0.0001415457  -0.0004443913  -0.0005562704  -0.0000118172  -0.0054123677
        0.0002581267  -0.0001192392  -0.0149021107   0.0276465801   0.0003082293
       -0.0815359533   0.0910964993   0.0011876848  -0.0004713642   0.0015278448
        0.0000261844   0.0001300831   0.0003483468   0.0000265595   0.0000495369
       -0.0001046562  -0.0000005887   0.0000771002   0.0000007045   0.0000072925
        0.0000603425  -0.0000002425   0.0000038212  -0.0001807850   0.0001095648
        0.0000080584  -0.0004021752  -0.0000370710  -0.0000242789  -0.0000756466
        0.0000298597  -0.0000217612  -0.0000516336   0.0000335863   0.0000001822
        0.0008280515  -0.0008787549   0.0000154537   0.0002373166  -0.0008954366
       -0.0000137447  -0.0000024371  -0.0000711430   0.0000160422   0.0005417681
        0.0010555614   0.0000469627   0.0967801102  -0.1007081089  -0.0011094121
       -0.0000543841   0.0000363166   0.0000044289   0.0000019891   0.0000154625
        0.0000074958  -0.0000232773   0.0000140439   0.0000064055
        0.0083061827  -0.0260825903  -0.0003851027  -0.0037693452  -0.0037418421
       -0.0002384230  -0.0005816643   0.0007696468   0.0000071134   0.0008695218
        0.0011650913  -0.0001241966   0.0044421129  -0.0055080425  -0.0000437485
        0.0914067533  -0.2645125467  -0.0032045667   0.0000251034  -0.0005481451
       -0.0000322028  -0.0000826220  -0.0004003099  -0.0000221113  -0.0000876663
        0.0001822879   0.0000118711  -0.0000937592  -0.0000452397  -0.0000037592
       -0.0001199962   0.0000306696  -0.0000042973   0.0000577228  -0.0000246816
       -0.0000053551  -0.0000072150   0.0004027347   0.0000337703   0.0001207331
       -0.0000218480   0.0000241992   0.0000750013   0.0000579778   0.0000016735
        0.0006093024   0.0007654093   0.0000635691   0.0004950587  -0.0013426258
       -0.0000185550  -0.0000460621   0.0001375310   0.0000317527  -0.0009411669
        0.0009369867   0.0000523231  -0.1007081089   0.2977528641   0.0038722952
        0.0000369000  -0.0000031155  -0.0000040534  -0.0000042014   0.0000186352
       -0.0000065219  -0.0000025850   0.0000111530  -0.0000056740
        0.0001786948  -0.0006440947   0.0008562275  -0.0001797565  -0.0002008335
        0.0077976861  -0.0000065452  -0.0000009942  -0.0001895496  -0.0000808479
       -0.0001254447   0.0083221969  -0.0001293229   0.0001689231   0.0002772292
        0.0012661276  -0.0032191664  -0.0347307819  -0.0000237452  -0.0000020806
        0.0000857359   0.0000094249  -0.0000005709  -0.0000028456  -0.0000164540
        0.0000071900  -0.0000605838  -0.0000010318   0.0000117171  -0.0000312135
        0.0000106550  -0.0000060368   0.0000085197   0.0000018998   0.0000037314
       -0.0000128675  -0.0000082423   0.0000144089  -0.0000939549  -0.0000104342
        0.0000055699   0.0000127921  -0.0000050951  -0.0000020992  -0.0000326923
        0.0000421688   0.0000497685  -0.0025375041   0.0000135154  -0.0000307113
       -0.0000698302   0.0000174694   0.0000307921  -0.0016906515   0.0000285377
        0.0000781146  -0.0028126819  -0.0011094121   0.0038722952   0.0247741975
       -0.0000014363  -0.0000022125   0.0000589061   0.0000017709  -0.0000055066
        0.0000483604   0.0000020591  -0.0000027594   0.0000233054
        0.0000262999   0.0000144115   0.0000006236   0.0000218921   0.0000221651
       -0.0000027926   0.0001101045   0.0000806514  -0.0000083061  -0.0000234057
        0.0014569046   0.0000722116  -0.0004829410  -0.0000011903   0.0000025635
       -0.0000462583   0.0000714051  -0.0000026777  -0.0057377806   0.0038767013
       -0.0000595763  -0.0010482793  -0.0002052346  -0.0000586477   0.0003145787
        0.0001396043   0.0000422946  -0.0031844562  -0.0023850602  -0.0002731275
        0.0019713904  -0.0200517488  -0.0013316762  -0.0425701438   0.0246133786
        0.0014046318  -0.0091028528   0.0326248405   0.0021500234   0.0014977876
       -0.0010338810  -0.0002451550  -0.0001521493  -0.0011640299  -0.0000865325
       -0.0000389747   0.0000141601   0.0000006148  -0.0000512203   0.0000023953
       -0.0000004447  -0.0001173291   0.0001868592   0.0000127285  -0.0000151920
       -0.0000689182  -0.0000015841  -0.0000543841   0.0000369000  -0.0000014363
        0.0592057218  -0.0387436599  -0.0019539805  -0.0005885228   0.0002343003
        0.0002851762   0.0000661149   0.0002790456   0.0000550693
        0.0000008963   0.0000184473   0.0000016686  -0.0000367917   0.0000452165
        0.0000154118  -0.0000415185  -0.0000673401  -0.0000033706  -0.0002774525
       -0.0005829793  -0.0001071484   0.0001820463   0.0000137189  -0.0000049104
       -0.0000239654  -0.0000636737   0.0000135722   0.0020766800   0.0010682332
       -0.0005143428  -0.0001843293   0.0001565647  -0.0001002139  -0.0001064671
        0.0004911616   0.0000920023  -0.0035700957  -0.0017609112  -0.0004297302
        0.0008832351  -0.0227923678  -0.0015118437   0.0268112707  -0.2942147249
       -0.0162472505   0.0123013917  -0.0168253297  -0.0002045793   0.0009042649
        0.0013112149   0.0000581058   0.0001751695  -0.0007039604   0.0000195419
        0.0000117156   0.0000105142  -0.0000043823   0.0000070269   0.0000032807
        0.0000029800   0.0001784484  -0.0000285077  -0.0000116294  -0.0000090380
        0.0000172885  -0.0000028404   0.0000363166  -0.0000031155  -0.0000022125
       -0.0387436599   0.3337044014   0.0188039452  -0.0009119159   0.0000610133
        0.0001799403   0.0003367720   0.0001418552  -0.0000427136
       -0.0000040381  -0.0000092749  -0.0000140366  -0.0000051012   0.0000029872
       -0.0001904450   0.0000114300   0.0000348045   0.0000533834  -0.0000172088
       -0.0001052102   0.0011139567   0.0000267245   0.0000056851   0.0000272184
        0.0000045971  -0.0000046047  -0.0001718871  -0.0001615579  -0.0005531731
        0.0098268917  -0.0000697534  -0.0000965545   0.0015694462   0.0000159771
        0.0000928546  -0.0009394413  -0.0003821713  -0.0003945979   0.0037893876
        0.0003148528  -0.0020399722   0.0020859687   0.0014585835  -0.0160718210
       -0.0290472355   0.0008710204   0.0001508263  -0.0101726174  -0.0001295840
        0.0003470216  -0.0008519674  -0.0000090571  -0.0000490836  -0.0004925495
        0.0000021520  -0.0000007904   0.0000617712   0.0000004583   0.0000038241
       -0.0000482648   0.0000135942  -0.0000132331   0.0000603071  -0.0000049409
       -0.0000031791   0.0000405693   0.0000044289  -0.0000040534   0.0000589061
       -0.0019539805   0.0188039452   0.0233697430  -0.0000294589  -0.0000920832
       -0.0002396015   0.0000430334  -0.0000043173   0.0001104966
       -0.0000055590   0.0000127780   0.0000021467  -0.0000321869  -0.0000072727
       -0.0000018528  -0.0000363004   0.0000392337  -0.0000019370  -0.0000447280
       -0.0000645564   0.0000551704  -0.0000009857   0.0000160725   0.0000026263
       -0.0000063742  -0.0000041683  -0.0000112251   0.0000002455  -0.0007915789
       -0.0000109257   0.0006857245   0.0012015002  -0.0005528607  -0.0006668247
        0.0003367681   0.0001161814  -0.0060247186   0.0017486558   0.0002378157
       -0.0065332806   0.0289412917   0.0081363591   0.0013839462   0.0017454026
       -0.0000904913  -0.0000500794   0.0005025877  -0.0000614862  -0.0588592373
        0.0597744456   0.0196338378   0.0001989286  -0.0009861612   0.0000569089
       -0.0000018377   0.0000106492   0.0000048076  -0.0000196232   0.0000227072
        0.0000015393  -0.0000729802   0.0000023930   0.0000024597   0.0000098348
       -0.0000229939   0.0000081568   0.0000019891  -0.0000042014   0.0000017709
       -0.0005885228  -0.0009119159  -0.0000294589   0.0661419417  -0.0719887892
       -0.0212725337   0.0045206286  -0.0195728474  -0.0062270093
        0.0000143989   0.0000075008   0.0000002666   0.0000045116   0.0000571810
        0.0000059417  -0.0000206112   0.0000585132   0.0000092962   0.0000740119
       -0.0000351662  -0.0000456324  -0.0000034180  -0.0000777765  -0.0000083456
        0.0000274964  -0.0000258386   0.0000076571  -0.0004725478   0.0001464394
        0.0000303505   0.0011089935  -0.0012139798   0.0000123165   0.0002264898
        0.0004321214   0.0000258550  -0.0006269212   0.0011288920  -0.0004633361
        0.0120262904  -0.0155616220  -0.0023401670  -0.0028580446   0.0013893468
        0.0003198884  -0.0000038166  -0.0008877182   0.0000611813   0.0568057884
       -0.3710885431  -0.0967231190   0.0013916176   0.0008963808   0.0000831079
       -0.0000032479   0.0000230355  -0.0000022099  -0.0000235198   0.0000024518
        0.0000045689  -0.0000035644  -0.0000010041   0.0000010155   0.0000363842
       -0.0000168055  -0.0000102075   0.0000154625   0.0000186352  -0.0000055066
        0.0002343003   0.0000610133  -0.0000920832  -0.0719887892   0.4025327927
        0.1050095742   0.0040387350  -0.0178458499  -0.0058804124
        0.0000009680   0.0000126095   0.0000188189   0.0000012074  -0.0000227255
        0.0000154019   0.0000170727  -0.0000699392  -0.0000493921  -0.0000879793
        0.0000681109  -0.0000984686   0.0000217967   0.0000404621  -0.0000208959
       -0.0000063106   0.0000305082   0.0000630115   0.0003447608   0.0005618513
       -0.0000170653  -0.0016629964   0.0003438012   0.0028353603   0.0002497830
       -0.0003059279  -0.0009461233   0.0007442224  -0.0006112062   0.0021077769
       -0.0046381968   0.0047122402  -0.0055007927  -0.0000143921   0.0001251468
       -0.0012936918   0.0002078412  -0.0002221841   0.0001060301   0.0263576206
       -0.1136061883  -0.0281097472  -0.0002957987   0.0001859834  -0.0000294166
        0.0000138624   0.0000008439   0.0000196034   0.0000183335   0.0000121072
       -0.0000038159   0.0000019261   0.0000007776  -0.0000082077  -0.0000526606
        0.0000220664   0.0000160926   0.0000074958  -0.0000065219   0.0000483604
        0.0002851762   0.0001799403  -0.0002396015  -0.0212725337   0.1050095742
        0.0339361173  -0.0002411985   0.0035386700  -0.0028493547
       -0.0000310577   0.0000402868  -0.0000001287  -0.0000296199   0.0000004853
       -0.0000000349  -0.0000610083  -0.0000676913  -0.0000062461  -0.0000633700
        0.0000407943   0.0000717838  -0.0000001949   0.0000152388   0.0000101100
       -0.0000475597   0.0000422147  -0.0000121745   0.0009093615   0.0000525231
        0.0000392768  -0.0017651894  -0.0005617878  -0.0003409128   0.0006011578
       -0.0002505929   0.0000280394   0.0013341032  -0.0033719410  -0.0004283247
       -0.0318482241  -0.0183059791   0.0027185883  -0.0028903246   0.0028957017
        0.0004917576  -0.0029224268  -0.0008616406  -0.0003601664  -0.2286134488
       -0.1761789359   0.0225271682   0.0014497695   0.0019956882   0.0001961393
       -0.0000153288   0.0000146815   0.0000012139  -0.0000194806   0.0000213832
       -0.0000025885   0.0000092886   0.0000540250  -0.0000025718  -0.0001015242
        0.0000066381   0.0000045919  -0.0000232773  -0.0000025850   0.0000020591
        0.0000661149   0.0003367720   0.0000430334   0.0045206286   0.0040387350
       -0.0002411985   0.2595416114   0.1900459860  -0.0247394148
       -0.0000239909   0.0000177443  -0.0000016783  -0.0000283871  -0.0000331887
        0.0000027365   0.0000046163  -0.0000527796  -0.0000048527  -0.0000392008
       -0.0000169596   0.0000140696   0.0000135877   0.0000501043   0.0000057722
        0.0000003410   0.0000261693  -0.0000070705   0.0002250674   0.0005045485
        0.0000487785  -0.0023686693   0.0013059466   0.0001653195   0.0002317283
       -0.0014838142  -0.0001163471   0.0051849299  -0.0008034771  -0.0000967603
       -0.0040318105   0.0119312094  -0.0005572121   0.0033732429  -0.0001765526
       -0.0000022367   0.0002633599   0.0003562469  -0.0000376570  -0.1716840837
       -0.2168217437   0.0137477956  -0.0018767639  -0.0002714605   0.0002239932
       -0.0000046933   0.0000161291  -0.0000024361  -0.0000220357   0.0000090252
       -0.0000009455  -0.0000183468  -0.0000093809  -0.0000017242   0.0000348807
        0.0000053947   0.0000001232   0.0000140439   0.0000111530  -0.0000027594
        0.0002790456   0.0001418552  -0.0000043173  -0.0195728474  -0.0178458499
        0.0035386700   0.1900459860   0.2231396802  -0.0169112610
        0.0000005764   0.0000040094   0.0000188692  -0.0000109829  -0.0000343109
       -0.0000155104   0.0000092098  -0.0000536926   0.0000212250  -0.0000691332
        0.0000324900  -0.0001863295   0.0000140621   0.0000563064  -0.0000200360
        0.0000072194   0.0000230856   0.0000301073   0.0003467718   0.0001028734
       -0.0000746200  -0.0012490745   0.0005064967   0.0000733870   0.0002008421
       -0.0006173427   0.0000919502   0.0022640929  -0.0003716111  -0.0005948081
       -0.0070770921   0.0006796640  -0.0028373094   0.0001933538   0.0003683818
        0.0028869801  -0.0006837969   0.0000356774   0.0003590396   0.0377415707
        0.0228159363  -0.0071727727  -0.0007850656  -0.0007171214  -0.0014453404
        0.0000095508  -0.0000075284   0.0000485815   0.0000143143   0.0000039374
        0.0000315203  -0.0000010738  -0.0000066342   0.0000298279  -0.0000203958
        0.0000194439  -0.0000058158   0.0000064055  -0.0000056740   0.0000233054
        0.0000550693  -0.0000427136   0.0001104966  -0.0062270093  -0.0058804124
       -0.0028493547  -0.0247394148  -0.0169112610   0.0114766066
