$hessian                                                                        
        0.4807104404  -0.0313265706   0.0139256992  -0.1508309309  -0.0584768006
        0.0248326805  -0.0009300457  -0.0037053903  -0.0006641466  -0.0268932107
       -0.0112154373   0.0028331363  -0.0076061220   0.0010587863  -0.0018122819
       -0.0480067096   0.0003210122   0.0315838846  -0.0459965658   0.0274234193
        0.0089892802  -0.1957065166   0.0797646835  -0.0849409661  -0.0072798324
       -0.0050314773   0.0041549236   0.0009583408   0.0010988877   0.0001728999
        0.0004430614   0.0007440563   0.0000326771   0.0003415819   0.0006007106
       -0.0000078137   0.0006449859  -0.0002386107   0.0005415150   0.0001739486
       -0.0012026038   0.0004560170  -0.0000224253   0.0001853346  -0.0000975051
       -0.0313265706   0.5080526689   0.0091597296  -0.0569761641  -0.1005232386
        0.0163307382  -0.0232798334  -0.0238695370   0.0039054503   0.0036331458
        0.0036872590  -0.0018555309   0.0042199951   0.0003849705   0.0003559391
        0.0002592633  -0.0446662411   0.0033570963   0.0268610394  -0.2539604883
       -0.0754395092   0.0801717713  -0.0840201279   0.0431298942  -0.0034371971
       -0.0011968454   0.0019730993  -0.0011984350   0.0007727256   0.0001448777
       -0.0004737246  -0.0063473465  -0.0018608145  -0.0003064922   0.0008008654
        0.0007213006   0.0004762475   0.0001398917  -0.0000964869   0.0013551721
        0.0009203259   0.0001918414   0.0000217825  -0.0001748822  -0.0000176252
        0.0139256992   0.0091597296   0.5187582575   0.0244096034   0.0157773032
       -0.0743896122  -0.0062856953  -0.0048005013   0.0022056455  -0.0081677194
       -0.0049463201   0.0023557254  -0.0039187834   0.0000811614  -0.0000071990
        0.0327591125   0.0038981595  -0.2776084941   0.0090887094  -0.0754085981
       -0.0718792043  -0.0852437394   0.0432161347  -0.0913799081   0.0255138491
        0.0160708514  -0.0096680742  -0.0000012461   0.0003589837   0.0001525904
       -0.0004137220  -0.0020772644   0.0001455314  -0.0007768032  -0.0006975493
        0.0006544344  -0.0009329055  -0.0002399522   0.0004495662   0.0000464454
       -0.0003336683   0.0002572279  -0.0000028047  -0.0000584699  -0.0000464867
       -0.1508309309  -0.0569761641   0.0244096034   0.4670383403   0.0063198661
       -0.0204459987  -0.0654542284   0.0131942599   0.0051846672  -0.1179700214
        0.0391989282  -0.0392298089  -0.0438549028   0.0032680233  -0.0063549322
       -0.0067065042  -0.0041583694   0.0060690128   0.0006798702  -0.0015171385
       -0.0006935471  -0.0266602354  -0.0126435206   0.0041408042  -0.0470088196
        0.0007759180   0.0307501365  -0.0056511165   0.0249070888   0.0067701634
        0.0018695463  -0.0229193439  -0.0069083414  -0.0005330418   0.0032399712
        0.0022314323  -0.0010968846   0.0016636912  -0.0041418861  -0.0047051885
        0.0055949136  -0.0023410319   0.0008841173   0.0000518762   0.0005597265
       -0.0584768006  -0.1005232386   0.0157773032   0.0063198661   0.4716986760
        0.0010732159   0.0153558571  -0.1763566989  -0.0385862158   0.0421372594
       -0.0851977781   0.0218043908  -0.0148760112   0.0056145220  -0.0030594894
       -0.0024353869  -0.0012611926   0.0029821717  -0.0232461707  -0.0202077259
        0.0052811675   0.0079346903   0.0052991112  -0.0022965900   0.0007279871
       -0.0420393632  -0.0005535417   0.0054056587  -0.0163199289  -0.0033093794
       -0.0011020620  -0.0204005347  -0.0050872725   0.0012365274  -0.0039101119
       -0.0058207278   0.0003123545   0.0004361163   0.0006260566   0.0219756346
       -0.0177047407   0.0121922619  -0.0012694039   0.0008728879  -0.0010233510
        0.0248326805   0.0163307382  -0.0743896122  -0.0204459987   0.0010732159
        0.5386518250   0.0056901348  -0.0393969628  -0.0820813282  -0.0405517601
        0.0219448153  -0.0915959070   0.0094884797  -0.0026039294   0.0055331490
        0.0263407010   0.0169290239  -0.0112877527  -0.0077622023  -0.0054086809
        0.0020983924  -0.0109248784  -0.0065831230   0.0027573801   0.0312631194
       -0.0002530051  -0.2630663923  -0.0018975746   0.0110445554   0.0037748912
       -0.0009764072   0.0068311741   0.0023661832   0.0044835538  -0.0301654434
       -0.0151404974  -0.0240956951   0.0140750044  -0.0219137213   0.0050656623
       -0.0036635527   0.0035294967  -0.0005098150  -0.0001538297   0.0007638936
       -0.0009300457  -0.0232798334  -0.0062856953  -0.0654542284   0.0153558571
        0.0056901348   0.5205891387   0.0085665379   0.0033056929  -0.0066865333
        0.0240768215   0.0048533928   0.0004308888   0.0008049635   0.0003164448
        0.0006051721  -0.0001311733  -0.0006404581  -0.0036504942  -0.0039921430
        0.0008021744   0.0007852726  -0.0011653047  -0.0000432320   0.0002608592
        0.0043624718   0.0021478054  -0.2089168050   0.0758407669  -0.0818972177
       -0.1869442950  -0.1041917412   0.0519132260  -0.0470900562   0.0001633418
        0.0211897475   0.0006721511  -0.0000159802   0.0011002803  -0.0037751386
        0.0028575520  -0.0019400631   0.0001041140   0.0007478634  -0.0005122327
       -0.0037053903  -0.0238695370  -0.0048005013   0.0131942599  -0.1763566989
       -0.0393969628   0.0085665379   0.4622473227  -0.0231912986   0.0098051073
       -0.0183105045  -0.0019066667  -0.0009229751  -0.0009700851   0.0001938468
        0.0008254128   0.0006432932  -0.0004554222  -0.0028931692  -0.0024723079
        0.0007279249   0.0009261554   0.0007451283  -0.0000786992   0.0010263199
       -0.0056079146  -0.0040108713   0.0753116349  -0.0760362868   0.0381690694
       -0.1026881218  -0.1165218323   0.0380684446  -0.0001191436  -0.0434348735
       -0.0030976118  -0.0009473860   0.0005944201  -0.0008661116   0.0023925493
       -0.0012286104   0.0009536765  -0.0007717914   0.0005784867  -0.0003088166
       -0.0006641466   0.0039054503   0.0022056455   0.0051846672  -0.0385862158
       -0.0820813282   0.0033056929  -0.0231912986   0.5148026337  -0.0012365832
        0.0099747290   0.0034309914   0.0000759290   0.0003538116   0.0003471819
        0.0001235620   0.0010407052   0.0007671984   0.0008088318   0.0012188063
        0.0004890002  -0.0000671766  -0.0001664571   0.0000570159   0.0041634705
       -0.0293774125  -0.0135843589  -0.0822330999   0.0384064141  -0.0856572704
        0.0514137042   0.0379809696  -0.0634328416   0.0212935138  -0.0043118043
       -0.2780562839  -0.0005164553   0.0014175566   0.0010273908  -0.0022129344
        0.0018525600  -0.0003195044   0.0005610247  -0.0005178144   0.0000045296
       -0.0268932107   0.0036331458  -0.0081677194  -0.1179700214   0.0421372594
       -0.0405517601  -0.0066865333   0.0098051073  -0.0012365832   0.4280513595
       -0.0040262066  -0.0135931105  -0.1916751373  -0.0639888659   0.0549482474
        0.0003183211   0.0005502323  -0.0006499727   0.0001582603   0.0007393708
       -0.0001200487  -0.0031824236  -0.0016400007   0.0006498595  -0.0001084167
        0.0002038314  -0.0014675788  -0.0000460374   0.0004602229  -0.0000133896
       -0.0007943182  -0.0011948556   0.0003247434   0.0003757053  -0.0002751100
       -0.0005020731  -0.0388080643   0.0035487895   0.0071768682  -0.0406658078
        0.0177284831   0.0047743497  -0.0020736756  -0.0076814038  -0.0015718322
       -0.0112154373   0.0036872590  -0.0049463201   0.0391989282  -0.0851977781
        0.0219448153   0.0240768215  -0.0183105045   0.0099747290  -0.0040262066
        0.5165322640   0.0349920366  -0.0363593529  -0.0947125152   0.0055802854
       -0.0004254527   0.0002875892  -0.0002517460  -0.0015493471   0.0002870744
       -0.0003220358  -0.0031378502  -0.0012232601   0.0004505003   0.0021640059
       -0.0000197386   0.0023256905   0.0014534701  -0.0062673930  -0.0014812806
       -0.0003291085   0.0001455207   0.0005691072   0.0001234256   0.0010148460
        0.0007462919   0.0023767405  -0.0482112851  -0.0171545130   0.0219672925
       -0.2493312380  -0.0643729647  -0.0343179291  -0.0186808408   0.0119454042
        0.0028331363  -0.0018555309   0.0023557254  -0.0392298089   0.0218043908
       -0.0915959070   0.0048533928  -0.0019066667   0.0034309914  -0.0135931105
        0.0349920366   0.4831252161   0.0586700896   0.0163314301  -0.0720438513
        0.0016594201   0.0000353531   0.0004137507   0.0000738863  -0.0001705081
        0.0000596940   0.0015504744   0.0004800747   0.0003927256  -0.0251883108
        0.0134642051  -0.0198923345   0.0008364579  -0.0020493043   0.0001398625
        0.0003193776   0.0004924672   0.0001617625   0.0013312169  -0.0013200986
        0.0005506702   0.0088278193  -0.0177366991  -0.2427215762   0.0059823403
       -0.0621429630  -0.0656158324  -0.0089263813  -0.0004181870   0.0012391029
       -0.0076061220   0.0042199951  -0.0039187834  -0.0438549028  -0.0148760112
        0.0094884797   0.0004308888  -0.0009229751   0.0000759290  -0.1916751373
       -0.0363593529   0.0586700896   0.3025171076   0.0650550315  -0.1000028869
        0.0006069251   0.0001857570  -0.0002869741   0.0005525915   0.0003086999
        0.0000068966  -0.0026858710  -0.0010998969   0.0002386265   0.0025109004
       -0.0006971657   0.0010047662   0.0000634292  -0.0002874187  -0.0000789211
        0.0004137587   0.0004893600  -0.0002381113  -0.0001337878  -0.0003854467
        0.0003171507  -0.0192429664  -0.0096817002   0.0192083420  -0.0050823134
       -0.0092682556  -0.0001723022  -0.0368145005   0.0033193794   0.0156876987
        0.0010587863   0.0003849705   0.0000811614   0.0032680233   0.0056145220
       -0.0026039294   0.0008049635  -0.0009700851   0.0003538116  -0.0639888659
       -0.0947125152   0.0163314301   0.0650550315   0.5181130092   0.0893103476
        0.0003913960  -0.0000678329  -0.0001064157   0.0002689719   0.0002219060
        0.0001784753  -0.0000690938   0.0002929104  -0.0000481958  -0.0003836398
        0.0001292361  -0.0009906856   0.0003027191   0.0002828736  -0.0000141986
        0.0019047601   0.0003965628  -0.0001350035  -0.0000519432  -0.0001962494
       -0.0000020179  -0.0068193736   0.0007159084   0.0076529761  -0.0324058340
       -0.0222055311   0.0093835591   0.0306640983  -0.4079996852  -0.1193913145
       -0.0018122819   0.0003559391  -0.0000071990  -0.0063549322  -0.0030594894
        0.0055331490   0.0003164448   0.0001938468   0.0003471819   0.0549482474
        0.0055802854  -0.0720438513  -0.1000028869   0.0893103476   0.1163411597
       -0.0005976165  -0.0000674045   0.0003156474  -0.0000635392   0.0001123698
       -0.0000791633  -0.0002290367  -0.0001948563   0.0003069954   0.0009073141
       -0.0007107493   0.0021491019  -0.0000628960  -0.0001122933   0.0000844561
       -0.0002944250  -0.0006834395  -0.0002062419  -0.0003661450   0.0003363021
        0.0003031888   0.0360635193   0.0171094513  -0.0150343225  -0.0059753551
       -0.0020592078   0.0039389945   0.0235235889  -0.1061111019  -0.0419490966
       -0.0480067096   0.0002592633   0.0327591125  -0.0067065042  -0.0024353869
        0.0263407010   0.0006051721   0.0008254128   0.0001235620   0.0003183211
       -0.0004254527   0.0016594201   0.0006069251   0.0003913960  -0.0005976165
        0.0556459978   0.0023137453  -0.0394079794   0.0000557274   0.0010566288
        0.0052964458   0.0020878637   0.0012538010  -0.0269805709  -0.0042828112
       -0.0031013181   0.0017944031  -0.0000860073  -0.0000239050  -0.0001598450
        0.0001002332   0.0002668627  -0.0000868375   0.0000928379  -0.0002568677
       -0.0002754925  -0.0004597509  -0.0002163925  -0.0005839698  -0.0000545930
        0.0001010430   0.0000157602   0.0000832980  -0.0000088299   0.0001029071
        0.0003210122  -0.0446662411   0.0038981595  -0.0041583694  -0.0012611926
        0.0169290239  -0.0001311733   0.0006432932   0.0010407052   0.0005502323
        0.0002875892   0.0000353531   0.0001857570  -0.0000678329  -0.0000674045
        0.0023137453   0.0490223367  -0.0052312114   0.0043390821  -0.0021663382
       -0.0322249017  -0.0001924261  -0.0001293595   0.0151130024  -0.0031473260
       -0.0014358653   0.0012114465   0.0000809257  -0.0001003336   0.0001056470
        0.0001978054   0.0001343082  -0.0001734972  -0.0002897239  -0.0003089124
       -0.0003969716  -0.0000583253   0.0001598839  -0.0000784407   0.0000195071
       -0.0001342177  -0.0002145300  -0.0000307230   0.0000228823   0.0000536196
        0.0315838846   0.0033570963  -0.2776084941   0.0060690128   0.0029821717
       -0.0112877527  -0.0006404581  -0.0004554222   0.0007671984  -0.0006499727
       -0.0002517460   0.0004137507  -0.0002869741  -0.0001064157   0.0003156474
       -0.0394079794  -0.0052312114   0.3217281920   0.0018840137  -0.0029537224
       -0.0154695178  -0.0007214535   0.0012425390  -0.0197703428   0.0020245514
        0.0013835654   0.0002178764  -0.0000206371   0.0000780658  -0.0002596122
       -0.0002621642  -0.0002674333   0.0001052727   0.0000988092   0.0003603304
        0.0005705189   0.0003047809   0.0000109868   0.0006312961   0.0000861127
       -0.0001070948  -0.0002218455  -0.0000615261  -0.0000417094  -0.0001321873
       -0.0459965658   0.0268610394   0.0090887094   0.0006798702  -0.0232461707
       -0.0077622023  -0.0036504942  -0.0028931692   0.0008088318   0.0001582603
       -0.0015493471   0.0000738863   0.0005525915   0.0002689719  -0.0000635392
        0.0000557274   0.0043390821   0.0018840137   0.0537023150  -0.0293116101
       -0.0113434776  -0.0051251443   0.0263561429   0.0078583204   0.0006289031
        0.0000882221  -0.0003590492  -0.0001176447   0.0000540845   0.0001293443
        0.0000624283  -0.0014136757  -0.0003336496  -0.0000999646   0.0000490131
        0.0000302597   0.0000059127   0.0001296727   0.0000292963  -0.0008971114
        0.0001843164  -0.0000619887   0.0000409164   0.0000834279   0.0000212447
        0.0274234193  -0.2539604883  -0.0754085981  -0.0015171385  -0.0202077259
       -0.0054086809  -0.0039921430  -0.0024723079   0.0012188063   0.0007393708
        0.0002870744  -0.0001705081   0.0003086999   0.0002219060   0.0001123698
        0.0010566288  -0.0021663382  -0.0029537224  -0.0293116101   0.2950996941
        0.0873471387   0.0054530706  -0.0172030646  -0.0047313923   0.0004400428
        0.0002148532   0.0000911426  -0.0002671950   0.0004410404  -0.0000717958
       -0.0001105710  -0.0012171479  -0.0003742283   0.0000004974   0.0002520770
        0.0003583507   0.0000406437  -0.0000688931  -0.0000382562  -0.0004406829
        0.0006560184  -0.0000001909   0.0001769672   0.0001233024   0.0000295647
        0.0089892802  -0.0754395092  -0.0718792043  -0.0006935471   0.0052811675
        0.0020983924   0.0008021744   0.0007279249   0.0004890002  -0.0001200487
       -0.0003220358   0.0000596940   0.0000068966   0.0001784753  -0.0000791633
        0.0052964458  -0.0322249017  -0.0154695178  -0.0113434776   0.0873471387
        0.0792254102  -0.0027576188   0.0133358083   0.0047773290  -0.0000318448
        0.0006244107   0.0003513574   0.0000090699   0.0000080656  -0.0000870310
        0.0000383281   0.0002488779   0.0002851789   0.0000851535   0.0001983852
        0.0001627745   0.0000428953  -0.0001219039  -0.0001999961  -0.0003976479
        0.0001110001   0.0002698961   0.0000739412   0.0000470963  -0.0000041201
       -0.1957065166   0.0801717713  -0.0852437394  -0.0266602354   0.0079346903
       -0.0109248784   0.0007852726   0.0009261554  -0.0000671766  -0.0031824236
       -0.0031378502   0.0015504744  -0.0026858710  -0.0000690938  -0.0002290367
        0.0020878637  -0.0001924261  -0.0007214535  -0.0051251443   0.0054530706
       -0.0027576188   0.2289955174  -0.0908250892   0.0981584693   0.0004793995
        0.0005028105  -0.0001118462   0.0003884352  -0.0008930554   0.0001189618
        0.0003085401   0.0003778436   0.0000653320  -0.0000968868  -0.0000218555
       -0.0000180635   0.0001619705   0.0000251209   0.0001924298   0.0002170096
       -0.0004050309   0.0000666378   0.0000330692   0.0001529383  -0.0000784921
        0.0797646835  -0.0840201279   0.0432161347  -0.0126435206   0.0052991112
       -0.0065831230  -0.0011653047   0.0007451283  -0.0001664571  -0.0016400007
       -0.0012232601   0.0004800747  -0.0010998969   0.0002929104  -0.0001948563
        0.0012538010  -0.0001293595   0.0012425390   0.0263561429  -0.0172030646
        0.0133358083  -0.0908250892   0.0964412337  -0.0511035933   0.0002672983
        0.0002941344  -0.0003353586  -0.0002139458  -0.0005769342   0.0000622288
        0.0001090733   0.0000294462   0.0000067525   0.0000798102  -0.0000833241
        0.0000095598  -0.0000456722  -0.0000191627  -0.0001121588  -0.0001897680
        0.0000549210   0.0001067254  -0.0000076111   0.0000983478   0.0000357238
       -0.0849409661   0.0431298942  -0.0913799081   0.0041408042  -0.0022965900
        0.0027573801  -0.0000432320  -0.0000786992   0.0000570159   0.0006498595
        0.0004505003   0.0003927256   0.0002386265  -0.0000481958   0.0003069954
       -0.0269805709   0.0151130024  -0.0197703428   0.0078583204  -0.0047313923
        0.0047773290   0.0981584693  -0.0511035933   0.1022562159   0.0005248283
       -0.0002082660   0.0004585856  -0.0000000616  -0.0003355592   0.0003217110
        0.0001765313  -0.0000125743  -0.0000634932  -0.0001438522   0.0000880226
       -0.0002395997   0.0002859895   0.0000232900   0.0002429863   0.0000673088
       -0.0000340773  -0.0000879293   0.0000079450   0.0000442380  -0.0000296718
       -0.0072798324  -0.0034371971   0.0255138491  -0.0470088196   0.0007279871
        0.0312631194   0.0002608592   0.0010263199   0.0041634705  -0.0001084167
        0.0021640059  -0.0251883108   0.0025109004  -0.0003836398   0.0009073141
       -0.0042828112  -0.0031473260   0.0020245514   0.0006289031   0.0004400428
       -0.0000318448   0.0004793995   0.0002672983   0.0005248283   0.0576850046
        0.0000695602  -0.0356304619  -0.0000844002   0.0000657229   0.0003955717
        0.0002403473  -0.0003127264  -0.0005787237   0.0004762897   0.0008204049
        0.0002151271  -0.0038716438   0.0020929815  -0.0031613098   0.0005878807
       -0.0004951342  -0.0000976502  -0.0002336607   0.0001016999  -0.0003195306
       -0.0050314773  -0.0011968454   0.0160708514   0.0007759180  -0.0420393632
       -0.0002530051   0.0043624718  -0.0056079146  -0.0293774125   0.0002038314
       -0.0000197386   0.0134642051  -0.0006971657   0.0001292361  -0.0007107493
       -0.0031013181  -0.0014358653   0.0013835654   0.0000882221   0.0002148532
        0.0006244107   0.0005028105   0.0002941344  -0.0002082660   0.0000695602
        0.0547809120   0.0005075684  -0.0001036402   0.0006134664  -0.0002148180
       -0.0000021355   0.0007861632  -0.0004049467   0.0010175062  -0.0057210206
       -0.0030421691   0.0022008629  -0.0007071673   0.0017734541  -0.0001846499
        0.0001537257   0.0005848463  -0.0001007963  -0.0002445760  -0.0001975348
        0.0041549236   0.0019730993  -0.0096680742   0.0307501365  -0.0005535417
       -0.2630663923   0.0021478054  -0.0040108713  -0.0135843589  -0.0014675788
        0.0023256905  -0.0198923345   0.0010047662  -0.0009906856   0.0021491019
        0.0017944031   0.0012114465   0.0002178764  -0.0003590492   0.0000911426
        0.0003513574  -0.0001118462  -0.0003353586   0.0004585856  -0.0356304619
        0.0005075684   0.3045312610   0.0001605721   0.0002607277   0.0003761880
       -0.0002815011   0.0003274797   0.0003738414   0.0004467854  -0.0028065429
       -0.0003913179  -0.0027556470   0.0019633622  -0.0014405491   0.0004117103
       -0.0001065836   0.0002547513  -0.0002650184   0.0001430669  -0.0006699359
        0.0009583408  -0.0011984350  -0.0000012461  -0.0056511165   0.0054056587
       -0.0018975746  -0.2089168050   0.0753116349  -0.0822330999  -0.0000460374
        0.0014534701   0.0008364579   0.0000634292   0.0003027191  -0.0000628960
       -0.0000860073   0.0000809257  -0.0000206371  -0.0001176447  -0.0002671950
        0.0000090699   0.0003884352  -0.0002139458  -0.0000000616  -0.0000844002
       -0.0001036402   0.0001605721   0.2410908490  -0.0883381128   0.0958106607
       -0.0286043757   0.0079162511  -0.0114447879   0.0006547008  -0.0002828754
       -0.0013116588   0.0001009943  -0.0001151291   0.0002561739  -0.0002159568
        0.0001526929  -0.0001083213   0.0004655942  -0.0001040192   0.0000073489
        0.0010988877   0.0007727256   0.0003589837   0.0249070888  -0.0163199289
        0.0110445554   0.0758407669  -0.0760362868   0.0384064141   0.0004602229
       -0.0062673930  -0.0020493043  -0.0002874187   0.0002828736  -0.0001122933
       -0.0000239050  -0.0001003336   0.0000780658   0.0000540845   0.0004410404
        0.0000080656  -0.0008930554  -0.0005769342  -0.0003355592   0.0000657229
        0.0006134664   0.0002607277  -0.0883381128   0.0911536491  -0.0432275761
       -0.0151150707   0.0064364473  -0.0065127562   0.0010773844   0.0004588300
        0.0017309135  -0.0002123346   0.0000340362  -0.0003487275   0.0013789842
       -0.0009218120   0.0006247217  -0.0000132452   0.0000296200   0.0000737689
        0.0001728999   0.0001448777   0.0001525904   0.0067701634  -0.0033093794
        0.0037748912  -0.0818972177   0.0381690694  -0.0856572704  -0.0000133896
       -0.0014812806   0.0001398625  -0.0000789211  -0.0000141986   0.0000844561
       -0.0001598450   0.0001056470  -0.0002596122   0.0001293443  -0.0000717958
       -0.0000870310   0.0001189618   0.0000622288   0.0003217110   0.0003955717
       -0.0002148180   0.0003761880   0.0958106607  -0.0432275761   0.0956430019
        0.0072191892  -0.0026550670   0.0039346536  -0.0289164071   0.0125684196
       -0.0186957701   0.0001208035  -0.0001589102   0.0001474387   0.0002741218
       -0.0001394570   0.0003168987   0.0000540639   0.0002222403  -0.0001920084
        0.0004430614  -0.0004737246  -0.0004137220   0.0018695463  -0.0011020620
       -0.0009764072  -0.1869442950  -0.1026881218   0.0514137042  -0.0007943182
       -0.0003291085   0.0003193776   0.0004137587   0.0019047601  -0.0002944250
        0.0001002332   0.0001978054  -0.0002621642   0.0000624283  -0.0001105710
        0.0000383281   0.0003085401   0.0001090733   0.0001765313   0.0002403473
       -0.0000021355  -0.0002815011  -0.0286043757  -0.0151150707   0.0072191892
        0.2176177306   0.1202846343  -0.0599392493  -0.0041004237  -0.0026897916
        0.0031264786  -0.0000800948  -0.0000830979  -0.0000063249  -0.0001151085
        0.0000134648   0.0001279886  -0.0004170301   0.0000839456  -0.0002478039
        0.0007440563  -0.0063473465  -0.0020772644  -0.0229193439  -0.0204005347
        0.0068311741  -0.1041917412  -0.1165218323   0.0379809696  -0.0011948556
        0.0001455207   0.0004924672   0.0004893600   0.0003965628  -0.0006834395
        0.0002668627   0.0001343082  -0.0002674333  -0.0014136757  -0.0012171479
        0.0002488779   0.0003778436   0.0000294462  -0.0000125743  -0.0003127264
        0.0007861632   0.0003274797   0.0079162511   0.0064364473  -0.0026550670
        0.1202846343   0.1367513640  -0.0428311757  -0.0018489208  -0.0001589207
        0.0019950962   0.0000130513  -0.0000842927  -0.0000792244  -0.0001959764
        0.0003629949  -0.0000320326   0.0019851806  -0.0003127324   0.0007621465
        0.0000326771  -0.0018608145   0.0001455314  -0.0069083414  -0.0050872725
        0.0023661832   0.0519132260   0.0380684446  -0.0634328416   0.0003247434
        0.0005691072   0.0001617625  -0.0002381113  -0.0001350035  -0.0002062419
       -0.0000868375  -0.0001734972   0.0001052727  -0.0003336496  -0.0003742283
        0.0002851789   0.0000653320   0.0000067525  -0.0000634932  -0.0005787237
       -0.0004049467   0.0003738414  -0.0114447879  -0.0065127562   0.0039346536
       -0.0599392493  -0.0428311757   0.0691316467   0.0278040787   0.0183814269
       -0.0132511568   0.0000891585   0.0000605010  -0.0001112719  -0.0000352758
       -0.0000701104  -0.0000982356  -0.0006642392   0.0003635729   0.0006591704
        0.0003415819  -0.0003064922  -0.0007768032  -0.0005330418   0.0012365274
        0.0044835538  -0.0470900562  -0.0001191436   0.0212935138   0.0003757053
        0.0001234256   0.0013312169  -0.0001337878  -0.0000519432  -0.0003661450
        0.0000928379  -0.0002897239   0.0000988092  -0.0000999646   0.0000004974
        0.0000851535  -0.0000968868   0.0000798102  -0.0001438522   0.0004762897
        0.0010175062   0.0004467854   0.0006547008   0.0010773844  -0.0289164071
       -0.0041004237  -0.0018489208   0.0278040787   0.0504693041  -0.0011285555
       -0.0253727578  -0.0000275634   0.0003589655  -0.0002943194  -0.0000047202
       -0.0001154108  -0.0001365603  -0.0003239752  -0.0000339269   0.0004637336
        0.0006007106   0.0008008654  -0.0006975493   0.0032399712  -0.0039101119
       -0.0301654434   0.0001633418  -0.0434348735  -0.0043118043  -0.0002751100
        0.0010148460  -0.0013200986  -0.0003854467  -0.0001962494   0.0003363021
       -0.0002568677  -0.0003089124   0.0003603304   0.0000490131   0.0002520770
        0.0001983852  -0.0000218555  -0.0000833241   0.0000880226   0.0008204049
       -0.0057210206  -0.0028065429  -0.0002828754   0.0004588300   0.0125684196
       -0.0026897916  -0.0001589207   0.0183814269  -0.0011285555   0.0510433529
        0.0066899343   0.0002775259  -0.0001946046   0.0005553265  -0.0002266358
        0.0002917198   0.0001149582   0.0001161707   0.0001463261   0.0000083326
       -0.0000078137   0.0007213006   0.0006544344   0.0022314323  -0.0058207278
       -0.0151404974   0.0211897475  -0.0030976118  -0.2780562839  -0.0005020731
        0.0007462919   0.0005506702   0.0003171507  -0.0000020179   0.0003031888
       -0.0002754925  -0.0003969716   0.0005705189   0.0000302597   0.0003583507
        0.0001627745  -0.0000180635   0.0000095598  -0.0002395997   0.0002151271
       -0.0030421691  -0.0003913179  -0.0013116588   0.0017309135  -0.0186957701
        0.0031264786   0.0019950962  -0.0132511568  -0.0253727578   0.0066899343
        0.3232096576   0.0003292976  -0.0002312429   0.0006680319  -0.0002672815
        0.0003047870   0.0001407478   0.0003156474   0.0000345071  -0.0004853984
        0.0006449859   0.0004762475  -0.0009329055  -0.0010968846   0.0003123545
       -0.0240956951   0.0006721511  -0.0009473860  -0.0005164553  -0.0388080643
        0.0023767405   0.0088278193  -0.0192429664  -0.0068193736   0.0360635193
       -0.0004597509  -0.0000583253   0.0003047809   0.0000059127   0.0000406437
        0.0000428953   0.0001619705  -0.0000456722   0.0002859895  -0.0038716438
        0.0022008629  -0.0027556470   0.0001009943  -0.0002123346   0.0001208035
       -0.0000800948   0.0000130513   0.0000891585  -0.0000275634   0.0002775259
        0.0003292976   0.0598881020   0.0009241260  -0.0209650422   0.0014490426
        0.0013037462   0.0030272203   0.0006638090   0.0001577933   0.0001742609
       -0.0002386107   0.0001398917  -0.0002399522   0.0016636912   0.0004361163
        0.0140750044  -0.0000159802   0.0005944201   0.0014175566   0.0035487895
       -0.0482112851  -0.0177366991  -0.0096817002   0.0007159084   0.0171094513
       -0.0002163925   0.0001598839   0.0000109868   0.0001296727  -0.0000688931
       -0.0001219039   0.0000251209  -0.0000191627   0.0000232900   0.0020929815
       -0.0007071673   0.0019633622  -0.0001151291   0.0000340362  -0.0001589102
       -0.0000830979  -0.0000842927   0.0000605010   0.0003589655  -0.0001946046
       -0.0002312429   0.0009241260   0.0522740203   0.0131972947   0.0017650421
       -0.0055820328  -0.0314468977  -0.0001574789   0.0005131613   0.0020781590
        0.0005415150  -0.0000964869   0.0004495662  -0.0041418861   0.0006260566
       -0.0219137213   0.0011002803  -0.0008661116   0.0010273908   0.0071768682
       -0.0171545130  -0.2427215762   0.0192083420   0.0076529761  -0.0150343225
       -0.0005839698  -0.0000784407   0.0006312961   0.0000292963  -0.0000382562
       -0.0001999961   0.0001924298  -0.0001121588   0.0002429863  -0.0031613098
        0.0017734541  -0.0014405491   0.0002561739  -0.0003487275   0.0001474387
       -0.0000063249  -0.0000792244  -0.0001112719  -0.0002943194   0.0005553265
        0.0006680319  -0.0209650422   0.0131972947   0.2906742093   0.0007333564
       -0.0046548675  -0.0136581016  -0.0000854098  -0.0003763215   0.0012386193
        0.0001739486   0.0013551721   0.0000464454  -0.0047051885   0.0219756346
        0.0050656623  -0.0037751386   0.0023925493  -0.0022129344  -0.0406658078
        0.0219672925   0.0059823403  -0.0050823134  -0.0324058340  -0.0059753551
       -0.0000545930   0.0000195071   0.0000861127  -0.0008971114  -0.0004406829
       -0.0003976479   0.0002170096  -0.0001897680   0.0000673088   0.0005878807
       -0.0001846499   0.0004117103  -0.0002159568   0.0013789842   0.0002741218
       -0.0001151085  -0.0001959764  -0.0000352758  -0.0000047202  -0.0002266358
       -0.0002672815   0.0014490426   0.0017650421   0.0007333564   0.0575879254
       -0.0129791433  -0.0054331457  -0.0044998686  -0.0042314918   0.0016545824
       -0.0012026038   0.0009203259  -0.0003336683   0.0055949136  -0.0177047407
       -0.0036635527   0.0028575520  -0.0012286104   0.0018525600   0.0177284831
       -0.2493312380  -0.0621429630  -0.0092682556  -0.0222055311  -0.0020592078
        0.0001010430  -0.0001342177  -0.0001070948   0.0001843164   0.0006560184
        0.0001110001  -0.0004050309   0.0000549210  -0.0000340773  -0.0004951342
        0.0001537257  -0.0001065836   0.0001526929  -0.0009218120  -0.0001394570
        0.0000134648   0.0003629949  -0.0000701104  -0.0001154108   0.0002917198
        0.0003047870   0.0013037462  -0.0055820328  -0.0046548675  -0.0129791433
        0.2960104137   0.0699714553  -0.0034706334  -0.0013419366   0.0010717801
        0.0004560170   0.0001918414   0.0002572279  -0.0023410319   0.0121922619
        0.0035294967  -0.0019400631   0.0009536765  -0.0003195044   0.0047743497
       -0.0643729647  -0.0656158324  -0.0001723022   0.0093835591   0.0039389945
        0.0000157602  -0.0002145300  -0.0002218455  -0.0000619887  -0.0000001909
        0.0002698961   0.0000666378   0.0001067254  -0.0000879293  -0.0000976502
        0.0005848463   0.0002547513  -0.0001083213   0.0006247217   0.0003168987
        0.0001279886  -0.0000320326  -0.0000982356  -0.0001365603   0.0001149582
        0.0001407478   0.0030272203  -0.0314468977  -0.0136581016  -0.0054331457
        0.0699714553   0.0703689219   0.0018230896   0.0019425699   0.0009245139
       -0.0000224253   0.0000217825  -0.0000028047   0.0008841173  -0.0012694039
       -0.0005098150   0.0001041140  -0.0007717914   0.0005610247  -0.0020736756
       -0.0343179291  -0.0089263813  -0.0368145005   0.0306640983   0.0235235889
        0.0000832980  -0.0000307230  -0.0000615261   0.0000409164   0.0001769672
        0.0000739412   0.0000330692  -0.0000076111   0.0000079450  -0.0002336607
       -0.0001007963  -0.0002650184   0.0004655942  -0.0000132452   0.0000540639
       -0.0004170301   0.0019851806  -0.0006642392  -0.0003239752   0.0001161707
        0.0003156474   0.0006638090  -0.0001574789  -0.0000854098  -0.0044998686
       -0.0034706334   0.0018230896   0.0421102180   0.0071754129  -0.0158441060
        0.0001853346  -0.0001748822  -0.0000584699   0.0000518762   0.0008728879
       -0.0001538297   0.0007478634   0.0005784867  -0.0005178144  -0.0076814038
       -0.0186808408  -0.0004181870   0.0033193794  -0.4079996852  -0.1061111019
       -0.0000088299   0.0000228823  -0.0000417094   0.0000834279   0.0001233024
        0.0000470963   0.0001529383   0.0000983478   0.0000442380   0.0001016999
       -0.0002445760   0.0001430669  -0.0001040192   0.0000296200   0.0002222403
        0.0000839456  -0.0003127324   0.0003635729  -0.0000339269   0.0001463261
        0.0000345071   0.0001577933   0.0005131613  -0.0003763215  -0.0042314918
       -0.0013419366   0.0019425699   0.0071754129   0.4263696388   0.1048801425
       -0.0000975051  -0.0000176252  -0.0000464867   0.0005597265  -0.0010233510
        0.0007638936  -0.0005122327  -0.0003088166   0.0000045296  -0.0015718322
        0.0119454042   0.0012391029   0.0156876987  -0.1193913145  -0.0419490966
        0.0001029071   0.0000536196  -0.0001321873   0.0000212447   0.0000295647
       -0.0000041201  -0.0000784921   0.0000357238  -0.0000296718  -0.0003195306
       -0.0001975348  -0.0006699359   0.0000073489   0.0000737689  -0.0001920084
       -0.0002478039   0.0007621465   0.0006591704   0.0004637336   0.0000083326
       -0.0004853984   0.0001742609   0.0020781590   0.0012386193   0.0016545824
        0.0010717801   0.0009245139  -0.0158441060   0.1048801425   0.0386790755
