$hessian                                                                        
        0.3970658839  -0.0852601419  -0.0281369816  -0.0845626577  -0.0430964823
       -0.0134812142  -0.0159457242  -0.0093015739  -0.0027760356  -0.0366893608
        0.0053814130   0.0084050013  -0.2192645307   0.1045833763   0.0494785937
       -0.0388303171   0.0261450197  -0.0142430513   0.0011260076  -0.0008883157
       -0.0001852969  -0.0040591079   0.0030991544   0.0014156078   0.0011598069
       -0.0006624495  -0.0004766230
       -0.0852601419   0.4355729430  -0.0156026664  -0.0617146799  -0.0893449642
       -0.0216713951   0.0086746954   0.0069258267   0.0023812517   0.0048339676
       -0.0516715479  -0.0494310216   0.1092396272  -0.0994807206  -0.0277045112
        0.0204548763  -0.2031343134   0.1122347374   0.0005349183   0.0018058905
       -0.0001147941   0.0030111071  -0.0013217521  -0.0007365779   0.0002256300
        0.0006486381   0.0006449774
       -0.0281369816  -0.0156026664   0.4829708263  -0.0206638568  -0.0226437366
       -0.0323912178   0.0041557672   0.0033210700   0.0006205088   0.0012606863
       -0.0549875132  -0.2751143629   0.0512709011  -0.0274632132  -0.0555448939
       -0.0094942823   0.1174687693  -0.1215823206  -0.0003734290  -0.0005842833
        0.0000394647   0.0013793808  -0.0007453991  -0.0001714460   0.0006018144
        0.0012369725   0.0011734413
       -0.0845626577  -0.0617146799  -0.0206638568   0.2448030860   0.0036023851
       -0.0092540589  -0.0849318062   0.0596225580   0.0261215891  -0.0089455918
       -0.0080890926  -0.0068807842  -0.0213409111  -0.0118754423  -0.0034709873
       -0.0072605106  -0.0098864324   0.0010388262  -0.0090573829   0.0106469674
        0.0003214372  -0.0213580578   0.0110327996   0.0053618763  -0.0073461680
        0.0066609371   0.0074259584
       -0.0430964823  -0.0893449642  -0.0226437366   0.0036023851   0.2216215254
        0.0694188230   0.0410016159  -0.0853650795  -0.0254999094  -0.0118863137
       -0.0096521537  -0.0082116038   0.0054726433   0.0058373582   0.0020280736
       -0.0210785479  -0.0207190005  -0.0034732019   0.0211369825  -0.0195056721
       -0.0053774718  -0.0063132269   0.0060551920   0.0027265610   0.0111609439
       -0.0089272055  -0.0089675342
       -0.0134812142  -0.0216713951  -0.0323912178  -0.0092540589   0.0694188230
        0.0682268815   0.0189396960  -0.0264766317  -0.0359360975  -0.0183017716
       -0.0164287303  -0.0045810271   0.0032087667   0.0029354351   0.0007895873
        0.0066830288   0.0039607928   0.0048038662  -0.0056255206   0.0028056745
        0.0053925797  -0.0013184574   0.0018190271   0.0005965389   0.0191495313
       -0.0163629954  -0.0069011114
       -0.0159457242   0.0086746954   0.0041557672  -0.0849318062   0.0410016159
        0.0189396960   0.3963524268   0.0819935544   0.0363646477   0.0011243084
        0.0007876644   0.0004549614  -0.0040336438  -0.0032541220  -0.0010333202
        0.0011571649   0.0008087815   0.0000897399  -0.0366329917  -0.0091122280
        0.0022784602  -0.2183630679  -0.1111509310  -0.0335165543  -0.0387266663
       -0.0097490305  -0.0277333979
       -0.0093015739   0.0069258267   0.0033210700   0.0596225580  -0.0853650795
       -0.0264766317   0.0819935544   0.4419641191  -0.0218384476  -0.0001486843
        0.0006674845   0.0006794998  -0.0031678218  -0.0015622162  -0.0005070545
       -0.0005681375   0.0018188777  -0.0000582188  -0.0039076405  -0.2042158871
        0.1136507008  -0.1158059485  -0.1079931463  -0.0191924761  -0.0087163058
       -0.0522399789  -0.0495784420
       -0.0027760356   0.0023812517   0.0006205088   0.0261215891  -0.0254999094
       -0.0359360975   0.0363646477  -0.0218384476   0.4772676510  -0.0006454619
        0.0011500483   0.0011874740  -0.0009962244  -0.0005064398   0.0000468909
        0.0002966468  -0.0006486965  -0.0000037665  -0.0026773188   0.1191843803
       -0.1226761582  -0.0353060405  -0.0194388329  -0.0479295728  -0.0203818025
       -0.0547833541  -0.2725769296
       -0.0366893608   0.0048339676   0.0012606863  -0.0089455918  -0.0118863137
       -0.0183017716   0.0011243084  -0.0001486843  -0.0006454619   0.0445485671
       -0.0010366478  -0.0058984662  -0.0013997428   0.0071813077   0.0269691064
        0.0011716060   0.0007718701  -0.0042532587  -0.0000906554  -0.0000145055
       -0.0000265815   0.0006401852  -0.0000952500   0.0000509525  -0.0003593158
        0.0003942561   0.0008447947
        0.0053814130  -0.0516715479  -0.0549875132  -0.0080890926  -0.0096521537
       -0.0164287303   0.0007876644   0.0006674845   0.0011500483  -0.0010366478
        0.0596600271   0.0606007906   0.0028738089  -0.0038710862  -0.0162415346
       -0.0000865589   0.0047742791   0.0255986110   0.0000303054  -0.0002329821
        0.0001068510   0.0005464530  -0.0002099028  -0.0000716163  -0.0004073454
        0.0005358818   0.0002730936
        0.0084050013  -0.0494310216  -0.2751143629  -0.0068807842  -0.0082116038
       -0.0045810271   0.0004549614   0.0006794998   0.0011874740  -0.0058984662
        0.0606007906   0.3108715366   0.0027039987  -0.0028257500  -0.0098664867
        0.0015710462  -0.0010331061  -0.0223678876  -0.0000091090   0.0000291776
       -0.0003831840   0.0004567077  -0.0000142638   0.0000406904  -0.0008033560
        0.0002062773   0.0002132473
       -0.2192645307   0.1092396272   0.0512709011  -0.0213409111   0.0054726433
        0.0032087667  -0.0040336438  -0.0031678218  -0.0009962244  -0.0013997428
        0.0028738089   0.0027039987   0.2499270559  -0.1193863116  -0.0566315368
       -0.0037343105   0.0053214437   0.0005584871   0.0006423281  -0.0007080117
       -0.0000271920  -0.0014028203   0.0008732641   0.0004187475   0.0006065752
       -0.0005186423  -0.0005059480
        0.1045833763  -0.0994807206  -0.0274632132  -0.0118754423   0.0058373582
        0.0029354351  -0.0032541220  -0.0015622162  -0.0005064398   0.0071813077
       -0.0038710862  -0.0028257500  -0.1193863116   0.1136202319   0.0326172030
        0.0235260291  -0.0150793095  -0.0048856880   0.0000382546  -0.0001402079
       -0.0001472819  -0.0009379770   0.0009025893   0.0003179933   0.0001248852
       -0.0002266391  -0.0000422585
        0.0494785937  -0.0277045112  -0.0555448939  -0.0034709873   0.0020280736
        0.0007895873  -0.0010333202  -0.0005070545   0.0000468909   0.0269691064
       -0.0162415346  -0.0098664867  -0.0566315368   0.0326172030   0.0605467881
       -0.0150384542   0.0097027063   0.0036650556   0.0001034098  -0.0000934911
       -0.0000300168  -0.0002761517   0.0002238218   0.0003041164  -0.0001006596
       -0.0000252134   0.0000889591
       -0.0388303171   0.0204548763  -0.0094942823  -0.0072605106  -0.0210785479
        0.0066830288   0.0011571649  -0.0005681375   0.0002966468   0.0011716060
       -0.0000865589   0.0015710462  -0.0037343105   0.0235260291  -0.0150384542
        0.0473402401  -0.0230469451   0.0164794601  -0.0003576130   0.0008357611
       -0.0003221487   0.0006044015  -0.0000218268  -0.0001570291  -0.0000906614
       -0.0000146503  -0.0000182676
        0.0261450197  -0.2031343134   0.1174687693  -0.0098864324  -0.0207190005
        0.0039607928   0.0008087815   0.0018188777  -0.0006486965   0.0007718701
        0.0047742791  -0.0010331061   0.0053214437  -0.0150793095   0.0097027063
       -0.0230469451   0.2320591491  -0.1294862614  -0.0008613954   0.0006287063
        0.0001694759   0.0007250833  -0.0001139701  -0.0001622935   0.0000225746
       -0.0002344186   0.0000286132
       -0.0142430513   0.1122347374  -0.1215823206   0.0010388262  -0.0034732019
        0.0048038662   0.0000897399  -0.0000582188  -0.0000037665  -0.0042532587
        0.0255986110  -0.0223678876   0.0005584871  -0.0048856880   0.0036650556
        0.0164794601  -0.1294862614   0.1357618502   0.0003595383   0.0001071188
        0.0001244075  -0.0000255402  -0.0001444322  -0.0000187165  -0.0000042013
        0.0001073351  -0.0003824884
        0.0011260076   0.0005349183  -0.0003734290  -0.0090573829   0.0211369825
       -0.0056255206  -0.0366329917  -0.0039076405  -0.0026773188  -0.0000906554
        0.0000303054  -0.0000091090   0.0006423281   0.0000382546   0.0001034098
       -0.0003576130  -0.0008613954   0.0003595383   0.0445139994   0.0041418761
       -0.0032729029  -0.0013124360  -0.0233603497   0.0151448402   0.0011687439
        0.0022470487  -0.0036495080
       -0.0008883157   0.0018058905  -0.0005842833   0.0106469674  -0.0195056721
        0.0028056745  -0.0091122280  -0.2042158871   0.1191843803  -0.0000145055
       -0.0002329821   0.0000291776  -0.0007080117  -0.0001402079  -0.0000934911
        0.0008357611   0.0006287063   0.0001071188   0.0041418761   0.2330302086
       -0.1310940727  -0.0039000762  -0.0161592931   0.0107041992  -0.0010014674
        0.0047892368  -0.0010587033
       -0.0001852969  -0.0001147941   0.0000394647   0.0003214372  -0.0053774718
        0.0053925797   0.0022784602   0.1136507008  -0.1226761582  -0.0000265815
        0.0001068510  -0.0003831840  -0.0000271920  -0.0001472819  -0.0000300168
       -0.0003221487   0.0001694759   0.0001244075  -0.0032729029  -0.1310940727
        0.1375846957   0.0000855908  -0.0027856003   0.0023266704   0.0011486338
        0.0255921931  -0.0223784590
       -0.0040591079   0.0030111071   0.0013793808  -0.0213580578  -0.0063132269
       -0.0013184574  -0.2183630679  -0.1158059485  -0.0353060405   0.0006401852
        0.0005464530   0.0004567077  -0.0014028203  -0.0009379770  -0.0002761517
        0.0006044015   0.0007250833  -0.0000255402  -0.0013124360  -0.0039000762
        0.0000855908   0.2489174088   0.1269798061   0.0381468973  -0.0036665056
       -0.0043052209  -0.0031423868
        0.0030991544  -0.0013217521  -0.0007453991   0.0110327996   0.0060551920
        0.0018190271  -0.1111509310  -0.1079931463  -0.0194388329  -0.0000952500
       -0.0002099028  -0.0000142638   0.0008732641   0.0009025893   0.0002238218
       -0.0000218268  -0.0001139701  -0.0001444322  -0.0233603497  -0.0161592931
       -0.0027856003   0.1269798061   0.1231333972   0.0233743224  -0.0073566667
       -0.0042931140  -0.0022886431
        0.0014156078  -0.0007365779  -0.0001714460   0.0053618763   0.0027265610
        0.0005965389  -0.0335165543  -0.0191924761  -0.0479295728   0.0000509525
       -0.0000716163   0.0000406904   0.0004187475   0.0003179933   0.0003041164
       -0.0001570291  -0.0001622935  -0.0000187165   0.0151448402   0.0107041992
        0.0023266704   0.0381468973   0.0233743224   0.0520313433  -0.0268653383
       -0.0169601121  -0.0071796241
        0.0011598069   0.0002256300   0.0006018144  -0.0073461680   0.0111609439
        0.0191495313  -0.0387266663  -0.0087163058  -0.0203818025  -0.0003593158
       -0.0004073454  -0.0008033560   0.0006065752   0.0001248852  -0.0001006596
       -0.0000906614   0.0000225746  -0.0000042013   0.0011687439  -0.0010014674
        0.0011486338  -0.0036665056  -0.0073566667  -0.0268653383   0.0472541912
        0.0059477516   0.0272553781
       -0.0006624495   0.0006486381   0.0012369725   0.0066609371  -0.0089272055
       -0.0163629954  -0.0097490305  -0.0522399789  -0.0547833541   0.0003942561
        0.0005358818   0.0002062773  -0.0005186423  -0.0002266391  -0.0000252134
       -0.0000146503  -0.0002344186   0.0001073351   0.0022470487   0.0047892368
        0.0255921931  -0.0043052209  -0.0042931140  -0.0169601121   0.0059477516
        0.0599475994   0.0609888970
       -0.0004766230   0.0006449774   0.0011734413   0.0074259584  -0.0089675342
       -0.0069011114  -0.0277333979  -0.0495784420  -0.2725769296   0.0008447947
        0.0002730936   0.0002132473  -0.0005059480  -0.0000422585   0.0000889591
       -0.0000182676   0.0000286132  -0.0003824884  -0.0036495080  -0.0010587033
       -0.0223784590  -0.0031423868  -0.0022886431  -0.0071796241   0.0272553781
        0.0609888970   0.3079429647
