$hessian                                                                        
        0.5872413655   0.0004052432   0.2074743356  -0.1379397052   0.1298649903
       -0.0395655086  -0.0302229608   0.0234159658  -0.0139098026   0.0031143722
        0.0000907284   0.0041351668  -0.0299866434  -0.0236144215  -0.0137212323
       -0.1375081546  -0.1297354251  -0.0389192024  -0.0013727422   0.0000020409
        0.0002597283   0.0004911044  -0.0000028936  -0.0005302608  -0.2582417032
       -0.0004760182  -0.0991814584   0.0057822382  -0.0112184584   0.0021416382
       -0.0037343022   0.0002569670  -0.0052778477  -0.0037347738  -0.0002925943
       -0.0052760169   0.0057806832   0.0113032917   0.0021015519   0.0001652266
       -0.0000601682   0.0001347141   0.0001659952   0.0000607520   0.0001341946
        0.0004052432   0.6514362803  -0.0007620781   0.0572738148  -0.2728259405
        0.0252736503   0.0775215365   0.0281505663   0.0346328813   0.0000869453
       -0.0671214532   0.0001475597  -0.0777230976   0.0277069667  -0.0348127145
       -0.0571452831  -0.2736495240  -0.0244260331   0.0000019896  -0.0005813926
        0.0000010719   0.0000033087   0.0004422356  -0.0000008865  -0.0004758802
       -0.0438859220  -0.0001949522   0.0106398484  -0.0263319584   0.0047581755
       -0.0002880138   0.0012548591  -0.0000981169   0.0002529550   0.0012554049
        0.0001069869  -0.0105550143  -0.0263295164  -0.0046246428   0.0001615873
        0.0002396938  -0.0001049018  -0.0001599399   0.0002397006   0.0001040001
        0.2074743356  -0.0007620781   0.2089624371  -0.0395917047   0.0574577772
       -0.0659450689  -0.0139249003   0.0102488081  -0.0048952334   0.0042715796
        0.0001477159  -0.0043890865  -0.0135463214  -0.0104294555  -0.0046901100
       -0.0392009696  -0.0566085403  -0.0655719890  -0.0006200927   0.0000012811
       -0.0001873726   0.0003181119  -0.0000020536  -0.0002697339  -0.0991384344
       -0.0001947466  -0.0785901374   0.0021729150  -0.0049888711   0.0018728320
       -0.0052345189   0.0000482247   0.0058586576  -0.0052354319  -0.0000395550
        0.0058579210   0.0022093248   0.0051223604   0.0018711260   0.0000225667
       -0.0000650957   0.0000581529   0.0000235402   0.0000642285   0.0000576051
       -0.1379397052   0.0572738148  -0.0395917047   0.5717317098   0.0097770708
        0.2008111409  -0.2894463388   0.0352386108  -0.1057793412  -0.0307891693
       -0.0767686133  -0.0139198869  -0.0416773315   0.0273679764  -0.0163989221
        0.0511918496   0.0271067599   0.0218360271   0.0030792094  -0.0028383489
       -0.0032874556  -0.0002757993   0.0005115371   0.0005955314  -0.0153074057
        0.0237829297  -0.0071806638  -0.0952461142  -0.1014878641  -0.0269940088
       -0.0148972923   0.0023207753  -0.0069876327  -0.0002101251   0.0005193506
       -0.0000064768   0.0008364652  -0.0030846891  -0.0031413569   0.0001060048
        0.0002707273   0.0001273235  -0.0011559573   0.0000099627  -0.0000825734
        0.1298649903  -0.2728259405   0.0574577772   0.0097770708   0.6716123482
        0.0046733374  -0.0366398004  -0.0957233486  -0.0165744314  -0.0223029715
        0.0280846930  -0.0089129902   0.0275314927  -0.0135564921   0.0122304525
       -0.0267292856  -0.0676531535  -0.0116725377  -0.0043435590  -0.0039468582
       -0.0011591214   0.0008783823  -0.0002466605  -0.0006555106   0.0018440439
       -0.0011249349   0.0008376584  -0.1013091562  -0.2386103491  -0.0453232563
        0.0243486832  -0.0017414745   0.0106962477   0.0005213033   0.0005333601
        0.0002406134  -0.0026561666  -0.0043619536  -0.0011115324   0.0001376421
       -0.0002810761   0.0000288547  -0.0009226696  -0.0001581598  -0.0007555612
       -0.0395655086   0.0252736503  -0.0659450689   0.2008111409   0.0046733374
        0.2059070109  -0.1068826067   0.0152498895  -0.0939888606  -0.0136122876
       -0.0338257332  -0.0060695333  -0.0159767995   0.0120240211  -0.0125967209
        0.0219314926   0.0120833846   0.0110748907  -0.0014559133  -0.0007620821
        0.0053089461  -0.0018909585   0.0001181498   0.0005846120  -0.0071511784
        0.0105435987  -0.0023214691  -0.0269815918  -0.0452881224  -0.0467609244
       -0.0067835097   0.0010071633  -0.0020693584   0.0000190462   0.0002318855
       -0.0002489989  -0.0031559093  -0.0012978638   0.0065534208   0.0003541328
       -0.0001446196   0.0002593181   0.0003404510   0.0001133411   0.0003127358
       -0.0302229608   0.0775215365  -0.0139249003  -0.2894463388  -0.0366398004
       -0.1068826067   0.5786960117  -0.0120198173   0.2022138817  -0.1279251311
       -0.0528396357  -0.0332971661   0.0473841186  -0.0248849427   0.0206686585
       -0.0415457731  -0.0276673906  -0.0158214653  -0.0244106107  -0.0240722705
       -0.0094232246   0.0007610908  -0.0007950822  -0.0018717633   0.0006258279
        0.0027146857  -0.0031737040  -0.0148886786  -0.0024997128  -0.0069464481
       -0.0957304027   0.1011533293  -0.0261732580   0.0005464010   0.0030652469
       -0.0030361846  -0.0002277740  -0.0006554992   0.0000098226   0.0003026075
       -0.0016960355   0.0004473016  -0.0039183879  -0.0006846117  -0.0027889434
        0.0234159658   0.0281505663   0.0102488081   0.0352386108  -0.0957233486
        0.0152498895  -0.0120198173   0.6573528258  -0.0029106964  -0.1196459685
       -0.2635522407  -0.0526824797   0.0252459416  -0.0650595023   0.0111177853
       -0.0275099033  -0.0137964545  -0.0120566545  -0.0123033884  -0.0023202686
       -0.0012115138   0.0037887138  -0.0001648303  -0.0025876874   0.0030250512
       -0.0041385263   0.0013770799  -0.0243643012  -0.0021007193  -0.0107247434
        0.1008677339  -0.2360063446   0.0427726860   0.0025887426  -0.0042320588
        0.0011546769  -0.0006460861   0.0005755857  -0.0002267002   0.0018379146
        0.0009611052   0.0005134077   0.0004807904   0.0000542110  -0.0000338580
       -0.0139098026   0.0346328813  -0.0048952334  -0.1057793412  -0.0165744314
       -0.0939888606   0.2022138817  -0.0029106964   0.2052102368  -0.0343160621
       -0.0245142101  -0.0643210590   0.0205838983  -0.0107256251   0.0104227320
       -0.0162471973  -0.0122646547  -0.0124856072  -0.0117736973  -0.0101309038
       -0.0036276028   0.0013569519  -0.0002812084  -0.0006105791  -0.0032226509
        0.0012013202   0.0065031820  -0.0069174157  -0.0010805357  -0.0022881113
       -0.0263690302   0.0431597423  -0.0454281269  -0.0030907681   0.0014450389
        0.0062061530  -0.0000192992  -0.0002903701  -0.0001728865   0.0004094285
       -0.0009575274   0.0002666144  -0.0029188958  -0.0007088195  -0.0007908514
        0.0031143722   0.0000869453   0.0042715796  -0.0307891693  -0.0223029715
       -0.0136122876  -0.1279251311  -0.1196459685  -0.0343160621   0.5383898766
        0.0002171739   0.1679170111  -0.1283487562   0.1198179531  -0.0349213663
       -0.0310116371   0.0221074504  -0.0137887149  -0.1752570535  -0.0003328377
       -0.0734619353  -0.0341422160   0.0000336029   0.0133703317   0.0008326103
        0.0000023760   0.0002576658  -0.0034604974  -0.0001549780  -0.0052791109
        0.0053632864   0.0114815620   0.0015318660   0.0053641623  -0.0113975081
        0.0015716276  -0.0034606367   0.0001198868  -0.0052792464  -0.0093560896
        0.0042630784  -0.0041515609  -0.0093131209  -0.0042957651  -0.0041097976
        0.0000907284  -0.0671214532   0.0001477159  -0.0767686133   0.0280846930
       -0.0338257332  -0.0528396357  -0.2635522407  -0.0245142101   0.0002171739
        0.6583500508  -0.0008227780   0.0530103384  -0.2628154673   0.0253493086
        0.0765657459   0.0285052401   0.0336380080  -0.0002280135  -0.0665386590
       -0.0001119000   0.0000255522   0.0018815067   0.0000257795   0.0000030419
       -0.0007733970   0.0000023214   0.0003072932   0.0013140509   0.0002714744
       -0.0094610467  -0.0271357659  -0.0040830086   0.0095417988  -0.0271434075
        0.0042165571  -0.0003407674   0.0013127230  -0.0002623906   0.0217079413
       -0.0021186209   0.0112220668  -0.0218315375  -0.0022492529  -0.0112532112
        0.0041351668   0.0001475597  -0.0043890865  -0.0139198869  -0.0089129902
       -0.0060695333  -0.0332971661  -0.0526824797  -0.0643210590   0.1679170111
       -0.0008227780   0.2177819941  -0.0336734178   0.0535214679  -0.0646618703
       -0.0142880631   0.0087219094  -0.0062651762  -0.0488923292  -0.0001017078
       -0.0845768389   0.0098185631   0.0000239399   0.0073957657   0.0003931184
        0.0000028625   0.0002812623  -0.0050181436  -0.0000475187   0.0060424447
        0.0017680427   0.0049194036   0.0017121247   0.0017356925  -0.0047832507
        0.0017120115  -0.0050157754   0.0000572772   0.0060424284  -0.0159174660
        0.0017345100  -0.0053877210  -0.0157453466  -0.0017782051  -0.0052967460
       -0.0299866434  -0.0777230976  -0.0135463214  -0.0416773315   0.0275314927
       -0.0159767995   0.0473841186   0.0252459416   0.0205838983  -0.1283487562
        0.0530103384  -0.0336734178   0.5785967781   0.0127435823   0.2021373977
       -0.2894219977   0.0357013622  -0.1069924487  -0.0244738544   0.0239805567
       -0.0095450125   0.0007639288   0.0007807393  -0.0018746215   0.0006397899
       -0.0027177378  -0.0031585212  -0.0002307738   0.0006536666   0.0000058298
        0.0005592200  -0.0030678117  -0.0030195003  -0.0952487157  -0.1009358857
       -0.0256132301  -0.0149512657   0.0024377822  -0.0069825665  -0.0039090529
        0.0006613920  -0.0027866998   0.0003045560   0.0016976789   0.0004420136
       -0.0236144215   0.0277069667  -0.0104294555   0.0273679764  -0.0135564921
        0.0120240211  -0.0248849427  -0.0650595023  -0.0107256251   0.1198179531
       -0.2628154673   0.0535214679   0.0127435823   0.6574537480   0.0013166585
       -0.0361726430  -0.0957161649  -0.0154923605   0.0121947214  -0.0022016294
        0.0011841031  -0.0037822118  -0.0001483111   0.0025802424  -0.0030286211
       -0.0041634109  -0.0013356604   0.0006441520   0.0005809834   0.0002233301
       -0.0025920098  -0.0042566208  -0.0011139554  -0.1006486325  -0.2368663344
       -0.0419656471   0.0243027002  -0.0019848095   0.0107072510  -0.0005067811
        0.0000582725   0.0000231699  -0.0018408217   0.0009687722  -0.0005175400
       -0.0137212323  -0.0348127145  -0.0046901100  -0.0163989221   0.0122304525
       -0.0125967209   0.0206686585   0.0111177853   0.0104227320  -0.0349213663
        0.0253493086  -0.0646618703   0.2021373977   0.0013166585   0.2051769077
       -0.1056367845   0.0163356513  -0.0939871131  -0.0118656668   0.0100966325
       -0.0036713404   0.0013799950   0.0002799789  -0.0006313489  -0.0032065705
       -0.0011602324   0.0065158366  -0.0000231566   0.0002868504  -0.0001749684
       -0.0030756911  -0.0014044406   0.0062177872  -0.0258093791  -0.0423521381
       -0.0450379343  -0.0070308820   0.0010629279  -0.0023414634  -0.0029144749
        0.0006989103  -0.0008010070   0.0004180749   0.0009543694   0.0002606131
       -0.1375081546  -0.0571452831  -0.0392009696   0.0511918496  -0.0267292856
        0.0219314926  -0.0415457731  -0.0275099033  -0.0162471973  -0.0310116371
        0.0765657459  -0.0142880631  -0.2894219977  -0.0361726430  -0.1056367845
        0.5717623835  -0.0090851689   0.2008527133   0.0030540548   0.0028349027
       -0.0033062052  -0.0002783451  -0.0005063861   0.0005946814  -0.0152480261
       -0.0238484697  -0.0070699343   0.0008227382   0.0030822450  -0.0031574996
       -0.0002079346  -0.0005210074  -0.0000034413  -0.0148352454  -0.0023837737
       -0.0069512306  -0.0957200481   0.1016965582  -0.0275623563  -0.0011617950
       -0.0000108892  -0.0000843468   0.0001079308  -0.0002666418   0.0001291413
       -0.1297354251  -0.2736495240  -0.0566085403   0.0271067599  -0.0676531535
        0.0120833846  -0.0276673906  -0.0137964545  -0.0122646547   0.0221074504
        0.0285052401   0.0087219094   0.0357013622  -0.0957161649   0.0163356513
       -0.0090851689   0.6715314453  -0.0063163614   0.0043480015  -0.0039223490
        0.0011936098  -0.0008878455  -0.0002431776   0.0006603981  -0.0019096145
       -0.0012369910  -0.0008593890   0.0026536751  -0.0043374485   0.0011540610
       -0.0005231079   0.0005286796  -0.0002444747  -0.0244108436  -0.0018586046
       -0.0107134244   0.1015182812  -0.2377187110   0.0461270092   0.0009186398
       -0.0001519668   0.0007572901  -0.0001347740  -0.0002808195  -0.0000264690
       -0.0389192024  -0.0244260331  -0.0655719890   0.0218360271  -0.0116725377
        0.0110748907  -0.0158214653  -0.0120566545  -0.0124856072  -0.0137887149
        0.0336380080  -0.0062651762  -0.1069924487  -0.0154923605  -0.0939871131
        0.2008527133  -0.0063163614   0.2059466124  -0.0014793482   0.0007951825
        0.0053038471  -0.0018932542  -0.0001120317   0.0005819725  -0.0071180855
       -0.0105653633  -0.0022697236  -0.0031709133   0.0013399648   0.0065416270
        0.0000219226  -0.0002353604  -0.0002467227  -0.0066702095  -0.0010246529
       -0.0020164460  -0.0275489367   0.0460922235  -0.0471752835   0.0003400788
       -0.0001116464   0.0003119307   0.0003518370   0.0001476231   0.0002571808
       -0.0013727422   0.0000019896  -0.0006200927   0.0030792094  -0.0043435590
       -0.0014559133  -0.0244106107  -0.0123033884  -0.0117736973  -0.1752570535
       -0.0002280135  -0.0488923292  -0.0244738544   0.0121947214  -0.0118656668
        0.0030540548   0.0043480015  -0.0014793482   0.3351282550   0.0003459296
        0.1190003284  -0.0292339831   0.0000632521   0.0173009358  -0.0001236831
        0.0000010435   0.0005785097  -0.0007385979   0.0001418619  -0.0002396388
        0.0003578614   0.0014967058   0.0012779376   0.0003592738  -0.0014929775
        0.0012841044  -0.0007412551  -0.0001442708  -0.0002397318  -0.0428373346
        0.0362631720  -0.0316315656  -0.0427895399  -0.0363444683  -0.0312438323
        0.0000020409  -0.0005813926   0.0000012811  -0.0028383489  -0.0039468582
       -0.0007620821  -0.0240722705  -0.0023202686  -0.0101309038  -0.0003328377
       -0.0665386590  -0.0001017078   0.0239805567  -0.0022016294   0.0100966325
        0.0028349027  -0.0039223490   0.0007951825   0.0003459296   0.5201201454
       -0.0005215047   0.0001073163  -0.0209981780  -0.0001146402   0.0000013082
        0.0000711678  -0.0000016212  -0.0012366609  -0.0001792507  -0.0006152552
       -0.0014073870   0.0006489858  -0.0008036290   0.0014163185   0.0006506209
        0.0008002592   0.0012334806  -0.0001737838   0.0006148973   0.0342822240
       -0.2094654074   0.1090158940  -0.0343165726  -0.2111631432  -0.1082728026
        0.0002597283   0.0000010719  -0.0001873726  -0.0032874556  -0.0011591214
        0.0053089461  -0.0094232246  -0.0012115138  -0.0036276028  -0.0734619353
       -0.0001119000  -0.0845768389  -0.0095450125   0.0011841031  -0.0036713404
       -0.0033062052   0.0011936098   0.0053038471   0.1190003284  -0.0005215047
        0.3528345412   0.0293124657  -0.0001084152  -0.0516168620   0.0006780617
       -0.0000021769  -0.0012052506  -0.0003224202  -0.0000204274  -0.0001114032
        0.0014130628   0.0003491893  -0.0014014568   0.0014085284  -0.0003576915
       -0.0014032251  -0.0003282292   0.0000198317  -0.0001142903  -0.0263837903
        0.1057763742  -0.1085710834  -0.0260139023  -0.1050314290  -0.1069606084
        0.0004911044   0.0000033087   0.0003181119  -0.0002757993   0.0008783823
       -0.0018909585   0.0007610908   0.0037887138   0.0013569519  -0.0341422160
        0.0000255522   0.0098185631   0.0007639288  -0.0037822118   0.0013799950
       -0.0002783451  -0.0008878455  -0.0018932542  -0.0292339831   0.0001073163
        0.0293124657   0.0698230985  -0.0001928313  -0.0573665509  -0.0000054955
        0.0000009242   0.0004519083   0.0002164376  -0.0000354930   0.0000449616
        0.0000659944  -0.0006405540   0.0005159980   0.0000646734   0.0006396581
        0.0005141307   0.0002156098   0.0000360419   0.0000443653  -0.0042281438
       -0.0019401327   0.0087017473  -0.0042379549   0.0019991708   0.0086915649
       -0.0000028936   0.0004422356  -0.0000020536   0.0005115371  -0.0002466605
        0.0001181498  -0.0007950822  -0.0001648303  -0.0002812084   0.0000336029
        0.0018815067   0.0000239399   0.0007807393  -0.0001483111   0.0002799789
       -0.0005063861  -0.0002431776  -0.0001120317   0.0000632521  -0.0209981780
       -0.0001084152  -0.0001928313   0.0159132932   0.0002235026  -0.0000001363
        0.0000086271  -0.0000009049   0.0000132266   0.0000167705   0.0000288350
        0.0000083364   0.0000214186  -0.0000573272  -0.0000082963   0.0000188837
        0.0000550896  -0.0000143399   0.0000166024  -0.0000295701  -0.0108988014
        0.0017877371   0.0123348822   0.0110080727   0.0016940825  -0.0124728668
       -0.0005302608  -0.0000008865  -0.0002697339   0.0005955314  -0.0006555106
        0.0005846120  -0.0018717633  -0.0025876874  -0.0006105791   0.0133703317
        0.0000257795   0.0073957657  -0.0018746215   0.0025802424  -0.0006313489
        0.0005946814   0.0006603981   0.0005819725   0.0173009358  -0.0001146402
       -0.0516168620  -0.0573665509   0.0002235026   0.0809375649  -0.0000814840
       -0.0000004696  -0.0002070102  -0.0001877540   0.0000137435  -0.0000775936
       -0.0000590368   0.0006009600  -0.0001679932  -0.0000585343  -0.0005986236
       -0.0001666282  -0.0001876076  -0.0000143564  -0.0000774158   0.0152211796
        0.0015255238  -0.0178938432   0.0151349532  -0.0016579754  -0.0177809069
       -0.2582417032  -0.0004758802  -0.0991384344  -0.0153074057   0.0018440439
       -0.0071511784   0.0006258279   0.0030250512  -0.0032226509   0.0008326103
        0.0000030419   0.0003931184   0.0006397899  -0.0030286211  -0.0032065705
       -0.0152480261  -0.0019096145  -0.0071180855  -0.0001236831   0.0000013082
        0.0006780617  -0.0000054955  -0.0000001363  -0.0000814840   0.2874709953
        0.0005386287   0.1167179553   0.0003460058  -0.0005817013   0.0012818061
       -0.0007216351  -0.0000422933  -0.0002980768  -0.0007189248   0.0000394535
       -0.0002970958   0.0003464906   0.0005864554   0.0012801456   0.0000528093
       -0.0000010002   0.0000813520   0.0000523443   0.0000012639   0.0000811370
       -0.0004760182  -0.0438859220  -0.0001947466   0.0237829297  -0.0011249349
        0.0105435987   0.0027146857  -0.0041385263   0.0012013202   0.0000023760
       -0.0007733970   0.0000028625  -0.0027177378  -0.0041634109  -0.0011602324
       -0.0238484697  -0.0012369910  -0.0105653633   0.0000010435   0.0000711678
       -0.0000021769   0.0000009242   0.0000086271  -0.0000004696   0.0005386287
        0.0538554140   0.0001861294   0.0008061981   0.0007879865   0.0003577217
        0.0012306197  -0.0001205810   0.0005417439  -0.0012335990  -0.0001258416
       -0.0005428592  -0.0008013782   0.0007870085  -0.0003673748  -0.0000546357
        0.0000297313  -0.0000384953   0.0000544331   0.0000296694   0.0000383418
       -0.0991814584  -0.0001949522  -0.0785901374  -0.0071806638   0.0008376584
       -0.0023214691  -0.0031737040   0.0013770799   0.0065031820   0.0002576658
        0.0000023214   0.0002812623  -0.0031585212  -0.0013356604   0.0065158366
       -0.0070699343  -0.0008593890  -0.0022697236   0.0005785097  -0.0000016212
       -0.0012052506   0.0004519083  -0.0000009049  -0.0002070102   0.1167179553
        0.0001861294   0.0757496346   0.0012944183  -0.0002560947  -0.0019837705
       -0.0003235065  -0.0000123265  -0.0002250809  -0.0003180176   0.0000111387
       -0.0002224065   0.0012976355   0.0002465189  -0.0019835663  -0.0000964808
        0.0000943619  -0.0000211279  -0.0000958063  -0.0000942598  -0.0000203724
        0.0057822382   0.0106398484   0.0021729150  -0.0952461142  -0.1013091562
       -0.0269815918  -0.0148886786  -0.0243643012  -0.0069174157  -0.0034604974
        0.0003072932  -0.0050181436  -0.0002307738   0.0006441520  -0.0000231566
        0.0008227382   0.0026536751  -0.0031709133  -0.0007385979  -0.0012366609
       -0.0003224202   0.0002164376   0.0000132266  -0.0001877540   0.0003460058
        0.0008061981   0.0012944183   0.1076185033   0.1120116937   0.0370925265
        0.0001666932  -0.0007273655   0.0012439768  -0.0002761742   0.0000402079
        0.0006809575   0.0002107187   0.0006381933   0.0001237638   0.0000601097
       -0.0000778122   0.0001155483  -0.0003826085  -0.0000391921  -0.0001027111
       -0.0112184584  -0.0263319584  -0.0049888711  -0.1014878641  -0.2386103491
       -0.0452881224  -0.0024997128  -0.0021007193  -0.0010805357  -0.0001549780
        0.0013140509  -0.0000475187   0.0006536666   0.0005809834   0.0002868504
        0.0030822450  -0.0043374485   0.0013399648   0.0001418619  -0.0001792507
       -0.0000204274  -0.0000354930   0.0000167705   0.0000137435  -0.0005817013
        0.0007879865  -0.0002560947   0.1120116937   0.2688994426   0.0499570837
        0.0007214387   0.0010535155   0.0003077196   0.0000394210   0.0001301304
        0.0000116348  -0.0006341614  -0.0012595642  -0.0002649347  -0.0000247043
        0.0000171267  -0.0000002670  -0.0000132535   0.0000192836   0.0000297750
        0.0021416382   0.0047581755   0.0018728320  -0.0269940088  -0.0453232563
       -0.0467609244  -0.0069464481  -0.0107247434  -0.0022881113  -0.0052791109
        0.0002714744   0.0060424447   0.0000058298   0.0002233301  -0.0001749684
       -0.0031574996   0.0011540610   0.0065416270  -0.0002396388  -0.0006152552
       -0.0001114032   0.0000449616   0.0000288350  -0.0000775936   0.0012818061
        0.0003577217  -0.0019837705   0.0370925265   0.0499570837   0.0406987016
        0.0012816133  -0.0003037812  -0.0021559488   0.0006801526  -0.0000068881
       -0.0015211446   0.0001260186   0.0002708157  -0.0000306163   0.0000493193
       -0.0000226005   0.0000542152  -0.0000871600  -0.0000249724  -0.0001053392
       -0.0037343022  -0.0002880138  -0.0052345189  -0.0148972923   0.0243486832
       -0.0067835097  -0.0957304027   0.1008677339  -0.0263690302   0.0053632864
       -0.0094610467   0.0017680427   0.0005592200  -0.0025920098  -0.0030756911
       -0.0002079346  -0.0005231079   0.0000219226   0.0003578614  -0.0014073870
        0.0014130628   0.0000659944   0.0000083364  -0.0000590368  -0.0007216351
        0.0012306197  -0.0003235065   0.0001666932   0.0007214387   0.0012816133
        0.1088909858  -0.1120290476   0.0368626634   0.0002245695  -0.0006847194
        0.0001153161  -0.0002759329  -0.0000373133   0.0006804127  -0.0000548482
       -0.0002544575  -0.0002974990  -0.0000062626   0.0001002911  -0.0000002415
        0.0002569670   0.0012548591   0.0000482247   0.0023207753  -0.0017414745
        0.0010071633   0.1011533293  -0.2360063446   0.0431597423   0.0114815620
       -0.0271357659   0.0049194036  -0.0030678117  -0.0042566208  -0.0014044406
       -0.0005210074   0.0005286796  -0.0002353604   0.0014967058   0.0006489858
        0.0003491893  -0.0006405540   0.0000214186   0.0006009600  -0.0000422933
       -0.0001205810  -0.0000123265  -0.0007273655   0.0010535155  -0.0003037812
       -0.1120290476   0.2664519955  -0.0476966448   0.0006885641  -0.0013169920
        0.0002760237  -0.0000380474   0.0001299206   0.0000009864  -0.0007190020
        0.0000787087  -0.0007847103   0.0003872253   0.0004096953   0.0000755706
       -0.0052778477  -0.0000981169   0.0058586576  -0.0069876327   0.0106962477
       -0.0020693584  -0.0261732580   0.0427726860  -0.0454281269   0.0015318660
       -0.0040830086   0.0017121247  -0.0030195003  -0.0011139554   0.0062177872
       -0.0000034413  -0.0002444747  -0.0002467227   0.0012779376  -0.0008036290
       -0.0014014568   0.0005159980  -0.0000573272  -0.0001679932  -0.0002980768
        0.0005417439  -0.0002250809   0.0012439768   0.0003077196  -0.0021559488
        0.0368626634  -0.0476966448   0.0395907136   0.0001127970  -0.0002690834
        0.0001550360   0.0006812386  -0.0000175812  -0.0015211614  -0.0003370885
        0.0000198627  -0.0002032176  -0.0001296320   0.0000455612  -0.0001152526
       -0.0037347738   0.0002529550  -0.0052354319  -0.0002101251   0.0005213033
        0.0000190462   0.0005464010   0.0025887426  -0.0030907681   0.0053641623
        0.0095417988   0.0017356925  -0.0952487157  -0.1006486325  -0.0258093791
       -0.0148352454  -0.0244108436  -0.0066702095   0.0003592738   0.0014163185
        0.0014085284   0.0000646734  -0.0000082963  -0.0000585343  -0.0007189248
       -0.0012335990  -0.0003180176  -0.0002761742   0.0000394210   0.0006801526
        0.0002245695   0.0006885641   0.0001127970   0.1083632941   0.1118189713
        0.0362427116   0.0001666108  -0.0007176948   0.0012840677  -0.0000049081
       -0.0001014809   0.0000007169  -0.0000601176   0.0002524725  -0.0003013723
       -0.0002925943   0.0012554049  -0.0000395550   0.0005193506   0.0005333601
        0.0002318855   0.0030652469  -0.0042320588   0.0014450389  -0.0113975081
       -0.0271434075  -0.0047832507  -0.1009358857  -0.2368663344  -0.0423521381
       -0.0023837737  -0.0018586046  -0.0010246529  -0.0014929775   0.0006506209
       -0.0003576915   0.0006396581   0.0000188837  -0.0005986236   0.0000394535
       -0.0001258416   0.0000111387   0.0000402079   0.0001301304  -0.0000068881
       -0.0006847194  -0.0013169920  -0.0002690834   0.1118189713   0.2674069952
        0.0467482122   0.0007309327   0.0010536281   0.0002921295  -0.0003875923
        0.0004081712  -0.0000788342   0.0007212300   0.0000860444   0.0007823129
       -0.0052760169   0.0001069869   0.0058579210  -0.0000064768   0.0002406134
       -0.0002489989  -0.0030361846   0.0011546769   0.0062061530   0.0015716276
        0.0042165571   0.0017120115  -0.0256132301  -0.0419656471  -0.0450379343
       -0.0069512306  -0.0107134244  -0.0020164460   0.0012841044   0.0008002592
       -0.0014032251   0.0005141307   0.0000550896  -0.0001666282  -0.0002970958
       -0.0005428592  -0.0002224065   0.0006809575   0.0000116348  -0.0015211446
        0.0001153161   0.0002760237   0.0001550360   0.0362427116   0.0467482122
        0.0391611917   0.0012411860  -0.0003193893  -0.0021556685  -0.0001290265
       -0.0000475321  -0.0001145208  -0.0003407725  -0.0000212015  -0.0002053403
        0.0057806832  -0.0105550143   0.0022093248   0.0008364652  -0.0026561666
       -0.0031559093  -0.0002277740  -0.0006460861  -0.0000192992  -0.0034606367
       -0.0003407674  -0.0050157754  -0.0149512657   0.0243027002  -0.0070308820
       -0.0957200481   0.1015182812  -0.0275489367  -0.0007412551   0.0012334806
       -0.0003282292   0.0002156098  -0.0000143399  -0.0001876076   0.0003464906
       -0.0008013782   0.0012976355   0.0002107187  -0.0006341614   0.0001260186
       -0.0002759329  -0.0000380474   0.0006812386   0.0001666108   0.0007309327
        0.0012411860   0.1081423760  -0.1122158281   0.0377191150  -0.0003820476
        0.0000376895  -0.0001030040   0.0000600057   0.0000787051   0.0001151249
        0.0113032917  -0.0263295164   0.0051223604  -0.0030846891  -0.0043619536
       -0.0012978638  -0.0006554992   0.0005755857  -0.0002903701   0.0001198868
        0.0013127230   0.0000572772   0.0024377822  -0.0019848095   0.0010629279
        0.1016965582  -0.2377187110   0.0460922235  -0.0001442708  -0.0001737838
        0.0000198317   0.0000360419   0.0000166024  -0.0000143564   0.0005864554
        0.0007870085   0.0002465189   0.0006381933  -0.0012595642   0.0002708157
       -0.0000373133   0.0001299206  -0.0000175812  -0.0007176948   0.0010536281
       -0.0003193893  -0.1122158281   0.2679159972  -0.0509023942   0.0000119534
        0.0000193176  -0.0000306191   0.0000251323   0.0000175555   0.0000006190
        0.0021015519  -0.0046246428   0.0018711260  -0.0031413569  -0.0011115324
        0.0065534208   0.0000098226  -0.0002267002  -0.0001728865  -0.0052792464
       -0.0002623906   0.0060424284  -0.0069825665   0.0107072510  -0.0023414634
       -0.0275623563   0.0461270092  -0.0471752835  -0.0002397318   0.0006148973
       -0.0001142903   0.0000443653  -0.0000295701  -0.0000774158   0.0012801456
       -0.0003673748  -0.0019835663   0.0001237638  -0.0002649347  -0.0000306163
        0.0006804127   0.0000009864  -0.0015211614   0.0012840677   0.0002921295
       -0.0021556685   0.0377191150  -0.0509023942   0.0411560252  -0.0000871330
        0.0000242716  -0.0001046890   0.0000491462   0.0000229948   0.0000540407
        0.0001652266   0.0001615873   0.0000225667   0.0001060048   0.0001376421
        0.0003541328   0.0003026075   0.0018379146   0.0004094285  -0.0093560896
        0.0217079413  -0.0159174660  -0.0039090529  -0.0005067811  -0.0029144749
       -0.0011617950   0.0009186398   0.0003400788  -0.0428373346   0.0342822240
       -0.0263837903  -0.0042281438  -0.0108988014   0.0152211796   0.0000528093
       -0.0000546357  -0.0000964808   0.0000601097  -0.0000247043   0.0000493193
       -0.0000548482  -0.0007190020  -0.0003370885  -0.0000049081  -0.0003875923
       -0.0001290265  -0.0003820476   0.0000119534  -0.0000871330   0.0594335384
       -0.0419310735   0.0274903689   0.0018139236  -0.0045353122   0.0019783855
       -0.0000601682   0.0002396938  -0.0000650957   0.0002707273  -0.0002810761
       -0.0001446196  -0.0016960355   0.0009611052  -0.0009575274   0.0042630784
       -0.0021186209   0.0017345100   0.0006613920   0.0000582725   0.0006989103
       -0.0000108892  -0.0001519668  -0.0001116464   0.0362631720  -0.2094654074
        0.1057763742  -0.0019401327   0.0017877371   0.0015255238  -0.0000010002
        0.0000297313   0.0000943619  -0.0000778122   0.0000171267  -0.0000226005
       -0.0002544575   0.0000787087   0.0000198627  -0.0001014809   0.0004081712
       -0.0000475321   0.0000376895   0.0000193176   0.0000242716  -0.0419310735
        0.2339457544  -0.1208222777   0.0045769906  -0.0255285471   0.0122974849
        0.0001347141  -0.0001049018   0.0000581529   0.0001273235   0.0000288547
        0.0002593181   0.0004473016   0.0005134077   0.0002666144  -0.0041515609
        0.0112220668  -0.0053877210  -0.0027866998   0.0000231699  -0.0008010070
       -0.0000843468   0.0007572901   0.0003119307  -0.0316315656   0.1090158940
       -0.1085710834   0.0087017473   0.0123348822  -0.0178938432   0.0000813520
       -0.0000384953  -0.0000211279   0.0001155483  -0.0000002670   0.0000542152
       -0.0002974990  -0.0007847103  -0.0002032176   0.0000007169  -0.0000788342
       -0.0001145208  -0.0001030040  -0.0000306191  -0.0001046890   0.0274903689
       -0.1208222777   0.1232670248   0.0019556034  -0.0120354601   0.0088799538
        0.0001659952  -0.0001599399   0.0000235402  -0.0011559573  -0.0009226696
        0.0003404510  -0.0039183879   0.0004807904  -0.0029188958  -0.0093131209
       -0.0218315375  -0.0157453466   0.0003045560  -0.0018408217   0.0004180749
        0.0001079308  -0.0001347740   0.0003518370  -0.0427895399  -0.0343165726
       -0.0260139023  -0.0042379549   0.0110080727   0.0151349532   0.0000523443
        0.0000544331  -0.0000958063  -0.0003826085  -0.0000132535  -0.0000871600
       -0.0000062626   0.0003872253  -0.0001296320  -0.0000601176   0.0007212300
       -0.0003407725   0.0000600057   0.0000251323   0.0000491462   0.0018139236
        0.0045769906   0.0019556034   0.0593591939   0.0419656943   0.0270579098
        0.0000607520   0.0002397006   0.0000642285   0.0000099627  -0.0001581598
        0.0001133411  -0.0006846117   0.0000542110  -0.0007088195  -0.0042957651
       -0.0022492529  -0.0017782051   0.0016976789   0.0009687722   0.0009543694
       -0.0002666418  -0.0002808195   0.0001476231  -0.0363444683  -0.2111631432
       -0.1050314290   0.0019991708   0.0016940825  -0.0016579754   0.0000012639
        0.0000296694  -0.0000942598  -0.0000391921   0.0000192836  -0.0000249724
        0.0001002911   0.0004096953   0.0000455612   0.0002524725   0.0000860444
       -0.0000212015   0.0000787051   0.0000175555   0.0000229948  -0.0045353122
       -0.0255285471  -0.0120354601   0.0419656943   0.2358609080   0.1200042046
        0.0001341946   0.0001040001   0.0000576051  -0.0000825734  -0.0007555612
        0.0003127358  -0.0027889434  -0.0000338580  -0.0007908514  -0.0041097976
       -0.0112532112  -0.0052967460   0.0004420136  -0.0005175400   0.0002606131
        0.0001291413  -0.0000264690   0.0002571808  -0.0312438323  -0.1082728026
       -0.1069606084   0.0086915649  -0.0124728668  -0.0177809069   0.0000811370
        0.0000383418  -0.0000203724  -0.0001027111   0.0000297750  -0.0001053392
       -0.0000002415   0.0000755706  -0.0001152526  -0.0003013723   0.0007823129
       -0.0002053403   0.0001151249   0.0000006190   0.0000540407   0.0019783855
        0.0122974849   0.0088799538   0.0270579098   0.1200042046   0.1214532878
