           1           2   1.43723751891700     
           2           3   1.44741191536361     
           1           4  0.107138421014616     
           3           4   1.40473922496854     
           2           5  0.110291939128659     
           4           5   1.40478663953355     
           1           6   1.43729392873888     
           3           6  0.110305786527295     
           5           6   1.44734320658283     
           4           7   1.03275055622564     
           7           8  0.934719085428051     
           1           9  0.971074812887349     
           2          10  0.970730676448545     
           3          11  0.969081884180385     
           5          12  0.969079086765196     
           6          13  0.970730565469053     
           7          14  0.975267627659250     
           7          15  0.975296229637172     
