$hessian                                                                        
        0.5126692647  -0.0438666992   0.0077243632  -0.1097171002  -0.0579897080
        0.0118578822   0.0149466814   0.0136329704  -0.0024244061  -0.0214730503
       -0.0231586455   0.0049948053  -0.0010080712  -0.0006721503   0.0001446358
        0.0004181960  -0.0004239500   0.0000012356   0.0003387734  -0.0001130534
        0.0000161049  -0.0030814007  -0.0020160811   0.0003581483  -0.0038739270
        0.0021206075  -0.0002480349  -0.0522237086   0.0344935260   0.0351773130
       -0.0575205040   0.0244817526  -0.0544966483  -0.2775794981   0.0534072432
       -0.0031975701  -0.0016540486  -0.0001671588   0.0001180738  -0.0001146084
        0.0000726903  -0.0000100195  -0.0000712690  -0.0000233652   0.0000259885
       -0.0000557296   0.0002220215  -0.0000418717
       -0.0438666992   0.4692703640   0.0032945557  -0.0490893442  -0.1287860694
        0.0124372762  -0.0069766197  -0.0663755395   0.0165930575  -0.0085290064
       -0.0012126612   0.0026407640   0.0004971733  -0.0017877860   0.0002155000
       -0.0002968856  -0.0000922014  -0.0003690739   0.0003399339  -0.0002941659
        0.0000734308  -0.0011056712   0.0003521437  -0.0002202609   0.0012756648
        0.0015045819  -0.0000486151   0.0318714285  -0.1477495801  -0.1168881121
        0.0224359905  -0.0703548388   0.0816579787   0.0527223267  -0.0558006096
        0.0005075240   0.0002265403   0.0007955687   0.0001232769  -0.0000587731
        0.0000724620  -0.0000168279   0.0000183886   0.0001177383   0.0000990792
        0.0005355528   0.0003405933  -0.0000995532
        0.0077243632   0.0032945557   0.4841096157   0.0102919525   0.0127901880
       -0.0711977322   0.0014828372   0.0162147700   0.0172895594   0.0022518148
        0.0030103761   0.0112146291  -0.0001324394   0.0002092398  -0.0005878690
       -0.0000066925  -0.0003250568  -0.0019986481  -0.0000672941   0.0000617113
        0.0001950455   0.0003067742  -0.0001241703  -0.0010140707  -0.0001502721
       -0.0001373238   0.0012807856   0.0334596304  -0.1230894668  -0.1614154917
       -0.0520803545   0.0875687906  -0.2339958833  -0.0030605074   0.0004623217
       -0.0455868068   0.0000526908   0.0000969129   0.0013274358   0.0000114971
       -0.0000206379  -0.0000195339   0.0000099082   0.0000925985   0.0006241005
       -0.0000939082  -0.0001048090  -0.0002251360
       -0.1097171002  -0.0490893442   0.0102919525   0.5354086862  -0.1582638120
        0.0234498839  -0.2013897130   0.2337570626  -0.0417279896  -0.1667878685
       -0.0051903835   0.0029820148  -0.0199232118   0.0182998044  -0.0029556676
        0.0056926701   0.0045219047  -0.0008078115  -0.0026642455  -0.0016755105
        0.0003284308   0.0039923414  -0.0033449044   0.0006682381  -0.0335302980
       -0.0195100029   0.0040320665   0.0048751137   0.0042667596  -0.0000725789
        0.0055676696   0.0051639423  -0.0020811644  -0.0237863204  -0.0274486463
        0.0057552682   0.0010324991  -0.0018282131   0.0003125605   0.0003709570
       -0.0006570320   0.0001071031   0.0001679242  -0.0001487091   0.0000124473
        0.0006908961   0.0011470843  -0.0002947538
       -0.0579897080  -0.1287860694   0.0127901880  -0.1582638120   0.7824289810
       -0.1100891754   0.2444081426  -0.5505043088   0.0891890010  -0.0168078241
       -0.0642366665  -0.0001478681   0.0237363106  -0.0041730675   0.0000295563
        0.0012284415  -0.0040549883   0.0024793739   0.0016132362  -0.0008545143
        0.0000162902  -0.0094257222  -0.0052343249   0.0024237156  -0.0174193124
        0.0091662882  -0.0013767946  -0.0071140705  -0.0222471348   0.0001351816
       -0.0023749976  -0.0129039637   0.0059776889  -0.0015152338   0.0046389678
       -0.0007277286   0.0006639748  -0.0010045698  -0.0003832830   0.0010911425
       -0.0001865230   0.0000771025  -0.0000204418  -0.0003312584  -0.0004345106
       -0.0018101258  -0.0017168476   0.0000412623
        0.0118578822   0.0124372762  -0.0711977322   0.0234498839  -0.1100891754
        0.2058734349  -0.0437781849   0.0894294089  -0.0728953711   0.0051056481
       -0.0005873528  -0.0669258928  -0.0037580262   0.0001624471  -0.0015419052
       -0.0000804114   0.0023802501   0.0098127677  -0.0002423880   0.0000697593
       -0.0005649723   0.0016660724   0.0023273876   0.0077193074   0.0035851299
       -0.0012797764  -0.0000639172  -0.0114011542  -0.0184058805   0.0029831220
        0.0127774336   0.0240519414  -0.0069292611   0.0009759027   0.0001372788
        0.0010827164  -0.0001933028  -0.0002864111  -0.0030315740  -0.0001863724
        0.0001013488   0.0002811438  -0.0000555821  -0.0004206028  -0.0027173090
        0.0002774694  -0.0000278993  -0.0018845574
        0.0149466814  -0.0069766197   0.0014828372  -0.2013897130   0.2444081426
       -0.0437781849   0.2418488537  -0.2885294633   0.0507254306  -0.0467112450
        0.0498082894  -0.0083066569  -0.0073530887  -0.0035242474   0.0007710365
       -0.0032584609   0.0010021125  -0.0000485856   0.0009109764   0.0014684023
       -0.0002665433   0.0001279561   0.0005886996  -0.0000845458   0.0005121000
        0.0054307727  -0.0010212779  -0.0003381893  -0.0025911809  -0.0003630458
       -0.0003484547  -0.0024625492   0.0013103145   0.0026941561   0.0012666949
       -0.0003590303   0.0000369385  -0.0002289714   0.0000084099  -0.0009117190
        0.0001831164  -0.0000115997  -0.0000770978   0.0000495475  -0.0000289672
       -0.0006896939   0.0001072538  -0.0000295911
        0.0136329704  -0.0663755395   0.0162147700   0.2337570626  -0.5505043088
        0.0894294089  -0.2885294633   0.6424927851  -0.1127549434   0.0458211506
       -0.0170670846   0.0055033803   0.0015637587   0.0043020337  -0.0003987670
        0.0028474982   0.0003987131  -0.0004786502  -0.0015111308  -0.0006259043
        0.0001370716   0.0025997853   0.0004438284  -0.0002770733  -0.0064932487
       -0.0072462644   0.0014626945  -0.0028634712  -0.0047293629   0.0015359216
       -0.0033816952  -0.0062578066   0.0006859925   0.0024068763   0.0026379144
       -0.0007424257  -0.0004399558   0.0008113865  -0.0000700618   0.0004614926
        0.0000064698  -0.0000494399  -0.0000667342   0.0001794815   0.0000532490
        0.0001951044   0.0015336585  -0.0002511271
       -0.0024244061   0.0165930575   0.0172895594  -0.0417279896   0.0891890010
       -0.0728953711   0.0507254306  -0.1127549434   0.0409659640  -0.0075128469
        0.0054216211   0.0156792702  -0.0001421789  -0.0003589400   0.0022571981
       -0.0005165715  -0.0003281654  -0.0014418513   0.0002505823   0.0001054980
       -0.0000615362  -0.0005060658  -0.0002528744  -0.0008636353   0.0012316082
        0.0013287463   0.0001915126   0.0016416970   0.0040801891  -0.0009813647
       -0.0004625519  -0.0018535453   0.0003936209  -0.0005617834  -0.0007736396
       -0.0010213012   0.0000772603  -0.0001315633   0.0001237877  -0.0000784063
       -0.0000388549  -0.0001778291   0.0000238495   0.0000236655   0.0003212586
       -0.0000176277  -0.0002492522   0.0002207173
       -0.0214730503  -0.0085290064   0.0022518148  -0.1667878685  -0.0168078241
        0.0051056481  -0.0467112450   0.0458211506  -0.0075128469   0.5919882191
       -0.0232476499  -0.0044901731  -0.1394794640   0.1188228993  -0.0187666517
       -0.0383784935   0.0242764437  -0.0033621588   0.0074945837  -0.0033846796
        0.0002505029  -0.0628971846  -0.0258078651   0.0059136477  -0.1302094248
       -0.1066467518   0.0196005209  -0.0009017848  -0.0002561433  -0.0001716178
       -0.0009538168  -0.0002105549   0.0003100521  -0.0014445278  -0.0023702098
        0.0005081779   0.0077309064  -0.0111887721   0.0017198050  -0.0060294978
        0.0001527615   0.0002456945   0.0014338948   0.0001987412  -0.0001071601
        0.0066187538   0.0091774607  -0.0014952555
       -0.0231586455  -0.0012126612   0.0030103761  -0.0051903835  -0.0642366665
       -0.0005873528   0.0498082894  -0.0170670846   0.0054216211  -0.0232476499
        0.6332068118  -0.0900548843   0.0604666679  -0.2567449872   0.0346781602
        0.0759093234   0.0272528234  -0.0055621729   0.0052142825  -0.0651621351
        0.0093134756  -0.0898788656   0.0318769430  -0.0002243487  -0.0455886086
       -0.2332540826   0.0315568066   0.0001045532   0.0003902665   0.0002019670
       -0.0005362914  -0.0002968053  -0.0000749230  -0.0030051813  -0.0041969527
        0.0011962048   0.0095075065  -0.0257148403   0.0045242472  -0.0007064520
        0.0020099384   0.0012920704   0.0001611073  -0.0004659211  -0.0000965424
       -0.0098596525  -0.0263846464   0.0054052950
        0.0049948053   0.0026407640   0.0112146291   0.0029820148  -0.0001478681
       -0.0669258928  -0.0083066569   0.0055033803   0.0156792702  -0.0044901731
       -0.0900548843   0.1293572570  -0.0086315680   0.0336308330  -0.0551925807
       -0.0124429954  -0.0048303631   0.0032308508  -0.0012157331   0.0096318364
       -0.0121236376   0.0169682933  -0.0016252986   0.0207453888   0.0090575541
        0.0326701115  -0.0608712786   0.0016245367   0.0017402355  -0.0000253389
       -0.0014234390  -0.0015875032   0.0007515437   0.0006425974   0.0011805362
        0.0016314660  -0.0017293122   0.0049461832   0.0009951234   0.0004099773
        0.0012847928   0.0092226615  -0.0000696740  -0.0000711584  -0.0008379531
        0.0016297730   0.0050884027   0.0031484911
       -0.0010080712   0.0004971733  -0.0001324394  -0.0199232118   0.0237363106
       -0.0037580262  -0.0073530887   0.0015637587  -0.0001421789  -0.1394794640
        0.0604666679  -0.0086315680   0.6502632300   0.0202132213  -0.0128252764
       -0.3356877614   0.0340583091  -0.0008435627  -0.0308114271  -0.0891644509
        0.0159771330  -0.0539629941   0.0344193650  -0.0051135119   0.0613992238
        0.0232931426  -0.0050839264  -0.0008993823   0.0003305432   0.0000981298
       -0.0009086573   0.0003354391  -0.0001447266   0.0000206637   0.0003861891
       -0.0000935532  -0.1004301499  -0.1064468283   0.0193960539  -0.0188392765
        0.0022529152  -0.0000343413  -0.0007545860  -0.0027375129   0.0006476851
       -0.0016250472  -0.0032042430   0.0006841093
       -0.0006721503  -0.0017877860   0.0002092398   0.0182998044  -0.0041730675
        0.0001624471  -0.0035242474   0.0043020337  -0.0003589400   0.1188228993
       -0.2567449872   0.0336308330   0.0202132213   0.6443491635  -0.0904669907
       -0.0427339367  -0.0952820676   0.0088727748  -0.0278097091   0.0269075406
       -0.0038093489   0.0338414743  -0.0109525216   0.0000081902  -0.0289680623
       -0.0612205275   0.0114219231  -0.0008401628   0.0000164101  -0.0006099239
       -0.0006964739   0.0001959553   0.0006639851  -0.0000736725  -0.0005588576
        0.0001568693  -0.1054085009  -0.2359588053   0.0361554626   0.0254444729
       -0.0009631520  -0.0001760217  -0.0030977632  -0.0041669358   0.0021392914
       -0.0027971930  -0.0039623951   0.0020002088
        0.0001446358   0.0002155000  -0.0005878690  -0.0029556676   0.0000295563
       -0.0015419052   0.0007710365  -0.0003987670   0.0022571981  -0.0187666517
        0.0346781602  -0.0551925807  -0.0128252764  -0.0904669907   0.1369170757
        0.0124796040   0.0075179710  -0.0496854072   0.0053953108  -0.0027456685
        0.0022278163  -0.0050216303   0.0000115314  -0.0072648376   0.0039292265
        0.0104764065   0.0001096099  -0.0000030961   0.0000993832   0.0002663239
        0.0003384958  -0.0000812904   0.0000838320   0.0000135728   0.0001158678
        0.0001532373   0.0192085323   0.0361740940  -0.0428805793  -0.0040436615
        0.0002458799   0.0007086465   0.0006902269   0.0021259341   0.0074670832
        0.0006453420   0.0020024321   0.0069623561
        0.0004181960  -0.0002968856  -0.0000066925   0.0056926701   0.0012284415
       -0.0000804114  -0.0032584609   0.0028474982  -0.0005165715  -0.0383784935
        0.0759093234  -0.0124429954  -0.3356877614  -0.0427339367   0.0124796040
        0.6525050002  -0.0274564223  -0.0049451784  -0.1449070692  -0.0486592967
        0.0101172953   0.0651452913  -0.0216964325   0.0028875392  -0.0504366221
       -0.0263379679   0.0052849785  -0.0000382822  -0.0001129937   0.0000589181
       -0.0000197556  -0.0001271068  -0.0000118455   0.0002239704   0.0001284431
       -0.0000186731  -0.0176688480  -0.0035505603   0.0010207633  -0.1159074222
        0.1158377835  -0.0185385646  -0.0176191365  -0.0245484588   0.0046313568
       -0.0000632765  -0.0004314283   0.0000804771
       -0.0004239500  -0.0000922014  -0.0003250568   0.0045219047  -0.0040549883
        0.0023802501   0.0010021125   0.0003987131  -0.0003281654   0.0242764437
        0.0272528234  -0.0048303631   0.0340583091  -0.0952820676   0.0075179710
       -0.0274564223   0.6500433836  -0.0927852073  -0.1288606254  -0.2497225970
        0.0363291953   0.0447207641  -0.0865361115   0.0174358792  -0.0361780594
       -0.0128528111   0.0011211209   0.0000655857  -0.0000683338   0.0002748056
        0.0001666557  -0.0000720360  -0.0002396775  -0.0000594268   0.0001768451
       -0.0000450754  -0.0267296225  -0.0021758967   0.0015918003   0.1149809067
       -0.2251254461   0.0308854461  -0.0035825504  -0.0028153429   0.0012388597
       -0.0005020254   0.0009260672  -0.0002217826
        0.0000012356  -0.0003690739  -0.0019986481  -0.0008078115   0.0024793739
        0.0098127677  -0.0000485856  -0.0004786502  -0.0014418513  -0.0033621588
       -0.0055621729   0.0032308508  -0.0008435627   0.0088727748  -0.0496854072
       -0.0049451784  -0.0927852073   0.1260030235   0.0239177191   0.0348343783
       -0.0595435146  -0.0084652397   0.0186948229   0.0159047585   0.0068979996
        0.0008860347  -0.0103447167  -0.0004220626  -0.0002254476   0.0000321811
        0.0003727637   0.0002607824   0.0000038854   0.0000040410  -0.0000518902
       -0.0000813880   0.0049847107   0.0011700284   0.0039855721  -0.0183885215
        0.0308630475  -0.0392188062   0.0010145440   0.0016507197   0.0038161604
        0.0000901073  -0.0002395205  -0.0004748674
        0.0003387734   0.0003399339  -0.0000672941  -0.0026642455   0.0016132362
       -0.0002423880   0.0009109764  -0.0015111308   0.0002505823   0.0074945837
        0.0052142825  -0.0012157331  -0.0308114271  -0.0278097091   0.0053953108
       -0.1449070692  -0.1288606254   0.0239177191   0.6760353186   0.0010948004
       -0.0101345375  -0.1505472469   0.1208427621  -0.0191323391  -0.0597089029
        0.0386119817  -0.0055411410   0.0000285549   0.0000626475   0.0001404652
        0.0000380940  -0.0000118151  -0.0001568274   0.0001576036   0.0001335181
       -0.0000228314  -0.0063175378  -0.0004074353   0.0003656115   0.0064971701
        0.0137702890  -0.0025076407  -0.2889551785  -0.0234623964   0.0087057413
       -0.0075894668   0.0003796606   0.0002453022
       -0.0001130534  -0.0002941659   0.0000617113  -0.0016755105  -0.0008545143
        0.0000697593   0.0014684023  -0.0006259043   0.0001054980  -0.0033846796
       -0.0651621351   0.0096318364  -0.0891644509   0.0269075406  -0.0027456685
       -0.0486592967  -0.2497225970   0.0348343783   0.0010948004   0.6231977898
       -0.0850015677   0.0683042672  -0.2951761067   0.0400290161   0.1019033061
        0.0241495974  -0.0053635319  -0.0002476992   0.0001069435   0.0000308441
       -0.0002488498   0.0001080039  -0.0000647242  -0.0000638230   0.0000042155
       -0.0000059188   0.0009419543   0.0021231912   0.0012774180  -0.0086226479
       -0.0218548060   0.0039368673  -0.0230185473  -0.0434884259   0.0016209120
        0.0014858280   0.0005813735   0.0015831703
        0.0000161049   0.0000734308   0.0001950455   0.0003284308   0.0000162902
       -0.0005649723  -0.0002665433   0.0001370716  -0.0000615362   0.0002505029
        0.0093134756  -0.0121236376   0.0159771330  -0.0038093489   0.0022278163
        0.0101172953   0.0363291953  -0.0595435146  -0.0101345375  -0.0850015677
        0.1464172969  -0.0101380444   0.0390723775  -0.0628885087  -0.0164152367
       -0.0041807893   0.0047196357   0.0000452894  -0.0000258120  -0.0000226240
        0.0000360594  -0.0000162722  -0.0000045649   0.0000097605  -0.0000025238
       -0.0000070792   0.0001206958   0.0013057147   0.0094422665   0.0013695574
        0.0035275275  -0.0006084178   0.0086184718   0.0015971577  -0.0371857576
        0.0000650607   0.0016640730   0.0100085518
       -0.0030814007  -0.0011056712   0.0003067742   0.0039923414  -0.0094257222
        0.0016660724   0.0001279561   0.0025997853  -0.0005060658  -0.0628971846
       -0.0898788656   0.0169682933  -0.0539629941   0.0338414743  -0.0050216303
        0.0651452913   0.0447207641  -0.0084652397  -0.1505472469   0.0683042672
       -0.0101380444   0.6085985112  -0.0917544447   0.0063634164  -0.3614837670
        0.0078639391   0.0041257092  -0.0001565863   0.0002480306   0.0001965862
       -0.0001995251   0.0001544933  -0.0002591996  -0.0003772292  -0.0004851855
        0.0001043134  -0.0001361269   0.0000262850  -0.0001449337   0.0000856102
       -0.0020784523   0.0005184937  -0.0229513803   0.0297232541  -0.0048253918
       -0.0221562691   0.0072460485  -0.0008891535
       -0.0020160811   0.0003521437  -0.0001241703  -0.0033449044  -0.0052343249
        0.0023273876   0.0005886996   0.0004438284  -0.0002528744  -0.0258078651
        0.0318769430  -0.0016252986   0.0344193650  -0.0109525216   0.0000115314
       -0.0216964325  -0.0865361115   0.0186948229   0.1208427621  -0.2951761067
        0.0390723775  -0.0917544447   0.4755777445  -0.0667248020  -0.0450807208
       -0.1024112567   0.0088116128   0.0002606088   0.0000953064   0.0000884935
        0.0003007631   0.0000543172  -0.0001402534  -0.0003604001  -0.0003870689
        0.0000561066   0.0001921535   0.0003107137  -0.0009716109  -0.0040168956
       -0.0078231426   0.0027821010   0.0088266757  -0.0006288747  -0.0007771388
        0.0286467166   0.0004384107  -0.0012282851
        0.0003581483  -0.0002202609  -0.0010140707   0.0006682381   0.0024237156
        0.0077193074  -0.0000845458  -0.0002770733  -0.0008636353   0.0059136477
       -0.0002243487   0.0207453888  -0.0051135119   0.0000081902  -0.0072648376
        0.0028875392   0.0174358792   0.0159047585  -0.0191323391   0.0400290161
       -0.0628885087   0.0063634164  -0.0667248020   0.0908997731   0.0132597259
        0.0077815789  -0.0578080380  -0.0001954869  -0.0001387649  -0.0000015152
        0.0001012248   0.0000986465  -0.0000023939   0.0000559545   0.0000322124
       -0.0002055740  -0.0001222658  -0.0009599678  -0.0050882137   0.0008361462
        0.0027531348   0.0073692722  -0.0011793041  -0.0011154762  -0.0036903378
       -0.0046165876  -0.0009016799  -0.0038113749
       -0.0038739270   0.0012756648  -0.0001502721  -0.0335302980  -0.0174193124
        0.0035851299   0.0005121000  -0.0064932487   0.0012316082  -0.1302094248
       -0.0455886086   0.0090575541   0.0613992238  -0.0289680623   0.0039292265
       -0.0504366221  -0.0361780594   0.0068979996  -0.0597089029   0.1019033061
       -0.0164152367  -0.3614837670  -0.0450807208   0.0132597259   0.6714162015
       -0.0297276794  -0.0044657069   0.0002103441   0.0000162385  -0.0001268756
        0.0002344291   0.0000860155   0.0001018921  -0.0007211653  -0.0011674982
        0.0002188418  -0.0006465531   0.0045981022  -0.0005608026  -0.0001656067
       -0.0012959634   0.0002136051  -0.0029542354   0.0047372308  -0.0005561681
       -0.0900417962   0.0993025953  -0.0162205211
        0.0021206075   0.0015045819  -0.0001373238  -0.0195100029   0.0091662882
       -0.0012797764   0.0054307727  -0.0072462644   0.0013287463  -0.1066467518
       -0.2332540826   0.0326701115   0.0232931426  -0.0612205275   0.0104764065
       -0.0263379679  -0.0128528111   0.0008860347   0.0386119817   0.0241495974
       -0.0041807893   0.0078639391  -0.1024112567   0.0077815789  -0.0297276794
        0.6288568327  -0.0850460608   0.0002011933  -0.0001854391  -0.0000234127
        0.0001994880  -0.0001532334   0.0000860007   0.0003234449   0.0001900302
       -0.0000473098   0.0031951605  -0.0037839178   0.0021929216  -0.0004876597
        0.0007379332  -0.0002089944   0.0035109929  -0.0043843122   0.0024748701
        0.0979593383  -0.2391134190   0.0330269969
       -0.0002480349  -0.0000486151   0.0012807856   0.0040320665  -0.0013767946
       -0.0000639172  -0.0010212779   0.0014626945   0.0001915126   0.0196005209
        0.0315568066  -0.0608712786  -0.0050839264   0.0114219231   0.0001096099
        0.0052849785   0.0011211209  -0.0103447167  -0.0055411410  -0.0053635319
        0.0047196357   0.0041257092   0.0088116128  -0.0578080380  -0.0044657069
       -0.0850460608   0.1473075013  -0.0000096508   0.0000995777   0.0000060620
       -0.0000690850  -0.0000386217   0.0000069692  -0.0000359729   0.0000014264
        0.0000923891  -0.0003827058   0.0021442981   0.0087758002   0.0000762664
       -0.0001941601  -0.0004654933  -0.0003609286   0.0024241061   0.0097363807
       -0.0159011113   0.0330242179  -0.0426732026
       -0.0522237086   0.0318714285   0.0334596304   0.0048751137  -0.0071140705
       -0.0114011542  -0.0003381893  -0.0028634712   0.0016416970  -0.0009017848
        0.0001045532   0.0016245367  -0.0008993823  -0.0008401628  -0.0000030961
       -0.0000382822   0.0000655857  -0.0004220626   0.0000285549  -0.0002476992
        0.0000452894  -0.0001565863   0.0002606088  -0.0001954869   0.0002103441
        0.0002011933  -0.0000096508   0.0574697830  -0.0396077541  -0.0409439153
        0.0026479446  -0.0043430776  -0.0060502045  -0.0092908065   0.0219306756
        0.0226857784  -0.0015202144   0.0003904631  -0.0005179373   0.0000238494
        0.0000084706   0.0000025445   0.0000441920   0.0000669380   0.0001219352
        0.0000691729   0.0001163186  -0.0000379039
        0.0344935260  -0.1477495801  -0.1230894668   0.0042667596  -0.0222471348
       -0.0184058805  -0.0025911809  -0.0047293629   0.0040801891  -0.0002561433
        0.0003902665   0.0017402355   0.0003305432   0.0000164101   0.0000993832
       -0.0001129937  -0.0000683338  -0.0002254476   0.0000626475   0.0001069435
       -0.0000258120   0.0002480306   0.0000953064  -0.0001387649   0.0000162385
       -0.0001854391   0.0000995777  -0.0396077541   0.1710199308   0.1357742563
       -0.0014834340   0.0082617332   0.0067386339   0.0043251426  -0.0056793493
       -0.0067900063   0.0000948959   0.0006369270   0.0000963137   0.0000845683
        0.0000039519  -0.0000074775   0.0000179563   0.0000353760   0.0000594736
        0.0001111973   0.0000923545  -0.0000052075
        0.0351773130  -0.1168881121  -0.1614154917  -0.0000725789   0.0001351816
        0.0029831220  -0.0003630458   0.0015359216  -0.0009813647  -0.0001716178
        0.0002019670  -0.0000253389   0.0000981298  -0.0006099239   0.0002663239
        0.0000589181   0.0002748056   0.0000321811   0.0001404652   0.0000308441
       -0.0000226240   0.0001965862   0.0000884935  -0.0000015152  -0.0001268756
       -0.0000234127   0.0000060620  -0.0409439153   0.1357742563   0.1863292795
        0.0053666872  -0.0196881283  -0.0263157807   0.0016012336  -0.0014358918
       -0.0006210619  -0.0010485759   0.0004679206  -0.0001948206   0.0000188983
        0.0000140817  -0.0000011007   0.0000296818   0.0000525223  -0.0000365724
        0.0000386961   0.0000694743  -0.0000012977
       -0.0575205040   0.0224359905  -0.0520803545   0.0055676696  -0.0023749976
        0.0127774336  -0.0003484547  -0.0033816952  -0.0004625519  -0.0009538168
       -0.0005362914  -0.0014234390  -0.0009086573  -0.0006964739   0.0003384958
       -0.0000197556   0.0001666557   0.0003727637   0.0000380940  -0.0002488498
        0.0000360594  -0.0001995251   0.0003007631   0.0001012248   0.0002344291
        0.0001994880  -0.0000690850   0.0026479446  -0.0014834340   0.0053666872
        0.0635922208  -0.0276424191   0.0632325987  -0.0108533168   0.0125880641
       -0.0284889737  -0.0014044132   0.0005251952   0.0004424144   0.0000239666
        0.0000136273  -0.0000060572   0.0000339708   0.0000144830  -0.0001355322
        0.0000701479   0.0001198942  -0.0000016841
        0.0244817526  -0.0703548388   0.0875687906   0.0051639423  -0.0129039637
        0.0240519414  -0.0024625492  -0.0062578066  -0.0018535453  -0.0002105549
       -0.0002968053  -0.0015875032   0.0003354391   0.0001959553  -0.0000812904
       -0.0001271068  -0.0000720360   0.0002607824  -0.0000118151   0.0001080039
       -0.0000162722   0.0001544933   0.0000543172   0.0000986465   0.0000860155
       -0.0001532334  -0.0000386217  -0.0043430776   0.0082617332  -0.0196881283
       -0.0276424191   0.0835410629  -0.0958002106   0.0039574349  -0.0024971503
        0.0075034961   0.0004605907   0.0003350645  -0.0003385248   0.0000676673
       -0.0000023141   0.0000033974   0.0000068310  -0.0000095600  -0.0000672438
        0.0000833561   0.0000515710  -0.0000157141
       -0.0544966483   0.0816579787  -0.2339958833  -0.0020811644   0.0059776889
       -0.0069292611   0.0013103145   0.0006859925   0.0003936209   0.0003100521
       -0.0000749230   0.0007515437  -0.0001447266   0.0006639851   0.0000838320
       -0.0000118455  -0.0002396775   0.0000038854  -0.0001568274  -0.0000647242
       -0.0000045649  -0.0002591996  -0.0001402534  -0.0000023939   0.0001018921
        0.0000860007   0.0000069692  -0.0060502045   0.0067386339  -0.0263157807
        0.0632325987  -0.0958002106   0.2681693440  -0.0026046432   0.0013946983
       -0.0022179467   0.0010153286  -0.0007098493   0.0000031941  -0.0000492221
       -0.0000143459   0.0000045335  -0.0000348378  -0.0000622137   0.0000181837
       -0.0000808666  -0.0000987805   0.0000307240
       -0.2775794981   0.0527223267  -0.0030605074  -0.0237863204  -0.0015152338
        0.0009759027   0.0026941561   0.0024068763  -0.0005617834  -0.0014445278
       -0.0030051813   0.0006425974   0.0000206637  -0.0000736725   0.0000135728
        0.0002239704  -0.0000594268   0.0000040410   0.0001576036  -0.0000638230
        0.0000097605  -0.0003772292  -0.0003604001   0.0000559545  -0.0007211653
        0.0003234449  -0.0000359729  -0.0092908065   0.0043251426   0.0016012336
       -0.0108533168   0.0039574349  -0.0026046432   0.3210133453  -0.0584341145
        0.0029238341   0.0000216061  -0.0002157271   0.0000306039   0.0000100328
        0.0000031924  -0.0000002757  -0.0000355019  -0.0000113621   0.0000044395
       -0.0000530119   0.0000005235   0.0000012428
        0.0534072432  -0.0558006096   0.0004623217  -0.0274486463   0.0046389678
        0.0001372788   0.0012666949   0.0026379144  -0.0007736396  -0.0023702098
       -0.0041969527   0.0011805362   0.0003861891  -0.0005588576   0.0001158678
        0.0001284431   0.0001768451  -0.0000518902   0.0001335181   0.0000042155
       -0.0000025238  -0.0004851855  -0.0003870689   0.0000322124  -0.0011674982
        0.0001900302   0.0000014264   0.0219306756  -0.0056793493  -0.0014358918
        0.0125880641  -0.0024971503   0.0013946983  -0.0584341145   0.0610258810
       -0.0009730225   0.0000863044   0.0002730751  -0.0000752944  -0.0000121591
        0.0000166881  -0.0000003528   0.0000155146   0.0000308231   0.0000021205
       -0.0000248336   0.0001255481  -0.0000138470
       -0.0031975701   0.0005075240  -0.0455868068   0.0057552682  -0.0007277286
        0.0010827164  -0.0003590303  -0.0007424257  -0.0010213012   0.0005081779
        0.0011962048   0.0016314660  -0.0000935532   0.0001568693   0.0001532373
       -0.0000186731  -0.0000450754  -0.0000813880  -0.0000228314  -0.0000059188
       -0.0000070792   0.0001043134   0.0000561066  -0.0002055740   0.0002188418
       -0.0000473098   0.0000923891   0.0226857784  -0.0067900063  -0.0006210619
       -0.0284889737   0.0075034961  -0.0022179467   0.0029238341  -0.0009730225
        0.0468181863  -0.0000253131  -0.0000721729  -0.0001250587   0.0000036353
       -0.0000005775   0.0000139861  -0.0000016112   0.0000004881   0.0000383338
        0.0000077071  -0.0000164511   0.0000359015
       -0.0016540486   0.0002265403   0.0000526908   0.0010324991   0.0006639748
       -0.0001933028   0.0000369385  -0.0004399558   0.0000772603   0.0077309064
        0.0095075065  -0.0017293122  -0.1004301499  -0.1054085009   0.0192085323
       -0.0176688480  -0.0267296225   0.0049847107  -0.0063175378   0.0009419543
        0.0001206958  -0.0001361269   0.0001921535  -0.0001222658  -0.0006465531
        0.0031951605  -0.0003827058  -0.0015202144   0.0000948959  -0.0010485759
       -0.0014044132   0.0004605907   0.0010153286   0.0000216061   0.0000863044
       -0.0000253131   0.1207223900   0.1186159657  -0.0221305147   0.0008001971
       -0.0007349464   0.0000594904  -0.0008805513  -0.0013815479   0.0002418400
        0.0003139060   0.0007095268  -0.0001285585
       -0.0001671588   0.0007955687   0.0000969129  -0.0018282131  -0.0010045698
       -0.0002864111  -0.0002289714   0.0008113865  -0.0001315633  -0.0111887721
       -0.0257148403   0.0049461832  -0.1064468283  -0.2359588053   0.0361740940
       -0.0035505603  -0.0021758967   0.0011700284  -0.0004074353   0.0021231912
        0.0013057147   0.0000262850   0.0003107137  -0.0009599678   0.0045981022
       -0.0037839178   0.0021442981   0.0003904631   0.0006369270   0.0004679206
        0.0005251952   0.0003350645  -0.0007098493  -0.0002157271   0.0002730751
       -0.0000721729   0.1186159657   0.2637336015  -0.0435308695   0.0007810108
        0.0010504861  -0.0006974531  -0.0000012123  -0.0001866366  -0.0001271007
       -0.0009021435  -0.0012453478   0.0002102357
        0.0001180738   0.0001232769   0.0013274358   0.0003125605  -0.0003832830
       -0.0030315740   0.0000084099  -0.0000700618   0.0001237877   0.0017198050
        0.0045242472   0.0009951234   0.0193960539   0.0361554626  -0.0428805793
        0.0010207633   0.0015918003   0.0039855721   0.0003656115   0.0012774180
        0.0094422665  -0.0001449337  -0.0009716109  -0.0050882137  -0.0005608026
        0.0021929216   0.0087758002  -0.0005179373   0.0000963137  -0.0001948206
        0.0004424144  -0.0003385248   0.0000031941   0.0000306039  -0.0000752944
       -0.0001250587  -0.0221305147  -0.0435308695   0.0304949749  -0.0001970633
       -0.0006710743  -0.0028009319  -0.0000022567  -0.0001072065  -0.0009102342
        0.0001392121   0.0001864848  -0.0001167423
       -0.0001146084  -0.0000587731   0.0000114971   0.0003709570   0.0010911425
       -0.0001863724  -0.0009117190   0.0004614926  -0.0000784063  -0.0060294978
       -0.0007064520   0.0004099773  -0.0188392765   0.0254444729  -0.0040436615
       -0.1159074222   0.1149809067  -0.0183885215   0.0064971701  -0.0086226479
        0.0013695574   0.0000856102  -0.0040168956   0.0008361462  -0.0001656067
       -0.0004876597   0.0000762664   0.0000238494   0.0000845683   0.0000188983
        0.0000239666   0.0000676673  -0.0000492221   0.0000100328  -0.0000121591
        0.0000036353   0.0008001971   0.0007810108  -0.0001970633   0.1334345753
       -0.1282069528   0.0201622321   0.0007287448  -0.0007088060   0.0000787910
       -0.0000069726  -0.0000909151  -0.0000237542
        0.0000726903   0.0000724620  -0.0000206379  -0.0006570320  -0.0001865230
        0.0001013488   0.0001831164   0.0000064698  -0.0000388549   0.0001527615
        0.0020099384   0.0012847928   0.0022529152  -0.0009631520   0.0002458799
        0.1158377835  -0.2251254461   0.0308630475   0.0137702890  -0.0218548060
        0.0035275275  -0.0020784523  -0.0078231426   0.0027531348  -0.0012959634
        0.0007379332  -0.0001941601   0.0000084706   0.0000039519   0.0000140817
        0.0000136273  -0.0000023141  -0.0000143459   0.0000031924   0.0000166881
       -0.0000005775  -0.0007349464   0.0010504861  -0.0006710743  -0.1282069528
        0.2515621157  -0.0370493096   0.0007195743   0.0004447269  -0.0003887909
       -0.0000410736   0.0000506117  -0.0004120620
       -0.0000100195  -0.0000168279  -0.0000195339   0.0001071031   0.0000771025
        0.0002811438  -0.0000115997  -0.0000494399  -0.0001778291   0.0002456945
        0.0012920704   0.0092226615  -0.0000343413  -0.0001760217   0.0007086465
       -0.0185385646   0.0308854461  -0.0392188062  -0.0025076407   0.0039368673
       -0.0006084178   0.0005184937   0.0027821010   0.0073692722   0.0002136051
       -0.0002089944  -0.0004654933   0.0000025445  -0.0000074775  -0.0000011007
       -0.0000060572   0.0000033974   0.0000045335  -0.0000002757  -0.0000003528
        0.0000139861   0.0000594904  -0.0006974531  -0.0028009319   0.0201622321
       -0.0370493096   0.0296146754  -0.0001655229  -0.0003646882  -0.0016831478
       -0.0000351419  -0.0004064198  -0.0022396583
       -0.0000712690   0.0000183886   0.0000099082   0.0001679242  -0.0000204418
       -0.0000555821  -0.0000770978  -0.0000667342   0.0000238495   0.0014338948
        0.0001611073  -0.0000696740  -0.0007545860  -0.0030977632   0.0006902269
       -0.0176191365  -0.0035825504   0.0010145440  -0.2889551785  -0.0230185473
        0.0086184718  -0.0229513803   0.0088266757  -0.0011793041  -0.0029542354
        0.0035109929  -0.0003609286   0.0000441920   0.0000179563   0.0000296818
        0.0000339708   0.0000068310  -0.0000348378  -0.0000355019   0.0000155146
       -0.0000016112  -0.0008805513  -0.0000012123  -0.0000022567   0.0007287448
        0.0007195743  -0.0001655229   0.3327462414   0.0167561305  -0.0085837434
       -0.0008560312  -0.0002459219   0.0000667786
       -0.0000233652   0.0001177383   0.0000925985  -0.0001487091  -0.0003312584
       -0.0004206028   0.0000495475   0.0001794815   0.0000236655   0.0001987412
       -0.0004659211  -0.0000711584  -0.0027375129  -0.0041669358   0.0021259341
       -0.0245484588  -0.0028153429   0.0016507197  -0.0234623964  -0.0434884259
        0.0015971577   0.0297232541  -0.0006288747  -0.0011154762   0.0047372308
       -0.0043843122   0.0024241061   0.0000669380   0.0000353760   0.0000525223
        0.0000144830  -0.0000095600  -0.0000622137  -0.0000113621   0.0000308231
        0.0000004881  -0.0013815479  -0.0001866366  -0.0001072065  -0.0007088060
        0.0004447269  -0.0003646882   0.0167561305   0.0557113081  -0.0058940412
        0.0014758335  -0.0000421863   0.0000681951
        0.0000259885   0.0000990792   0.0006241005   0.0000124473  -0.0004345106
       -0.0027173090  -0.0000289672   0.0000532490   0.0003212586  -0.0001071601
       -0.0000965424  -0.0008379531   0.0006476851   0.0021392914   0.0074670832
        0.0046313568   0.0012388597   0.0038161604   0.0087057413   0.0016209120
       -0.0371857576  -0.0048253918  -0.0007771388  -0.0036903378  -0.0005561681
        0.0024748701   0.0097363807   0.0001219352   0.0000594736  -0.0000365724
       -0.0001355322  -0.0000672438   0.0000181837   0.0000044395   0.0000021205
        0.0000383338   0.0002418400  -0.0001271007  -0.0009102342   0.0000787910
       -0.0003887909  -0.0016831478  -0.0085837434  -0.0058940412   0.0245648094
       -0.0002332618   0.0000975128   0.0004750017
       -0.0000557296   0.0005355528  -0.0000939082   0.0006908961  -0.0018101258
        0.0002774694  -0.0006896939   0.0001951044  -0.0000176277   0.0066187538
       -0.0098596525   0.0016297730  -0.0016250472  -0.0027971930   0.0006453420
       -0.0000632765  -0.0005020254   0.0000901073  -0.0075894668   0.0014858280
        0.0000650607  -0.0221562691   0.0286467166  -0.0046165876  -0.0900417962
        0.0979593383  -0.0159011113   0.0000691729   0.0001111973   0.0000386961
        0.0000701479   0.0000833561  -0.0000808666  -0.0000530119  -0.0000248336
        0.0000077071   0.0003139060  -0.0009021435   0.0001392121  -0.0000069726
       -0.0000410736  -0.0000351419  -0.0008560312   0.0014758335  -0.0002332618
        0.1153744182  -0.1145558795   0.0180851374
        0.0002220215   0.0003405933  -0.0001048090   0.0011470843  -0.0017168476
       -0.0000278993   0.0001072538   0.0015336585  -0.0002492522   0.0091774607
       -0.0263846464   0.0050884027  -0.0032042430  -0.0039623951   0.0020024321
       -0.0004314283   0.0009260672  -0.0002395205   0.0003796606   0.0005813735
        0.0016640730   0.0072460485   0.0004384107  -0.0009016799   0.0993025953
       -0.2391134190   0.0330242179   0.0001163186   0.0000923545   0.0000694743
        0.0001198942   0.0000515710  -0.0000987805   0.0000005235   0.0001255481
       -0.0000164511   0.0007095268  -0.0012453478   0.0001864848  -0.0000909151
        0.0000506117  -0.0004064198  -0.0002459219  -0.0000421863   0.0000975128
       -0.1145558795   0.2683246536  -0.0400877854
       -0.0000418717  -0.0000995532  -0.0002251360  -0.0002947538   0.0000412623
       -0.0018845574  -0.0000295911  -0.0002511271   0.0002207173  -0.0014952555
        0.0054052950   0.0031484911   0.0006841093   0.0020002088   0.0069623561
        0.0000804771  -0.0002217826  -0.0004748674   0.0002453022   0.0015831703
        0.0100085518  -0.0008891535  -0.0012282851  -0.0038113749  -0.0162205211
        0.0330269969  -0.0426732026  -0.0000379039  -0.0000052075  -0.0000012977
       -0.0000016841  -0.0000157141   0.0000307240   0.0000012428  -0.0000138470
        0.0000359015  -0.0001285585   0.0002102357  -0.0001167423  -0.0000237542
       -0.0004120620  -0.0022396583   0.0000667786   0.0000681951   0.0004750017
        0.0180851374  -0.0400877854   0.0305450931
