           1           2  0.958473813522798     
           2           3   1.13277831863696     
           2           4  0.170212090553326     
           3           4   1.74790439464107     
           3           5  0.959642339501904     
           5           6  0.972622664553606     
           6           7   1.01002514832950     
           7           8   1.00884567265121     
           8           9   1.00931133404264     
           5          10  0.998044196151739     
           9          10   1.00838611194414     
           1          11  0.977187824270043     
           1          12  0.981955358736729     
           1          13  0.976840398444037     
           5          14  0.950100903742746     
           6          15  0.975551712598478     
           6          16  0.975114170574611     
           7          17  0.976948076673577     
           7          18  0.976704903830944     
           8          19  0.977651226894109     
           8          20  0.977104814674048     
           9          21  0.974802847921124     
           9          22  0.977193139573305     
          10          23  0.976313140329614     
          10          24  0.976660890107376     
